-3.5928056425760757,-3.5920159772765774,-3.590647604986331,-3.5888518325202985,-3.586738363556371,-3.584387439481179,-3.581858179744632,-3.5791944095817625,-3.5764287885915547,-3.5735857686851777,-3.570683733066401,-3.567736554985124,-3.564754741092743,-3.5617462748060293,-3.558717241433058,-3.5556722935436404,-3.5526149987646463,-3.5495481006352123,-3.5464737149047245,-3.54339347771199,-3.540308657773469,-3.5372202415646306,-3.534128998174238,-3.5310355288149124,-3.5279403047194786,-3.524843696222479,-3.5217459951340455,-3.518647431996565,-3.515548189427679,-3.5124484124627133,-3.509348216590986,-3.5062476940154474,-3.503146918540274,-3.5000459493963803,-3.4969448342428486,-3.493843611527442,-3.49074231234748,-3.4876409619203534,-3.4845395807482964,-3.48143818554317,-3.478336789962439,-3.4752354051962584,-3.4721340404368926,-3.4690327032549146,-3.4659313999014105,-3.462830135551292,-3.459728914499651,-3.456627740320589,-3.453526615995974,-3.4504255440200633,-3.447324526484709,-3.444223565148907,-3.4411226614956867,-3.438021816778763,-3.4349210320608656,-3.431820308245312,-3.4287196461020577,-3.425619046289256,-3.4225185093711272,-3.419418035832806,-3.416317626092701,-3.4132172805128196,-3.410116999407398,-3.407016783050137,-3.4039166316802807,-3.4008165455077393,-3.3977165247174095,-3.39461656947284,-3.3915166799193317,-3.388416856186586,-3.385317098390959,-3.3822174066373947,-3.3791177810210846,-3.3760182216289056,-3.372918728540664,-3.369819301830179,-3.366719941566236,-3.36362064781343,-3.3605214206329186,-3.357422260083099,-3.3543231662202273,-3.3512241390989934,-3.3481251787730555,-3.345026285295557,-3.341927458719629,-3.338828699098888,-3.335730006487934,-3.3326313809428734,-3.3295328225218603,-3.3264343312856774,-3.3233359072983655,-3.320237550627911,-3.317139261347013,-3.314041039533939,-3.3109428852734966,-3.3078447986581407,-3.3047467797892365,-3.3016488287785277,-3.2985509457498243,-3.2954531308409756,-3.2923553842061715,-3.28925770601864,-3.28616009620188,-3.2830625546861776,-3.279965081407981,-3.276867676309337,-3.2737703393373896,-3.2706730704439226,-3.2675758695849617,-3.2644787367204042,-3.26138167181369,-3.2582846748315095,-3.2551877457435303,-3.2520908845221577,-3.248994091142317,-3.245897365581251,-3.2428007078183416,-3.239704117834945,-3.236607595614243,-3.2335111411411077,-3.2304147544019775,-3.227318435384744,-3.2242221840786516,-3.2211260004742015,-3.218029884563071,-3.2149338363380346,-3.2118378557928926,-3.208741942922413,-3.205646097722274,-3.202550320189015,-3.1994546103199917,-3.1963589681133464,-3.193263393567972,-3.190167886683496,-3.1870724474602645,-3.183977075899341,-3.180881772002517,-3.1777865357723276,-3.1746913672120938,-3.1715962663259765,-3.1685012331190636,-3.165406267597482,-3.1623113697685516,-3.1592165396409952,-3.1561217772252075,-3.153027082533613,-3.149932455581136,-3.1468378963858195,-3.1437434049696242,-3.140648981359488,-3.1375546255887037,-3.134460337698743,-3.1313661177416403,-3.1282719657831453,-3.1251778819068847,-3.1220838662198758,-3.1189899188598393,-3.115896040004942,-3.1128022298867717,-3.109708488807706,-3.1066148171641768,-3.10352121547795,-3.100427684438255,-3.0973342249586877,-3.0942408382542643,-3.0911475259460217,-3.088054290203383,-3.0849611339384,-3.0818680610714706,-3.078775076895756,-3.0756821885782273,-3.072589405850332,-3.069496741962465,-3.0664042150063864,-3.0633118497520555,-3.0602196802055137,-3.0571277531799055,-3.0540361332935277,-3.050944909982885,-3.047854207367863,-3.0447641981637625,-3.041675123349107,-3.0385873200392126,-3.035501261085472,-3.0324176114680443,-3.0293373087918956,-3.0262616784486465,-3.023192598728092,-3.0201327380176184,-3.017085896169666,-3.014057496504426,-3.0110552956429437,-3.0080904080046365,-3.005178783661438,-3.0023433361788228,-2.999616994655593,-2.9970470522976176,-2.9947012952076353,-2.9926764925508467,-2.9911098446318443,-2.9901937761574917
-3.5928056425412818,-3.5920159772417843,-3.5906476049515375,-3.588851832485504,-3.5867383635215764,-3.5843874394463837,-3.581858179709836,-3.5791944095469663,-3.576428788556757,-3.57358576865038,-3.570683733031603,-3.567736554950324,-3.564754741057942,-3.561746274771229,-3.5587172413982593,-3.5556722935088443,-3.55261499872985,-3.549548100600416,-3.546473714869929,-3.543393477677196,-3.540308657738677,-3.5372202415298384,-3.5341289981394444,-3.5310355287801176,-3.527940304684684,-3.524843696187684,-3.521745995099252,-3.5186474319617727,-3.5155481893928884,-3.512448412427925,-3.5093482165562007,-3.5062476939806637,-3.5031469185054918,-3.5000459493616005,-3.496944834208072,-3.4938436114926668,-3.490742312312706,-3.4876409618855817,-3.4845395807135273,-3.4814381855084027,-3.4783367899276736,-3.4752354051614955,-3.4721340404021315,-3.4690327032201567,-3.465931399866656,-3.462830135516539,-3.4597289144649013,-3.456627740285843,-3.4535266159612314,-3.450425543985324,-3.4473245264499726,-3.444223565114172,-3.4411226614609522,-3.4380218167440284,-3.4349210320261316,-3.4318203082105776,-3.4287196460673233,-3.4256190462545226,-3.422518509336394,-3.419418035798071,-3.416317626057966,-3.413217280478086,-3.410116999372667,-3.407016783015408,-3.403916631645554,-3.4008165454730124,-3.3977165246826835,-3.394616569438114,-3.3915166798846057,-3.3884168561518604,-3.3853170983562335,-3.3822174066026687,-3.379117780986359,-3.376018221594182,-3.3729187285059425,-3.369819301795459,-3.3667199415315174,-3.3636206477787143,-3.3605214205982055,-3.3574222600483887,-3.3543231661855195,-3.3512241390642874,-3.3481251787383504,-3.3450262852608534,-3.341927458684929,-3.3388286990641896,-3.3357300064532374,-3.332631380908178,-3.3295328224871663,-3.326434331250985,-3.3233359072636754,-3.320237550593223,-3.317139261312327,-3.3140410394992545,-3.310942885238813,-3.307844798623458,-3.304746779754555,-3.301648828743848,-3.2985509457151454,-3.2954531308062975,-3.2923553841714943,-3.2892577059839634,-3.2861600961672024,-3.2830625546514995,-3.279965081373303,-3.2768676762746605,-3.2737703393027133,-3.2706730704092477,-3.267575869550288,-3.2644787366857306,-3.2613816717790174,-3.2582846747968373,-3.2551877457088585,-3.252090884487487,-3.2489940911076474,-3.245897365546582,-3.2428007077836742,-3.2397041178002794,-3.236607595579579,-3.233511141106445,-3.2304147543673163,-3.2273184353500843,-3.224222184043992,-3.221126000439543,-3.2180298845284137,-3.214933836303378,-3.2118378557582368,-3.208741942887758,-3.2056460976876195,-3.2025503201543604,-3.1994546102853385,-3.1963589680786932,-3.193263393533319,-3.190167886648843,-3.1870724474256122,-3.1839770758646897,-3.180881771967865,-3.1777865357376753,-3.17469136717744,-3.1715962662913224,-3.1685012330844087,-3.1654062675628265,-3.1623113697338967,-3.1592165396063416,-3.1561217771905543,-3.153027082498961,-3.149932455546485,-3.146837896351169,-3.1437434049349746,-3.140648981324838,-3.137554625554055,-3.134460337664096,-3.1313661177069942,-3.128271965748499,-3.125177881872239,-3.1220838661852297,-3.1189899188251933,-3.115896039970296,-3.1128022298521274,-3.1097084887730615,-3.1066148171295334,-3.1035212154433087,-3.100427684403615,-3.0973342249240488,-3.0942408382196263,-3.091147525911385,-3.0880542901687478,-3.0849611339037666,-3.081868061036839,-3.078775076861126,-3.0756821885435985,-3.072589405815705,-3.0694967419278414,-3.0664042149717656,-3.063311849717436,-3.060219680170897,-3.0571277531452905,-3.054036133258915,-3.050944909948273,-3.0478542073332515,-3.0447641981291516,-3.0416751233144974,-3.038587320004603,-3.0355012610508627,-3.0324176114334356,-3.029337308757288,-3.02626167841404,-3.0231925986934858,-3.0201327379830127,-3.017085896135061,-3.014057496469821,-3.011055295608339,-3.0080904079700317,-3.005178783626833,-3.002343336144219,-2.9996169946209896,-2.9970470522630146,-2.994701295173033,-2.9926764925162463,-2.9911098445972453,-2.9901937761228936
-3.5928056424819457,-3.592015977182448,-3.5906476048922022,-3.588851832426172,-3.5867383634622456,-3.5843874393870543,-3.581858179650509,-3.5791944094876413,-3.576428788497434,-3.573585768591058,-3.5706837329722836,-3.5677365548910074,-3.564754740998626,-3.561746274711914,-3.5587172413389445,-3.5556722934495295,-3.5526149986705367,-3.549548100541105,-3.54647371481062,-3.5433934776178875,-3.540308657679368,-3.537220241470532,-3.534128998080142,-3.5310355287208184,-3.527940304625387,-3.5248436961283893,-3.521745995039959,-3.518647431902482,-3.5155481893336,-3.5124484123686384,-3.509348216496914,-3.506247693921378,-3.503146918446207,-3.500045949302317,-3.496944834148789,-3.493843611433386,-3.4907423122534293,-3.4876409618263087,-3.4845395806542556,-3.4814381854491323,-3.478336789868405,-3.4752354051022283,-3.4721340403428673,-3.4690327031608956,-3.4659313998073977,-3.462830135457285,-3.4597289144056496,-3.4566277402265935,-3.453526615901984,-3.4504255439260785,-3.447324526390729,-3.4442235650549295,-3.4411226614017125,-3.438021816684792,-3.4349210319668986,-3.431820308151348,-3.4287196460080978,-3.425619046195301,-3.422518509277176,-3.4194180357388566,-3.4163176259987535,-3.413217280418875,-3.4101169993134577,-3.4070167829562,-3.403916631586346,-3.4008165454138064,-3.3977165246234797,-3.3946165693789125,-3.391516679825407,-3.3884168560926637,-3.385317098297039,-3.382217406543476,-3.379117780927168,-3.376018221534993,-3.372918728446757,-3.369819301736276,-3.366719941472337,-3.3636206477195363,-3.3605214205390292,-3.357422259989214,-3.3543231661263464,-3.3512241390051156,-3.348125178679181,-3.345026285201686,-3.3419274586257632,-3.3388286990050258,-3.3357300063940762,-3.332631380849019,-3.3295328224280105,-3.3264343311918325,-3.323335907204525,-3.320237550534075,-3.317139261253181,-3.31404103944011,-3.3109428851796703,-3.3078447985643167,-3.304746779695416,-3.30164882868471,-3.2985509456560096,-3.2954531307471644,-3.292355384112364,-3.2892577059248342,-3.2861600961080755,-3.2830625545923744,-3.27996508131418,-3.2768676762155398,-3.2737703392435944,-3.2706730703501306,-3.267575869491171,-3.264478736626615,-3.2613816717199025,-3.258284674737723,-3.255187745649746,-3.252090884428376,-3.2489940910485378,-3.2458973654874743,-3.2428007077245673,-3.239704117741174,-3.2366075955204754,-3.233511141047343,-3.230414754308215,-3.2273184352909836,-3.2242221839848924,-3.2211260003804436,-3.218029884469315,-3.2149338362442808,-3.211837855699142,-3.208741942828665,-3.2056460976285295,-3.2025503200952743,-3.199454610226255,-3.196358968019611,-3.193263393474239,-3.1901678865897654,-3.187072447366537,-3.183977075805617,-3.1808817719087954,-3.177786535678608,-3.174691367118375,-3.1715962662322585,-3.168501233025346,-3.165406267503766,-3.1623113696748386,-3.159216539547286,-3.156121777131502,-3.1530270824399094,-3.1499324554874355,-3.1468378962921215,-3.1437434048759285,-3.1406489812657936,-3.1375546254950115,-3.134460337605053,-3.1313661176479517,-3.1282719656894584,-3.1251778818131997,-3.122083866126193,-3.1189899187661596,-3.115896039911264,-3.112802229793096,-3.1097084887140314,-3.1066148170705046,-3.103521215384281,-3.100427684344589,-3.0973342248650244,-3.094240838160603,-3.091147525852363,-3.088054290109728,-3.0849611338447476,-3.0818680609778224,-3.0787750768021125,-3.075682188484589,-3.0725894057566974,-3.0694967418688357,-3.0664042149127617,-3.0633118496584335,-3.0602196801118957,-3.0571277530862924,-3.054036133199919,-3.050944909889279,-3.04785420727426,-3.044764198070162,-3.0416751232555095,-3.038587319945618,-3.03550126099188,-3.0324176113744565,-3.0293373086983113,-3.0262616783550658,-3.0231925986345143,-3.0201327379240435,-3.0170858960760936,-3.0140574964108553,-3.0110552955493755,-3.008090407911069,-3.0051787835678714,-3.0023433360852576,-2.9996169945620292,-2.9970470522040555,-2.994701295114075,-2.9926764924572886,-2.9911098445382875,-2.990193776063936
-3.5928056424049903,-3.5920159771054943,-3.590647604815251,-3.5888518323492207,-3.5867383633852956,-3.584387439310106,-3.5818581795735627,-3.5791944094106984,-3.576428788420494,-3.573585768514122,-3.57068373289535,-3.5677365548140765,-3.5647547409216993,-3.56174627463499,-3.5587172412620247,-3.555672293372614,-3.5526149985936257,-3.5495481004641984,-3.5464737147337173,-3.5433934775409885,-3.540308657602472,-3.537220241393638,-3.5341289980032493,-3.531035528643927,-3.5279403045484985,-3.524843696051504,-3.521745994963076,-3.5186474318256016,-3.5155481892567213,-3.512448412291761,-3.5093482164200394,-3.5062476938445064,-3.503146918369338,-3.500045949225451,-3.496944834071927,-3.4938436113565245,-3.490742312176569,-3.487640961749449,-3.4845395805773975,-3.481438185372277,-3.478336789791552,-3.475235405025378,-3.472134040266021,-3.469032703084052,-3.465931399730558,-3.4628301353804467,-3.4597289143288137,-3.45662774014976,-3.4535266158251523,-3.450425543849249,-3.4473245263139023,-3.4442235649781066,-3.4411226613248918,-3.4380218166079732,-3.434921031890082,-3.4318203080745335,-3.428719645931285,-3.425619046118489,-3.422518509200367,-3.419418035662049,-3.416317625921948,-3.4132172803420713,-3.4101169992366556,-3.407016782879401,-3.40391663150955,-3.400816545337013,-3.397716524546689,-3.3946165693021255,-3.391516679748623,-3.3884168560158834,-3.3853170982202614,-3.382217406466702,-3.3791177808503976,-3.3760182214582257,-3.3729187283699917,-3.369819301659514,-3.3667199413955777,-3.3636206476427795,-3.3605214204622755,-3.3574222599124632,-3.354323166049599,-3.351224138928371,-3.348125178602439,-3.3450262851249475,-3.3419274585490264,-3.338828698928291,-3.335730006317343,-3.3326313807722885,-3.3295328223512812,-3.3264343311151054,-3.3233359071278006,-3.320237550457354,-3.317139261176463,-3.3140410393633957,-3.31094288510296,-3.307844798487609,-3.304746779618711,-3.301648828608008,-3.298550945579311,-3.295453130670468,-3.292355384035669,-3.2892577058481427,-3.2861600960313866,-3.2830625545156877,-3.2799650812374956,-3.276867676138857,-3.2737703391669144,-3.2706730702734523,-3.2675758694144967,-3.2644787365499437,-3.261381671643235,-3.258284674661058,-3.2551877455730827,-3.2520908843517153,-3.24899409097188,-3.2458973654108196,-3.242800707647915,-3.2397041176645236,-3.2366075954438265,-3.2335111409706947,-3.2304147542315684,-3.2273184352143396,-3.224222183908251,-3.221126000303806,-3.21802988439268,-3.214933836167647,-3.21183785562251,-3.2087419427520354,-3.2056460975519023,-3.2025503200186494,-3.199454610149633,-3.1963589679429925,-3.193263393397624,-3.1901678865131537,-3.1870724472899283,-3.183977075729011,-3.180881771832193,-3.1777865356020087,-3.174691367041779,-3.171596266155666,-3.1685012329487576,-3.165406267427181,-3.1623113695982563,-3.1592165394707066,-3.1561217770549237,-3.153027082363334,-3.149932455410863,-3.146837896215551,-3.1437434047993604,-3.140648981189228,-3.137554625418449,-3.1344603375284934,-3.1313661175713956,-3.128271965612904,-3.125177881736647,-3.122083866049641,-3.118989918689609,-3.115896039834715,-3.1128022297165496,-3.1097084886374886,-3.106614816993965,-3.1035212153077434,-3.100427684268054,-3.097334224788492,-3.094240838084073,-3.0911475257758374,-3.088054290033206,-3.0849611337682292,-3.0818680609013067,-3.0787750767256,-3.0756821884080794,-3.0725894056801915,-3.0694967417923333,-3.066404214836263,-3.063311849581938,-3.0602196800354036,-3.057127753009803,-3.0540361331234314,-3.0509449098127934,-3.0478542071977768,-3.0447641979936817,-3.0416751231790315,-3.0385873198691424,-3.0355012609154066,-3.0324176112979835,-3.02933730862184,-3.026261678278596,-3.023192598558046,-3.0201327378475775,-3.0170858959996294,-3.014057496334394,-3.0110552954729157,-3.008090407834612,-3.0051787834914174,-3.002343336008807,-2.999616994485581,-2.9970470521276105,-2.9947012950376317,-2.9926764923808467,-2.991109844461848,-2.990193775987497
-3.592805642314998,-3.5920159770155022,-3.5906476047252607,-3.588851832259234,-3.586738363295312,-3.5843874392201265,-3.5818581794835866,-3.579194409320725,-3.5764287883305235,-3.5735857684241545,-3.570683732805386,-3.5677365547241164,-3.564754740831743,-3.561746274545037,-3.5587172411720744,-3.5556722932826665,-3.5526149985036812,-3.5495481003742566,-3.5464737146437777,-3.5433934774510516,-3.5403086575125386,-3.5372202413037086,-3.5341289979133235,-3.531035528554005,-3.527940304458579,-3.524843695961588,-3.5217459948731644,-3.518647431735693,-3.515548189166816,-3.5124484122018593,-3.509348216330141,-3.5062476937546108,-3.503146918279445,-3.50004594913556,-3.4969448339820373,-3.493843611266637,-3.490742312086683,-3.487640961659566,-3.484539580487518,-3.481438185282401,-3.478336789701678,-3.4752354049355065,-3.4721340401761505,-3.469032702994184,-3.465931399640691,-3.462830135290583,-3.4597289142389536,-3.4566277400599024,-3.4535266157352975,-3.4504255437593967,-3.4473245262240533,-3.444223564888261,-3.4411226612350503,-3.438021816518135,-3.434921031800248,-3.4318203079847027,-3.4287196458414577,-3.425619046028666,-3.4225185091105472,-3.4194180355722343,-3.4163176258321384,-3.413217280252267,-3.4101169991468567,-3.4070167827896056,-3.403916631419759,-3.4008165452472263,-3.3977165244569068,-3.3946165692123453,-3.3915166796588463,-3.38841685592611,-3.3853170981304923,-3.382217406376936,-3.3791177807606347,-3.376018221368466,-3.372918728280235,-3.3698193015697595,-3.366719941305826,-3.3636206475530304,-3.36052142037253,-3.35742225982272,-3.3543231659598582,-3.3512241388386332,-3.3481251785127037,-3.345026285035214,-3.341927458459296,-3.3388286988385643,-3.33573000622762,-3.3326313806825687,-3.3295328222615646,-3.3264343310253914,-3.3233359070380892,-3.320237550367645,-3.3171392610867567,-3.3140410392736928,-3.3109428850132603,-3.3078447983979133,-3.3047467795290197,-3.3016488285183203,-3.2985509454896267,-3.2954531305807877,-3.292355383945993,-3.28925770575847,-3.2861600959417174,-3.283062554426023,-3.279965081147834,-3.2768676760491986,-3.273770339077259,-3.270673070183801,-3.2675758693248484,-3.2644787364602985,-3.2613816715535937,-3.2582846745714216,-3.2551877454834504,-3.252090884262086,-3.248994090882254,-3.2458973653211967,-3.242800707558296,-3.239704117574908,-3.2366075953542155,-3.233511140881089,-3.230414754141967,-3.2273184351247415,-3.224222183818657,-3.221126000214214,-3.218029884303091,-3.2149338360780613,-3.2118378555329277,-3.2087419426624564,-3.2056460974623264,-3.202550319929077,-3.199454610060064,-3.196358967853427,-3.193263393308062,-3.1901678864235956,-3.1870724472003733,-3.18397707563946,-3.1808817717426443,-3.1777865355124635,-3.1746913669522367,-3.1715962660661265,-3.1685012328592213,-3.165406267337648,-3.162311369508727,-3.1592165393811804,-3.156121776965402,-3.1530270822738147,-3.149932455321346,-3.1468378961260375,-3.1437434047098507,-3.1406489810997216,-3.1375546253289457,-3.134460337438993,-3.131366117481898,-3.1282719655234095,-3.125177881647155,-3.122083865960152,-3.1189899186001235,-3.1158960397452335,-3.1128022296270714,-3.1097084885480113,-3.1066148169044894,-3.1035212152182705,-3.100427684178584,-3.097334224699025,-3.09424083799461,-3.091147525686376,-3.088054289943747,-3.084961133678773,-3.0818680608118534,-3.078775076636148,-3.0756821883186296,-3.0725894055907434,-3.069496741702888,-3.0664042147468193,-3.063311849492498,-3.060219679945966,-3.0571277529203678,-3.0540361330340002,-3.0509449097233663,-3.0478542071083528,-3.0447641979042603,-3.0416751230896137,-3.0385873197797277,-3.035501260825995,-3.032417611208576,-3.0293373085324364,-3.026261678189196,-3.0231925984686505,-3.020132737758186,-3.0170858959102422,-3.0140574962450093,-3.0110552953835352,-3.008090407745235,-3.0051787834020445,-3.002343335919438,-2.9996169943962148,-2.9970470520382464,-2.99470129494827,-2.9926764922914866,-2.991109844372489,-2.990193775898139
-3.592805642214977,-3.5920159769154822,-3.5906476046252416,-3.5888518321592153,-3.586738363195295,-3.5843874391201114,-3.5818581793835738,-3.5791944092207166,-3.5764287882305186,-3.5735857683241536,-3.570683732705388,-3.5677365546241213,-3.5647547407317504,-3.5617462744450465,-3.5587172410720864,-3.5556722931826807,-3.5526149984036977,-3.5495481002742753,-3.5464737145437994,-3.5433934773510765,-3.540308657412566,-3.5372202412037392,-3.5341289978133563,-3.5310355284540424,-3.527940304358621,-3.5248436958616334,-3.5217459947732124,-3.5186474316357437,-3.5155481890668705,-3.5124484121019175,-3.5093482162302037,-3.5062476936546765,-3.503146918179515,-3.500045949035635,-3.496944833882119,-3.493843611166725,-3.4907423119867764,-3.4876409615596637,-3.484539580387619,-3.4814381851825065,-3.478336789601788,-3.4752354048356215,-3.472134040076271,-3.4690327028943084,-3.4659313995408203,-3.4628301351907163,-3.4597289141390903,-3.4566277399600427,-3.453526615635441,-3.4504255436595432,-3.447324526124202,-3.444223564788412,-3.4411226611352035,-3.438021816418291,-3.4349210317004064,-3.4318203078848653,-3.4287196457416234,-3.425619045928834,-3.4225185090107177,-3.419418035472409,-3.416317625732318,-3.4132172801524514,-3.410116999047046,-3.4070167826898006,-3.4039166313199587,-3.400816545147431,-3.397716524357115,-3.3946165691125576,-3.391516679559061,-3.388416855826329,-3.385317098030714,-3.3822174062771615,-3.3791177806608634,-3.3760182212686964,-3.3729187281804687,-3.3698193014699966,-3.3667199412060667,-3.3636206474532746,-3.360521420272777,-3.357422259722971,-3.354323165860112,-3.3512241387388904,-3.348125178412965,-3.345026284935479,-3.341927458359565,-3.338828698738837,-3.335730006127896,-3.332631380582848,-3.3295328221618474,-3.326434330925678,-3.32333590693838,-3.3202375502679398,-3.317139260987056,-3.314041039173996,-3.310942884913568,-3.307844798298225,-3.3047467794293346,-3.3016488284186387,-3.2985509453899486,-3.295453130481113,-3.292355383846322,-3.2892577056588026,-3.2861600958420545,-3.2830625543263645,-3.2799650810481804,-3.276867675949549,-3.273770338977614,-3.2706730700841606,-3.2675758692252135,-3.2644787363606684,-3.2613816714539667,-3.258284674471798,-3.2551877453838305,-3.2520908841624707,-3.248994090782643,-3.2458973652215897,-3.242800707458693,-3.2397041174753083,-3.2366075952546183,-3.2335111407814954,-3.2304147540423767,-3.2273184350251545,-3.2242221837190734,-3.221126000114635,-3.2180298842035167,-3.2149338359784916,-3.211837855433361,-3.2087419425628934,-3.205646097362768,-3.2025503198295215,-3.1994546099605126,-3.1963589677538793,-3.193263393208517,-3.190167886324053,-3.187072447100834,-3.1839770755399233,-3.1808817716431115,-3.177786535412934,-3.174691366852712,-3.1715962659666057,-3.168501232759704,-3.1654062672381333,-3.162311369409216,-3.159216539281673,-3.1561217768658976,-3.153027082174315,-3.1499324552218506,-3.1468378960265455,-3.1437434046103623,-3.1406489810002376,-3.1375546252294653,-3.134460337339516,-3.131366117382425,-3.1282719654239406,-3.125177881547691,-3.1220838658606933,-3.118989918500668,-3.1158960396457815,-3.112802229527623,-3.1097084884485677,-3.1066148168050502,-3.103521215118836,-3.1004276840791536,-3.0973342245995985,-3.094240837895187,-3.091147525586958,-3.0880542898443326,-3.084961133579362,-3.081868060712446,-3.0787750765367443,-3.075682188219229,-3.0725894054913465,-3.069496741603494,-3.066404214647429,-3.063311849393111,-3.0602196798465826,-3.057127752820988,-3.0540361329346246,-3.0509449096239942,-3.0478542070089847,-3.0447641978048967,-3.0416751229902546,-3.038587319680373,-3.0355012607266447,-3.03241761110923,-3.0293373084330932,-3.0262616780898557,-3.0231925983693135,-3.020132737658853,-3.0170858958109132,-3.014057496145685,-3.0110552952842142,-3.008090407645917,-3.0051787833027284,-3.0023433358201244,-2.9996169942969035,-2.9970470519389374,-2.9947012948489635,-2.992676492192183,-2.9911098442731863,-2.9901937757988373
-3.592805642106853,-3.59201597680736,-3.590647604517121,-3.5888518320510974,-3.5867383630871794,-3.5843874390119987,-3.5818581792754647,-3.579194409112609,-3.5764287881224144,-3.573585768216053,-3.5706837325972915,-3.5677365545160282,-3.5647547406236626,-3.561746274336964,-3.558717240964008,-3.555672293074607,-3.5526149982956277,-3.5495481001662093,-3.546473714435737,-3.5433934772430185,-3.540308657304513,-3.537220241095691,-3.534128997705314,-3.5310355283460035,-3.5279403042505857,-3.524843695753602,-3.5217459946651855,-3.5186474315277225,-3.515548188958854,-3.5124484119939052,-3.509348216122194,-3.506247693546671,-3.503146918071513,-3.500045948927637,-3.4969448337741227,-3.493843611058731,-3.490742311878786,-3.4876409614516755,-3.484539580279634,-3.481438185074524,-3.4783367894938104,-3.475235404727648,-3.4721340399683007,-3.4690327027863432,-3.465931399432859,-3.46283013508276,-3.459728914031138,-3.456627739852095,-3.453526615527499,-3.450425543551607,-3.4473245260162715,-3.444223564680487,-3.441122661027283,-3.438021816310375,-3.434921031592493,-3.4318203077769556,-3.428719645633718,-3.425619045820934,-3.4225185089028227,-3.4194180353645174,-3.4163176256244285,-3.4132172800445653,-3.410116998939163,-3.4070167825819206,-3.4039166312120823,-3.4008165450395578,-3.3977165242492458,-3.3946165690046928,-3.391516679451201,-3.388416855718473,-3.385317097922863,-3.382217406169315,-3.3791177805530217,-3.376018221160861,-3.372918728072637,-3.369819301362169,-3.366719941098243,-3.3636206473454546,-3.360521420164962,-3.3574222596151597,-3.354323165752305,-3.3512241386310873,-3.3481251783051653,-3.345026284827684,-3.3419274582517744,-3.33882869863105,-3.3357300060201123,-3.3326313804750685,-3.329532822054073,-3.3264343308179085,-3.323335906830615,-3.3202375501601784,-3.3171392608792982,-3.314041039066242,-3.3109428848058173,-3.3078447981904775,-3.3047467793215914,-3.3016488283108996,-3.2985509452822135,-3.2954531303733825,-3.2923553837385953,-3.2892577055510803,-3.2861600957343358,-3.2830625542186493,-3.27996508094047,-3.2768676758418436,-3.2737703388699133,-3.270673069976464,-3.2675758691175205,-3.2644787362529786,-3.26138167134628,-3.258284674364114,-3.2551877452761504,-3.2520908840547937,-3.24899409067497,-3.2458973651139202,-3.2428007073510274,-3.239704117367648,-3.2366075951469635,-3.233511140673844,-3.230414753934729,-3.227318434917511,-3.224222183611433,-3.2211260000069983,-3.218029884095884,-3.2149338358708635,-3.211837855325738,-3.2087419424552754,-3.2056460972551544,-3.202550319721913,-3.199454609852908,-3.196358967646279,-3.193263393100921,-3.1901678862164613,-3.1870724469932465,-3.1839770754323404,-3.1808817715355326,-3.17778653530536,-3.1746913667451415,-3.1715962658590393,-3.168501232652142,-3.1654062671305763,-3.162311369301663,-3.159216539174124,-3.1561217767583525,-3.1530270820667745,-3.149932455114314,-3.1468378959190138,-3.143743404502834,-3.1406489808927134,-3.137554625121946,-3.1344603372320012,-3.1313661172749145,-3.1282719653164355,-3.1251778814401914,-3.122083865753198,-3.118989918393178,-3.1158960395382955,-3.11280222942014,-3.1097084883410893,-3.106614816697576,-3.103521215011366,-3.1004276839716867,-3.097334224492135,-3.094240837787728,-3.091147525479503,-3.0880542897368817,-3.084961133471915,-3.081868060605003,-3.078775076429305,-3.075682188111793,-3.0725894053839147,-3.0694967414960663,-3.0664042145400057,-3.0633118492856917,-3.0602196797391685,-3.0571277527135776,-3.054036132827218,-3.050944909516591,-3.047854206901585,-3.0447641976975013,-3.0416751228828627,-3.038587319572986,-3.0355012606192626,-3.0324176110018515,-3.0293373083257196,-3.026261677982487,-3.023192598261949,-3.020132737551493,-3.0170858957035573,-3.014057496038333,-3.0110552951768668,-3.0080904075385737,-3.0051787831953907,-3.00234333571279,-2.9996169941895743,-2.997047051831612,-2.994701294741642,-2.9926764920848643,-2.9911098441658712,-2.9901937756915236
-3.592805641991857,-3.5920159766923634,-3.590647604402124,-3.5888518319361014,-3.5867383629721874,-3.58438743889701,-3.581858179160479,-3.5791944089976266,-3.5764287880074366,-3.5735857681010788,-3.5706837324823217,-3.5677365544010624,-3.564754740508699,-3.5617462742220045,-3.558717240849053,-3.5556722929596565,-3.5526149981806823,-3.5495481000512696,-3.546473714320804,-3.5433934771280913,-3.540308657189591,-3.5372202409807736,-3.534128997590401,-3.531035528231096,-3.527940304135683,-3.524843695638703,-3.5217459945502902,-3.5186474314128304,-3.515548188843967,-3.5124484118790233,-3.5093482160073175,-3.5062476934317988,-3.503146917956645,-3.5000459488127724,-3.496944833659263,-3.493843610943876,-3.490742311763935,-3.4876409613368313,-3.4845395801647956,-3.4814381849596887,-3.478336789378978,-3.475235404612819,-3.4721340398534752,-3.4690327026715213,-3.4659313993180416,-3.4628301349679456,-3.4597289139163285,-3.4566277397372898,-3.453526615412698,-3.45042554343681,-3.4473245259014784,-3.4442235645656987,-3.4411226609124994,-3.4380218161955955,-3.434921031477719,-3.4318203076621856,-3.4287196455189526,-3.425619045706173,-3.4225185087880656,-3.4194180352497656,-3.416317625509682,-3.4132172799298237,-3.4101169988244266,-3.4070167824671898,-3.4039166310973563,-3.4008165449248358,-3.3977165241345277,-3.394616568889979,-3.3915166793364935,-3.388416855603771,-3.3853170978081666,-3.3822174060546235,-3.3791177804383348,-3.376018221046178,-3.3729187279579587,-3.3698193012474946,-3.366719940983573,-3.363620647230789,-3.3605214200502997,-3.3574222595005017,-3.3543231656376524,-3.35122413851644,-3.348125178190523,-3.3450262847130454,-3.3419274581371394,-3.3388286985164197,-3.335730005905487,-3.3326313803604473,-3.329532821939456,-3.3264343307032957,-3.3233359067160064,-3.3202375500455745,-3.317139260764699,-3.314041038951646,-3.310942884691224,-3.3078447980758887,-3.3047467792070058,-3.301648828196318,-3.298550945167636,-3.295453130258808,-3.2923553836240256,-3.2892577054365146,-3.2861600956197745,-3.283062554104093,-3.2799650808259178,-3.276867675727295,-3.273770338755368,-3.270673069861923,-3.2675758690029832,-3.2644787361384457,-3.2613816712317525,-3.2582846742495923,-3.255187745161634,-3.252090883940283,-3.2489940905604637,-3.2458973649994194,-3.2428007072365315,-3.239704117253156,-3.2366075950324755,-3.2335111405593615,-3.2304147538202517,-3.2273184348030393,-3.2242221834969667,-3.2211259998925366,-3.2180298839814268,-3.214933835756411,-3.21183785521129,-3.2087419423408314,-3.2056460971407144,-3.2025503196074765,-3.1994546097384746,-3.196358967531849,-3.1932633929864953,-3.190167886102039,-3.187072446878828,-3.1839770753179266,-3.180881771421124,-3.177786535190955,-3.17469136663074,-3.1715962657446415,-3.1685012325377486,-3.165406267016188,-3.1623113691872797,-3.159216539059746,-3.15612177664398,-3.1530270819524064,-3.1499324549999512,-3.1468378958046554,-3.14374340438848,-3.1406489807783635,-3.1375546250075996,-3.1344603371176594,-3.131366117160577,-3.1282719652021025,-3.1251778813258615,-3.122083865638872,-3.1189899182788565,-3.1158960394239785,-3.112802229305828,-3.109708488226782,-3.1066148165832734,-3.1035212148970683,-3.100427683857395,-3.0973342243778488,-3.094240837673446,-3.0911475253652245,-3.088054289622607,-3.0849611333576448,-3.0818680604907365,-3.0787750763150434,-3.0756821879975367,-3.0725894052696634,-3.0694967413818204,-3.0664042144257646,-3.0633118491714555,-3.0602196796249364,-3.057127752599351,-3.054036132712996,-3.050944909402374,-3.047854206787374,-3.044764197583295,-3.041675122768661,-3.0385873194587876,-3.0355012605050686,-3.032417610887662,-3.029337308211535,-3.0262616778683067,-3.023192598147773,-3.020132737437321,-3.0170858955893887,-3.014057495924168,-3.0110552950627065,-3.008090407424418,-3.0051787830812384,-3.0023433355986424,-2.9996169940754305,-2.9970470517174723,-2.994701294627505,-2.99267649197073,-2.9911098440517385,-2.9901937755773926
-3.592805641870743,-3.592015976571251,-3.5906476042810147,-3.588851831814995,-3.5867383628510843,-3.5843874387759094,-3.581858179039382,-3.579194408876534,-3.5764287878863468,-3.573585767979993,-3.570683732361239,-3.567736554279984,-3.5647547403876256,-3.561746274100935,-3.5587172407279875,-3.5556722928385955,-3.5526149980596244,-3.5495480999302145,-3.5464737141997524,-3.5433934770070423,-3.5403086570685445,-3.53722024085973,-3.5341289974693604,-3.5310355281100585,-3.527940304014649,-3.5248436955176747,-3.521745994429267,-3.5186474312918135,-3.5155481887229545,-3.512448411758016,-3.509348215886316,-3.506247693310804,-3.503146917835655,-3.5000459486917865,-3.4969448335382816,-3.4938436108228994,-3.4907423116429634,-3.4876409612158628,-3.484539580043831,-3.4814381848387304,-3.4783367892580266,-3.4752354044918743,-3.4721340397325373,-3.469032702550589,-3.465931399197115,-3.4628301348470245,-3.459728913795413,-3.45662773961638,-3.4535266152917936,-3.45042554331591,-3.447324525780583,-3.4442235644448074,-3.4411226607916126,-3.438021816074714,-3.4349210313568426,-3.431820307541314,-3.428719645398085,-3.425619045585309,-3.422518508667206,-3.419418035128909,-3.4163176253888294,-3.4132172798089764,-3.4101169987035833,-3.40701678234635,-3.4039166309765214,-3.400816544804006,-3.3977165240137035,-3.3946165687691594,-3.391516679215677,-3.3884168554829577,-3.3853170976873557,-3.382217405933816,-3.3791177803175314,-3.376018220925379,-3.372918727837163,-3.3698193011267032,-3.3667199408627857,-3.3636206471100065,-3.360521419929522,-3.3574222593797303,-3.3543231655168855,-3.351224138395678,-3.3481251780697656,-3.3450262845922936,-3.341927458016393,-3.338828698395678,-3.3357300057847508,-3.3326313802397154,-3.3295328218187286,-3.326434330582572,-3.3233359065952857,-3.3202375499248573,-3.3171392606439856,-3.314041038830938,-3.3109428845705224,-3.3078447979551924,-3.304746779086315,-3.3016488280756326,-3.298550945046956,-3.295453130138134,-3.2923553835033563,-3.2892577053158507,-3.2861600954991155,-3.283062553983439,-3.279965080705268,-3.2768676756066513,-3.2737703386347285,-3.2706730697412874,-3.267575868882352,-3.26447873601782,-3.261381671111132,-3.258284674128977,-3.2551877450410234,-3.252090883819677,-3.2489940904398624,-3.245897364878822,-3.242800707115938,-3.239704117132568,-3.236607594911893,-3.2335111404387837,-3.23041475369968,-3.2273184346824726,-3.2242221833764058,-3.221125999771981,-3.218029883860876,-3.2149338356358648,-3.2118378550907494,-3.2087419422202963,-3.205646097020184,-3.202550319486951,-3.1994546096179546,-3.196358967411333,-3.1932633928659833,-3.190167885981532,-3.187072446758325,-3.183977075197429,-3.1808817713006308,-3.1777865350704677,-3.174691366510259,-3.171596265624166,-3.168501232417278,-3.16540626689572,-3.162311369066816,-3.1592165389392854,-3.1561217765235243,-3.1530270818319557,-3.1499324548795054,-3.146837895684214,-3.1437434042680437,-3.140648980657932,-3.1375546248871737,-3.134460336997239,-3.131366117040162,-3.1282719650816917,-3.125177881205456,-3.122083865518471,-3.1189899181584595,-3.1158960393035864,-3.11280222918544,-3.1097084881063974,-3.1066148164628933,-3.1035212147766917,-3.1004276837370215,-3.097334224257479,-3.0942408375530794,-3.0911475252448617,-3.088054289502248,-3.08496113323729,-3.081868060370387,-3.0787750761946993,-3.075682187877198,-3.0725894051493294,-3.0694967412614917,-3.0664042143054413,-3.063311849051137,-3.0602196795046237,-3.057127752479043,-3.054036132592693,-3.0509449092820757,-3.0478542066670804,-3.0447641974630058,-3.041675122648377,-3.038587319338509,-3.035501260384795,-3.0324176107673932,-3.0293373080912707,-3.0262616777480478,-3.023192598027519,-3.020132737317071,-3.017085895469144,-3.0140574958039275,-3.0110552949424703,-3.008090407304186,-3.0051787829610115,-3.0023433354784204,-2.999616993955213,-2.9970470515972583,-2.9947012945072946,-2.9926764918505233,-2.9911098439315347,-2.99019377545719
-3.592805641743915,-3.5920159764444244,-3.5906476041541904,-3.5888518316881743,-3.586738362724266,-3.5843874386490957,-3.5818581789125723,-3.5791944087497294,-3.5764287877595486,-3.5735857678531997,-3.570683732234452,-3.5677365541532025,-3.5647547402608497,-3.561746273974165,-3.5587172406012226,-3.5556722927118356,-3.552614997932871,-3.549548099803468,-3.546473714073011,-3.5433934768803073,-3.540308656941816,-3.537220240733007,-3.5341289973426426,-3.531035527983346,-3.527940303887943,-3.5248436953909734,-3.5217459943025706,-3.518647431165122,-3.515548188596268,-3.5124484116313326,-3.509348215759636,-3.506247693184128,-3.5031469177089836,-3.50004594856512,-3.4969448334116193,-3.4938436106962403,-3.4907423115163088,-3.4876409610892134,-3.4845395799171883,-3.481438184712094,-3.478336789131395,-3.4752354043652476,-3.472134039605915,-3.4690327024239713,-3.465931399070502,-3.462830134720415,-3.4597289136688074,-3.4566277394897775,-3.4535266151651953,-3.4504255431893163,-3.447324525653994,-3.4442235643182224,-3.441122660665033,-3.43802181594814,-3.434921031230275,-3.431820307414753,-3.4287196452715296,-3.42561904545876,-3.422518508540663,-3.4194180350023724,-3.4163176252622987,-3.4132172796824496,-3.410116998577062,-3.4070167822198334,-3.403916630850009,-3.4008165446774976,-3.3977165238871985,-3.3946165686426584,-3.3915166790891806,-3.3884168553564664,-3.3853170975608697,-3.382217405807335,-3.3791177801910552,-3.3760182207989082,-3.3729187277106982,-3.369819301000243,-3.36671994073633,-3.3636206469835552,-3.3605214198030757,-3.357422259253288,-3.354323165390449,-3.3512241382692456,-3.3481251779433383,-3.3450262844658716,-3.3419274578899762,-3.3388286982692668,-3.3357300056583443,-3.3326313801133147,-3.3295328216923337,-3.3264343304561828,-3.3233359064689028,-3.32023754979848,-3.317139260517614,-3.314041038704572,-3.3109428844441613,-3.3078447978288357,-3.304746778959963,-3.3016488279492844,-3.2985509449206125,-3.2954531300117953,-3.2923553833770223,-3.2892577051895207,-3.2861600953727903,-3.283062553857118,-3.279965080578952,-3.276867675480339,-3.2737703385084216,-3.2706730696149857,-3.2675758687560554,-3.264478735891528,-3.2613816709848447,-3.258284674002694,-3.2551877449147444,-3.252090883693403,-3.2489940903135937,-3.2458973647525595,-3.2428007069896814,-3.2397041170063163,-3.236607594785646,-3.2335111403125416,-3.2304147535734424,-3.2273184345562402,-3.224222183250178,-3.221125999645759,-3.2180298837346593,-3.2149338355096524,-3.2118378549645414,-3.2087419420940932,-3.205646096893987,-3.2025503193607587,-3.1994546094917675,-3.1963589672851533,-3.19326339273981,-3.1901678858553653,-3.1870724466321647,-3.1839770750712715,-3.180881771174477,-3.177786534944317,-3.174691366384113,-3.1715962654980254,-3.1685012322911414,-3.1654062667695886,-3.1623113689406894,-3.159216538813164,-3.156121776397408,-3.1530270817058437,-3.149932454753398,-3.146837895558111,-3.1437434041419445,-3.140648980531836,-3.1375546247610813,-3.134460336871151,-3.1313661169140787,-3.1282719649556134,-3.125177881079383,-3.122083865392403,-3.1189899180323963,-3.1158960391775277,-3.112802229059387,-3.10970848798035,-3.1066148163368514,-3.1035212146506552,-3.100427683610991,-3.0973342241314543,-3.094240837427061,-3.0911475251188487,-3.088054289376241,-3.0849611331112885,-3.081868060244391,-3.0787750760687085,-3.075682187751211,-3.0725894050233475,-3.069496741135514,-3.0664042141794683,-3.063311848925169,-3.060219679378659,-3.057127752353083,-3.054036132466738,-3.0509449091561263,-3.0478542065411354,-3.0447641973370647,-3.0416751225224408,-3.038587319212578,-3.0355012602588687,-3.032417610641472,-3.029337307965356,-3.0262616776221387,-3.0231925979016157,-3.020132737191173,-3.0170858953432513,-3.0140574956780406,-3.0110552948165887,-3.0080904071783103,-3.0051787828351406,-3.002343335352554,-2.9996169938293518,-2.997047051471403,-2.9947012943814433,-2.992676491724675,-2.9911098438056887,-2.9901937753313454
-3.592805641611636,-3.5920159763121466,-3.5906476040219144,-3.5888518315559006,-3.5867383625919937,-3.584387438516826,-3.5818581787803057,-3.579194408617465,-3.5764287876272864,-3.573585767720941,-3.5706837321021974,-3.5677365540209522,-3.5647547401286035,-3.5617462738419245,-3.5587172404689884,-3.555672292579607,-3.552614997800647,-3.549548099671248,-3.546473713940794,-3.543393476748094,-3.5403086568096067,-3.537220240600803,-3.534128997210445,-3.5310355278511536,-3.527940303755753,-3.5248436952587867,-3.5217459941703892,-3.518647431032944,-3.515548188464095,-3.5124484114991668,-3.509348215627476,-3.506247693051974,-3.5031469175768373,-3.5000459484329807,-3.496944833279487,-3.4938436105641153,-3.49074231138419,-3.4876409609571004,-3.4845395797850807,-3.4814381845799907,-3.478336788999297,-3.475235404233154,-3.4721340394738265,-3.4690327022918876,-3.4659313989384226,-3.462830134588342,-3.45972891353674,-3.4566277393577165,-3.4535266150331387,-3.4504255430572646,-3.447324525521947,-3.444223564186181,-3.4411226605329963,-3.4380218158161084,-3.434921031098248,-3.4318203072827314,-3.4287196451395134,-3.4256190453267488,-3.4225185084086562,-3.419418034870371,-3.4163176251303016,-3.4132172795504574,-3.410116998445074,-3.4070167820878505,-3.40391663071803,-3.4008165445455227,-3.397716523755228,-3.3946165685106937,-3.3915166789572213,-3.388416855224512,-3.3853170974289215,-3.3822174056753926,-3.379117780059118,-3.376018220666975,-3.372918727578771,-3.3698193008683233,-3.3667199406044177,-3.3636206468516496,-3.3605214196711763,-3.3574222591213934,-3.354323165258559,-3.3512241381373613,-3.3481251778114602,-3.3450262843339993,-3.341927457758109,-3.3388286981374056,-3.335730005526489,-3.332631379981464,-3.3295328215604876,-3.3264343303243415,-3.3233359063370664,-3.3202375496666496,-3.3171392603857885,-3.314041038572752,-3.3109428843123467,-3.307844797697026,-3.304746778828158,-3.301648827817485,-3.298550944788818,-3.295453129880006,-3.292355383245238,-3.289257705057741,-3.286160095241016,-3.283062553725349,-3.2799650804471883,-3.2768676753485817,-3.2737703383766705,-3.2706730694832404,-3.267575868624316,-3.2644787357597935,-3.2613816708531154,-3.2582846738709694,-3.2551877447830257,-3.252090883561689,-3.248994090181885,-3.245897364620855,-3.242800706857982,-3.239704116874622,-3.2366075946539574,-3.2335111401808585,-3.230414753441764,-3.227318434424566,-3.224222183118509,-3.221125999514095,-3.218029883603,-3.2149338353779986,-3.2118378548328925,-3.2087419419624483,-3.205646096762346,-3.2025503192291223,-3.199454609360136,-3.1963589671535266,-3.1932633926081895,-3.1901678857237505,-3.187072446500556,-3.1839770749396696,-3.180881771042882,-3.1777865348127285,-3.1746913662525293,-3.1715962653664476,-3.16850123215957,-3.165406266638024,-3.1623113688091298,-3.159216538681609,-3.1561217762658575,-3.1530270815742982,-3.1499324546218563,-3.1468378954265743,-3.1437434040104146,-3.1406489804003126,-3.137554624629564,-3.1344603367396404,-3.131366116782574,-3.1282719648241137,-3.125177880947888,-3.122083865260913,-3.118989917900912,-3.115896039046048,-3.1128022289279125,-3.1097084878488803,-3.1066148162053864,-3.1035212145191955,-3.100427683479537,-3.0973342240000052,-3.094240837295618,-3.0911475249874125,-3.088054289244811,-3.084961132979864,-3.0818680601129707,-3.0787750759372927,-3.075682187619801,-3.072589404891943,-3.0694967410041145,-3.0664042140480743,-3.0633118487937794,-3.060219679247275,-3.057127752221704,-3.0540361323353626,-3.050944909024755,-3.047854206409769,-3.044764197205705,-3.0416751223910854,-3.0385873190812274,-3.0355012601275235,-3.0324176105101324,-3.02933730783402,-3.026261677490807,-3.023192597770289,-3.0201327370598525,-3.0170858952119364,-3.0140574955467323,-3.0110552946852867,-3.008090407047014,-3.00517878270385,-3.0023433352212687,-2.999616993698071,-2.9970470513401253,-2.99470129425017,-2.992676491593406,-2.9911098436744226,-2.9901937752000816
-3.5928056414739555,-3.592015976174468,-3.5906476038842383,-3.588851831418227,-3.586738362454325,-3.58438743837916,-3.581858178642645,-3.57919440847981,-3.5764287874896374,-3.5735857675832983,-3.5706837319645603,-3.5677365538833206,-3.5647547399909776,-3.5617462737043026,-3.5587172403313696,-3.5556722924419915,-3.552614997663036,-3.549548099533641,-3.546473713803192,-3.543393476610497,-3.540308656672015,-3.5372202404632174,-3.5341289970728655,-3.531035527713581,-3.527940303618188,-3.5248436951212296,-3.521745994032839,-3.518647430895401,-3.5155481883265574,-3.512448411361634,-3.5093482154899487,-3.5062476929144517,-3.50314691743932,-3.5000459482954698,-3.496944833141982,-3.493843610426617,-3.490742311246696,-3.487640960819611,-3.4845395796475964,-3.4814381844425135,-3.4783367888618253,-3.4752354040956877,-3.4721340393363658,-3.469032702154433,-3.465931398800974,-3.4628301344508987,-3.459728913399301,-3.456627739220283,-3.4535266148957118,-3.4504255429198443,-3.447324525384533,-3.444223564048773,-3.4411226603955942,-3.4380218156787117,-3.4349210309608553,-3.4318203071453417,-3.428719645002129,-3.425619045189369,-3.4225185082712817,-3.4194180347330017,-3.416317624992938,-3.4132172794131,-3.410116998307722,-3.4070167819505044,-3.4039166305806896,-3.40081654440819,-3.397716523617902,-3.3946165683733747,-3.391516678819909,-3.3884168550872054,-3.38531709729162,-3.3822174055380954,-3.3791177799218257,-3.3760182205296894,-3.3729187274414905,-3.3698193007310477,-3.3667199404671466,-3.3636206467143834,-3.360521419533915,-3.3574222589841383,-3.3543231651213086,-3.351224138000116,-3.34812517767422,-3.3450262841967633,-3.3419274576208786,-3.33882869800018,-3.3357300053892684,-3.33263137984425,-3.3295328214232787,-3.3264343301871384,-3.3233359061998695,-3.320237549529458,-3.3171392602486023,-3.3140410384355703,-3.3109428841751694,-3.307844797559854,-3.304746778690992,-3.3016488276803244,-3.2985509446516628,-3.295453129742856,-3.292355383108094,-3.2892577049206024,-3.2861600951038827,-3.283062553588221,-3.279965080310066,-3.276867675211464,-3.273770338239558,-3.270673069346133,-3.2675758684872136,-3.2644787356226974,-3.2613816707160246,-3.258284673733884,-3.2551877446459456,-3.2520908834246147,-3.2489940900448153,-3.2458973644837905,-3.242800706720923,-3.2397041167375673,-3.236607594516908,-3.2335111400438152,-3.2304147533047267,-3.2273184342875347,-3.2242221829814834,-3.2211259993770747,-3.2180298834659853,-3.21493383524099,-3.2118378546958892,-3.208741941825451,-3.2056460966253537,-3.2025503190921367,-3.199454609223156,-3.196358967016552,-3.1932633924712186,-3.190167885586783,-3.1870724463635933,-3.183977074802712,-3.1808817709059296,-3.1777865346757816,-3.1746913661155878,-3.1715962652295113,-3.16850123202264,-3.1654062665010994,-3.1623113686722113,-3.1592165385446975,-3.1561217761289515,-3.153027081437398,-3.1499324544849627,-3.1468378952896874,-3.143743403873534,-3.140648980263438,-3.137554624492695,-3.134460336602776,-3.1313661166457147,-3.1282719646872597,-3.1251778808110395,-3.122083865124071,-3.118989917764075,-3.115896038909218,-3.112802228791088,-3.1097084877120627,-3.106614816068575,-3.10352121438239,-3.100427683342736,-3.0973342238632093,-3.0942408371588273,-3.0911475248506264,-3.0880542891080305,-3.0849611328430893,-3.0818680599762014,-3.078775075800529,-3.075682187483042,-3.0725894047551883,-3.0694967408673652,-3.0664042139113294,-3.06331184865704,-3.060219679110541,-3.057127752084976,-3.054036132198642,-3.05094490888804,-3.0478542062730596,-3.0447641970690005,-3.041675122254387,-3.038587318944535,-3.0355012599908364,-3.0324176103734506,-3.0293373076973436,-3.0262616773541358,-3.023192597633623,-3.0201327369231903,-3.017085895075279,-3.01405749541008,-3.011055294548639,-3.0080904069103713,-3.005178782567212,-3.0023433350846354,-2.9996169935614425,-2.9970470512035017,-2.994701294113551,-2.9926764914567903,-2.9911098435378096,-2.9901937750634704
-3.5928056413308904,-3.5920159760314037,-3.5906476037411763,-3.5888518312751687,-3.586738362311269,-3.5843874382361083,-3.5818581784995964,-3.579194408336765,-3.576428787346596,-3.5735857674402602,-3.5706837318215254,-3.5677365537402905,-3.5647547398479524,-3.561746273561283,-3.558717240188357,-3.5556722922989854,-3.5526149975200356,-3.549548099390647,-3.5464737136602054,-3.543393476467516,-3.540308656529041,-3.5372202403202486,-3.534128996929902,-3.531035527570623,-3.5279403034752357,-3.524843694978283,-3.5217459938898985,-3.5186474307524658,-3.5155481881836277,-3.51244841121871,-3.5093482153470306,-3.5062476927715385,-3.5031469172964123,-3.5000459481525663,-3.496944832999084,-3.493843610283723,-3.490742311103808,-3.48764096067673,-3.484539579504721,-3.4814381842996434,-3.4783367887189605,-3.475235403952829,-3.4721340391935125,-3.469032702011585,-3.4659313986581313,-3.4628301343080623,-3.459728913256471,-3.456627739077458,-3.4535266147528922,-3.45042554277703,-3.4473245252417244,-3.4442235639059695,-3.4411226602527965,-3.43802181553592,-3.434921030818071,-3.4318203070025652,-3.4287196448593593,-3.4256190450466053,-3.422518508128524,-3.419418034590249,-3.416317624850192,-3.4132172792703592,-3.410116998164988,-3.407016781807777,-3.403916630437969,-3.4008165442654756,-3.397716523475193,-3.3946165682306684,-3.3915166786772057,-3.388416854944507,-3.385317097148926,-3.382217405395408,-3.3791177797791443,-3.3760182203870124,-3.372918727298819,-3.369819300588381,-3.3667199403244856,-3.3636206465717278,-3.3605214193912643,-3.3574222588414924,-3.3543231649786693,-3.351224137857484,-3.3481251775315943,-3.3450262840541445,-3.3419274574782656,-3.3388286978575725,-3.3357300052466665,-3.332631379701654,-3.3295328212806887,-3.3264343300445542,-3.3233359060572916,-3.3202375493868863,-3.3171392601060368,-3.3140410382930106,-3.310942884032616,-3.307844797417306,-3.3047467785484486,-3.301648827537786,-3.2985509445091297,-3.295453129600328,-3.292355382965571,-3.2892577047780858,-3.286160094961371,-3.283062553445714,-3.2799650801675635,-3.2768676750689667,-3.2737703380970653,-3.2706730692036463,-3.2675758683447333,-3.264478735480223,-3.261381670573556,-3.258284673591422,-3.255187744503489,-3.2520908832821647,-3.2489940899023715,-3.2458973643413542,-3.2428007065784934,-3.239704116595145,-3.236607594374491,-3.2335111399014034,-3.2304147531623197,-3.2273184341451335,-3.224222182839087,-3.2211259992346837,-3.2180298833236005,-3.214933835098611,-3.2118378545535164,-3.2087419416830834,-3.205646096482991,-3.202550318949779,-3.1994546090808034,-3.1963589668742047,-3.1932633923288773,-3.1901678854444486,-3.1870724462212654,-3.18397707466039,-3.1808817707636132,-3.17778653453347,-3.1746913659732816,-3.1715962650872105,-3.168501231880344,-3.165406266358809,-3.1623113685299273,-3.1592165384024202,-3.1561217759866813,-3.1530270812951353,-3.1499324543427067,-3.146837895147438,-3.1437434037312904,-3.1406489801212008,-3.1375546243504644,-3.134460336460551,-3.131366116503495,-3.128271964545046,-3.125177880668831,-3.1220838649818683,-3.1189899176218794,-3.115896038767027,-3.112802228648903,-3.1097084875698817,-3.1066148159263984,-3.1035212142402178,-3.1004276832005697,-3.097334223721048,-3.0942408370166703,-3.091147524708475,-3.088054288965884,-3.0849611327009474,-3.0818680598340653,-3.0787750756583985,-3.075682187340918,-3.0725894046130704,-3.069496740725253,-3.066404213769223,-3.0633118485149398,-3.0602196789684464,-3.057127751942885,-3.0540361320565554,-3.0509449087459584,-3.0478542061309826,-3.044764196926929,-3.041675122112321,-3.038587318802474,-3.0355012598487807,-3.0324176102314,-3.029337307555299,-3.0262616772120974,-3.0231925974915907,-3.0201327367811652,-3.0170858949332606,-3.0140574952680668,-3.0110552944066318,-3.0080904067683685,-3.0051787824252147,-3.0023433349426445,-2.999616993419458,-2.9970470510615232,-2.9947012939715782,-2.9926764913148216,-2.991109843395845,-2.9901937749215075
-3.592805641182355,-3.592015975882869,-3.5906476035926427,-3.5888518311266377,-3.586738362162742,-3.5843874380875866,-3.58185817835108,-3.579194408188253,-3.5764287871980884,-3.573585767291758,-3.5706837316730287,-3.5677365535918,-3.5647547396994677,-3.5617462734128034,-3.5587172400398823,-3.5556722921505157,-3.5526149973715726,-3.5495480992421906,-3.546473713511756,-3.543393476319074,-3.5403086563806045,-3.5372202401718185,-3.534128996781478,-3.5310355274222047,-3.5279403033268233,-3.524843694829876,-3.5217459937414963,-3.518647430604069,-3.5155481880352375,-3.512448411070325,-3.5093482151986506,-3.5062476926231647,-3.5031469171480443,-3.5000459480042037,-3.496944832850726,-3.4938436101353703,-3.4907423109554614,-3.487640960528388,-3.484539579356383,-3.4814381841513096,-3.4783367885706324,-3.4752354038045072,-3.4721340390451965,-3.4690327018632754,-3.4659313985098277,-3.4628301341597645,-3.4597289131081794,-3.4566277389291735,-3.453526614604614,-3.4504255426287584,-3.4473245250934594,-3.4442235637577108,-3.441122660104544,-3.438021815387674,-3.434921030669831,-3.431820306854331,-3.4287196447111303,-3.4256190448983825,-3.422518507980307,-3.419418034442038,-3.416317624701986,-3.4132172791221587,-3.4101169980167922,-3.4070167816595847,-3.403916630289782,-3.4008165441172937,-3.397716523327018,-3.394616568082501,-3.3915166785290456,-3.3884168547963527,-3.385317097000779,-3.382217405247266,-3.3791177796310072,-3.3760182202388815,-3.372918727150694,-3.3698193004402626,-3.3667199401763725,-3.36362064642362,-3.3605214192431627,-3.3574222586933975,-3.3543231648305802,-3.3512241377094,-3.348125177383515,-3.34502628390607,-3.3419274573301965,-3.338828697709509,-3.3357300050986094,-3.332631379553602,-3.3295328211326423,-3.3264343298965136,-3.323335905909256,-3.320237549238856,-3.317139259958012,-3.314041038144992,-3.310942883884603,-3.3078447972693006,-3.30474677840045,-3.3016488273897937,-3.298550944361143,-3.2954531294523473,-3.292355382817596,-3.289257704630118,-3.2861600948134093,-3.2830625532977593,-3.2799650800196156,-3.2768676749210246,-3.2737703379491294,-3.270673069055717,-3.26757586819681,-3.2644787353323053,-3.2613816704256444,-3.2582846734435167,-3.2551877443555903,-3.252090883134271,-3.248994089754484,-3.245897364193471,-3.2428007064306152,-3.2397041164472724,-3.236607594226624,-3.2335111397535417,-3.230414753014464,-3.227318433997283,-3.224222182691243,-3.2211259990868455,-3.218029883175768,-3.214933834950784,-3.211837854405695,-3.208741941535269,-3.205646096335184,-3.2025503188019795,-3.199454608933011,-3.1963589667264185,-3.193263392181098,-3.190167885296675,-3.187072446073497,-3.1839770745126272,-3.1808817706158568,-3.1777865343857203,-3.1746913658255385,-3.171596264939473,-3.1685012317326122,-3.1654062662110825,-3.1623113683822055,-3.159216538254703,-3.156121775838968,-3.1530270811474255,-3.149932454195002,-3.146837894999738,-3.143743403583595,-3.140648979973511,-3.137554624202779,-3.134460336312872,-3.1313661163558226,-3.12827196439738,-3.125177880521172,-3.122083864834215,-3.118989917474231,-3.115896038619386,-3.1128022285012684,-3.109708487422254,-3.1066148157787774,-3.103521214092604,-3.100427683052963,-3.0973342235734482,-3.094240836869077,-3.0911475245608875,-3.088054288818301,-3.0849611325533703,-3.081868059686494,-3.078775075510832,-3.075682187193357,-3.072589404465514,-3.0694967405777023,-3.0664042136216785,-3.063311848367401,-3.060219678820913,-3.057127751795358,-3.0540361319090334,-3.050944908598443,-3.047854205983474,-3.044764196779427,-3.0416751219648255,-3.038587318654984,-3.035501259701296,-3.032417610083921,-3.0293373074078263,-3.0262616770646313,-3.023192597344131,-3.0201327366337116,-3.017085894785813,-3.014057495120625,-3.011055294259196,-3.008090406620939,-3.0051787822777905,-3.002343334795225,-2.999616993272043,-2.997047050914112,-2.99470129382417,-2.992676491167417,-2.9911098432484424,-2.9901937747741067
-3.592805641028217,-3.5920159757287324,-3.590647603438509,-3.5888518309725077,-3.5867383620086164,-3.5843874379334646,-3.5818581781969616,-3.5791944080341387,-3.5764287870439797,-3.5735857671376543,-3.5706837315189306,-3.5677365534377063,-3.5647547395453802,-3.5617462732587226,-3.558717239885808,-3.5556722919964474,-3.5526149972175096,-3.549548099088133,-3.5464737133577033,-3.5433934761650274,-3.5403086562265638,-3.5372202400177835,-3.5341289966274476,-3.5310355272681795,-3.5279403031728043,-3.5248436946758632,-3.521745993587489,-3.518647430450068,-3.515548187881243,-3.5124484109163374,-3.5093482150446698,-3.50624769246919,-3.503146916994076,-3.500045947850242,-3.4969448326967716,-3.4938436099814236,-3.49074231080152,-3.4876409603744536,-3.484539579202455,-3.4814381839973874,-3.4783367884167147,-3.4752354036505935,-3.472134038891288,-3.4690327017093723,-3.4659313983559303,-3.4628301340058734,-3.459728912954294,-3.4566277387752935,-3.453526614450739,-3.4504255424748886,-3.447324524939595,-3.4442235636038525,-3.441122659950692,-3.438021815233827,-3.4349210305159907,-3.431820306700497,-3.4287196445573036,-3.425619044744563,-3.422518507826495,-3.419418034288233,-3.4163176245481868,-3.413217278968365,-3.4101169978630024,-3.407016781505801,-3.403916630136005,-3.400816543963523,-3.397716523173253,-3.3946165679287432,-3.3915166783752952,-3.3884168546426094,-3.3853170968470416,-3.382217405093535,-3.379117779477285,-3.376018220085166,-3.3729187269969847,-3.3698193002865593,-3.366719940022676,-3.3636206462699305,-3.3605214190894808,-3.3574222585397226,-3.3543231646769116,-3.351224137555738,-3.34812517722986,-3.345026283752423,-3.341927457176557,-3.3388286975558765,-3.335730004944982,-3.3326313793999813,-3.3295328209790283,-3.3264343297429066,-3.323335905755655,-3.3202375490852605,-3.317139259804422,-3.3140410379914074,-3.3109428837310246,-3.3078447971157274,-3.304746778246883,-3.3016488272362334,-3.298550944207589,-3.2954531292988,-3.292355382664055,-3.2892577044765816,-3.2861600946598792,-3.2830625531442355,-3.279965079866097,-3.2768676747675127,-3.2737703377956238,-3.2706730689022168,-3.2675758680433153,-3.264478735178816,-3.2613816702721605,-3.2582846732900386,-3.2551877442021184,-3.2520908829808053,-3.248994089601023,-3.245897364040017,-3.242800706277168,-3.239704116293832,-3.2366075940731895,-3.2335111396001137,-3.230414752861042,-3.2273184338438674,-3.2242221825378334,-3.2211259989334424,-3.2180298830223713,-3.2149338347973933,-3.211837854252311,-3.208741941381891,-3.2056460961818125,-3.2025503186486133,-3.19945460877965,-3.1963589665730634,-3.193263392027748,-3.19016788514333,-3.187072445920156,-3.1839770743592917,-3.180881770462527,-3.1777865342323963,-3.1746913656722215,-3.1715962647861624,-3.1685012315793086,-3.165406266057786,-3.1623113682289157,-3.1592165381014197,-3.1561217756856914,-3.153027080994156,-3.1499324540417386,-3.146837894846481,-3.143743403430344,-3.1406489798202655,-3.1375546240495398,-3.1344603361596373,-3.1313661162025923,-3.1282719642441537,-3.1251778803679504,-3.1220838646809983,-3.118989917321021,-3.115896038466182,-3.11280222834807,-3.1097084872690606,-3.1066148156255893,-3.103521213939421,-3.1004276828997845,-3.097334223420275,-3.09424083671591,-3.091147524407727,-3.0880542886651483,-3.0849611324002257,-3.0818680595333565,-3.078775075357703,-3.075682187040235,-3.0725894043123994,-3.069496740424594,-3.0664042134685765,-3.063311848214305,-3.0602196786678233,-3.057127751642275,-3.0540361317559577,-3.0509449084453744,-3.047854205830413,-3.044764196626373,-3.0416751218117777,-3.038587318501944,-3.035501259548263,-3.0324176099308944,-3.029337307254805,-3.026261676911615,-3.023192597191121,-3.020132736480707,-3.0170858946328143,-3.0140574949676324,-3.0110552941062085,-3.008090406467958,-3.0051787821248164,-3.002343334642258,-2.9996169931190826,-2.9970470507611577,-2.9947012936712216,-2.9926764910144725,-2.9911098430955017,-2.9901937746211673
-3.592805640868333,-3.5920159755688505,-3.5906476032786303,-3.588851830812631,-3.5867383618487434,-3.5843874377735965,-3.581858178037099,-3.5791944078742843,-3.5764287868841325,-3.5735857669778146,-3.5706837313590984,-3.5677365532778813,-3.564754739385561,-3.5617462730989087,-3.558717239725999,-3.555672291836644,-3.5526149970577108,-3.54954809892834,-3.5464737131979165,-3.543393476005246,-3.5403086560667876,-3.537220239858014,-3.5341289964676843,-3.5310355271084215,-3.5279403030130525,-3.5248436945161186,-3.521745993427752,-3.5186474302903386,-3.51554818772152,-3.512448410756621,-3.50934821488496,-3.506247692309487,-3.503146916834379,-3.500045947690551,-3.4969448325370855,-3.493843609821743,-3.4907423106418447,-3.4876409602147835,-3.4845395790427904,-3.481438183837729,-3.478336788257063,-3.4752354034909474,-3.4721340387316477,-3.4690327015497378,-3.465931398196302,-3.4628301338462504,-3.4597289127946773,-3.456627738615684,-3.4535266142911376,-3.450425542315295,-3.4473245247800084,-3.444223563444272,-3.441122659791118,-3.4380218150742605,-3.43492103035643,-3.4318203065409425,-3.428719644397754,-3.425619044585018,-3.4225185076669553,-3.4194180341286984,-3.4163176243886584,-3.4132172788088444,-3.4101169977034917,-3.4070167813462993,-3.4039166299765093,-3.4008165438040336,-3.39771652301377,-3.3946165677692655,-3.391516678215823,-3.3884168544831437,-3.3853170966875834,-3.3822174049340847,-3.37911777931784,-3.3760182199257267,-3.372918726837551,-3.3698193001271317,-3.366719939863254,-3.363620646110515,-3.3605214189300705,-3.3574222583803173,-3.3543231645175124,-3.3512241373963443,-3.3481251770704725,-3.3450262835930404,-3.341927457017179,-3.338828697396504,-3.335730004785616,-3.3326313792406217,-3.3295328208196753,-3.3264343295835594,-3.3233359055963145,-3.320237548925927,-3.3171392596450957,-3.3140410378320877,-3.310942883571711,-3.3078447969564206,-3.304746778087583,-3.30164882707694,-3.298550944048303,-3.2954531291395206,-3.292355382504782,-3.2892577043173157,-3.2861600945006204,-3.283062552984983,-3.2799650797068525,-3.2768676746082748,-3.2737703376363934,-3.2706730687429935,-3.2675758678840996,-3.264478735019608,-3.2613816701129594,-3.258284673130844,-3.2551877440429298,-3.252090882821623,-3.248994089441847,-3.245897363880846,-3.242800706118002,-3.239704116134671,-3.2366075939140346,-3.233511139440964,-3.230414752701898,-3.2273184336847285,-3.2242221823787007,-3.221125998774316,-3.218029882863251,-3.21493383463828,-3.2118378540932038,-3.2087419412227898,-3.2056460960227176,-3.202550318489524,-3.1994546086205684,-3.1963589664139893,-3.193263391868681,-3.190167884984271,-3.1870724457611046,-3.1839770742002473,-3.1808817703034884,-3.1777865340733626,-3.1746913655131923,-3.1715962646271385,-3.1685012314202896,-3.1654062658987723,-3.1623113680699078,-3.159216537942418,-3.156121775526696,-3.153027080835167,-3.1499324538827547,-3.146837894687503,-3.143743403271372,-3.1406489796612993,-3.13755462389058,-3.1344603360006844,-3.131366116043646,-3.1282719640852155,-3.125177880209019,-3.1220838645220743,-3.1189899171621036,-3.1158960383072714,-3.112802228189166,-3.1097084871101646,-3.1066148154667,-3.1035212137805375,-3.100427682740907,-3.0973342232614054,-3.094240836557047,-3.0911475242488704,-3.088054288506298,-3.0849611322413812,-3.0818680593745187,-3.078775075198871,-3.07568218688141,-3.072589404153581,-3.069496740265783,-3.0664042133097715,-3.063311848055507,-3.060219678509032,-3.057127751483491,-3.0540361315971816,-3.050944908286604,-3.047854205671648,-3.044764196467613,-3.041675121653025,-3.0385873183431977,-3.0355012593895236,-3.0324176097721622,-3.0293373070960796,-3.0262616767528963,-3.023192597032408,-3.0201327363220005,-3.0170858944741132,-3.014057494808938,-3.0110552939475212,-3.008090406309277,-3.005178781966141,-3.0023433344835877,-2.9996169929604175,-2.9970470506024975,-2.994701293512566,-2.992676490855822,-2.9911098429368543,-2.990193774462522
-3.592805640702528,-3.592015975403047,-3.590647603112829,-3.5888518306468344,-3.586738361682951,-3.5843874376078078,-3.581858177871315,-3.5791944077085036,-3.5764287867183553,-3.5735857668120405,-3.570683731193328,-3.5677365531121166,-3.5647547392198033,-3.5617462729331586,-3.5587172395602575,-3.5556722916709114,-3.552614996891987,-3.5495480987626236,-3.5464737130322064,-3.543393475839542,-3.540308655901092,-3.5372202396923242,-3.5341289963020004,-3.5310355269427447,-3.527940302847381,-3.524843694350451,-3.521745993262088,-3.5186474301246786,-3.515548187555865,-3.5124484105909715,-3.5093482147193167,-3.50624769214385,-3.5031469166687477,-3.500045947524926,-3.4969448323714687,-3.493843609656133,-3.4907423104762447,-3.487640960049193,-3.484539578877209,-3.4814381836721555,-3.478336788091498,-3.475235403325392,-3.4721340385661006,-3.4690327013841973,-3.4659313980307687,-3.4628301336807246,-3.4597289126291586,-3.4566277384501727,-3.4535266141256318,-3.450425542149795,-3.447324524614513,-3.444223563278783,-3.4411226596256355,-3.438021814908784,-3.4349210301909596,-3.4318203063754775,-3.428719644232294,-3.4256190444195638,-3.4225185075015077,-3.4194180339632583,-3.416317624223226,-3.413217278643418,-3.4101169975380707,-3.4070167811808845,-3.4039166298111017,-3.4008165436386317,-3.397716522848374,-3.3946165676038755,-3.3915166780504395,-3.3884168543177666,-3.3853170965222112,-3.382217404768718,-3.3791177791524807,-3.376018219760376,-3.372918726672208,-3.369819299961797,-3.3667199396979264,-3.363620645945194,-3.3605214187647565,-3.357422258215011,-3.354323164352212,-3.3512241372310494,-3.3481251769051834,-3.3450262834277575,-3.3419274568519035,-3.338828697231235,-3.3357300046203533,-3.332631379075365,-3.3295328206544244,-3.3264343294183147,-3.323335905431076,-3.320237548760695,-3.31713925947987,-3.3140410376668687,-3.3109428834064993,-3.3078447967912155,-3.304746777922384,-3.301648826911748,-3.2985509438831175,-3.2954531289743416,-3.2923553823396103,-3.28925770415215,-3.2861600943354605,-3.2830625528198283,-3.2799650795417037,-3.2768676744431318,-3.2737703374712557,-3.2706730685778616,-3.267575867718973,-3.264478734854488,-3.2613816699478453,-3.2582846729657353,-3.2551877438778276,-3.252090882656527,-3.248994089276758,-3.245897363715765,-3.2428007059529285,-3.2397041159696047,-3.236607593748976,-3.233511139275913,-3.2304147525368547,-3.227318433519693,-3.224222182213672,-3.221125998609294,-3.2180298826982354,-3.214933834473271,-3.2118378539282015,-3.208741941057794,-3.2056460958577286,-3.202550318324543,-3.199454608455595,-3.1963589662490226,-3.19326339170372,-3.1901678848193162,-3.187072445596157,-3.1839770740353055,-3.1808817701385523,-3.177786533908434,-3.1746913653482705,-3.1715962644622238,-3.168501231255382,-3.1654062657338717,-3.162311367905014,-3.15921653777753,-3.1561217753618136,-3.1530270806702902,-3.1499324537178848,-3.1468378945226387,-3.143743403106515,-3.14064897949645,-3.1375546237257375,-3.134460335835849,-3.1313661158788193,-3.128271963920396,-3.1251778800442076,-3.1220838643572693,-3.1189899169973048,-3.115896038142478,-3.1128022280243783,-3.1097084869453826,-3.1066148153019255,-3.103521213615771,-3.100427682576148,-3.097334223096652,-3.0942408363923004,-3.091147524084131,-3.0880542883415654,-3.0849611320766552,-3.0818680592097984,-3.0787750750341574,-3.0756821867167035,-3.0725894039888826,-3.069496740101091,-3.066404213145087,-3.063311847890829,-3.0602196783443625,-3.057127751318828,-3.0540361314325244,-3.050944908121954,-3.0478542055070044,-3.0447641963029763,-3.0416751214883933,-3.0385873181785708,-3.035501259224902,-3.032417609607547,-3.0293373069314704,-3.0262616765882933,-3.0231925968678115,-3.0201327361574113,-3.0170858943095307,-3.0140574946443617,-3.011055293782951,-3.0080904061447127,-3.0051787818015825,-3.0023433343190353,-2.9996169927958696,-2.997047050437956,-2.9947012933480295,-2.99267649069129,-2.991109842772326,-2.9901937742979965
-3.5928056405306052,-3.592015975231126,-3.5906476029409116,-3.58885183047492,-3.586738361511041,-3.5843874374359035,-3.581858177699416,-3.5791944075366096,-3.576428786546466,-3.573585766640157,-3.5706837310214516,-3.5677365529402465,-3.5647547390479395,-3.5617462727613014,-3.558717239388406,-3.5556722914990653,-3.5526149967201475,-3.5495480985907903,-3.5464737128603794,-3.543393475667721,-3.540308655729276,-3.537220239520514,-3.534128996130198,-3.53103552677095,-3.527940302675594,-3.524843694178671,-3.521745993090316,-3.5186474299529134,-3.5155481873841063,-3.512448410419221,-3.5093482145475727,-3.5062476919721126,-3.5031469164970184,-3.500045947353203,-3.4969448321997514,-3.493843609484422,-3.4907423103045394,-3.4876409598774933,-3.4845395787055162,-3.48143818350047,-3.4783367879198197,-3.4752354031537203,-3.4721340383944352,-3.4690327012125395,-3.465931397859117,-3.4628301335090788,-3.459728912457519,-3.4566277382785375,-3.4535266139540033,-3.450425541978172,-3.4473245244428985,-3.4442235631071756,-3.4411226594540345,-3.438021814737189,-3.4349210300193707,-3.431820306203895,-3.428719644060718,-3.425619044247996,-3.422518507329947,-3.419418033791704,-3.4163176240516777,-3.4132172784718775,-3.410116997366537,-3.4070167810093572,-3.4039166296395815,-3.4008165434671187,-3.3977165226768675,-3.3946165674323763,-3.391516677878947,-3.388416854146281,-3.385317096350733,-3.382217404597246,-3.3791177789810143,-3.3760182195889157,-3.372918726500755,-3.36981929979035,-3.366719939526487,-3.363620645773762,-3.3605214185933314,-3.3574222580435915,-3.3543231641808,-3.3512241370596447,-3.3481251767337845,-3.3450262832563653,-3.3419274566805184,-3.338828697059857,-3.335730004448983,-3.332631378904001,-3.3295328204830676,-3.326434329246965,-3.323335905259733,-3.3202375485893594,-3.317139259308542,-3.3140410374955467,-3.3109428832351835,-3.3078447966199067,-3.3047467777510824,-3.3016488267404522,-3.2985509437118283,-3.295453128803059,-3.2923553821683345,-3.2892577039808817,-3.2861600941642006,-3.2830625526485773,-3.27996507937046,-3.276867674271896,-3.273770337300027,-3.270673068406639,-3.267575867547757,-3.264478734683277,-3.2613816697766413,-3.258284672794539,-3.255187743706638,-3.2520908824853447,-3.2489940891055835,-3.2458973635445973,-3.242800705781768,-3.239704115798451,-3.236607593577829,-3.233511139104773,-3.230414752365722,-3.2273184333485676,-3.224222182042553,-3.2211259984381813,-3.21802988252713,-3.2149338343021725,-3.211837853757111,-3.20874194088671,-3.20564609568665,-3.2025503181534702,-3.1994546082845274,-3.1963589660779617,-3.1932633915326663,-3.1901678846482695,-3.1870724454251174,-3.1839770738642734,-3.1808817699675282,-3.1777865337374176,-3.1746913651772615,-3.171596264291222,-3.1685012310843867,-3.1654062655628836,-3.1623113677340324,-3.1592165376065555,-3.1561217751908472,-3.1530270804993314,-3.149932453546933,-3.1468378943516955,-3.1437434029355784,-3.1406489793255195,-3.1375546235548137,-3.1344603356649317,-3.1313661157079085,-3.128271963749491,-3.1251778798733096,-3.122083864186379,-3.118989916826422,-3.1158960379716025,-3.112802227853511,-3.1097084867745233,-3.1066148151310724,-3.1035212134449246,-3.1004276824053085,-3.09733422292582,-3.0942408362214757,-3.0911475239133126,-3.0880542881707544,-3.084961131905851,-3.0818680590390026,-3.078775074863369,-3.0756821865459205,-3.072589403818106,-3.069496739930321,-3.0664042129743234,-3.063311847720071,-3.0602196781736106,-3.0571277511480837,-3.0540361312617867,-3.050944907951223,-3.04785420533628,-3.0447641961322582,-3.041675121317682,-3.0385873180078664,-3.0355012590542056,-3.032417609436857,-3.029337306760788,-3.0262616764176173,-3.023192596697141,-3.020132735986746,-3.017085894138871,-3.0140574944737084,-3.011055293612304,-3.008090405974073,-3.00517878163095,-3.002343334148409,-2.9996169926252505,-2.997047050267343,-2.994701293177422,-2.992676490520687,-2.9911098426017277,-2.9901937741274005
-3.5928056403523514,-3.592015975052873,-3.5906476027626604,-3.5888518302966728,-3.586738361332798,-3.584387437257665,-3.5818581775211835,-3.579194407358385,-3.57642878636825,-3.57358576646195,-3.5706837308432515,-3.5677365527620526,-3.5647547388697505,-3.5617462725831177,-3.558717239210228,-3.5556722913208945,-3.552614996541983,-3.549548098412632,-3.5464737126822286,-3.543393475489579,-3.540308655551141,-3.537220239342387,-3.534128995952078,-3.531035526592836,-3.527940302497487,-3.5248436940005727,-3.5217459929122255,-3.5186474297748322,-3.515548187206033,-3.5124484102411535,-3.509348214369513,-3.50624769179406,-3.5031469163189715,-3.500045947175164,-3.49694483202172,-3.493843609306398,-3.4907423101265205,-3.4876409596994797,-3.4845395785275075,-3.481438183322466,-3.4783367877418203,-3.475235402975726,-3.4721340382164474,-3.469032701034558,-3.4659313976811417,-3.4628301333311096,-3.4597289122795556,-3.4566277381005817,-3.453526613776055,-3.450425541800232,-3.447324524264965,-3.4442235629292495,-3.441122659276115,-3.438021814559277,-3.434921029841466,-3.431820306025998,-3.4287196438828302,-3.425619044070116,-3.4225185071520743,-3.4194180336138387,-3.41631762387382,-3.413217278294025,-3.4101169971886915,-3.407016780831518,-3.403916629461749,-3.4008165432892943,-3.3977165224990524,-3.39461656725457,-3.391516677701149,-3.38841685396849,-3.385317096172949,-3.3822174044194697,-3.379117778803246,-3.3760182194111543,-3.372918726323,-3.369819299612601,-3.366719939348744,-3.3636206455960243,-3.3605214184156003,-3.357422257865867,-3.3543231640030813,-3.351224136881933,-3.348125176556081,-3.3450262830786697,-3.3419274565028294,-3.3388286968821754,-3.335730004271309,-3.332631378726336,-3.3295328203054098,-3.326434329069314,-3.3233359050820894,-3.320237548411722,-3.317139259130911,-3.3140410373179234,-3.3109428830575682,-3.3078447964422972,-3.3047467775734787,-3.301648826562855,-3.2985509435342375,-3.295453128625475,-3.2923553819907574,-3.289257703803312,-3.2861600939866378,-3.2830625524710215,-3.2799650791929116,-3.276867674094355,-3.2737703371224938,-3.270673068229114,-3.26757586737024,-3.2644787345057686,-3.2613816695991416,-3.2582846726170462,-3.2551877435291527,-3.252090882307867,-3.2489940889281135,-3.245897363367135,-3.2428007056043127,-3.239704115621003,-3.2366075934003877,-3.233511138927338,-3.230414752188293,-3.227318433171145,-3.2242221818651373,-3.2211259982607725,-3.2180298823497275,-3.214933834124776,-3.2118378535797207,-3.2087419407093267,-3.2056460955092745,-3.202550317976103,-3.199454608107168,-3.1963589659006084,-3.19326339135532,-3.1901678844709287,-3.1870724452477823,-3.1839770736869455,-3.1808817697902074,-3.1777865335601043,-3.1746913649999553,-3.1715962641139233,-3.1685012309070966,-3.1654062653856005,-3.1623113675567573,-3.159216537429289,-3.1561217750135895,-3.153027080322082,-3.149932453369692,-3.1468378941744612,-3.1437434027583517,-3.1406489791483008,-3.1375546233776026,-3.134460335487728,-3.1313661155307106,-3.1282719635723004,-3.1251778796961247,-3.1220838640091992,-3.118989916649249,-3.1158960377944367,-3.1128022276763523,-3.109708486597371,-3.1066148149539283,-3.103521213267788,-3.1004276822281787,-3.097334222748697,-3.0942408360443583,-3.0911475237362027,-3.088054287993651,-3.084961131728754,-3.0818680588619114,-3.078775074686285,-3.075682186368845,-3.0725894036410373,-3.069496739753259,-3.0664042127972686,-3.063311847543025,-3.0602196779965714,-3.05712775097105,-3.05403613108476,-3.0509449077742024,-3.047854205159266,-3.044764195955251,-3.0416751211406816,-3.0385873178308738,-3.0355012588772197,-3.032417609259878,-3.0293373065838156,-3.026261676240652,-3.0231925965201834,-3.020132735809796,-3.0170858939619296,-3.0140574942967744,-3.011055293435377,-3.0080904057971525,-3.005178781454036,-3.002343333971502,-2.99961699244835,-2.997047050090448,-2.9947012930005323,-2.992676490343802,-2.9911098424248457,-2.9901937739505207
-3.5928056401675468,-3.5920159748680707,-3.590647602577861,-3.5888518301118784,-3.58673836114801,-3.584387437072884,-3.5818581773364087,-3.5791944071736155,-3.5764287861834863,-3.5735857662771915,-3.570683730658499,-3.5677365525773057,-3.564754738685011,-3.5617462723983855,-3.5587172390255035,-3.555672291136176,-3.552614996357271,-3.549548098227927,-3.5464737124975305,-3.5433934753048875,-3.5403086553664576,-3.53722023915771,-3.534128995767408,-3.531035526408174,-3.527940302312833,-3.5248436938159258,-3.5217459927275865,-3.5186474295902,-3.5155481870214085,-3.512448410056537,-3.5093482141849037,-3.506247691609458,-3.5031469161343765,-3.500045946990575,-3.496944831837136,-3.49384360912182,-3.49074230994195,-3.4876409595149154,-3.4845395783429494,-3.481438183137915,-3.478336787557276,-3.475235402791189,-3.4721340380319172,-3.4690327008500343,-3.4659313974966257,-3.462830133146602,-3.4597289120950565,-3.4566277379160906,-3.453526613591572,-3.4504255416157568,-3.447324524080499,-3.444223562744792,-3.441122659091667,-3.438021814374837,-3.434921029657034,-3.4318203058415735,-3.4287196436984138,-3.4256190438857064,-3.4225185069676725,-3.419418033429444,-3.4163176236894315,-3.4132172781096433,-3.4101169970043164,-3.407016780647149,-3.4039166292773877,-3.4008165431049404,-3.3977165223147043,-3.394616567070228,-3.391516677516815,-3.3884168537841637,-3.3853170959886305,-3.382217404235159,-3.379117778618942,-3.3760182192268573,-3.3729187261387104,-3.36981929942832,-3.3667199391644718,-3.363620645411761,-3.3605214182313445,-3.3574222576816193,-3.3543231638188424,-3.351224136697702,-3.3481251763718562,-3.345026282894451,-3.3419274563186177,-3.3388286966979703,-3.33573000408711,-3.332631378542143,-3.329532820121223,-3.3264343288851337,-3.323335904897916,-3.3202375482275555,-3.3171392589467503,-3.31404103713377,-3.310942882873421,-3.307844796258157,-3.3047467773893464,-3.301648826378731,-3.2985509433501217,-3.295453128441367,-3.292355381806657,-3.289257703619219,-3.2861600938025517,-3.283062552286941,-3.279965079008838,-3.2768676739102878,-3.273770336938433,-3.2706730680450593,-3.2675758671861916,-3.264478734321727,-3.261381669415107,-3.2582846724330192,-3.255187743345134,-3.252090882123856,-3.2489940887441104,-3.245897363183139,-3.242800705420324,-3.239704115437022,-3.236607593216414,-3.233511138743373,-3.230414752004336,-3.227318432987195,-3.224222181681195,-3.2211259980768383,-3.2180298821658004,-3.2149338339408566,-3.2118378533958083,-3.2087419405254223,-3.2056460953253767,-3.2025503177922108,-3.1994546079232817,-3.19635896571673,-3.19326339117145,-3.1901678842870673,-3.18707244506393,-3.183977073503101,-3.18088176960637,-3.1777865333762745,-3.1746913648161326,-3.1715962639301076,-3.1685012307232876,-3.1654062652017996,-3.1623113673729635,-3.159216537245502,-3.156121774829808,-3.1530270801383065,-3.1499324531859236,-3.1468378939907002,-3.1437434025745974,-3.140648978964553,-3.1375546231938625,-3.1344603353039955,-3.1313661153469856,-3.1282719633885834,-3.1251778795124157,-3.122083863825498,-3.1189899164655546,-3.1158960376107485,-3.112802227492671,-3.1097084864136977,-3.106614814770263,-3.1035212130841305,-3.1004276820445296,-3.0973342225650558,-3.0942408358607256,-3.0911475235525776,-3.0880542878100337,-3.0849611315451457,-3.081868058678312,-3.0787750745026923,-3.0756821861852592,-3.072589403457459,-3.0694967395696886,-3.066404212613706,-3.063311847359469,-3.060219677813021,-3.0571277507875063,-3.0540361309012227,-3.0509449075906727,-3.0478542049757444,-3.044764195771737,-3.041675120957175,-3.0385873176473748,-3.035501258693728,-3.032417609076394,-3.0293373064003397,-3.0262616760571834,-3.023192596336722,-3.020132735626342,-3.0170858937784826,-3.0140574941133345,-3.011055293251945,-3.0080904056137285,-3.0051787812706197,-3.0023433337880925,-2.999616992264948,-2.9970470499070534,-2.994701292817144,-2.9926764901604193,-2.991109842241467,-2.9901937737671433
-3.592805639975953,-3.5920159746764786,-3.5906476023862735,-3.588851829920295,-3.586738360956431,-3.584387436881309,-3.581858177144839,-3.579194406982052,-3.5764287859919293,-3.573585766085641,-3.570683730466956,-3.567736552385771,-3.564754738493484,-3.561746272206866,-3.55871723883399,-3.55567229094467,-3.552614996165773,-3.5495480980364373,-3.54647371230605,-3.5433934751134144,-3.5403086551749925,-3.5372202389662535,-3.5341289955759603,-3.5310355262167326,-3.527940302121397,-3.5248436936244953,-3.521745992536161,-3.51864742939878,-3.5155481868299936,-3.512448409865128,-3.5093482139935,-3.5062476914180603,-3.503146915942986,-3.5000459467991925,-3.496944831645763,-3.4938436089304563,-3.490742309750594,-3.487640959323569,-3.4845395781516126,-3.481438182946588,-3.478336787365959,-3.4752354025998815,-3.4721340378406196,-3.4690327006587456,-3.4659313973053467,-3.4628301329553315,-3.459728911903794,-3.4566277377248356,-3.4535266134003235,-3.4504255414245146,-3.447324523889262,-3.444223562553561,-3.441122658900442,-3.4380218141836205,-3.4349210294658263,-3.4318203056503744,-3.428719643507222,-3.4256190436945224,-3.4225185067764947,-3.4194180332382746,-3.4163176234982706,-3.4132172779184913,-3.4101169968131724,-3.407016780456013,-3.403916629086258,-3.400816542913816,-3.397716522123587,-3.394616566879118,-3.3915166773257113,-3.3884168535930663,-3.3853170957975407,-3.382217404044076,-3.3791177784278665,-3.376018219035789,-3.372918725947649,-3.369819299237265,-3.3667199389734233,-3.363620645220719,-3.36052141804031,-3.3574222574905916,-3.354323163627822,-3.351224136506689,-3.3481251761808517,-3.3450262827034547,-3.3419274561276286,-3.3388286965069884,-3.3357300038961357,-3.3326313783511763,-3.329532819930265,-3.326434328694184,-3.323335904706975,-3.3202375480366224,-3.317139258755826,-3.314041036942853,-3.310942882682512,-3.307844796067256,-3.3047467771984533,-3.301648826187845,-3.298550943159243,-3.295453128250497,-3.2923553816157956,-3.2892577034283654,-3.286160093611706,-3.283062552096105,-3.2799650788180097,-3.2768676737194675,-3.273770336747621,-3.270673067854257,-3.2675758669953976,-3.2644787341309405,-3.261381669224328,-3.2582846722422483,-3.2551877431543708,-3.2520908819331007,-3.248994088553362,-3.2458973629923986,-3.242800705229592,-3.2397041152462975,-3.2366075930256972,-3.2335111385526636,-3.230414751813634,-3.227318432796501,-3.224222181490509,-3.2211259978861584,-3.2180298819751285,-3.2149338337501923,-3.2118378532051515,-3.2087419403347734,-3.205646095134737,-3.2025503176015797,-3.1994546077326587,-3.1963589655261133,-3.1932633909808392,-3.190167884096463,-3.1870724448733325,-3.1839770733125103,-3.1808817694157874,-3.1777865331856985,-3.174691364625564,-3.1715962637395467,-3.1685012305327347,-3.165406265011253,-3.162311367182424,-3.15921653705497,-3.156121774639284,-3.153027079947791,-3.1499324529954165,-3.1468378938002015,-3.1437434023841075,-3.140648978774072,-3.137554623003389,-3.1344603351135296,-3.1313661151565273,-3.1282719631981317,-3.1251778793219707,-3.1220838636350607,-3.118989916275125,-3.115896037420328,-3.112802227302258,-3.109708486223292,-3.106614814579864,-3.1035212128937384,-3.100427681854144,-3.097334222374677,-3.094240835670354,-3.0911475233622134,-3.088054287619677,-3.084961131354796,-3.0818680584879696,-3.0787750743123583,-3.075682185994933,-3.072589403267141,-3.0694967393793777,-3.0664042124234023,-3.063311847169173,-3.0602196776227344,-3.0571277505972287,-3.0540361307109545,-3.050944907400413,-3.047854204785492,-3.0447641955814935,-3.0416751207669392,-3.038587317457146,-3.035501258503506,-3.0324176088861794,-3.029337306210132,-3.026261675866984,-3.0231925961465307,-3.020132735436159,-3.0170858935883076,-3.0140574939231666,-3.011055293061784,-3.0080904054235726,-3.00517878108047,-3.00234333359795,-2.9996169920748117,-2.9970470497169237,-2.994701292627021,-2.9926764899703016,-2.9911098420513538,-2.990193773577033
-3.5928056397773296,-3.5920159744778566,-3.590647602187654,-3.5888518297216794,-3.58673836075782,-3.5843874366827033,-3.58185817694624,-3.57919440678346,-3.576428785793343,-3.573585765887062,-3.5706837302683834,-3.5677365521872066,-3.5647547382949276,-3.5617462720083175,-3.5587172386354506,-3.555672290746138,-3.5526149959672493,-3.5495480978379224,-3.546473712107541,-3.543393474914913,-3.5403086549764984,-3.537220238767766,-3.53412899537748,-3.5310355260182598,-3.527940301922932,-3.524843693426039,-3.5217459923377135,-3.5186474292003416,-3.515548186631564,-3.5124484096667072,-3.509348213795088,-3.5062476912196576,-3.503146915744591,-3.500045946600805,-3.4969448314473826,-3.4938436087320834,-3.4907423095522288,-3.487640959125211,-3.4845395779532637,-3.481438182748247,-3.478336787167626,-3.475235402401556,-3.4721340376423013,-3.4690327004604358,-3.4659313971070436,-3.4628301327570354,-3.4597289117055046,-3.4566277375265537,-3.453526613202049,-3.450425541226249,-3.4473245236910044,-3.4442235623553112,-3.441122658702199,-3.4380218139853835,-3.434921029267595,-3.4318203054521494,-3.428719643309003,-3.4256190434963103,-3.4225185065782915,-3.4194180330400785,-3.4163176233000816,-3.4132172777203094,-3.410116996614999,-3.4070167802578495,-3.4039166288881035,-3.400816542715671,-3.3977165219254513,-3.394616566680991,-3.391516677127591,-3.3884168533949546,-3.3853170955994356,-3.3822174038459787,-3.3791177782297765,-3.376018218837707,-3.372918725749575,-3.3698192990392,-3.366719938775367,-3.3636206450226713,-3.36052141784227,-3.3574222572925603,-3.354323163429798,-3.351224136308673,-3.3481251759828434,-3.345026282505454,-3.341927455929636,-3.338828696309004,-3.3357300036981594,-3.332631378153207,-3.3295328197323038,-3.32643432849623,-3.323335904509028,-3.3202375478386843,-3.317139258557896,-3.3140410367449316,-3.3109428824845986,-3.3078447958693515,-3.3047467770005565,-3.301648825989957,-3.298550942961363,-3.295453128052624,-3.2923553814179294,-3.2892577032305077,-3.286160093413856,-3.283062551898263,-3.279965078620176,-3.276867673521642,-3.2737703365498043,-3.2706730676564484,-3.2675758667975976,-3.2644787339331494,-3.261381669026545,-3.2582846720444727,-3.2551877429566023,-3.2520908817353398,-3.2489940883556083,-3.245897362794653,-3.242800705031854,-3.2397041150485677,-3.236607592827976,-3.2335111383549497,-3.2304147516159287,-3.227318432598804,-3.2242221812928196,-3.2211259976884774,-3.218029881777455,-3.2149338335525255,-3.2118378530074914,-3.20874194013712,-3.205646094937089,-3.2025503174039387,-3.1994546075350248,-3.1963589653284883,-3.193263390783222,-3.1901678838988543,-3.1870724446757324,-3.1839770731149186,-3.1808817692182036,-3.177786532988122,-3.1746913644279946,-3.1715962635419843,-3.1685012303351794,-3.165406264813708,-3.1623113669848877,-3.159216536857442,-3.1561217744417633,-3.1530270797502777,-3.1499324527979096,-3.146837893602701,-3.1437434021866135,-3.140648978576585,-3.13755462280591,-3.1344603349160596,-3.131366114959066,-3.12827196300068,-3.125177879124528,-3.1220838634376267,-3.118989916077698,-3.115896037222908,-3.1128022271048454,-3.1097084860258875,-3.1066148143824672,-3.1035212126963496,-3.100427681656764,-3.0973342221773055,-3.0942408354729922,-3.09114752316486,-3.0880542874223327,-3.08496113115746,-3.0818680582906417,-3.0787750741150384,-3.0756821857976204,-3.072589403069836,-3.0694967391820813,-3.066404212226115,-3.063311846971894,-3.060219677425463,-3.0571277503999656,-3.054036130513699,-3.050944907203166,-3.047854204588253,-3.044764195384262,-3.041675120569716,-3.0385873172599314,-3.0355012583063004,-3.032417608688982,-3.029337306012944,-3.0262616756698044,-3.02319259594936,-3.0201327352389953,-3.017085893391152,-3.0140574937260203,-3.0110552928646457,-3.0080904052264437,-3.00517878088335,-3.0023433334008374,-2.9996169918777054,-2.9970470495198236,-2.9947012924299266,-2.992676489773212,-2.9911098418542674,-2.990193773379948
-3.5928056395714236,-3.592015974271952,-3.590647601981752,-3.5888518295157823,-3.5867383605519283,-3.5843874364768196,-3.581858176740363,-3.579194406577589,-3.576428785587479,-3.573585765681204,-3.570683730062533,-3.567736551981363,-3.564754738089092,-3.5617462718024893,-3.5587172384296295,-3.555672290540326,-3.5526149957614446,-3.549548097632124,-3.5464737119017498,-3.54339347470913,-3.5403086547707225,-3.537220238561998,-3.53412899517172,-3.53103552581251,-3.5279403017171918,-3.5248436932203084,-3.521745992131991,-3.518647428994627,-3.515548186425858,-3.51244840946101,-3.5093482135894005,-3.506247691013979,-3.5031469155389225,-3.5000459463951468,-3.4969448312417337,-3.493843608526442,-3.4907423093465964,-3.4876409589195867,-3.484539577747646,-3.4814381825426355,-3.4783367869620214,-3.475235402195958,-3.4721340374367102,-3.4690327002548518,-3.4659313969014676,-3.4628301325514683,-3.459728911499948,-3.456627737321007,-3.453526612996511,-3.4504255410207194,-3.447324523485484,-3.444223562149799,-3.441122658496696,-3.438021813779889,-3.4349210290621084,-3.4318203052466703,-3.4287196431035327,-3.425619043290849,-3.4225185063728385,-3.419418032834634,-3.416317623094647,-3.4132172775148844,-3.4101169964095828,-3.40701678005244,-3.403916628682701,-3.400816542510275,-3.3977165217200613,-3.3946165664756065,-3.3915166769222145,-3.388416853189585,-3.385317095394073,-3.382217403640624,-3.3791177780244297,-3.3760182186323684,-3.3729187255442445,-3.369819298833877,-3.3667199385700513,-3.363620644817363,-3.36052141763697,-3.357422257087268,-3.354323163224514,-3.351224136103397,-3.348125175777577,-3.3450262823001973,-3.341927455724388,-3.338828696103764,-3.335730003492927,-3.3326313779479833,-3.329532819527087,-3.326434328291022,-3.3233359043038284,-3.320237547633493,-3.317139258352713,-3.314041036539757,-3.310942882279433,-3.307844795664194,-3.304746776795408,-3.301648825784817,-3.298550942756232,-3.2954531278475008,-3.2923553812128143,-3.2892577030253998,-3.2861600932087565,-3.283062551693171,-3.279965078415092,-3.2768676733165663,-3.273770336344736,-3.2706730674513866,-3.267575866592543,-3.264478733728101,-3.2613816688215036,-3.258284671839439,-3.255187742751576,-3.252090881530321,-3.2489940881505985,-3.2458973625896506,-3.2428007048268594,-3.239704114843581,-3.2366075926229967,-3.23351113814998,-3.2304147514109682,-3.2273184323938526,-3.2242221810878773,-3.221125997483544,-3.218029881572531,-3.2149338333476116,-3.211837852802587,-3.2087419399322243,-3.2056460947322036,-3.2025503171990617,-3.1994546073301566,-3.1963589651236273,-3.193263390578369,-3.1901678836940097,-3.187072444470895,-3.1839770729100896,-3.1808817690133826,-3.1777865327833097,-3.1746913642231904,-3.171596263337188,-3.1685012301303916,-3.1654062646089263,-3.162311366780114,-3.1592165366526763,-3.156121774237007,-3.153027079545531,-3.1499324525931733,-3.146837893397975,-3.1437434019818973,-3.140648978371877,-3.1375546226012094,-3.1344603347113655,-3.131366114754379,-3.128271962796,-3.1251778789198554,-3.1220838632329615,-3.118989915873042,-3.11589603701826,-3.112802226900206,-3.1097084858212565,-3.1066148141778442,-3.1035212124917346,-3.100427681452157,-3.0973342219727074,-3.0942408352684017,-3.091147522960277,-3.0880542872177577,-3.0849611309528933,-3.0818680580860827,-3.0787750739104864,-3.075682185593077,-3.0725894028653005,-3.069496738977555,-3.0664042120215975,-3.0633118467673848,-3.060219677220962,-3.057127750195472,-3.054036130309213,-3.0509449069986876,-3.0478542043837833,-3.044764195179801,-3.041675120365264,-3.0385873170554882,-3.035501258101866,-3.0324176084845567,-3.029337305808526,-3.026261675465395,-3.0231925957449577,-3.0201327350346006,-3.0170858931867652,-3.0140574935216415,-3.011055292660276,-3.0080904050220822,-3.0051787806789965,-3.0023433331964915,-2.9996169916733675,-2.997047049315493,-2.9947012922256016,-2.9926764895688938,-2.991109841649954,-2.9901937731756383
-3.592805639357977,-3.5920159740585076,-3.5906476017683118,-3.588851829302346,-3.5867383603384972,-3.5843874362633916,-3.581858176526939,-3.579194406364172,-3.5764287853740693,-3.5735857654678016,-3.5706837298491374,-3.5677365517679736,-3.5647547378757083,-3.561746271589113,-3.558717238216262,-3.5556722903269664,-3.5526149955480926,-3.549548097418781,-3.5464737116884164,-3.5433934744958058,-3.5403086545574087,-3.537220238348694,-3.5341289949584245,-3.531035525599221,-3.52794030150391,-3.5248436930070333,-3.521745991918725,-3.5186474287813714,-3.5155481862126123,-3.5124484092477726,-3.509348213376171,-3.5062476908007576,-3.5031469153257087,-3.5000459461819404,-3.4969448310285363,-3.4938436083132545,-3.4907423091334193,-3.4876409587064194,-3.4845395775344876,-3.4814381823294855,-3.478336786748879,-3.475235401982825,-3.4721340372235856,-3.4690327000417365,-3.4659313966883607,-3.4628301323383686,-3.459728911286855,-3.45662773710792,-3.453526612783433,-3.4504255408076485,-3.44732452327242,-3.444223561936743,-3.4411226582836476,-3.4380218135668477,-3.434921028849075,-3.431820305033646,-3.4287196428905173,-3.425619043077842,-3.4225185061598404,-3.4194180326216443,-3.4163176228816647,-3.4132172773019107,-3.410116996196617,-3.4070167798394837,-3.4039166284697537,-3.4008165422973375,-3.397716521507133,-3.3946165662626884,-3.3915166767093052,-3.388416852976685,-3.385317095181184,-3.3822174034277435,-3.379117777811558,-3.376018218419505,-3.3729187253313895,-3.3698192986210302,-3.3667199383572126,-3.363620644604533,-3.3605214174241476,-3.3574222568744534,-3.3543231630117076,-3.351224135890598,-3.348125175564786,-3.345026282087413,-3.3419274555116116,-3.3388286958909954,-3.3357300032801667,-3.332631377735231,-3.329532819314344,-3.326434328078287,-3.323335904091102,-3.3202375474207746,-3.3171392581400037,-3.3140410363270565,-3.3109428820667417,-3.3078447954515116,-3.3047467765827334,-3.301648825572151,-3.2985509425435735,-3.295453127634851,-3.2923553810001733,-3.289257702812768,-3.286160092996133,-3.2830625514805556,-3.279965078202485,-3.276867673103967,-3.2737703361321446,-3.2706730672388042,-3.2675758663799694,-3.264478733515537,-3.2613816686089487,-3.258284671626892,-3.2551877425390368,-3.252090881317789,-3.248994087938074,-3.2458973623771343,-3.242800704614351,-3.2397041146310808,-3.236607592410505,-3.2335111379374957,-3.230414751198491,-3.2273184321813835,-3.224222180875416,-3.2211259972710913,-3.2180298813600867,-3.214933833135176,-3.21183785259016,-3.2087419397198063,-3.2056460945197927,-3.202550316986659,-3.1994546071177616,-3.196358964911241,-3.193263390365992,-3.1901678834816414,-3.187072444258536,-3.1839770726977403,-3.1808817688010436,-3.1777865325709804,-3.174691364010872,-3.1715962631248793,-3.1685012299180912,-3.165406264396635,-3.1623113665678306,-3.1592165364404003,-3.156121774024738,-3.1530270793332678,-3.1499324523809165,-3.1468378931857255,-3.143743401769656,-3.1406489781596445,-3.1375546223889863,-3.134460334499152,-3.1313661145421756,-3.1282719625838062,-3.125177878707672,-3.122083863020788,-3.1189899156608774,-3.1158960368061055,-3.112802226688061,-3.10970848560912,-3.1066148139657166,-3.1035212122796163,-3.100427681240048,-3.0973342217606072,-3.09424083505631,-3.0911475227481935,-3.088054287005681,-3.0849611307408242,-3.081868057874022,-3.078775073698435,-3.075682185381034,-3.0725894026532656,-3.0694967387655265,-3.066404211809576,-3.063311846555372,-3.0602196770089587,-3.0571277499834784,-3.0540361300972285,-3.0509449067867123,-3.047854204171816,-3.0447641949678417,-3.0416751201533136,-3.0385873168435453,-3.0355012578899325,-3.032417608272632,-3.02933730559661,-3.026261675253487,-3.023192595533059,-3.0201327348227123,-3.0170858929748854,-3.0140574933097697,-3.0110552924484115,-3.0080904048102255,-3.0051787804671477,-3.0023433329846503,-2.9996169914615334,-2.997047049103665,-2.994701292013781,-2.9926764893570774,-2.9911098414381416,-2.990193772963828
-3.5928056391366967,-3.592015973837229,-3.5906476015470377,-3.588851829081077,-3.586738360117234,-3.584387436042137,-3.5818581763056936,-3.5791944061429346,-3.57642878515284,-3.57358576524658,-3.5706837296279237,-3.5677365515467683,-3.564754737654512,-3.561746271367925,-3.558717237995082,-3.5556722901057953,-3.552614995326929,-3.549548097197625,-3.546473711467268,-3.543393474274665,-3.540308654336274,-3.5372202381275666,-3.5341289947373045,-3.53103552537811,-3.527940301282807,-3.524843692785937,-3.5217459916976357,-3.5186474285602882,-3.515548185991536,-3.512448409026703,-3.5093482131551084,-3.506247690579703,-3.5031469151046624,-3.500045945960903,-3.4969448308075077,-3.4938436080922344,-3.490742308912407,-3.4876409584854158,-3.484539577313494,-3.481438182108503,-3.4783367865279073,-3.4752354017618625,-3.472134037002632,-3.4690326998207914,-3.465931396467425,-3.462830132117442,-3.4597289110659384,-3.456627736887013,-3.4535266125625337,-3.450425540586757,-3.4473245230515372,-3.444223561715869,-3.441122658062783,-3.4380218133459937,-3.434921028628232,-3.431820304812813,-3.428719642669693,-3.4256190428570266,-3.4225185059390326,-3.4194180324008445,-3.416317622660873,-3.413217277081127,-3.4101169959758417,-3.4070167796187167,-3.403916628248996,-3.400816542076589,-3.397716521286394,-3.3946165660419587,-3.3915166764885853,-3.3884168527559737,-3.3853170949604805,-3.3822174032070498,-3.379117777590873,-3.3760182181988276,-3.37291872511072,-3.36981929840037,-3.3667199381365616,-3.3636206443838907,-3.3605214172035143,-3.357422256653829,-3.354323162791092,-3.351224135669992,-3.3481251753441867,-3.345026281866822,-3.3419274552910294,-3.3388286956704225,-3.335730003059603,-3.332631377514676,-3.3295328190937976,-3.3264343278577497,-3.323335903870574,-3.3202375472002563,-3.3171392579194943,-3.3140410361065555,-3.310942881846249,-3.3078447952310284,-3.3047467763622604,-3.3016488253516867,-3.2985509423231183,-3.295453127414404,-3.2923553807797354,-3.2892577025923386,-3.286160092775712,-3.2830625512601443,-3.2799650779820824,-3.276867672883574,-3.2737703359117614,-3.2706730670184303,-3.2675758661596044,-3.2644787332951806,-3.2613816683885997,-3.2582846714065528,-3.2551877423187077,-3.25209088109747,-3.2489940877177643,-3.2458973621568337,-3.24280070439406,-3.239704114410799,-3.2366075921902318,-3.2335111377172305,-3.2304147509782335,-3.2273184319611334,-3.224222180655175,-3.2211259970508586,-3.218029881139863,-3.2149338329149604,-3.2118378523699525,-3.2087419394996077,-3.205646094299604,-3.2025503167664793,-3.199454606897591,-3.1963589646910804,-3.19326339014584,-3.190167883261498,-3.1870724440384017,-3.1839770724776137,-3.1808817685809245,-3.17778653235087,-3.174691363790769,-3.1715962629047847,-3.168501229698005,-3.165406264176558,-3.162311366347762,-3.1592165362203413,-3.156121773804687,-3.1530270791132264,-3.1499324521608836,-3.146837892965701,-3.1437434015496404,-3.1406489779396383,-3.1375546221689885,-3.1344603342791633,-3.1313661143221947,-3.128271962363834,-3.1251778784877073,-3.1220838628008316,-3.1189899154409306,-3.1158960365861677,-3.1128022264681325,-3.109708485389201,-3.1066148137458067,-3.1035212120597158,-3.100427681020156,-3.097334221540724,-3.0942408348364356,-3.091147522528329,-3.0880542867858263,-3.084961130520979,-3.081868057654186,-3.078775073478607,-3.0756821851612144,-3.072589402433454,-3.0694967385457237,-3.066404211589782,-3.063311846335586,-3.0602196767891803,-3.0571277497637084,-3.0540361298774665,-3.050944906566958,-3.0478542039520704,-3.0447641947481054,-3.0416751199335854,-3.0385873166238264,-3.0355012576702216,-3.032417608052929,-3.0293373053769166,-3.026261675033803,-3.0231925953133847,-3.0201327346030467,-3.0170858927552286,-3.0140574930901214,-3.011055292228772,-3.0080904045905945,-3.005178780247525,-3.002343332765037,-2.999616991241929,-2.997047048884068,-2.9947012917941906,-2.992676489137494,-2.9911098412185626,-2.9901937727442514
-3.5928056389072958,-3.5920159736078303,-3.590647601317641,-3.5888518288516846,-3.586738359887849,-3.584387435812758,-3.5818581760763215,-3.5791944059135687,-3.576428784923481,-3.5735857650172287,-3.570683729398581,-3.5677365513174344,-3.564754737425186,-3.5617462711386074,-3.558717237765772,-3.555672289876493,-3.552614995097637,-3.549548096968341,-3.5464737112379914,-3.543393474045397,-3.540308654107016,-3.537220237898319,-3.534128994508067,-3.5310355251488827,-3.527940301053591,-3.524843692556733,-3.5217459914684417,-3.518647428331104,-3.515548185762362,-3.5124484087975403,-3.5093482129259574,-3.5062476903505626,-3.5031469148755323,-3.5000459457317823,-3.4969448305783946,-3.49384360786313,-3.4907423086833114,-3.487640958256328,-3.4845395770844143,-3.4814381818794304,-3.4783367862988426,-3.4752354015328057,-3.4721340367735847,-3.469032699591753,-3.4659313962383953,-3.4628301318884214,-3.459728910836925,-3.4566277366580085,-3.4535266123335395,-3.4504255403577737,-3.447324522822565,-3.444223561486907,-3.44112265783383,-3.43802181311705,-3.434921028399297,-3.4318203045838853,-3.4287196424407735,-3.4256190426281146,-3.4225185057101286,-3.4194180321719494,-3.4163176224319876,-3.413217276852251,-3.4101169957469737,-3.407016779389857,-3.403916628020145,-3.400816541847746,-3.39771652105756,-3.3946165658131333,-3.3915166762597684,-3.388416852527166,-3.385317094731683,-3.382217402978262,-3.379117777362094,-3.3760182179700586,-3.372918724881962,-3.3698192981716213,-3.3667199379078223,-3.36362064415516,-3.360521416974793,-3.3574222564251173,-3.3543231625623897,-3.3512241354412993,-3.3481251751155043,-3.34502628163815,-3.341927455062367,-3.33882869544177,-3.33573000283096,-3.332631377286043,-3.329532818865174,-3.326434327629136,-3.323335903641969,-3.3202375469716596,-3.317139257690906,-3.3140410358779757,-3.3109428816176774,-3.3078447950024645,-3.3047467761337046,-3.3016488251231384,-3.2985509420945784,-3.295453127185873,-3.2923553805512125,-3.2892577023638245,-3.2861600925472065,-3.283062551031647,-3.2799650777535945,-3.2768676726550945,-3.2737703356832912,-3.270673066789969,-3.2675758659311525,-3.2644787330667384,-3.2613816681601686,-3.2582846711781315,-3.255187742090296,-3.252090880869068,-3.2489940874893706,-3.2458973619284484,-3.242800704165683,-3.2397041141824303,-3.2366075919618726,-3.233511137488881,-3.2304147507498953,-3.2273184317328054,-3.224222180426856,-3.2211259968225496,-3.2180298809115633,-3.214933832686671,-3.211837852141673,-3.208741939271337,-3.205646094071342,-3.202550316538227,-3.1994546066693488,-3.1963589644628474,-3.193263389917617,-3.190167883033285,-3.187072443810198,-3.1839770722494194,-3.1808817683527395,-3.1777865321226937,-3.1746913635626015,-3.1715962626766263,-3.1685012294698556,-3.1654062639484173,-3.162311366119631,-3.159216535992219,-3.1561217735765754,-3.1530270788851245,-3.1499324519327927,-3.146837892737621,-3.14374340132157,-3.1406489777115763,-3.1375546219409367,-3.134460334051121,-3.131366114094162,-3.1282719621358095,-3.125177878259692,-3.1220838625728256,-3.1189899152129335,-3.115896036358179,-3.1128022262401527,-3.1097084851612298,-3.106614813517844,-3.103521211831762,-3.100427680792212,-3.0973342213127895,-3.09424083460851,-3.091147522300412,-3.088054286557918,-3.084961130293079,-3.081868057426295,-3.0787750732507253,-3.0756821849333416,-3.072589402205591,-3.0694967383178704,-3.0664042113619385,-3.0633118461077524,-3.060219676561356,-3.057127749535893,-3.0540361296496603,-3.050944906339161,-3.0478542037242833,-3.0447641945203268,-3.0416751197058165,-3.0385873163960664,-3.035501257442471,-3.0324176078251877,-3.0293373051491828,-3.0262616748060776,-3.0231925950856677,-3.020132734375338,-3.0170858925275286,-3.01405749286243,-3.01105529200109,-3.008090404362921,-3.0051787800198597,-3.002343332537379,-2.999616991014279,-2.9970470486564267,-2.9947012915665567,-2.9926764889098663,-2.991109840990941,-2.990193772516634
-3.592805638669493,-3.5920159733700294,-3.590647601079844,-3.588851828613892,-3.586738359650061,-3.5843874355749756,-3.5818581758385455,-3.5791944056758007,-3.5764287846857212,-3.5735857647794784,-3.57068372916084,-3.567736551079703,-3.5647547371874646,-3.561746270900896,-3.5587172375280707,-3.5556722896388013,-3.552614994859954,-3.5495480967306685,-3.54647371100033,-3.5433934738077446,-3.540308653869372,-3.5372202376606827,-3.5341289942704384,-3.531035524911262,-3.5279403008159775,-3.524843692319128,-3.521745991230846,-3.5186474280935176,-3.515548185524784,-3.512448408559971,-3.5093482126883955,-3.506247690113008,-3.5031469146379877,-3.5000459454942483,-3.4969448303408712,-3.4938436076256156,-3.4907423084458054,-3.4876409580188317,-3.484539576846928,-3.481438181641954,-3.4783367860613756,-3.4752354012953486,-3.472134036536137,-3.4690326993543152,-3.4659313960009674,-3.4628301316510033,-3.4597289105995173,-3.4566277364206104,-3.4535266120961503,-3.450425540120394,-3.447324522585194,-3.4442235612495438,-3.4411226575964755,-3.4380218128797035,-3.434921028161958,-3.431820304346558,-3.4287196422034567,-3.4256190423908084,-3.4225185054728327,-3.4194180319346636,-3.4163176221947107,-3.4132172766149824,-3.4101169955097155,-3.4070167791526083,-3.403916627782905,-3.4008165416105154,-3.3977165208203384,-3.394616565575921,-3.391516676022566,-3.388416852289974,-3.3853170944945004,-3.382217402741088,-3.3791177771249292,-3.3760182177329034,-3.3729187246448147,-3.369819297934482,-3.366719937670692,-3.36362064391804,-3.3605214167376825,-3.357422256188017,-3.3543231623252994,-3.3512241352042182,-3.348125174878434,-3.3450262814010894,-3.3419274548253166,-3.3388286952047297,-3.3357300025939307,-3.3326313770490246,-3.3295328186281647,-3.326434327392136,-3.323335903404979,-3.3202375467346794,-3.3171392574539347,-3.314041035641014,-3.3109428813807256,-3.3078447947655216,-3.304746775896771,-3.3016488248862155,-3.2985509418576653,-3.29545312694897,-3.2923553803143193,-3.289257702126941,-3.286160092310333,-3.283062550794783,-3.27996507751674,-3.27686767241825,-3.2737703354464567,-3.270673066553144,-3.2675758656943366,-3.2644787328299327,-3.2613816679233723,-3.2582846709413444,-3.255187741853518,-3.252090880632299,-3.248994087252612,-3.2458973616917,-3.242800703928945,-3.239704113945702,-3.236607591725154,-3.2335111372521728,-3.230414750513196,-3.2273184314961156,-3.2242221801901754,-3.2211259965858776,-3.218029880674901,-3.214933832450018,-3.2118378519050306,-3.208741939034706,-3.2056460938347215,-3.2025503163016156,-3.1994546064327456,-3.1963589642262527,-3.1932633896810305,-3.190167882796707,-3.187072443573628,-3.1839770720128584,-3.180881768116188,-3.1777865318861513,-3.174691363326069,-3.1715962624401035,-3.1685012292333425,-3.165406263711914,-3.1623113658831374,-3.1592165357557347,-3.1561217733400997,-3.153027078648659,-3.149932451696335,-3.1468378925011713,-3.1437434010851284,-3.1406489774751436,-3.137554621704512,-3.1344603338147046,-3.1313661138577547,-3.128271961899412,-3.1251778780233046,-3.122083862336449,-3.118989914976567,-3.115896036121823,-3.112802226003806,-3.1097084849248926,-3.1066148132815163,-3.1035212115954436,-3.100427680555902,-3.0973342210764887,-3.0942408343722185,-3.0911475220641305,-3.088054286321647,-3.084961130056818,-3.081868057190043,-3.0787750730144836,-3.0756821846971096,-3.0725894019693696,-3.06949673808166,-3.0664042111257372,-3.063311845871561,-3.060219676325175,-3.0571277492997226,-3.0540361294135003,-3.050944906103011,-3.0478542034881433,-3.044764194284196,-3.041675119469695,-3.0385873161599553,-3.035501257206369,-3.0324176075890956,-3.0293373049131014,-3.0262616745700055,-3.0231925948496046,-3.0201327341392847,-3.017085892291485,-3.0140574926263954,-3.011055291765064,-3.0080904041269054,-3.0051787797838534,-3.0023433323013813,-2.999616990778289,-2.9970470484204434,-2.994701291330581,-2.992676488673897,-2.991109840754975,-2.9901937722806697
-3.5928056384229743,-3.5920159731235137,-3.5906476008333326,-3.5888518283673876,-3.586738359403563,-3.5843874353284866,-3.581858175592065,-3.5791944054293277,-3.576428784439256,-3.5735857645330227,-3.5706837289143945,-3.567736550833267,-3.5647547369410377,-3.5617462706544787,-3.5587172372816624,-3.555672289392401,-3.5526149946135632,-3.5495480964842865,-3.546473710753957,-3.5433934735613803,-3.540308653623017,-3.5372202374143376,-3.5341289940241025,-3.5310355246649343,-3.527940300569658,-3.524843692072818,-3.5217459909845457,-3.518647427847227,-3.515548185278503,-3.5124484083136993,-3.5093482124421334,-3.506247689866756,-3.5031469143917433,-3.5000459452480124,-3.4969448300946437,-3.493843607379398,-3.490742308199597,-3.487640957772633,-3.484539576600738,-3.4814381813957747,-3.478336785815207,-3.475235401049191,-3.47213403628999,-3.469032699108178,-3.465931395754839,-3.462830131404884,-3.459728910353406,-3.4566277361745077,-3.453526611850056,-3.4504255398743093,-3.4473245223391182,-3.4442235610034775,-3.4411226573504177,-3.438021812633655,-3.4349210279159204,-3.431820304100528,-3.4287196419574366,-3.425619042144798,-3.4225185052268325,-3.4194180316886733,-3.4163176219487306,-3.413217276369013,-3.410116995263756,-3.4070167789066588,-3.4039166275369657,-3.4008165413645868,-3.397716520574419,-3.3946165653300113,-3.3915166757766655,-3.3884168520440827,-3.385317094248619,-3.382217402495217,-3.3791177768790703,-3.3760182174870548,-3.3729187243989767,-3.3698192976886556,-3.3667199374248766,-3.363620643672235,-3.360521416491888,-3.3574222559422324,-3.3543231620795244,-3.351224134958454,-3.348125174632679,-3.3450262811553446,-3.341927454579582,-3.3388286949590054,-3.3357300023482153,-3.3326313768033184,-3.3295328183824693,-3.326434327146451,-3.323335903159304,-3.3202375464890137,-3.3171392572082787,-3.3140410353953684,-3.31094288113509,-3.3078447945198968,-3.304746775651156,-3.30164882464061,-3.2985509416120697,-3.2954531267033844,-3.2923553800687433,-3.2892577018813745,-3.2861600920647764,-3.2830625505492357,-3.2799650772712017,-3.276867672172721,-3.2737703352009357,-3.270673066307632,-3.267575865448835,-3.2644787325844407,-3.26138166767789,-3.2582846706958724,-3.2551877416080557,-3.2520908803868465,-3.2489940870071687,-3.2458973614462665,-3.2428007036835207,-3.2397041137002875,-3.2366075914797503,-3.2335111370067793,-3.230414750267812,-3.227318431250742,-3.2242221799448125,-3.2211259963405254,-3.2180298804295586,-3.2149338322046845,-3.2118378516597055,-3.2087419387893887,-3.2056460935894124,-3.2025503160563167,-3.1994546061874574,-3.1963589639809746,-3.193263389435763,-3.1901678825514503,-3.1870724433283826,-3.183977071767624,-3.180881767870964,-3.177786531640938,-3.1746913630808673,-3.171596262194913,-3.168501228988163,-3.1654062634667444,-3.1623113656379775,-3.1592165355105846,-3.156121773094959,-3.1530270784035266,-3.149932451451213,-3.1468378922560594,-3.1437434008400262,-3.140648977230052,-3.1375546214594308,-3.1344603335696326,-3.131366113612693,-3.1282719616543595,-3.125177877778261,-3.1220838620914133,-3.11898991473154,-3.1158960358768044,-3.112802225758797,-3.1097084846798926,-3.106614813036526,-3.1035212113504627,-3.1004276803109305,-3.0973342208315264,-3.094240834127265,-3.091147521819187,-3.088054286076713,-3.0849611298118944,-3.08186805694513,-3.078775072769581,-3.075682184452218,-3.0725894017244877,-3.0694967378367872,-3.066404210880874,-3.0633118456267066,-3.06021967608033,-3.057127749054887,-3.0540361291686735,-3.0509449058581946,-3.047854203243336,-3.0447641940394004,-3.0416751192249096,-3.0385873159151795,-3.035501256961604,-3.0324176073443407,-3.0293373046683563,-3.026261674325271,-3.02319259460488,-3.02013273389457,-3.0170858920467793,-3.0140574923816996,-3.011055291520378,-3.0080904038822283,-3.005178779539185,-3.0023433320567223,-2.9996169905336396,-2.997047048175803,-2.9947012910859483,-2.9926764884292703,-2.991109840510354,-2.990193772036052
-3.592805638167415,-3.5920159728679564,-3.5906476005777788,-3.588851828111837,-3.5867383591480175,-3.584387435072946,-3.5818581753365315,-3.579194405173803,-3.5764287841837414,-3.5735857642775164,-3.5706837286588957,-3.5677365505777763,-3.564754736685556,-3.561746270399004,-3.5587172370261966,-3.555672289136946,-3.5526149943581187,-3.549548096228853,-3.5464737104985344,-3.5433934733059704,-3.5403086533676187,-3.5372202371589503,-3.534128993768728,-3.531035524409573,-3.5279403003143104,-3.5248436918174817,-3.521745990729221,-3.518647427591914,-3.515548185023201,-3.512448408058408,-3.5093482121868513,-3.5062476896114827,-3.503146914136479,-3.500045944992756,-3.4969448298393964,-3.4938436071241594,-3.4907423079443682,-3.4876409575174137,-3.484539576345528,-3.481438181140574,-3.4783367855600154,-3.4752354007940083,-3.472134036034816,-3.469032698853013,-3.4659313954996835,-3.4628301311497394,-3.459728910098272,-3.456627735919384,-3.4535266115949432,-3.4504255396192063,-3.4473245220840263,-3.444223560748397,-3.441122657095349,-3.4380218123785977,-3.4349210276608737,-3.4318203038454924,-3.42871964170241,-3.4256190418897816,-3.422518504971826,-3.419418031433677,-3.4163176216937448,-3.4132172761140374,-3.410116995008791,-3.407016778651703,-3.40391662728202,-3.40081654110965,-3.3977165203194923,-3.3946165650750957,-3.39151667552176,-3.388416851789186,-3.3853170939937325,-3.38221740224034,-3.3791177766242018,-3.376018217232196,-3.372918724144129,-3.3698192974338177,-3.3667199371700485,-3.363620643417417,-3.3605214162370793,-3.3574222556874336,-3.3543231618247358,-3.3512241347036746,-3.34812517437791,-3.3450262809005857,-3.341927454324833,-3.3388286947042656,-3.3357300020934857,-3.3326313765485978,-3.329532818127758,-3.32643432689175,-3.323335902904613,-3.3202375462343334,-3.3171392569536096,-3.3140410351407095,-3.3109428808804413,-3.3078447942652582,-3.3047467753965285,-3.3016488243859934,-3.298550941357464,-3.2954531264487903,-3.2923553798141607,-3.2892577016268034,-3.2861600918102165,-3.2830625502946877,-3.2799650770166644,-3.276867671918194,-3.2737703349464193,-3.270673066053125,-3.267575865194337,-3.2644787323299513,-3.2613816674234095,-3.2582846704414012,-3.255187741353595,-3.2520908801323962,-3.2489940867527296,-3.245897361191837,-3.2428007034291015,-3.239704113445878,-3.2366075912253502,-3.233511136752388,-3.23041475001343,-3.227318430996369,-3.224222179690449,-3.221125996086172,-3.218029880175215,-3.2149338319503515,-3.2118378514053836,-3.208741938535078,-3.205646093335113,-3.202550315802028,-3.19945460593318,-3.1963589637267082,-3.193263389181508,-3.1901678822972057,-3.1870724430741486,-3.1839770715134,-3.1808817676167496,-3.177786531386734,-3.174691362826673,-3.1715962619407283,-3.168501228733988,-3.1654062632125797,-3.162311365383823,-3.1592165352564407,-3.1561217728408266,-3.1530270781494054,-3.1499324511971025,-3.1468378920019586,-3.143743400585936,-3.140648976975972,-3.1375546212053615,-3.1344603333155745,-3.1313661133586455,-3.1282719614003227,-3.125177877524235,-3.122083861837398,-3.118989914477535,-3.11589603562281,-3.112802225504812,-3.1097084844259175,-3.106614812782561,-3.1035212110965076,-3.1004276800569857,-3.0973342205775904,-3.09424083387334,-3.0911475215652704,-3.0880542858228064,-3.0849611295579975,-3.0818680566912424,-3.078775072515702,-3.075682184198349,-3.072589401470629,-3.069496737582939,-3.0664042106270366,-3.06331184537288,-3.060219675826513,-3.0571277488010797,-3.054036128914878,-3.0509449056044087,-3.0478542029895603,-3.0447641937856345,-3.041675118971154,-3.038587315661434,-3.0355012567078683,-3.0324176070906153,-3.029337304414641,-3.026261674071566,-3.023192594351184,-3.020132733640884,-3.017085891793105,-3.014057492128037,-3.011055291266726,-3.0080904036285863,-3.0051787792855524,-3.0023433318030994,-2.9996169902800265,-2.997047047922199,-2.9947012908323516,-2.9926764881756807,-2.9911098402567697,-2.9901937717824705
-3.5928056379024875,-3.592015972603031,-3.5906476003128573,-3.5888518278469212,-3.5867383588831085,-3.5843874348080442,-3.5818581750716367,-3.579194404908917,-3.5764287839188635,-3.5735857640126465,-3.570683728394034,-3.5677365503129246,-3.564754736420714,-3.561746270134174,-3.5587172367613777,-3.5556722888721377,-3.552614994093321,-3.549548095964066,-3.5464737102337587,-3.5433934730412044,-3.5403086531028625,-3.5372202368942043,-3.5341289935039923,-3.5310355241448477,-3.527940300049594,-3.524843691552775,-3.5217459904645234,-3.5186474273272257,-3.515548184758522,-3.512448407793739,-3.5093482119221924,-3.5062476893468353,-3.503146913871843,-3.5000459447281322,-3.496944829574784,-3.4938436068595586,-3.490742307679779,-3.487640957252836,-3.4845395760809614,-3.4814381808760184,-3.4783367852954705,-3.4752354005294737,-3.472134035770292,-3.4690326985884994,-3.4659313952351805,-3.4628301308852456,-3.4597289098337893,-3.456627735654913,-3.453526611330483,-3.450425539354757,-3.447324521819587,-3.4442235604839673,-3.44112265683093,-3.4380218121141883,-3.434921027396475,-3.4318203035811043,-3.4287196414380343,-3.425619041625417,-3.422518504707472,-3.419418031169333,-3.4163176214294113,-3.4132172758497137,-3.4101169947444765,-3.4070167783873986,-3.4039166270177263,-3.400816540845367,-3.3977165200552197,-3.394616564810832,-3.391516675257506,-3.3884168515249433,-3.3853170937294994,-3.382217401976117,-3.379117776359989,-3.376018216967994,-3.372918723879937,-3.3698192971696366,-3.366719936905878,-3.363620643153257,-3.360521415972931,-3.3574222554232964,-3.354323161560609,-3.3512241344395592,-3.3481251741138056,-3.3450262806364917,-3.341927454060749,-3.3388286944401924,-3.335730001829423,-3.3326313762845468,-3.3295328178637176,-3.3264343266277194,-3.323335902640592,-3.320237545970323,-3.3171392566896096,-3.3140410348767197,-3.310942880616463,-3.3078447940012916,-3.304746775132572,-3.301648824122048,-3.29855094109353,-3.295453126184866,-3.2923553795502465,-3.289257701362899,-3.2861600915463214,-3.283062550030802,-3.2799650767527897,-3.2768676716543306,-3.273770334682567,-3.2706730657892846,-3.267575864930507,-3.264478732066132,-3.261381667159601,-3.258284670177603,-3.2551877410898067,-3.252090879868619,-3.2489940864889633,-3.245897360928081,-3.242800703165356,-3.2397041131821434,-3.236607590961626,-3.2335111364886755,-3.23041474974973,-3.22731843073268,-3.224222179426771,-3.2211259958225043,-3.218029879911558,-3.2149338316867047,-3.2118378511417465,-3.2087419382714506,-3.2056460930714965,-3.202550315538421,-3.199454605669583,-3.1963589634631213,-3.1932633889179307,-3.1901678820336374,-3.1870724428105897,-3.1839770712498514,-3.180881767353211,-3.1777865311232056,-3.1746913625631548,-3.17159626167722,-3.1685012284704905,-3.1654062629490927,-3.162311365120347,-3.1592165349929755,-3.1561217725773716,-3.153027077885961,-3.149932450933668,-3.146837891738535,-3.1437434003225224,-3.1406489767125683,-3.137554620941967,-3.13446033305219,-3.1313661130952717,-3.1282719611369605,-3.125177877260884,-3.122083861574058,-3.118989914214206,-3.115896035359491,-3.112802225241504,-3.1097084841626215,-3.1066148125192776,-3.1035212108332364,-3.100427679793727,-3.0973342203143446,-3.0942408336101055,-3.0911475213020476,-3.0880542855595947,-3.0849611292947965,-3.081868056428052,-3.078775072252523,-3.07568218393518,-3.0725894012074697,-3.069496737319789,-3.066404210363896,-3.0633118451097494,-3.0602196755633932,-3.05712774853797,-3.0540361286517776,-3.0509449053413187,-3.0478542027264814,-3.0447641935225658,-3.0416751187080964,-3.0385873153983867,-3.035501256444831,-3.0324176068275883,-3.0293373041516256,-3.026261673808562,-3.023192594088193,-3.0201327333779053,-3.017085891530137,-3.014057491865079,-3.0110552910037773,-3.0080904033656473,-3.0051787790226236,-3.0023433315401804,-2.9996169900171163,-2.9970470476592985,-2.9947012905694606,-2.992676487912798,-2.991109839993894,-2.990193771519598
-3.592805637627844,-3.5920159723283906,-3.590647600038222,-3.5888518275722925,-3.5867383586084864,-3.5843874345334306,-3.581858174797032,-3.5791944046343214,-3.576428783644278,-3.573585763738072,-3.570683728119472,-3.5677365500383735,-3.564754736146174,-3.5617462698596447,-3.558717236486859,-3.555672288597629,-3.552614993818822,-3.549548095689576,-3.5464737099592774,-3.5433934727667333,-3.540308652828403,-3.537220236619755,-3.5341289932295514,-3.5310355238704156,-3.527940299775172,-3.5248436912783627,-3.5217459901901216,-3.5186474270528345,-3.5155481844841416,-3.5124484075193703,-3.5093482116478354,-3.5062476890724885,-3.503146913597507,-3.500045944453806,-3.4969448293004692,-3.4938436065852563,-3.4907423074054886,-3.4876409569785576,-3.484539575806695,-3.4814381806017622,-3.478336785021225,-3.4752354002552384,-3.4721340354960666,-3.469032698314284,-3.4659313949609762,-3.4628301306110525,-3.459728909559607,-3.45662773538074,-3.4535266110563203,-3.450425539080604,-3.447324521545444,-3.444223560209836,-3.4411226565568094,-3.4380218118400805,-3.4349210271223782,-3.431820303307019,-3.4287196411639598,-3.4256190413513536,-3.42251850443342,-3.419418030895292,-3.416317621155381,-3.4132172755756947,-3.410116994470469,-3.407016778113403,-3.4039166267437406,-3.400816540571392,-3.3977165197812567,-3.394616564536881,-3.3915166749835666,-3.3884168512510153,-3.385317093455583,-3.3822174017022117,-3.379117776086096,-3.376018216694113,-3.372918723606067,-3.369819296895777,-3.366719936632029,-3.3636206428794195,-3.360521415699105,-3.357422255149481,-3.3543231612868047,-3.3512241341657654,-3.3481251738400215,-3.3450262803627178,-3.3419274537869854,-3.33882869416644,-3.3357300015556812,-3.332631376010815,-3.329532817589997,-3.3264343263540095,-3.3233359023668925,-3.3202375456966338,-3.317139256415931,-3.3140410346030524,-3.3109428803428056,-3.3078447937276447,-3.3047467748589368,-3.301648823848423,-3.298550940819914,-3.2954531259112607,-3.2923553792766516,-3.289257701089314,-3.286160091272747,-3.283062549757238,-3.2799650764792356,-3.276867671380787,-3.273770334409035,-3.2706730655157643,-3.2675758646569992,-3.2644787317926367,-3.261381666886118,-3.258284669904132,-3.2551877408163477,-3.252090879595171,-3.2489940862155255,-3.245897360654655,-3.242800702891941,-3.2397041129087394,-3.236607590688232,-3.2335111362152915,-3.2304147494763558,-3.227318430459317,-3.2242221791534185,-3.2211259955491625,-3.218029879638226,-3.2149338314133824,-3.211837850868435,-3.208741937998151,-3.205646092798208,-3.202550315265144,-3.1994546053963173,-3.1963589631898666,-3.193263388644687,-3.1901678817604053,-3.187072442537368,-3.1839770709766406,-3.1808817670800122,-3.177786530850018,-3.174691362289978,-3.1715962614040536,-3.1685012281973344,-3.1654062626759467,-3.1623113648472114,-3.159216534719851,-3.1561217723042585,-3.1530270776128595,-3.1499324506605784,-3.1468378914654562,-3.143743400049456,-3.140648976439514,-3.1375546206689253,-3.1344603327791605,-3.1313661128222527,-3.1282719608639518,-3.1251778769878853,-3.1220838613010695,-3.118989913941228,-3.1158960350865246,-3.1128022249685485,-3.109708483889677,-3.106614812246343,-3.103521210560311,-3.1004276795208123,-3.09733422004144,-3.0942408333372127,-3.0911475210291672,-3.088054285286726,-3.08496112902194,-3.0818680561552076,-3.078775071979689,-3.0756821836623573,-3.0725894009346586,-3.0694967370469897,-3.0664042100911093,-3.0633118448369747,-3.0602196752906297,-3.057127748265219,-3.054036128379039,-3.0509449050685906,-3.0478542024537645,-3.04476419324986,-3.0416751184354003,-3.0385873151257017,-3.035501256172157,-3.032417606554924,-3.02933730387897,-3.0262616735359162,-3.0231925938155575,-3.02013273310528,-3.017085891257522,-3.0140574915924736,-3.0110552907311834,-3.0080904030930644,-3.005178778750053,-3.0023433312676207,-2.9996169897445677,-2.9970470473867588,-2.9947012902969297,-2.9926764876402743,-2.991109839721376,-2.9901937712470836
-3.5928056373431376,-3.5920159720436877,-3.590647599753524,-3.5888518272876,-3.5867383583238004,-3.584387434248751,-3.581858174512362,-3.5791944043496597,-3.5764287833596256,-3.5735857634534285,-3.5706837278348367,-3.567736549753748,-3.564754735861558,-3.561746269575039,-3.5587172362022645,-3.5556722883130463,-3.5526149935342515,-3.5495480954050165,-3.5464737096747276,-3.5433934724821934,-3.540308652543872,-3.537220236335233,-3.534128992945041,-3.531035523585916,-3.5279402994906843,-3.5248436909938867,-3.521745989905657,-3.518647426768381,-3.5155481841997007,-3.5124484072349405,-3.5093482113634185,-3.5062476887880836,-3.5031469133131146,-3.5000459441694254,-3.496944829016099,-3.4938436063008953,-3.490742307121137,-3.4876409566942153,-3.4845395755223634,-3.4814381803174412,-3.478336784736915,-3.4752353999709404,-3.472134035211781,-3.4690326980300106,-3.465931394676714,-3.4628301303268016,-3.4597289092753676,-3.4566277350965136,-3.453526610772105,-3.4504255387964005,-3.447324521261253,-3.444223559925657,-3.4411226562726425,-3.4380218115559256,-3.434921026838235,-3.4318203030228864,-3.428719640879837,-3.4256190410672405,-3.422518504149318,-3.419418030611202,-3.4163176208713018,-3.4132172752916263,-3.410116994186413,-3.4070167778293596,-3.4039166264597096,-3.400816540287374,-3.39771651949725,-3.394616564252885,-3.3915166746995817,-3.3884168509670416,-3.38531709317162,-3.3822174014182607,-3.379117775802156,-3.376018216410184,-3.37291872332215,-3.369819296611872,-3.3667199363481353,-3.3636206425955364,-3.3605214154152323,-3.3574222548656194,-3.3543231610029545,-3.3512241338819266,-3.348125173556194,-3.345026280078901,-3.341927453503179,-3.338828693882644,-3.3357300012718962,-3.3326313757270416,-3.329532817306235,-3.326434326070259,-3.323335902083155,-3.320237545412908,-3.3171392561322164,-3.3140410343193487,-3.310942880059113,-3.3078447934439623,-3.304746774575266,-3.301648823564763,-3.2985509405362663,-3.295453125627625,-3.292355378993027,-3.2892577008057016,-3.2861600909891466,-3.28306254947365,-3.2799650761956594,-3.276867671097222,-3.2737703341254796,-3.2706730652322196,-3.2675758643734647,-3.264478731509113,-3.2613816666026048,-3.2582846696206302,-3.255187740532857,-3.2520908793116905,-3.2489940859320563,-3.2458973603711967,-3.242800702608494,-3.2397041126253034,-3.2366075904048084,-3.2335111359318804,-3.2304147491929562,-3.2273184301759295,-3.2242221788700434,-3.2211259952658,-3.2180298793548765,-3.2149338311300464,-3.2118378505851117,-3.2087419377148385,-3.205646092514906,-3.2025503149818526,-3.199454605113037,-3.196358962906598,-3.19326338836143,-3.1901678814771603,-3.1870724422541357,-3.18397707069342,-3.1808817667968032,-3.17778653056682,-3.174691362006792,-3.1715962611208797,-3.168501227914173,-3.1654062623927977,-3.1623113645640744,-3.159216534436725,-3.156121772021143,-3.153027077329755,-3.1499324503774857,-3.1468378911823764,-3.1437433997663886,-3.1406489761564584,-3.1375546203858815,-3.134460332496128,-3.1313661125392316,-3.1282719605809417,-3.125177876704886,-3.122083861018081,-3.1189899136582513,-3.1158960348035603,-3.112802224685596,-3.109708483606736,-3.106614811963413,-3.103521210277393,-3.100427679237905,-3.097334219758544,-3.0942408330543265,-3.0911475207462913,-3.0880542850038606,-3.084961128739087,-3.0818680558723663,-3.0787750716968607,-3.0756821833795405,-3.072589400651853,-3.0694967367641963,-3.066404209808326,-3.0633118445542022,-3.0602196750078687,-3.057127747982469,-3.0540361280963,-3.050944904785865,-3.0478542021710506,-3.044764192967157,-3.041675118152709,-3.038587314843022,-3.0355012558894887,-3.032417606272268,-3.0293373035963262,-3.026261673253284,-3.0231925935329365,-3.020132732822669,-3.017085890974922,-3.014057491309886,-3.0110552904486068,-3.008090402810499,-3.005178778467498,-3.0023433309850764,-2.9996169894620333,-2.997047047104234,-2.9947012900144125,-2.9926764873577634,-2.9911098394388693,-2.99019377096458
-3.592805637047991,-3.592015971748543,-3.5906475994583835,-3.588851826992465,-3.5867383580286734,-3.584387433953634,-3.581858174217254,-3.579194404054562,-3.576428783064537,-3.5735857631583507,-3.57068372753977,-3.5677365494586915,-3.5647547355665132,-3.5617462692800044,-3.5587172359072397,-3.5556722880180325,-3.552614993239248,-3.549548095110025,-3.5464737093797485,-3.543393472187225,-3.5403086522489158,-3.5372202360402905,-3.5341289926501096,-3.531035523290997,-3.5279402991957762,-3.5248436906989893,-3.521745989610771,-3.5186474264735064,-3.5155481839048375,-3.51244840694009,-3.50934821106858,-3.506247688493257,-3.5031469130182997,-3.5000459438746234,-3.4969448287213103,-3.493843606006119,-3.490742306826374,-3.4876409563994657,-3.4845395752276263,-3.4814381800227174,-3.4783367844422033,-3.475235399676241,-3.4721340349170933,-3.469032697735335,-3.4659313943820513,-3.462830130032151,-3.459728908980729,-3.4566277348018866,-3.4535266104774904,-3.450425538501798,-3.4473245209666623,-3.444223559631077,-3.441122655978073,-3.438021811261365,-3.4349210265436847,-3.431820302728347,-3.4287196405853093,-3.4256190407727254,-3.422518503854814,-3.419418030316709,-3.4163176205768204,-3.4132172749971565,-3.410116993891955,-3.4070167775349125,-3.403916626165274,-3.4008165399929493,-3.3977165192028367,-3.394616563958484,-3.3915166744051937,-3.3884168506726655,-3.3853170928772554,-3.3822174011239072,-3.3791177755078134,-3.3760182161158525,-3.3729187230278295,-3.3698192963175617,-3.3667199360538365,-3.3636206423012487,-3.360521415120956,-3.3574222545713543,-3.3543231607087005,-3.3512241335876833,-3.3481251732619626,-3.345026279784682,-3.3419274532089727,-3.338828693588449,-3.3357300009777124,-3.332631375432869,-3.329532817012073,-3.326434325776108,-3.323335901789015,-3.3202375451187804,-3.3171392558381014,-3.3140410340252466,-3.3109428797650233,-3.307844793149885,-3.3047467742812002,-3.30164882327071,-3.298550940242225,-3.295453125333596,-3.292355378699011,-3.2892577005116967,-3.2861600906951534,-3.283062549179668,-3.279965075901689,-3.2768676708032642,-3.2737703338315347,-3.2706730649382862,-3.2675758640795434,-3.2644787312152026,-3.261381666308706,-3.2582846693267427,-3.255187740238981,-3.2520908790178265,-3.248994085638204,-3.2458973600773566,-3.242800702314666,-3.2397041123314883,-3.2366075901110056,-3.2335111356380892,-3.230414748899177,-3.2273184298821613,-3.2242221785762863,-3.2211259949720534,-3.218029879061141,-3.214933830836322,-3.2118378502913987,-3.208741937421138,-3.205646092221218,-3.2025503146881777,-3.1994546048193735,-3.196358962612946,-3.193263388067789,-3.190167881183531,-3.187072441960518,-3.183977070399815,-3.18088176650321,-3.17778653027324,-3.1746913617132244,-3.171596260827325,-3.168501227620631,-3.165406262099267,-3.162311364270556,-3.1592165341432183,-3.15612177172765,-3.153027077036274,-3.149932450084015,-3.146837890888916,-3.1437433994729385,-3.140648975863018,-3.137554620092452,-3.134460332202709,-3.1313661122458254,-3.128271960287548,-3.125177876411506,-3.122083860724714,-3.118989913364896,-3.1158960345102167,-3.1128022243922646,-3.109708483313416,-3.106614811670105,-3.103521209984097,-3.10042767894462,-3.0973342194652704,-3.094240832761065,-3.091147520453042,-3.0880542847106227,-3.0849611284458587,-3.0818680555791484,-3.0787750714036535,-3.075682183086345,-3.0725894003586687,-3.0694967364710233,-3.0664042095151656,-3.063311844261054,-3.060219674714732,-3.057127747689344,-3.0540361278031862,-3.0509449044927623,-3.0478542018779597,-3.0447641926740783,-3.0416751178596435,-3.038587314549969,-3.0355012555964485,-3.0324176059792403,-3.0293373033033104,-3.0262616729602794,-3.0231925932399433,-3.0201327325296883,-3.0170858906819533,-3.0140574910169295,-3.0110552901556624,-3.0080904025175674,-3.005178778174577,-3.0023433306921663,-2.999616989169133,-2.997047046811343,-2.9947012897215304,-2.99267648706489,-2.991109839146003,-2.9901937706717177
-3.5928056367420305,-3.592015971442585,-3.5906475991524296,-3.588851826686519,-3.586738357722734,-3.584387433647702,-3.5818581739113307,-3.579194403748648,-3.5764287827586347,-3.5735857628524594,-3.57068372723389,-3.567736549152823,-3.5647547352606557,-3.5617462689741592,-3.558717235601407,-3.555672287712211,-3.552614992933438,-3.5495480948042264,-3.546473709073961,-3.5433934718814517,-3.5403086519431555,-3.537220235734542,-3.534128992344374,-3.5310355229852726,-3.527940298890064,-3.5248436903932907,-3.521745989305086,-3.518647426167834,-3.5155481835991766,-3.5124484066344386,-3.509348210762938,-3.5062476881876252,-3.5031469127126775,-3.5000459435690128,-3.4969448284157103,-3.4938436057005307,-3.4907423065207968,-3.4876409560938995,-3.484539574922072,-3.4814381797171747,-3.4783367841366726,-3.4752353993707223,-3.4721340346115874,-3.4690326974298418,-3.4659313940765704,-3.4628301297266835,-3.4597289086752747,-3.4566277344964447,-3.4535266101720614,-3.4504255381963818,-3.447324520661258,-3.4442235593256854,-3.441122655672694,-3.4380218109559992,-3.434921026238331,-3.431820302423007,-3.428719640279983,-3.4256190404674114,-3.422518503549514,-3.419418030011422,-3.4163176202715473,-3.4132172746918963,-3.4101169935867066,-3.4070167772296758,-3.4039166258600484,-3.4008165396877352,-3.397716518897635,-3.3946165636532943,-3.3915166741000147,-3.3884168503674976,-3.3853170925720995,-3.3822174008187624,-3.379117775202681,-3.3760182158107312,-3.3729187227227193,-3.369819296012464,-3.3667199357487503,-3.3636206419961745,-3.360521414815893,-3.3574222542663037,-3.3543231604036627,-3.351224133282658,-3.3481251729569497,-3.345026279479681,-3.3419274529039837,-3.3388286932834723,-3.335730000672748,-3.332631375127917,-3.3295328167071347,-3.326434325471183,-3.323335901484103,-3.3202375448138803,-3.3171392555332133,-3.31404103372037,-3.3109428794601583,-3.307844792845032,-3.3047467739763574,-3.3016488229658782,-3.2985509399374044,-3.2954531250287853,-3.292355378394211,-3.289257700206909,-3.2861600903903785,-3.283062548874906,-3.2799650755969405,-3.2768676704985285,-3.273770333526812,-3.270673064633576,-3.267575863774846,-3.264478730910519,-3.261381666004036,-3.2582846690220855,-3.2551877399343363,-3.252090878713194,-3.248994085333584,-3.2458973597727483,-3.24280070201007,-3.2397041120269043,-3.2366075898064333,-3.233511135333528,-3.2304147485946273,-3.2273184295776236,-3.224222178271761,-3.2211259946675415,-3.2180298787566417,-3.214933830531835,-3.2118378499869236,-3.2087419371166748,-3.2056460919167673,-3.2025503143837404,-3.1994546045149495,-3.1963589623085347,-3.1932633877633916,-3.190167880879147,-3.187072441656147,-3.183977070095455,-3.180881766198862,-3.1777865299689023,-3.174691361408897,-3.1715962605230086,-3.168501227316325,-3.1654062617949728,-3.1623113639662734,-3.159216533838948,-3.15612177142339,-3.1530270767320245,-3.1499324497797776,-3.146837890584691,-3.1437433991687262,-3.1406489755588187,-3.137554619788265,-3.1344603318985356,-3.131366111941664,-3.1282719599833992,-3.125177876107369,-3.1220838604205894,-3.118989913060784,-3.115896034206116,-3.112802224088176,-3.109708483009339,-3.1066148113660392,-3.103521209680043,-3.1004276786405778,-3.0973342191612403,-3.094240832457047,-3.0911475201490357,-3.088054284406629,-3.084961128141877,-3.0818680552751787,-3.078775071099697,-3.0756821827824012,-3.072589400054738,-3.069496736167105,-3.06640420921126,-3.0633118439571603,-3.060219674410851,-3.057127747385475,-3.0540361274993297,-3.050944904188918,-3.047854201574127,-3.044764192370258,-3.0416751175558345,-3.038587314246173,-3.0355012552926652,-3.032417605675469,-3.029337302999551,-3.0262616726565326,-3.0231925929362093,-3.020132732225966,-3.0170858903782425,-3.0140574907132303,-3.0110552898519747,-3.0080904022138912,-3.005178777870914,-3.0023433303885145,-2.999616988865492,-2.997047046507714,-2.994701289417911,-2.9926764867612787,-2.991109838842398,-2.9901937703681174
-3.5928056364248526,-3.59201597112541,-3.5906475988352593,-3.588851826369355,-3.5867383574055793,-3.5843874333305568,-3.581858173594196,-3.579194403431524,-3.576428782441521,-3.573585762535358,-3.5706837269167995,-3.5677365488357435,-3.564754734943588,-3.561746268657102,-3.5587172352843615,-3.555672287395177,-3.552614992616415,-3.5495480944872155,-3.546473708756964,-3.543393471564466,-3.5403086516261832,-3.5372202354175823,-3.5341289920274273,-3.53103552266834,-3.5279402985731445,-3.5248436900763838,-3.5217459889881897,-3.5186474258509493,-3.5155481832823043,-3.5124484063175796,-3.509348210446093,-3.5062476878707947,-3.503146912395862,-3.50004594325221,-3.4969448280989215,-3.4938436053837547,-3.4907423062040337,-3.4876409557771497,-3.4845395746053347,-3.4814381794004507,-3.4783367838199606,-3.4752353990540223,-3.4721340342948985,-3.4690326971131644,-3.465931393759904,-3.4628301294100283,-3.4597289083586316,-3.456627734179813,-3.453526609855442,-3.4504255378797737,-3.4473245203446625,-3.444223559009102,-3.441122655356124,-3.4380218106394413,-3.434921025921786,-3.4318203021064737,-3.428719639963461,-3.425619040150902,-3.4225185032330163,-3.419418029694936,-3.416317619955072,-3.413217274375433,-3.4101169932702557,-3.4070167769132387,-3.403916625543625,-3.400816539371325,-3.397716518581238,-3.3946165633369105,-3.3915166737836437,-3.38841685005114,-3.3853170922557543,-3.38221740050243,-3.3791177748863617,-3.3760182154944247,-3.372918722406426,-3.3698192956961837,-3.3667199354324837,-3.3636206416799217,-3.360521414499654,-3.357422253950076,-3.354323160087446,-3.351224132966453,-3.348125172640756,-3.345026279163499,-3.3419274525878144,-3.338828692967316,-3.335730000356605,-3.332631374811787,-3.329532816391018,-3.3264343251550796,-3.3233359011680133,-3.3202375444978043,-3.3171392552171506,-3.31404103340432,-3.3109428791441218,-3.3078447925290084,-3.304746773660347,-3.3016488226498812,-3.29855093962142,-3.2954531247128136,-3.292355378078252,-3.2892576998909617,-3.2861600900744423,-3.2830625485589815,-3.2799650752810274,-3.276867670182627,-3.2737703332109214,-3.2706730643176978,-3.2675758634589798,-3.2644787305946648,-3.261381665688194,-3.2582846687062554,-3.2551877396185196,-3.252090878397391,-3.2489940850177947,-3.2458973594569733,-3.2428007016943083,-3.2397041117111565,-3.2366075894906987,-3.2335111350178067,-3.2304147482789194,-3.2273184292619286,-3.2242221779560776,-3.2211259943518704,-3.2180298784409826,-3.2149338302161885,-3.2118378496712894,-3.208741936801052,-3.2056460916011567,-3.2025503140681417,-3.199454604199363,-3.1963589619929595,-3.193263387447828,-3.1901678805635942,-3.187072441340606,-3.183977069779927,-3.180881765883347,-3.177786529653401,-3.17469136109341,-3.1715962602075347,-3.168501227000865,-3.165406261479526,-3.1623113636508386,-3.159216533523526,-3.1561217711079825,-3.153027076416631,-3.149932449464397,-3.146837890269323,-3.14374339885337,-3.1406489752434754,-3.1375546194729345,-3.134460331583216,-3.1313661116263565,-3.128271959668104,-3.125177875792086,-3.1220838601053194,-3.1189899127455263,-3.1158960338908717,-3.1128022237729445,-3.1097084826941215,-3.1066148110508354,-3.1035212093648514,-3.1004276783254006,-3.097334218846077,-3.0942408321418964,-3.091147519833898,-3.0880542840915037,-3.0849611278267637,-3.0818680549600774,-3.0787750707846073,-3.0756821824673226,-3.0725893997396714,-3.069496735852051,-3.0664042088962185,-3.0633118436421323,-3.060219674095836,-3.057127747070474,-3.054036127184342,-3.050944903873943,-3.047854201259165,-3.044764192055309,-3.0416751172408985,-3.0385873139312487,-3.0355012549777523,-3.032417605360569,-3.0293373026846644,-3.0262616723416587,-3.023192592621347,-3.020132731911117,-3.0170858900634068,-3.0140574903984074,-3.0110552895371647,-3.0080904018990933,-3.0051787775561274,-3.00234333007374,-2.99961698855073,-2.997047046192962,-2.99470128910317,-2.992676486446547,-2.991109838527673,-2.9901937700533954
-3.592805636096053,-3.592015970796613,-3.590647598506468,-3.5888518260405697,-3.586738357076802,-3.584387433001789,-3.581858173265437,-3.579194403102776,-3.576428782112784,-3.573585762206632,-3.570683726588086,-3.5677365485070434,-3.5647547346149002,-3.561746268328428,-3.558717234955701,-3.5556722870665296,-3.5526149922877823,-3.5495480941585966,-3.546473708428358,-3.5433934712358726,-3.5403086512976008,-3.537220235089013,-3.5341289916988705,-3.5310355223397973,-3.527940298244615,-3.5248436897478665,-3.5217459886596854,-3.5186474255224574,-3.515548182953825,-3.512448405989114,-3.5093482101176416,-3.506247687542357,-3.503146912067437,-3.5000459429237956,-3.4969448277705175,-3.493843605055363,-3.490742305875655,-3.4876409554487844,-3.484539574276983,-3.481438179072112,-3.478336783491636,-3.4752353987257107,-3.472134033966601,-3.46903269678488,-3.4659313934316325,-3.4628301290817696,-3.459728908030385,-3.4566277338515796,-3.453526609527221,-3.450425537551566,-3.4473245200164673,-3.44422355868092,-3.4411226550279537,-3.4380218103112843,-3.4349210255936424,-3.4318203017783437,-3.4287196396353443,-3.4256190398227977,-3.422518502904923,-3.4194180293668555,-3.416317619627004,-3.4132172740473785,-3.4101169929422137,-3.407016776585209,-3.4039166252156083,-3.400816539043322,-3.397716518253248,-3.3946165630089333,-3.391516673455681,-3.388416849723192,-3.3853170919278206,-3.382217400174511,-3.3791177745584555,-3.3760182151665323,-3.372918722078547,-3.369819295368318,-3.366719935104631,-3.3636206413520813,-3.3605214141718265,-3.357422253622263,-3.354323159759647,-3.3512241326386674,-3.348125172312985,-3.3450262788357423,-3.3419274522600713,-3.338828692639586,-3.3357300000288874,-3.332631374484082,-3.3295328160633244,-3.326434324827399,-3.3233359008403442,-3.3202375441701473,-3.317139254889506,-3.314041033076689,-3.3109428788165034,-3.3078447922014034,-3.304746773332756,-3.301648822322303,-3.2985509392938552,-3.295453124385262,-3.292355377750713,-3.2892576995634366,-3.2861600897469305,-3.2830625482314835,-3.2799650749535427,-3.276867669855156,-3.273770332883464,-3.270673063990253,-3.267575863131548,-3.2644787302672453,-3.2613816653607866,-3.2582846683788604,-3.255187739291136,-3.2520908780700197,-3.248994084690435,-3.2458973591296254,-3.242800701366973,-3.2397041113838343,-3.23660758916339,-3.2335111346905117,-3.230414747951638,-3.227318428934661,-3.224222177628824,-3.2211259940246295,-3.2180298781137546,-3.214933829888974,-3.211837849344087,-3.208741936473863,-3.2056460912739797,-3.202550313740977,-3.1994546038722103,-3.19635896166582,-3.1932633871207012,-3.1901678802364817,-3.1870724410135067,-3.1839770694528404,-3.180881765556273,-3.1777865293263394,-3.1746913607663605,-3.1715962598804985,-3.1685012266738415,-3.165406261152516,-3.1623113633238424,-3.1592165331965436,-3.156121770781012,-3.153027076089673,-3.1499324491374527,-3.1468378899423914,-3.143743398526451,-3.1406489749165685,-3.1375546191460395,-3.1344603312563346,-3.1313661112994873,-3.1282719593412476,-3.125177875465243,-3.1220838597784897,-3.1189899124187104,-3.1158960335640695,-3.1128022234461565,-3.1097084823673464,-3.106614810724073,-3.103521209038103,-3.100427677998665,-3.097334218519355,-3.094240831815188,-3.0911475195072025,-3.088054283764821,-3.084961127500094,-3.081868054633422,-3.078775070457964,-3.0756821821406928,-3.072589399413055,-3.0694967355254477,-3.0664042085696286,-3.0633118433155553,-3.0602196737692733,-3.0571277467439235,-3.0540361268578047,-3.0509449035474194,-3.047854200932655,-3.0447641917288117,-3.0416751169144143,-3.0385873136047783,-3.035501254651296,-3.032417605034127,-3.0293373023582357,-3.0262616720152438,-3.0231925922949467,-3.0201327315847286,-3.017085889737031,-3.014057490072043,-3.011055289210814,-3.0080904015727548,-3.0051787772298004,-3.0023433297474256,-2.9996169882244264,-2.9970470458666694,-2.994701288776887,-2.992676486120273,-2.991109838201406,-2.990193769727133
-3.5928056357551883,-3.5920159704557513,-3.5906475981656127,-3.588851825699722,-3.586738356735962,-3.5843874326609586,-3.5818581729246177,-3.579194402761969,-3.57642878177199,-3.5735857618658495,-3.570683726247316,-3.5677365481662853,-3.564754734274155,-3.5617462679876954,-3.558717234614981,-3.555672286725823,-3.5526149919470877,-3.549548093817915,-3.5464737080876887,-3.543393470895217,-3.540308650956958,-3.5372202347483834,-3.534128991358255,-3.5310355219991947,-3.5279402979040255,-3.5248436894072914,-3.521745988319124,-3.5186474251819106,-3.515548182613292,-3.512448405648595,-3.509348209777136,-3.5062476872018635,-3.5031469117269554,-3.500045942583328,-3.496944827430064,-3.493843604714923,-3.4907423055352287,-3.4876409551083705,-3.484539573936583,-3.4814381787317257,-3.478336783151264,-3.475235398385353,-3.472134033626256,-3.4690326964445486,-3.4659313930913154,-3.4628301287414667,-3.4597289076900957,-3.4566277335113043,-3.4535266091869596,-3.4504255372113186,-3.447324519676235,-3.4442235583407026,-3.441122654687751,-3.4380218099710946,-3.434921025253466,-3.431820301438181,-3.428719639295195,-3.4256190394826636,-3.4225185025648046,-3.419418029026751,-3.4163176192869154,-3.413217273707304,-3.410116992602154,-3.4070167762451633,-3.403916624875577,-3.4008165387033027,-3.397716517913242,-3.3946165626689413,-3.391516673115702,-3.3884168493832254,-3.3853170915878668,-3.38221739983457,-3.3791177742185283,-3.376018214826619,-3.3729187217386474,-3.3698192950284307,-3.366719934764756,-3.36362064101222,-3.3605214138319783,-3.357422253282428,-3.3543231594198253,-3.35122413229886,-3.3481251719731904,-3.345026278495961,-3.341927451920303,-3.338828692299831,-3.3357299996891463,-3.3326313741443543,-3.32953281572361,-3.326434324487696,-3.3233359005006533,-3.320237543830469,-3.3171392545498413,-3.314041032737037,-3.310942878476864,-3.307844791861777,-3.3047467729931426,-3.3016488219827025,-3.298550938954268,-3.2954531240456886,-3.292355377411154,-3.2892576992238913,-3.2861600894074,-3.2830625478919666,-3.279965074614039,-3.2768676695156653,-3.2737703325439877,-3.270673063650791,-3.2675758627921003,-3.264478729927812,-3.2613816650213674,-3.2582846680394564,-3.2551877389517463,-3.252090877730644,-3.2489940843510734,-3.2458973587902777,-3.242800701027639,-3.2397041110445124,-3.2366075888240813,-3.2335111343512164,-3.2304147476123553,-3.2273184285953906,-3.224222177289567,-3.2211259936853858,-3.218029877774525,-3.2149338295497576,-3.2118378490048856,-3.2087419361346763,-3.2056460909348075,-3.2025503134018187,-3.199454603533066,-3.19635896132669,-3.1932633867815854,-3.1901678798973783,-3.187072440674417,-3.1839770691137645,-3.1808817652172094,-3.177786528987289,-3.174691360427323,-3.171596259541474,-3.16850122633483,-3.1654062608135174,-3.1623113629848567,-3.159216532857571,-3.156121770442054,-3.1530270757507295,-3.149932448798524,-3.146837889603477,-3.143743398187553,-3.1406489745776858,-3.137554618807171,-3.13446033091748,-3.131366110960647,-3.1282719590024213,-3.1251778751264303,-3.12208385943969,-3.118989912079924,-3.115896033225295,-3.1128022231073933,-3.1097084820285956,-3.106614810385336,-3.103521208699379,-3.1004276776599533,-3.097334218180656,-3.094240831476502,-3.0911475191685303,-3.088054283426164,-3.0849611271614523,-3.0818680542947945,-3.078775070119352,-3.075682181802096,-3.0725893990744724,-3.069496735186879,-3.0664042082310736,-3.063311842977015,-3.060219673430746,-3.057127746405411,-3.054036126519306,-3.0509449032089337,-3.047854200594182,-3.044764191390352,-3.0416751165759677,-3.0385873132663437,-3.0355012543128748,-3.0324176046957176,-3.0293373020198406,-3.0262616716768624,-3.0231925919565787,-3.0201327312463753,-3.017085889398691,-3.0140574897337173,-3.0110552888725013,-3.0080904012344565,-3.0051787768915172,-3.0023433294091557,-2.9996169878861703,-2.9970470455284257,-2.9947012884386544,-2.9926764857820483,-2.9911098378631875,-2.990193769388918
-3.5928056354018416,-3.592015970102408,-3.590647597812275,-3.5888518253463917,-3.5867383563826416,-3.5843874323076474,-3.581858172571317,-3.579194402408678,-3.57642878141871,-3.5735857615125823,-3.5706837258940616,-3.5677365478130447,-3.564754733920928,-3.5617462676344824,-3.558717234261781,-3.555672286372637,-3.5526149915939147,-3.549548093464756,-3.546473707734545,-3.543393470542088,-3.540308650603844,-3.5372202343952837,-3.5341289910051685,-3.5310355216461216,-3.5279402975509675,-3.5248436890542476,-3.5217459879660957,-3.5186474248288966,-3.5155481822602934,-3.512448405295611,-3.509348209424165,-3.5062476868489068,-3.503146911374014,-3.5000459422304018,-3.4969448270771526,-3.493843604362026,-3.4907423051823447,-3.4876409547555003,-3.4845395735837243,-3.481438178378879,-3.4783367827984297,-3.4752353980325323,-3.4721340332734503,-3.469032696091757,-3.465931392738537,-3.4628301283887017,-3.459728907337346,-3.4566277331585686,-3.4535266088342382,-3.450425536858611,-3.4473245193235407,-3.444223557988022,-3.4411226543350844,-3.438021809618443,-3.434921024900829,-3.4318203010855575,-3.4287196389425865,-3.425619039130069,-3.4225185022122244,-3.419418028674185,-3.416317618934363,-3.413217273354765,-3.4101169922496277,-3.4070167758926497,-3.403916624523076,-3.400816538350816,-3.397716517560769,-3.394616562316481,-3.3915166727632546,-3.388416849030791,-3.3853170912354464,-3.382217399482164,-3.379117773866136,-3.37601821447424,-3.3729187213862817,-3.369819294676079,-3.366719934412419,-3.3636206406598954,-3.3605214134796677,-3.3574222529301307,-3.3543231590675413,-3.351224131946589,-3.348125171620933,-3.3450262781437177,-3.3419274515680732,-3.3388286919476156,-3.335729999336945,-3.3326313737921667,-3.3295328153714374,-3.326434324135539,-3.323335900148512,-3.3202375434783415,-3.317139254197727,-3.3140410323849365,-3.3109428781247776,-3.3078447915097042,-3.3047467726410837,-3.3016488216306574,-3.2985509386022374,-3.295453123693672,-3.2923553770591507,-3.289257698871902,-3.2861600890554246,-3.2830625475400055,-3.279965074262093,-3.2768676691637344,-3.2737703321920706,-3.2706730632988887,-3.267575862440213,-3.2644787295759383,-3.261381664669507,-3.2582846676876094,-3.2551877385999135,-3.2520908773788246,-3.2489940839992673,-3.2458973584384854,-3.24280070067586,-3.2397041106927476,-3.23660758847233,-3.2335111339994786,-3.230414747260632,-3.2273184282436826,-3.224222176937874,-3.221125993333707,-3.21802987742286,-3.2149338291981064,-3.2118378486532486,-3.2087419357830536,-3.2056460905832,-3.202550313050225,-3.199454603181487,-3.1963589609751257,-3.1932633864300355,-3.190167879545842,-3.1870724403228943,-3.183977068762256,-3.1808817648657164,-3.1777865286358122,-3.174691360075862,-3.171596259190028,-3.1685012259833987,-3.1654062604621003,-3.1623113626334534,-3.1592165325061816,-3.1561217700906776,-3.153027075399367,-3.1499324484471742,-3.1468378892521414,-3.1437433978362295,-3.1406489742263757,-3.1375546184558756,-3.1344603305661987,-3.1313661106093797,-3.128271958651168,-3.1251778747751913,-3.1220838590884656,-3.1189899117287143,-3.1158960328741014,-3.112802222756215,-3.109708481677432,-3.1066148100341877,-3.1035212083482455,-3.100427677308834,-3.0973342178295513,-3.0942408311254126,-3.091147518817456,-3.0880542830751034,-3.0849611268104056,-3.0818680539437624,-3.078775069768334,-3.0756821814510915,-3.0725893987234816,-3.0694967348359024,-3.0664042078801117,-3.0633118426260664,-3.060219673079812,-3.05712774605449,-3.0540361261683993,-3.050944902858042,-3.047854200243305,-3.044764191039489,-3.041675116225118,-3.0385873129155088,-3.0355012539620527,-3.032417604344909,-3.0293373016690444,-3.02626167132608,-3.023192591605809,-3.02013273089562,-3.0170858890479506,-3.0140574893829912,-3.011055288521788,-3.0080904008837557,-3.005178776540829,-3.00234332905848,-2.999616987535506,-2.997047045177773,-2.994701288088013,-2.9926764854314167,-2.9911098375125635,-2.990193769038299
-3.592805635035552,-3.592015969736122,-3.5906475974459946,-3.588851824980119,-3.586738356016377,-3.584387431941394,-3.5818581722050755,-3.579194402042448,-3.5764287810524933,-3.5735857611463784,-3.5706837255278705,-3.567736547446865,-3.564754733554762,-3.5617462672683295,-3.5587172338956417,-3.55567228600651,-3.552614991227802,-3.549548093098656,-3.5464737073684582,-3.5433934701760155,-3.5403086502377845,-3.5372202340292382,-3.534128990639138,-3.5310355212801046,-3.527940297184964,-3.524843688688258,-3.5217459876001205,-3.5186474244629355,-3.5155481818943453,-3.512448404929675,-3.509348209058243,-3.5062476864829986,-3.5031469110081197,-3.5000459418645216,-3.4969448267112875,-3.493843603996175,-3.490742304816509,-3.487640954389679,-3.484539573217918,-3.4814381780130876,-3.4783367824326534,-3.475235397666771,-3.4721340329077046,-3.4690326957260282,-3.4659313923728243,-3.462830128023004,-3.459728906971662,-3.4566277327929,-3.4535266084685836,-3.4504255364929706,-3.4473245189579136,-3.4442235576224083,-3.441122653969484,-3.4380218092528554,-3.4349210245352544,-3.4318203007199966,-3.4287196385770398,-3.425619038764536,-3.4225185018467057,-3.419418028308681,-3.4163176185688733,-3.4132172729892907,-3.4101169918841694,-3.4070167755272065,-3.403916624157648,-3.400816537985403,-3.3977165171953705,-3.3946165619510977,-3.391516672397886,-3.3884168486654374,-3.3853170908701085,-3.3822173991168407,-3.3791177735008278,-3.376018214108946,-3.3729187210210014,-3.369819294310813,-3.3667199340471665,-3.3636206402946582,-3.3605214131144443,-3.357422252564923,-3.3543231587023485,-3.3512241315814117,-3.3481251712557705,-3.34502627777857,-3.3419274512029413,-3.338828691582499,-3.3357299989718436,-3.3326313734270814,-3.3295328150063668,-3.3264343237704823,-3.323335899783469,-3.320237543113313,-3.3171392538327127,-3.3140410320199365,-3.3109428777597927,-3.307844791144734,-3.3047467722761277,-3.3016488212657156,-3.2985509382373097,-3.2954531233287585,-3.2923553766942515,-3.289257698507017,-3.2861600886905538,-3.2830625471751484,-3.2799650738972495,-3.276867668798905,-3.2737703318272557,-3.2706730629340885,-3.267575862075428,-3.2644787292111688,-3.261381664304753,-3.25828466732287,-3.255187738235189,-3.252090877014115,-3.248994083634573,-3.245897358073806,-3.2428007003111956,-3.2397041103280975,-3.2366075881076948,-3.2335111336348583,-3.230414746896026,-3.2273184278790916,-3.224222176573297,-3.2211259929691454,-3.2180298770583136,-3.214933828833576,-3.2118378482887326,-3.208741935418552,-3.2056460902187123,-3.202550312685752,-3.1994546028170285,-3.1963589606106817,-3.1932633860656066,-3.190167879181429,-3.1870724399584964,-3.183977068397873,-3.180881764501348,-3.1777865282714575,-3.174691359711521,-3.1715962588257014,-3.1685012256190856,-3.165406260097801,-3.1623113622691688,-3.159216532141911,-3.1561217697264206,-3.1530270750351233,-3.1499324480829443,-3.1468378888879256,-3.1437433974720284,-3.140648973862189,-3.137554618091703,-3.1344603302020406,-3.1313661102452364,-3.1282719582870397,-3.125177874411077,-3.122083858724366,-3.1189899113646273,-3.115896032510028,-3.112802222392156,-3.1097084813133886,-3.1066148096701585,-3.1035212079842314,-3.100427676944835,-3.097334217465567,-3.094240830761443,-3.091147518453501,-3.0880542827111626,-3.08496112644648,-3.081868053579851,-3.0787750694044367,-3.075682181087209,-3.0725893983596135,-3.0694967344720494,-3.066404207516273,-3.0633118422622436,-3.060219672716004,-3.057127745690697,-3.0540361258046214,-3.0509449024942783,-3.047854199879556,-3.044764190675756,-3.0416751158614006,-3.038587312551806,-3.0355012535983654,-3.032417603981237,-3.029337301305388,-3.0262616709624384,-3.0231925912421826,-3.020132730532008,-3.0170858886843535,-3.014057489019409,-3.011055288158221,-3.0080904005202043,-3.0051787761772917,-3.0023433286949555,-2.999616987171995,-2.997047044814274,-2.9947012877245247,-2.9926764850679386,-2.9911098371490943,-2.9901937686748337
-3.592805634655827,-3.5920159693563996,-3.5906475970662775,-3.5888518246004084,-3.586738355636676,-3.5843874315617033,-3.581858171825395,-3.5791944016627797,-3.5764287806728357,-3.573585760766732,-3.570683725148236,-3.5677365470672444,-3.564754733175154,-3.561746266888735,-3.5587172335160613,-3.5556722856269443,-3.552614990848252,-3.549548092719122,-3.5464737069889387,-3.54339346979651,-3.540308649858295,-3.5372202336497645,-3.53412899025968,-3.5310355209006627,-3.527940296805538,-3.5248436883088465,-3.5217459872207226,-3.518647424083553,-3.515548181514979,-3.5124484045503257,-3.50934820867891,-3.506247686103681,-3.503146910628817,-3.500045941485233,-3.4969448263320126,-3.4938436036169156,-3.490742304437264,-3.4876409540104483,-3.484539572838701,-3.481438177633886,-3.4783367820534665,-3.475235397287598,-3.4721340325285457,-3.4690326953468826,-3.465931391993693,-3.462830127643888,-3.4597289065925616,-3.4566277324138137,-3.453526608089512,-3.4504255361139147,-3.4473245185788737,-3.444223557243384,-3.4411226535904755,-3.4380218088738634,-3.4349210241562784,-3.431820300341036,-3.4287196381980936,-3.4256190383856047,-3.422518501467789,-3.4194180279297792,-3.4163176181899866,-3.413217272610418,-3.4101169915053116,-3.4070167751483647,-3.4039166237788208,-3.400816537606591,-3.397716516816574,-3.3946165615723154,-3.391516672019119,-3.388416848286686,-3.385317090491372,-3.3822173987381183,-3.37911777312212,-3.3760182137302537,-3.372918720642326,-3.369819293932154,-3.366719933668524,-3.3636206399160327,-3.3605214127358356,-3.3574222521863293,-3.3543231583237714,-3.3512241312028497,-3.348125170877223,-3.3450262774000374,-3.341927450824423,-3.3388286912039957,-3.335729998593355,-3.3326313730486063,-3.329532814627906,-3.3264343233920353,-3.323335899405037,-3.320237542734896,-3.31713925345431,-3.314041031641549,-3.31094287738142,-3.307844790766376,-3.3047467718977854,-3.3016488208873898,-3.298550937859,-3.295453122950465,-3.2923553763159754,-3.289257698128757,-3.2861600883123097,-3.2830625467969203,-3.279965073519038,-3.276867668420708,-3.2737703314490734,-3.2706730625559204,-3.267575861697273,-3.2644787288330277,-3.261381663926626,-3.2582846669447574,-3.255187737857091,-3.2520908766360312,-3.248994083256504,-3.245897357695752,-3.2428006999331567,-3.2397041099500745,-3.236607587729687,-3.2335111332568656,-3.2304147465180493,-3.2273184275011295,-3.2242221761953513,-3.221125992591216,-3.2180298766804,-3.2149338284556777,-3.211837847910851,-3.2087419350406865,-3.205646089840863,-3.202550312307918,-3.1994546024392103,-3.1963589602328786,-3.193263385687818,-3.190167878803656,-3.187072439580738,-3.183977068020129,-3.180881764123619,-3.1777865278937423,-3.1746913593338197,-3.1715962584480146,-3.1685012252414144,-3.1654062597201458,-3.1623113618915286,-3.1592165317642866,-3.1561217693488124,-3.1530270746575315,-3.1499324477053685,-3.146837888510365,-3.1437433970944824,-3.1406489734846588,-3.137554617714189,-3.134460329824542,-3.1313661098677534,-3.128271957909572,-3.125177874033624,-3.1220838583469273,-3.118989910987204,-3.115896032132618,-3.1128022220147615,-3.1097084809360083,-3.106614809292793,-3.1035212076068808,-3.1004276765675005,-3.097334217088248,-3.0942408303841384,-3.0911475180762107,-3.088054282333886,-3.084961126069218,-3.081868053202604,-3.078775069027205,-3.0756821807099928,-3.0725893979824135,-3.0694967340948645,-3.0664042071391022,-3.0633118418850867,-3.060219672338861,-3.05712774531357,-3.0540361254275097,-3.050944902117182,-3.0478541995024755,-3.0447641902986904,-3.0416751154843498,-3.03858731217477,-3.035501253221345,-3.0324176036042316,-3.0293373009283977,-3.026261670585463,-3.0231925908652224,-3.020132730155063,-3.017085888307423,-3.0140574886424933,-3.01105528778132,-3.0080904001433177,-3.0051787758004203,-3.002343328318099,-2.999616986795152,-2.997047044437445,-2.9947012873477084,-2.9926764846911333,-2.991109836772296,-2.9901937682980404
-3.5928056342621817,-3.5920159689627584,-3.590647596672643,-3.5888518242067833,-3.586738355243061,-3.5843874311681,-3.5818581714318034,-3.5791944012692007,-3.57642878027927,-3.5735857603731813,-3.5706837247547,-3.5677365466737236,-3.5647547327816476,-3.561746266495243,-3.5587172331225845,-3.555672285233484,-3.5526149904548068,-3.5495480923256917,-3.546473706595524,-3.5433934694031097,-3.54030864946491,-3.537220233256393,-3.5341289898663213,-3.5310355205073183,-3.5279402964122073,-3.524843687915531,-3.5217459868274212,-3.5186474236902647,-3.515548181121704,-3.5124484041570647,-3.509348208285664,-3.5062476857104508,-3.503146910235604,-3.5000459410920377,-3.4969448259388347,-3.493843603223753,-3.490742304044117,-3.487640953617318,-3.484539572445588,-3.481438177240789,-3.478336781660385,-3.475235396894533,-3.472134032135497,-3.4690326949538495,-3.465931391600675,-3.4628301272508852,-3.4597289061995737,-3.4566277320208414,-3.453526607696556,-3.450425535720973,-3.447324518185947,-3.4442235568504724,-3.4411226531975796,-3.438021808480983,-3.434921023763414,-3.431820299948188,-3.4287196378052607,-3.4256190379927864,-3.422518501074986,-3.4194180275369925,-3.4163176177972154,-3.4132172722176635,-3.4101169911125715,-3.407016774755639,-3.403916623386111,-3.4008165372138968,-3.3977165164238947,-3.3946165611796526,-3.3915166716264724,-3.388416847894055,-3.385317090098756,-3.3822173983455195,-3.379117772729537,-3.376018213337686,-3.3729187202497735,-3.369819293539617,-3.3667199332760034,-3.3636206395235275,-3.360521412343345,-3.357422251793855,-3.354323157931313,-3.351224130810407,-3.348125170484797,-3.3450262770076264,-3.3419274504320273,-3.3388286908116154,-3.33572999820099,-3.3326313726562575,-3.329532814235573,-3.326434322999719,-3.323335899012736,-3.320237542342611,-3.317139253062043,-3.3140410312492987,-3.310942876989185,-3.3078447903741575,-3.304746771505583,-3.301648820495203,-3.2985509374668287,-3.2954531225583086,-3.2923553759238335,-3.289257697736631,-3.2861600879201984,-3.2830625464048246,-3.2799650731269576,-3.2768676680286437,-3.273770331057025,-3.2706730621638873,-3.267575861305256,-3.264478728441027,-3.261381663534642,-3.2582846665527896,-3.2551877374651395,-3.252090876244096,-3.248994082864585,-3.2458973573038485,-3.242800699541269,-3.2397041095582018,-3.2366075873378293,-3.2335111328650235,-3.2304147461262227,-3.227318427109319,-3.224222175803555,-3.221125992199434,-3.218029876288633,-3.2149338280639257,-3.2118378475191136,-3.2087419346489634,-3.2056460894491545,-3.2025503119162257,-3.1994546020475334,-3.1963589598412168,-3.193263385296172,-3.1901678784120246,-3.187072439189123,-3.1839770676285295,-3.180881763732035,-3.177786527502174,-3.174691358942268,-3.1715962580564785,-3.1685012248498947,-3.165406259328642,-3.162311361500042,-3.159216531372816,-3.1561217689573575,-3.1530270742660926,-3.1499324473139456,-3.146837888118958,-3.1437433967030914,-3.1406489730932834,-3.1375546173228295,-3.134460329433199,-3.1313661094764265,-3.1282719575182605,-3.1251778736423286,-3.122083857955647,-3.11898991059594,-3.1158960317413706,-3.1128022216235287,-3.1097084805447905,-3.1066148089015906,-3.103521207215693,-3.1004276761763285,-3.097334216697091,-3.0942408299929975,-3.0911475176850858,-3.0880542819427776,-3.0849611256781255,-3.0818680528115276,-3.078775068636145,-3.075682180318948,-3.072589397591384,-3.0694967337038506,-3.0664042067481048,-3.063311841494105,-3.060219671947895,-3.0571277449226186,-3.0540361250365726,-3.05094490172626,-3.0478541991115695,-3.0447641899077995,-3.0416751150934753,-3.0385873117839126,-3.0355012528305023,-3.0324176032134047,-3.029337300537587,-3.026261670194668,-3.023192590474444,-3.0201327297643,-3.017085887916675,-3.0140574882517615,-3.011055287390604,-3.008090399752617,-3.005178775409734,-3.002343327927428,-2.999616986404497,-2.9970470440468033,-2.9947012869570795,-2.9926764843005147,-2.991109836381686,-2.990193767907434
-3.5928056338541046,-3.592015968554685,-3.590647596264575,-3.5888518237987244,-3.5867383548350125,-3.5843874307600614,-3.5818581710237765,-3.579194400861186,-3.5764287798712684,-3.5735857599651926,-3.570683724346725,-3.5677365462657633,-3.564754732373702,-3.561746266087313,-3.5587172327146703,-3.5556722848255853,-3.5526149900469246,-3.549548091917827,-3.5464737061876765,-3.543393468995281,-3.5403086490570974,-3.5372202328485978,-3.534128989458542,-3.531035520099555,-3.527940296004461,-3.5248436875078015,-3.5217459864197096,-3.51864742328257,-3.515548180714026,-3.512448403749402,-3.5093482078780163,-3.5062476853028186,-3.5031469098279864,-3.5000459406844344,-3.496944825531246,-3.4938436028161806,-3.490742303636561,-3.487640953209777,-3.4845395720380625,-3.481438176833279,-3.478336781252891,-3.4752353964870544,-3.472134031728033,-3.469032694546401,-3.465931391193243,-3.46283012684347,-3.4597289057921747,-3.4566277316134593,-3.4535266072891906,-3.450425535313625,-3.447324517778615,-3.4442235564431556,-3.4411226527902783,-3.4380218080736973,-3.4349210233561442,-3.4318202995409344,-3.4287196373980247,-3.425619037585568,-3.4225185006677847,-3.419418027129807,-3.416317617390045,-3.4132172718105074,-3.410116990705432,-3.4070167743485165,-3.403916622979006,-3.4008165368068077,-3.397716516016822,-3.394616560772596,-3.3915166712194322,-3.3884168474870315,-3.3853170896917497,-3.382217397938529,-3.379117772322563,-3.3760182129307292,-3.3729187198428328,-3.369819293132692,-3.3667199328690938,-3.3636206391166334,-3.360521411936468,-3.3574222513869936,-3.3543231575244667,-3.351224130403577,-3.3481251700779833,-3.34502627660083,-3.3419274500252487,-3.3388286904048536,-3.335729997794245,-3.332631372249529,-3.3295328138288602,-3.326434322593022,-3.323335898606055,-3.3202375419359456,-3.317139252655392,-3.314041030842662,-3.310942876582565,-3.307844789967554,-3.304746771098996,-3.301648820088633,-3.298550937060275,-3.295453122151772,-3.292355375517313,-3.2892576973301266,-3.2861600875137107,-3.2830625459983525,-3.2799650727205005,-3.276867667622202,-3.273770330650599,-3.2706730617574773,-3.2675758608988623,-3.264478728034649,-3.26138166312828,-3.258284666146444,-3.25518773705881,-3.252090875837783,-3.2489940824582884,-3.245897356897569,-3.242800699135006,-3.2397041091519556,-3.2366075869315996,-3.2335111324588097,-3.230414745720024,-3.227318426703136,-3.2242221753973883,-3.2211259917932837,-3.2180298758825,-3.2149338276578097,-3.2118378471130136,-3.208741934242881,-3.2056460890430887,-3.202550311510176,-3.199454601641499,-3.1963589594351998,-3.193263384890172,-3.190167878006042,-3.187072438783156,-3.1839770672225796,-3.1808817633261013,-3.1777865270962575,-3.174691358536368,-3.1715962576505947,-3.1685012244440265,-3.16540625892279,-3.162311361094205,-3.159216530966995,-3.1561217685515537,-3.1530270738603043,-3.1499324469081733,-3.1468378877132013,-3.1437433962973507,-3.140648972687558,-3.13755461691712,-3.134460329027505,-3.1313661090707487,-3.1282719571125988,-3.125177873236684,-3.1220838575500203,-3.1189899101903302,-3.115896031335778,-3.1128022212179527,-3.1097084801392314,-3.1066148084960488,-3.1035212068101687,-3.100427675770821,-3.0973342162916,-3.094240829587523,-3.091147517279628,-3.0880542815373366,-3.0849611252727005,-3.0818680524061186,-3.078775068230751,-3.0756821799135703,-3.072589397186022,-3.069496733298504,-3.0664042063427748,-3.0633118410887903,-3.060219671542597,-3.0571277445173375,-3.054036124631309,-3.0509449013210137,-3.0478541987063394,-3.0447641895025863,-3.0416751146882794,-3.0385873113787327,-3.0355012524253397,-3.0324176028082594,-3.0293373001324575,-3.0262616697895552,-3.023192590069348,-3.020132729359221,-3.0170858875116138,-3.014057487846716,-3.0110552869855747,-3.0080903993476027,-3.0051787750047354,-3.002343327522445,-2.999616985999528,-2.997047043641849,-2.994701286552138,-2.9926764838955844,-2.9911098359767645,-2.9901937675025185
-3.5928056334310616,-3.592015968131647,-3.5906475958415456,-3.5888518233757045,-3.5867383544120033,-3.5843874303370655,-3.5818581706007953,-3.5791944004382183,-3.5764287794483156,-3.5735857595422558,-3.570683723923804,-3.5677365458428576,-3.5647547319508117,-3.5617462656644387,-3.5587172322918112,-3.5556722844027417,-3.552614989624096,-3.5495480914950144,-3.54647370576488,-3.5433934685725004,-3.540308648634334,-3.5372202324258506,-3.534128989035813,-3.5310355196768435,-3.5279402955817667,-3.524843687085125,-3.5217459859970504,-3.5186474228599276,-3.5155481802913995,-3.5124484033267915,-3.5093482074554205,-3.506247684880238,-3.5031469094054217,-3.5000459402618858,-3.496944825108714,-3.4938436023936648,-3.490742303214062,-3.4876409527872956,-3.4845395716155982,-3.4814381764108324,-3.4783367808304617,-3.475235396064642,-3.4721340313056377,-3.469032694124022,-3.465931390770881,-3.462830126421124,-3.459728905369846,-3.4566277311911477,-3.453526606866895,-3.450425534891347,-3.4473245173563556,-3.4442235560209147,-3.4411226523680543,-3.4380218076514906,-3.434921022933954,-3.43182029911876,-3.428719636975866,-3.4256190371634254,-3.4225185002456584,-3.4194180267076972,-3.416317616967953,-3.413217271388434,-3.4101169902833757,-3.407016773926477,-3.4039166225569817,-3.4008165363848,-3.3977165155948295,-3.394616560350619,-3.39151667079747,-3.3884168470650855,-3.3853170892698197,-3.382217397516615,-3.3791177719006655,-3.376018212508848,-3.372918719420969,-3.3698192927108455,-3.366719932447264,-3.3636206386948215,-3.3605214115146724,-3.357422250965214,-3.354323157102704,-3.3512241299818317,-3.3481251696562553,-3.345026276179119,-3.341927449603554,-3.3388286899831754,-3.335729997372584,-3.332631371827886,-3.3295328134072353,-3.326434322171415,-3.3233358981844665,-3.3202375415143752,-3.31713925223384,-3.3140410304211283,-3.310942876161048,-3.3078447895460537,-3.3047467706775118,-3.301648819667165,-3.2985509366388235,-3.295453121730337,-3.2923553750958945,-3.2892576969087237,-3.2861600870923233,-3.2830625455769815,-3.2799650722991465,-3.276867667200865,-3.2737703302292793,-3.2706730613361743,-3.2675758604775758,-3.264478727613379,-3.2613816627070267,-3.2582846657252076,-3.2551877366375894,-3.25209087541658,-3.2489940820371026,-3.2458973564763993,-3.2428006987138533,-3.239704108730819,-3.236607586510479,-3.233511132037706,-3.230414745298938,-3.227318426282067,-3.2242221749763367,-3.221125991372249,-3.2180298754614816,-3.2149338272368078,-3.2118378466920285,-3.208741933821913,-3.205646088622138,-3.202550311089242,-3.199454601220583,-3.1963589590143004,-3.1932633844692884,-3.190167877585175,-3.1870724383623057,-3.1839770668017455,-3.180881762905284,-3.1777865266754572,-3.174691358115584,-3.1715962572298273,-3.1685012240232755,-3.1654062585020553,-3.162311360673488,-3.159216530546295,-3.15612176813087,-3.1530270734396377,-3.1499324464875236,-3.1468378872925697,-3.1437433958767365,-3.1406489722669617,-3.1375546164965398,-3.1344603286069415,-3.131366108650201,-3.1282719566920676,-3.1251778728161685,-3.122083857129521,-3.1189899097698475,-3.115896030915312,-3.1128022207975037,-3.1097084797187993,-3.1066148080756335,-3.1035212063897704,-3.100427675350439,-3.0973342158712356,-3.0942408291671764,-3.0911475168592992,-3.088054281117026,-3.0849611248524074,-3.081868051985843,-3.0787750678104935,-3.07568217949333,-3.0725893967658,-3.0694967328783,-3.066404205922587,-3.063311840668621,-3.0602196711224456,-3.057127744097204,-3.0540361242111915,-3.0509449009009124,-3.047854198286254,-3.044764189082518,-3.0416751142682275,-3.038587310958697,-3.0355012520053215,-3.0324176023882576,-3.029337299712472,-3.0262616693695863,-3.0231925896493954,-3.0201327289392856,-3.017085887091696,-3.014057487426815,-3.0110552865656897,-3.008090398927734,-3.005178774584883,-3.002343327102608,-2.999616985579706,-2.997047043222041,-2.9947012861323423,-2.9926764834757997,-2.9911098355569883,-2.990193767082747
-3.5928056329925244,-3.5920159676931127,-3.5906475954030186,-3.5888518229371864,-3.5867383539734963,-3.5843874298985705,-3.581858170162314,-3.579194399999752,-3.5764287790098654,-3.573585759103821,-3.5706837234853865,-3.5677365454044576,-3.5647547315124304,-3.561746265226076,-3.5587172318534672,-3.5556722839644155,-3.5526149891857877,-3.5495480910567214,-3.5464737053266036,-3.543393468134239,-3.540308648196087,-3.5372202319876194,-3.5341289885975975,-3.531035519238644,-3.527940295143582,-3.5248436866469546,-3.5217459855588946,-3.5186474224217887,-3.5155481798532775,-3.5124484028886878,-3.509348207017336,-3.506247684442173,-3.503146908967375,-3.5000459398238575,-3.4969448246707033,-3.493843601955671,-3.4907423027760838,-3.4876409523493326,-3.484539571177652,-3.4814381759729014,-3.4783367803925467,-3.475235395626744,-3.472134030867756,-3.4690326936861573,-3.4659313903330333,-3.4628301259832934,-3.4597289049320317,-3.456627730753349,-3.453526606429113,-3.450425534453581,-3.447324516918606,-3.4442235555831826,-3.44112265193034,-3.4380218072137945,-3.4349210224962765,-3.4318202986811013,-3.4287196365382253,-3.425619036725803,-3.422518499808054,-3.4194180262701104,-3.4163176165303852,-3.4132172709508843,-3.4101169898458434,-3.4070167734889627,-3.4039166221194854,-3.4008165359473215,-3.3977165151573705,-3.394616559913178,-3.3915166703600486,-3.3884168466276807,-3.3853170888324313,-3.3822173970792435,-3.379117771463311,-3.376018212071511,-3.372918718983649,-3.3698192922735424,-3.366719932009978,-3.3636206382575518,-3.36052141107742,-3.3574222505279794,-3.354323156665487,-3.3512241295446317,-3.3481251692190717,-3.3450262757419518,-3.3419274491664037,-3.338828689546042,-3.335729996935468,-3.3326313713907867,-3.329532812970153,-3.3264343217343493,-3.323335897747418,-3.320237541077345,-3.317139251796827,-3.3140410299841325,-3.310942875724069,-3.3078447891090916,-3.3047467702405666,-3.3016488192302367,-3.298550936201913,-3.295453121293444,-3.2923553746590195,-3.289257696471866,-3.2861600866554834,-3.2830625451401594,-3.2799650718623417,-3.2768676667640775,-3.2737703297925087,-3.270673060899422,-3.267575860040841,-3.264478727176663,-3.2613816622703284,-3.2582846652885262,-3.2551877362009263,-3.252090874979935,-3.248994081600476,-3.2458973560397912,-3.2428006982772635,-3.2397041082942484,-3.2366075860739274,-3.2335111316011727,-3.230414744862422,-3.227318425845568,-3.2242221745398543,-3.221125990935784,-3.218029875025033,-3.214933826800376,-3.2118378462556145,-3.208741933385515,-3.2056460881857562,-3.2025503106528768,-3.1994546007842346,-3.1963589585779695,-3.1932633840329743,-3.1901678771488777,-3.1870724379260253,-3.183977066365483,-3.1808817624690393,-3.177786526239229,-3.1746913576793734,-3.1715962567936353,-3.1685012235871017,-3.1654062580659,-3.1623113602373514,-3.159216530110176,-3.1561217676947697,-3.153027073003557,-3.1499324460514613,-3.1468378868565248,-3.1437433954407084,-3.1406489718309505,-3.1375546160605454,-3.1344603281709644,-3.131366108214241,-3.1282719562561248,-3.125177872380243,-3.122083856693613,-3.1189899093339575,-3.1158960304794396,-3.11280222036165,-3.1097084792829635,-3.106614807639815,-3.103521205953969,-3.1004276749146547,-3.097334215435468,-3.094240828731425,-3.091147516423564,-3.088054280681307,-3.084961124416706,-3.081868051550159,-3.0787750673748273,-3.075682179057682,-3.07258939633017,-3.069496732442688,-3.0664042054869936,-3.063311840233045,-3.0602196706868865,-3.057127743661661,-3.0540361237756666,-3.0509449004654052,-3.047854197850766,-3.0447641886470485,-3.041675113832776,-3.0385873105232646,-3.0355012515699062,-3.0324176019528606,-3.0293372992770933,-3.0262616689342265,-3.023192589214054,-3.0201327285039614,-3.0170858866563885,-3.0140574869915255,-3.0110552861304187,-3.008090398492481,-3.0051787741496465,-3.0023433266673876,-2.9996169851445016,-2.997047042786851,-2.9947012856971664,-2.9926764830406363,-2.9911098351218346,-2.9901937666475993
-3.5928056325379005,-3.5920159672384933,-3.5906475949484045,-3.588851822482582,-3.5867383535189035,-3.5843874294439915,-3.5818581697077483,-3.579194399545201,-3.57642877855533,-3.5735857586493025,-3.570683723030884,-3.567736544949971,-3.5647547310579606,-3.561746264771622,-3.5587172313990294,-3.555672283509994,-3.552614988731382,-3.549548090602333,-3.546473704872231,-3.5433934676798846,-3.5403086477417514,-3.5372202315333023,-3.5341289881432987,-3.5310355187843623,-3.5279402946893197,-3.524843686192711,-3.5217459851046695,-3.5186474219675814,-3.5155481793990897,-3.5124484024345195,-3.5093482065631867,-3.5062476839880423,-3.503146908513263,-3.500045939369764,-3.496944824216628,-3.493843601501615,-3.4907423023220487,-3.4876409518953184,-3.4845395707236557,-3.481438175518924,-3.4783367799385876,-3.475235395172802,-3.472134030413832,-3.469032693232251,-3.465931389879145,-3.4628301255294223,-3.4597289044781787,-3.4566277302995148,-3.453526605975298,-3.4504255339997854,-3.4473245164648287,-3.4442235551294225,-3.4411226514765985,-3.4380218067600703,-3.43492102204257,-3.431820298227413,-3.4287196360845553,-3.425619036272151,-3.4225184993544193,-3.419418025816494,-3.4163176160767854,-3.4132172704973014,-3.4101169893922774,-3.4070167730354135,-3.4039166216659535,-3.4008165354938074,-3.397716514703874,-3.394616559459701,-3.391516669906589,-3.3884168461742403,-3.38531708837901,-3.3822173966258413,-3.3791177710099274,-3.3760182116181454,-3.3729187185303013,-3.3698192918202126,-3.3667199315566663,-3.363620637804258,-3.360521410624144,-3.357422250074721,-3.354323156212247,-3.3512241290914098,-3.3481251687658684,-3.3450262752887667,-3.3419274487132373,-3.3388286890928947,-3.335729996482339,-3.3326313709376763,-3.3295328125170602,-3.326434321281275,-3.3233358972943607,-3.320237540624305,-3.317139251343805,-3.3140410295311282,-3.310942875271083,-3.3078447886561237,-3.304746769787617,-3.3016488187773056,-3.2985509357490006,-3.2954531208405493,-3.292355374206142,-3.289257696019007,-3.2861600862026425,-3.2830625446873363,-3.2799650714095363,-3.276867666311289,-3.2737703293397384,-3.27067306044667,-3.2675758595881073,-3.2644787267239472,-3.2613816618176314,-3.258284664835848,-3.255187735748266,-3.252090874527292,-3.24899408114785,-3.245897355587183,-3.2428006978246726,-3.2397041078416753,-3.236607585621372,-3.2335111311486346,-3.2304147444099023,-3.227318425393067,-3.2242221740873718,-3.22112599048332,-3.2180298745725877,-3.2149338263479486,-3.2118378458032053,-3.208741932933125,-3.2056460877333848,-3.2025503102005244,-3.199454600331899,-3.1963589581256504,-3.193263383580673,-3.1901678766965946,-3.187072437473761,-3.183977065913237,-3.1808817620168113,-3.17778652578702,-3.1746913572271835,-3.1715962563414637,-3.1685012231349488,-3.165406257613765,-3.1623113597852335,-3.1592165296580754,-3.1561217672426856,-3.153027072551489,-3.149932445599411,-3.1468378864044926,-3.143743394988696,-3.1406489713789574,-3.1375546156085723,-3.134460327719011,-3.131366107762307,-3.1282719558042102,-3.125177871928348,-3.1220838562417375,-3.1189899088821,-3.1158960300276006,-3.1128022199098297,-3.1097084788311617,-3.106614807188031,-3.1035212055022035,-3.100427674462908,-3.0973342149837393,-3.0942408282797143,-3.091147515971871,-3.0880542802296307,-3.084961123965047,-3.081868051098517,-3.0787750669232024,-3.0756821786060744,-3.07258939587858,-3.069496731991116,-3.06640420503544,-3.06331183978151,-3.0602196702353694,-3.0571277432101622,-3.054036123324187,-3.050944900013945,-3.0478541973993245,-3.044764188195625,-3.041675113381371,-3.0385873100718777,-3.0355012511185375,-3.032417601501511,-3.0293372988257636,-3.0262616684829147,-3.0231925887627598,-3.0201327280526846,-3.01708588620513,-3.014057486540284,-3.011055285679194,-3.0080903980412734,-3.005178773698457,-3.0023433262162156,-2.9996169846933456,-2.9970470423357103,-2.9947012852460393,-2.9926764825895207,-2.9911098346707283,-2.9901937661964983
-3.5928056320666104,-3.592015966767207,-3.5906475944771272,-3.5888518220113137,-3.5867383530476475,-3.584387428972749,-3.5818581692365203,-3.579194399073989,-3.5764287780841335,-3.573585758178123,-3.5706837225597217,-3.5677365444788256,-3.5647547305868317,-3.5617462643005102,-3.558717230927935,-3.555672283038918,-3.552614988260325,-3.5495480901312946,-3.5464737044012122,-3.5433934672088836,-3.5403086472707694,-3.537220231062339,-3.534128987672355,-3.531035518313439,-3.5279402942184155,-3.524843685721826,-3.521745984633804,-3.518647421496735,-3.5155481789282614,-3.5124484019637086,-3.5093482060923944,-3.5062476835172673,-3.503146908042507,-3.5000459388990275,-3.496944823745912,-3.493843601030919,-3.490742301851372,-3.4876409514246602,-3.4845395702530175,-3.481438175048305,-3.4783367794679885,-3.4752353947022225,-3.4721340299432715,-3.46903269276171,-3.465931389408623,-3.4628301250589204,-3.459728904007696,-3.45662772982905,-3.4535266055048517,-3.450425533529356,-3.447324515994417,-3.4442235546590285,-3.4411226510062214,-3.4380218062897105,-3.4349210215722277,-3.431820297757089,-3.4287196356142493,-3.4256190358018626,-3.4225184988841493,-3.419418025346241,-3.4163176156065496,-3.4132172700270837,-3.4101169889220793,-3.407016772565235,-3.403916621195795,-3.400816535023668,-3.397716514233753,-3.3946165589895982,-3.3915166694365046,-3.388416845704175,-3.3853170879089642,-3.3822173961558146,-3.37911777053992,-3.3760182111481574,-3.3729187180603315,-3.3698192913502614,-3.366719931086733,-3.363620637334343,-3.360521410154248,-3.3574222496048445,-3.354323155742389,-3.351224128621571,-3.348125168296049,-3.3450262748189674,-3.3419274482434567,-3.3388286886231318,-3.335729996012595,-3.3326313704679507,-3.3295328120473537,-3.3264343208115874,-3.3233358968246924,-3.3202375401546553,-3.3171392508741735,-3.314041029061516,-3.31094287480149,-3.307844788186549,-3.3047467693180606,-3.301648818307767,-3.2985509352794797,-3.295453120371048,-3.2923553737366604,-3.2892576955495447,-3.2861600857331994,-3.2830625442179127,-3.2799650709401336,-3.2768676658419067,-3.273770328870376,-3.270673059977326,-3.267575859118782,-3.2644787262546395,-3.261381661348342,-3.2582846643665766,-3.2551877352790135,-3.2520908740580574,-3.248994080678634,-3.245897355117986,-3.2428006973554933,-3.2397041073725137,-3.236607585152229,-3.233511130679511,-3.230414743940797,-3.2273184249239795,-3.2242221736183025,-3.2211259900142677,-3.218029874103553,-3.2149338258789326,-3.2118378453342076,-3.2087419324641457,-3.2056460872644243,-3.202550309731582,-3.199454599862977,-3.1963589576567477,-3.1932633831117903,-3.19016787622773,-3.187072437004915,-3.1839770654444086,-3.1808817615480014,-3.177786525318229,-3.1746913567584105,-3.171596255872709,-3.1685012226662126,-3.1654062571450465,-3.1623113593165337,-3.159216529189396,-3.1561217667740262,-3.1530270720828493,-3.149932445130791,-3.1468378859358914,-3.143743394520114,-3.1406489709103944,-3.137554615140028,-3.1344603272504843,-3.1313661072937986,-3.12827195533572,-3.1251778714598766,-3.122083855773285,-3.1189899084136665,-3.115896029559186,-3.1128022194414333,-3.109708478362784,-3.1066148067196733,-3.103521205033865,-3.1004276739945884,-3.0973342145154388,-3.094240827811432,-3.0911475155036072,-3.088054279761387,-3.084961123496822,-3.081868050630311,-3.0787750664550164,-3.0756821781379085,-3.0725893954104326,-3.069496731522987,-3.066404204567329,-3.0633118393134184,-3.060219669767298,-3.0571277427421104,-3.054036122856154,-3.050944899545931,-3.047854196931329,-3.0447641877276483,-3.0416751129134134,-3.038587309603939,-3.0355012506506185,-3.0324176010336097,-3.0293372983578797,-3.0262616680150485,-3.0231925882949118,-3.0201327275848553,-3.017085885737319,-3.0140574860724922,-3.0110552852114214,-3.008090397573519,-3.005178773230721,-3.002343325748497,-2.999616984225644,-2.9970470418680257,-2.9947012847783703,-2.992676482121866,-2.9911098342030833,-2.990193765728859
-3.592805631578054,-3.5920159662786553,-3.590647593988583,-3.588851821522779,-3.586738352559124,-3.5843874284842383,-3.5818581687480244,-3.5791943985855084,-3.5764287775956682,-3.573585757689674,-3.5706837220712893,-3.5677365439904114,-3.564754730098436,-3.561746263812134,-3.558717230439578,-3.555672282550579,-3.552614987772004,-3.5495480896429914,-3.5464737039129273,-3.5433934667206186,-3.540308646782524,-3.537220230574114,-3.53412898718415,-3.531035517825253,-3.5279402937302478,-3.5248436852336775,-3.521745984145675,-3.518647421008625,-3.515548178440171,-3.512448401475637,-3.509348205604342,-3.506247683029234,-3.503146907554493,-3.5000459384110303,-3.496944823257932,-3.4938436005429576,-3.4907423013634284,-3.487640950936736,-3.484539569765113,-3.4814381745604206,-3.478336778980124,-3.4752353942143785,-3.4721340294554484,-3.4690326922739074,-3.4659313889208407,-3.4628301245711577,-3.4597289035199537,-3.4566277293413283,-3.45352660501715,-3.450425533041675,-3.447324515506756,-3.444223554171388,-3.441122650518601,-3.4380218058021104,-3.4349210210846466,-3.431820297269526,-3.428719635126705,-3.425619035314338,-3.4225184983966424,-3.419418024858754,-3.416317615119082,-3.4132172695396354,-3.4101169884346496,-3.407016772077824,-3.4039166207084017,-3.400816534536293,-3.397716513746397,-3.3946165585022605,-3.3915166689491856,-3.3884168452168737,-3.3853170874216802,-3.3822173956685484,-3.379117770052672,-3.376018210660928,-3.372918717573122,-3.369819290863072,-3.366719930599564,-3.3636206368471937,-3.3605214096671188,-3.3574222491177355,-3.3543231552553006,-3.3512241281345028,-3.3481251678090005,-3.345026274331939,-3.3419274477564485,-3.3388286881361435,-3.3357299955256257,-3.3326313699810006,-3.3295328115604232,-3.3264343203246765,-3.323335896337801,-3.3202375396677826,-3.317139250387321,-3.314041028574683,-3.310942874314677,-3.3078447876997554,-3.3047467688312873,-3.3016488178210137,-3.298550934792746,-3.2954531198843324,-3.292355373249964,-3.289257695062868,-3.286160085246543,-3.283062543731276,-3.2799650704535153,-3.2768676653553075,-3.2737703283837956,-3.270673059490765,-3.26757585863224,-3.2644787257681176,-3.26138166086184,-3.258284663880094,-3.2551877347925493,-3.2520908735716128,-3.248994080192208,-3.245897354631579,-3.242800696869106,-3.239704106886146,-3.2366075846658795,-3.23351113019318,-3.2304147434544856,-3.227318424437688,-3.2242221731320315,-3.2211259895280175,-3.2180298736173243,-3.2149338253927238,-3.2118378448480187,-3.2087419319779764,-3.205646086778275,-3.202550309245453,-3.1994545993768675,-3.1963589571706597,-3.1932633826257217,-3.1901678757416816,-3.187072436518887,-3.1839770649584014,-3.1808817610620137,-3.17778652483226,-3.1746913562724606,-3.1715962553867776,-3.1685012221802995,-3.165406256659154,-3.162311358830661,-3.159216528703542,-3.1561217662881917,-3.1530270715970343,-3.149932444644994,-3.146837885450114,-3.143743394034356,-3.1406489704246563,-3.1375546146543103,-3.1344603267647875,-3.131366106808122,-3.1282719548500637,-3.1251778709742406,-3.1220838552876677,-3.118989907928069,-3.115896029073609,-3.112802218955877,-3.109708477877248,-3.106614806234156,-3.103521204548367,-3.100427673509109,-3.097334214029979,-3.0942408273259923,-3.0911475150181875,-3.0880542792759873,-3.0849611230114427,-3.0818680501449522,-3.078775065969677,-3.0756821776525887,-3.0725893949251333,-3.069496731037708,-3.0664042040820707,-3.0633118388281786,-3.060219669282077,-3.0571277422569088,-3.054036122370971,-3.050944899060767,-3.047854196446183,-3.044764187242521,-3.041675112428305,-3.0385873091188498,-3.0355012501655483,-3.032417600548559,-3.0293372978728486,-3.026261667530037,-3.0231925878099197,-3.0201327270998832,-3.0170858852523654,-3.0140574855875575,-3.0110552847265053,-3.0080903970886226,-3.005178772745843,-3.0023433252636376,-2.999616983740802,-2.9970470413832,-2.9947012842935594,-2.9926764816370666,-2.9911098337182938,-2.9901937652440758
-3.592805631071588,-3.592015965772195,-3.5906475934821307,-3.5888518210163385,-3.5867383520526976,-3.584387427977826,-3.5818581682416273,-3.579194398079128,-3.5764287770893053,-3.573585757183328,-3.5706837215649614,-3.5677365434841017,-3.5647547295921456,-3.561746263305862,-3.558717229933323,-3.5556722820443425,-3.5526149872657866,-3.5495480891367936,-3.54647370340675,-3.5433934662144617,-3.5403086462763866,-3.537220230067996,-3.53412898667805,-3.531035517319172,-3.5279402932241877,-3.5248436847276374,-3.5217459836396547,-3.518647420502625,-3.515548177934191,-3.5124484009696784,-3.509348205098403,-3.5062476825233166,-3.503146907048595,-3.500045937905154,-3.4969448227520763,-3.49384360003712,-3.49074230085761,-3.4876409504309374,-3.4845395692593333,-3.4814381740546603,-3.4783367784743833,-3.475235393708658,-3.4721340289497484,-3.469032691768227,-3.4659313884151803,-3.4628301240655186,-3.4597289030143346,-3.4566277288357283,-3.4535266045115685,-3.4504255325361117,-3.4473245150012124,-3.444223553665864,-3.4411226500130967,-3.4380218052966254,-3.4349210205791816,-3.43182029676408,-3.4287196346212783,-3.42561903480893,-3.422518497891255,-3.4194180243533867,-3.416317614613736,-3.413217269034309,-3.410116987929343,-3.407016771572538,-3.4039166202031366,-3.40081653403105,-3.397716513241176,-3.39461655799706,-3.3915166684440066,-3.3884168447117156,-3.3853170869165425,-3.382217395163432,-3.379117769547577,-3.376018210155854,-3.372918717068068,-3.3698192903580386,-3.366719930094551,-3.363620636342201,-3.3605214091621463,-3.357422248612782,-3.3543231547503662,-3.351224127629587,-3.3481251673041035,-3.34502627382706,-3.3419274472515883,-3.3388286876313034,-3.335729995020806,-3.332631369476201,-3.329532811055644,-3.326434319819917,-3.323335895833062,-3.3202375391630636,-3.3171392498826213,-3.3140410280700032,-3.3109428738100175,-3.3078447871951164,-3.3047467683266687,-3.301648817316416,-3.298550934288169,-3.2954531193797783,-3.292355372745431,-3.2892576945583554,-3.2861600847420496,-3.2830625432268024,-3.279965069949062,-3.2768676648508737,-3.273770327879382,-3.270673058986372,-3.2675758581278673,-3.2644787252637655,-3.2613816603575074,-3.2582846633757816,-3.2551877342882576,-3.252090873067341,-3.248994079687956,-3.2458973541273464,-3.242800696364893,-3.2397041063819527,-3.2366075841617077,-3.2335111296890284,-3.230414742950354,-3.227318423933577,-3.22422217262794,-3.221125989023946,-3.2180298731132724,-3.214933824888692,-3.2118378443440068,-3.208741931473984,-3.2056460862743026,-3.202550308741501,-3.199454598872936,-3.196358956666747,-3.1932633821218297,-3.190167875237811,-3.1870724360150366,-3.183977064454571,-3.1808817605582047,-3.1777865243284724,-3.1746913557686947,-3.171596254883033,-3.168501221676577,-3.165406256155453,-3.162311358326981,-3.159216528199883,-3.1561217657845533,-3.1530270710934167,-3.149932444141399,-3.1468378849465406,-3.1437433935308032,-3.140648969921124,-3.1375546141507975,-3.1344603262612942,-3.1313661063046485,-3.12827195434661,-3.1251778704708055,-3.1220838547842518,-3.118989907424672,-3.115896028570231,-3.112802218452518,-3.1097084773739088,-3.106614805730837,-3.103521204045069,-3.1004276730058327,-3.0973342135267243,-3.0942408268227592,-3.091147514514975,-3.088054278772795,-3.084961122508271,-3.0818680496418014,-3.0787750654665462,-3.075682177149478,-3.072589394422042,-3.069496730534637,-3.0664042035790184,-3.063311838325147,-3.060219668779066,-3.0571277417539178,-3.0540361218680006,-3.0509448985578165,-3.0478541959432532,-3.0447641867396107,-3.0416751119254135,-3.0385873086159783,-3.0355012496626967,-3.032417600045728,-3.0293372973700383,-3.026261667027248,-3.0231925873071517,-3.0201327265971347,-3.0170858847496373,-3.0140574850848494,-3.011055284223817,-3.0080903965859545,-3.0051787722431946,-3.0023433247610085,-2.999616983238192,-2.9970470408806067,-2.9947012837909823,-2.9926764811345037,-2.991109833215742,-2.9901937647415306
-3.592805630546556,-3.592015965247167,-3.59064759295711,-3.5888518204913273,-3.5867383515276985,-3.584387427452841,-3.5818581677166574,-3.579194397554175,-3.57642877656437,-3.5735857566584115,-3.570683721040064,-3.5677365429592225,-3.564754729067285,-3.5617462627810217,-3.558717229408505,-3.5556722815195463,-3.552614986741011,-3.5495480886120396,-3.5464737028820164,-3.5433934656897486,-3.5403086457516943,-3.5372202295433235,-3.5341289861533993,-3.531035516794543,-3.527940292699579,-3.5248436842030504,-3.5217459831150895,-3.518647419978082,-3.5155481774096686,-3.5124484004451766,-3.509348204573922,-3.5062476819988553,-3.5031469065241545,-3.5000459373807344,-3.4969448222276776,-3.493843599512742,-3.4907423003332525,-3.4876409499065995,-3.484539568735016,-3.4814381735303632,-3.478336777950106,-3.4752353931844007,-3.4721340284255113,-3.4690326912440113,-3.4659313878909845,-3.4628301235413423,-3.4597289024901787,-3.456627728311594,-3.4535266039874557,-3.4504255320120216,-3.447324514477144,-3.4442235531418164,-3.44112264948907,-3.4380218047726205,-3.4349210200551976,-3.4318202962401174,-3.4287196340973374,-3.42561903428501,-3.4225184973673564,-3.4194180238295093,-3.4163176140898788,-3.413217268510474,-3.4101169874055293,-3.407016771048746,-3.4039166196793653,-3.400816533507299,-3.3977165127174453,-3.3946165574733516,-3.391516667920319,-3.3884168441880482,-3.3853170863928956,-3.3822173946398046,-3.3791177690239684,-3.3760182096322646,-3.3729187165444996,-3.3698192898344903,-3.3667199295710226,-3.3636206358186933,-3.3605214086386592,-3.3574222480893168,-3.3543231542269214,-3.351224127106164,-3.348125166780703,-3.3450262733036817,-3.3419274467282327,-3.338828687107969,-3.3357299944974925,-3.3326313689529092,-3.3295328105323727,-3.3264343192966677,-3.323335895309833,-3.320237538639856,-3.317139249359435,-3.314041027546837,-3.3109428732868706,-3.3078447866719896,-3.3047467678035614,-3.3016488167933282,-3.2985509337651013,-3.2954531188567295,-3.292355372222402,-3.2892576940353466,-3.2861600842190626,-3.283062542703836,-3.279965069426115,-3.276867664327948,-3.273770327356477,-3.2706730584634873,-3.2675758576050034,-3.2644787247409224,-3.2613816598346856,-3.2582846628529816,-3.2551877337654784,-3.252090872544583,-3.2489940791652194,-3.245897353604631,-3.2428006958421998,-3.239704105859281,-3.2366075836390573,-3.2335111291663994,-3.230414742427747,-3.2273184234109915,-3.2242221721053768,-3.2211259885014036,-3.2180298725907504,-3.2149338243661907,-3.211837843821526,-3.2087419309515237,-3.2056460857518627,-3.2025503082190823,-3.199454598350538,-3.1963589561443704,-3.193263381599474,-3.1901678747154762,-3.1870724354927225,-3.1839770639322773,-3.180881760035931,-3.177786523806219,-3.1746913552464617,-3.171596254360821,-3.1685012211543846,-3.1654062556332807,-3.162311357804829,-3.1592165276777524,-3.1561217652624443,-3.153027070571328,-3.1499324436193312,-3.1468378844244933,-3.1437433930087773,-3.1406489693991184,-3.1375546136288133,-3.134460325739331,-3.1313661057827065,-3.1282719538246897,-3.125177869948907,-3.1220838542623754,-3.1189899069028177,-3.115896028048398,-3.1128022179307058,-3.1097084768521173,-3.1066148052090665,-3.1035212035233193,-3.1004276724841047,-3.0973342130050168,-3.0942408263010717,-3.0911475139933087,-3.0880542782511498,-3.084961121986646,-3.0818680491201973,-3.078775064944964,-3.0756821766279177,-3.0725893939005036,-3.069496730013119,-3.0664042030575223,-3.0633118378036714,-3.0602196682576106,-3.0571277412324833,-3.0540361213465874,-3.050944898036425,-3.0478541954218836,-3.0447641862182624,-3.0416751114040874,-3.0385873080946735,-3.035501249141414,-3.0324175995244667,-3.0293372968487984,-3.0262616665060293,-3.023192586785955,-3.020132726075959,-3.017085884228483,-3.0140574845637165,-3.0110552837027047,-3.008090396064862,-3.005178771722121,-3.0023433242399533,-2.9996169827171557,-2.9970470403595892,-2.994701283269981,-2.9926764806135164,-2.9911098326947654,-2.99019376422056
-3.592805630002286,-3.592015964702902,-3.5906475924128545,-3.5888518199470845,-3.586738350983469,-3.584387426908627,-3.5818581671724607,-3.5791943970099966,-3.5764287760202103,-3.5735857561142703,-3.5706837204959427,-3.5677365424151235,-3.564754728523207,-3.5617462622369644,-3.5587172288644684,-3.555672280975531,-3.552614986197017,-3.5495480880680668,-3.5464737023380644,-3.5433934651458165,-3.5403086452077828,-3.5372202289994337,-3.5341289856095304,-3.531035516250695,-3.5279402921557517,-3.5248436836592436,-3.5217459825713027,-3.5186474194343145,-3.515548176865922,-3.5124483999014497,-3.5093482040302164,-3.5062476814551706,-3.5031469059804907,-3.5000459368370906,-3.496944821684055,-3.4938435989691414,-3.490742299789674,-3.4876409493630423,-3.4845395681914804,-3.4814381729868513,-3.4783367774066165,-3.475235392640933,-3.4721340278820647,-3.469032690700585,-3.4659313873475797,-3.4628301229979592,-3.4597289019468165,-3.4566277277682533,-3.4535266034441374,-3.450425531468724,-3.447324513933867,-3.4442235525985607,-3.441122648945836,-3.4380218042294084,-3.4349210195120072,-3.4318202956969506,-3.428719633554193,-3.4256190337418895,-3.4225184968242583,-3.4194180232864326,-3.416317613546823,-3.4132172679674384,-3.4101169868625147,-3.4070167705057517,-3.403916619136393,-3.400816532964348,-3.3977165121745156,-3.3946165569304423,-3.3915166673774295,-3.3884168436451807,-3.3853170858500494,-3.38221739409698,-3.3791177684811666,-3.3760182090894846,-3.3729187160017395,-3.369819289291751,-3.3667199290283043,-3.363620635275994,-3.36052140809598,-3.357422247546658,-3.3543231536842844,-3.3512241265635483,-3.348125166238108,-3.345026272761108,-3.341927446185679,-3.3388286865654364,-3.335729993954981,-3.3326313684104183,-3.329532809989903,-3.3264343187542194,-3.3233358947674065,-3.320237538097451,-3.3171392488170524,-3.3140410270044773,-3.310942872744534,-3.3078447861296763,-3.3047467672612716,-3.301648816251061,-3.298550933222856,-3.2954531183145064,-3.2923553716802014,-3.289257693493168,-3.2861600836769056,-3.2830625421617006,-3.2799650688840023,-3.2768676637858576,-3.2737703268144083,-3.270673057921442,-3.267575857062981,-3.2644787241989226,-3.2613816592927076,-3.2582846623110253,-3.2551877332235444,-3.252090872002671,-3.248994078623329,-3.245897353062762,-3.2428006953003514,-3.2397041053174545,-3.236607583097252,-3.2335111286246163,-3.230414741885985,-3.227318422869251,-3.2242221715636563,-3.221125987959705,-3.2180298720490734,-3.214933823824536,-3.211837843279893,-3.208741930409913,-3.205646085210275,-3.2025503076775164,-3.199454597808994,-3.196358955602849,-3.1932633810579754,-3.1901678741739996,-3.187072434951267,-3.1839770633908446,-3.180881759494521,-3.177786523264831,-3.1746913547050952,-3.1715962538194766,-3.168501220613062,-3.1654062550919795,-3.1623113572635493,-3.159216527136494,-3.1561217647212065,-3.153027070030112,-3.149932443078136,-3.146837883883319,-3.143743392467623,-3.140648968857985,-3.1375546130877,-3.1344603251982392,-3.131366105241637,-3.128271953283642,-3.1251778694078807,-3.1220838537213718,-3.1189899063618367,-3.1158960275074397,-3.11280221738977,-3.1097084763112033,-3.1066148046681747,-3.1035212029824484,-3.1004276719432537,-3.0973342124641867,-3.0942408257602634,-3.0911475134525226,-3.0880542777103868,-3.0849611214459056,-3.0818680485794774,-3.078775064404265,-3.075682176087239,-3.0725893933598454,-3.069496729472483,-3.0664042025169094,-3.0633118372630808,-3.0602196677170426,-3.0571277406919375,-3.0540361208060633,-3.050944897495922,-3.0478541948814017,-3.0447641856778023,-3.041675110863649,-3.038587307554257,-3.035501248601019,-3.032417598984093,-3.0293372963084466,-3.0262616659656993,-3.0231925862456466,-3.0201327255356736,-3.0170858836882184,-3.014057484023473,-3.0110552831624835,-3.008090395524662,-3.0051787711819427,-3.002343323699796,-2.9996169821770184,-2.9970470398194706,-2.99470128272988,-2.9926764800734307,-2.9911098321546916,-2.9901937636804927
-3.5928056294380553,-3.5920159641386755,-3.5906475918486374,-3.5888518193828802,-3.5867383504192794,-3.5843874263444535,-3.5818581666083045,-3.5791943964458577,-3.5764287754560904,-3.5735857555501704,-3.5706837199318624,-3.5677365418510627,-3.564754727959167,-3.561746261672944,-3.558717228300468,-3.5556722804115504,-3.552614985633059,-3.549548087504132,-3.546473701774153,-3.5433934645819285,-3.540308644643917,-3.5372202284355905,-3.5341289850457094,-3.5310355156868973,-3.527940291591977,-3.5248436830954906,-3.521745982007573,-3.5186474188706094,-3.5155481763022407,-3.5124483993377926,-3.5093482034665815,-3.506247680891559,-3.5031469054169,-3.5000459362735232,-3.4969448211205085,-3.493843598405617,-3.4907422992261723,-3.4876409487995637,-3.4845395676280253,-3.4814381724234167,-3.478336776843203,-3.475235392077542,-3.4721340273186962,-3.4690326901372397,-3.465931386784257,-3.4628301224346583,-3.4597289013835373,-3.456627727204996,-3.4535266028809013,-3.450425530905511,-3.447324513370677,-3.4442235520353934,-3.4411226483826916,-3.4380218036662864,-3.4349210189489088,-3.4318202951338734,-3.428719632991137,-3.4256190331788536,-3.4225184962612443,-3.419418022723441,-3.4163176129838537,-3.4132172674044914,-3.41011698629959,-3.407016769942849,-3.403916618573512,-3.400816532401489,-3.3977165116116788,-3.3946165563676276,-3.3915166668146384,-3.388416843082411,-3.385317085287302,-3.3822173935342543,-3.379117767918461,-3.3760182085268005,-3.3729187154390785,-3.3698192887291136,-3.366719928465691,-3.3636206347134054,-3.3605214075334144,-3.357422246984115,-3.3543231531217645,-3.3512241260010507,-3.348125165675633,-3.345026272198655,-3.3419274456232495,-3.33882868600303,-3.3357299933925972,-3.3326313678480575,-3.3295328094275654,-3.326434318191904,-3.3233358942051137,-3.3202375375351814,-3.317139248254805,-3.314041026442252,-3.31094287218233,-3.3078447855674935,-3.30474676669911,-3.301648815688922,-3.2985509326607394,-3.295453117752412,-3.292355371118129,-3.289257692931118,-3.2861600831148783,-3.2830625415996963,-3.279965068322021,-3.276867663223898,-3.273770326252471,-3.2706730573595255,-3.267575856501086,-3.264478723637048,-3.2613816587308544,-3.258284661749194,-3.2551877326617347,-3.252090871440884,-3.2489940780615654,-3.2458973525010215,-3.2428006947386354,-3.239704104755761,-3.236607582535582,-3.2335111280629687,-3.2304147413243602,-3.2273184223076488,-3.2242221710020775,-3.2211259873981493,-3.2180298714875404,-3.214933823263025,-3.2118378427184058,-3.208741929848449,-3.205646084648833,-3.202550307116097,-3.1994545972475965,-3.196358955041473,-3.19326338049662,-3.190167873612666,-3.1870724343899566,-3.1839770628295576,-3.1808817589332574,-3.1777865227035913,-3.1746913541438793,-3.1715962532582838,-3.168501220051893,-3.1654062545308337,-3.1623113567024275,-3.1592165265753946,-3.1561217641601305,-3.153027069469058,-3.1499324425171045,-3.14683788332231,-3.1437433919066367,-3.1406489682970213,-3.1375546125267597,-3.1344603246373217,-3.131366104680742,-3.1282719527227703,-3.125177868847032,-3.1220838531605444,-3.118989905801031,-3.115896026946656,-3.1128022168290084,-3.109708475750465,-3.1066148041074593,-3.103521202421756,-3.1004276713825845,-3.09733421190354,-3.09424082519964,-3.091147512891921,-3.0880542771498063,-3.0849611208853474,-3.0818680480189427,-3.078775063843753,-3.075682175526751,-3.072589392799381,-3.069496728912041,-3.066404201956488,-3.063311836702681,-3.060219667156665,-3.0571277401315835,-3.054036120245732,-3.0509448969356137,-3.047854194321116,-3.0447641851175398,-3.041675110303409,-3.0385873069940397,-3.035501248040824,-3.032417598423921,-3.029337295748297,-3.026261665405571,-3.0231925856855386,-3.0201327249755865,-3.017085883128154,-3.014057483463431,-3.0110552826024626,-3.008090394964663,-3.005178770621964,-3.0023433231398378,-2.99961698161708,-2.997047039259551,-2.9947012821699768,-2.9926764795135425,-2.9911098315948155,-2.990193763120624
-3.5928056288531454,-3.592015963553772,-3.5906475912637426,-3.588851818797997,-3.5867383498344108,-3.584387425759602,-3.5818581660234705,-3.579194395861042,-3.5764287748712933,-3.573585754965393,-3.5706837193471053,-3.5677365412663256,-3.56475472737445,-3.5617462610882504,-3.558717227715799,-3.5556722798269065,-3.552614985048438,-3.549548086919533,-3.546473701189576,-3.543393463997374,-3.540308644059385,-3.5372202278510803,-3.534128984461221,-3.5310355151024297,-3.5279402910075315,-3.5248436825110687,-3.521745981423173,-3.5186474182862315,-3.515548175717884,-3.512448398753458,-3.5093482028822693,-3.5062476803072697,-3.503146904832636,-3.500045935689283,-3.4969448205362936,-3.4938435978214266,-3.490742298642006,-3.4876409482154207,-3.484539567043904,-3.4814381718393177,-3.478336776259127,-3.4752353914934875,-3.472134026734664,-3.469032689553229,-3.465931386200269,-3.462830121850694,-3.459728900799597,-3.4566277266210785,-3.453526602297007,-3.4504255303216396,-3.447324512786828,-3.444223551451568,-3.441122647798889,-3.438021803082506,-3.4349210183651504,-3.4318202945501386,-3.428719632407426,-3.4256190325951676,-3.422518495677582,-3.419418022139802,-3.4163176124002383,-3.4132172668209018,-3.410116985716025,-3.407016769359309,-3.403916617989997,-3.400816531817998,-3.397716511028211,-3.3946165557841828,-3.391516666231217,-3.388416842499014,-3.3853170847039293,-3.3822173929509063,-3.3791177673351376,-3.3760182079435013,-3.372918714855803,-3.369819288145861,-3.366719927882461,-3.3636206341301977,-3.36052140695023,-3.3574222464009535,-3.3543231525386252,-3.3512241254179336,-3.348125165092537,-3.3450262716155805,-3.3419274450401963,-3.3388286854199984,-3.335729992809588,-3.3326313672650714,-3.3295328088446023,-3.326434317608965,-3.3233358936221986,-3.3202375369522903,-3.3171392476719377,-3.314041025859409,-3.3109428715995124,-3.3078447849847006,-3.304746766116341,-3.3016488151061765,-3.298550932078017,-3.2954531171697123,-3.292355370535453,-3.2892576923484653,-3.2861600825322483,-3.283062541017088,-3.279965067739435,-3.276867662641336,-3.273770325669934,-3.2706730567770133,-3.2675758559185977,-3.2644787230545846,-3.2613816581484145,-3.2582846611667784,-3.2551877320793436,-3.2520908708585154,-3.248994077479219,-3.2458973519186984,-3.2428006941563345,-3.2397041041734838,-3.2366075819533275,-3.2335111274807367,-3.230414740742151,-3.227318421725463,-3.2242221704199148,-3.2211259868160096,-3.2180298709054243,-3.2149338226809325,-3.2118378421363363,-3.2087419292664023,-3.2056460840668093,-3.202550306534096,-3.1994545966656185,-3.1963589544595186,-3.193263379914689,-3.1901678730307568,-3.1870724338080705,-3.183977062247693,-3.180881758351414,-3.17778652212177,-3.1746913535620798,-3.1715962526765065,-3.1685012194701385,-3.1654062539491026,-3.162311356120719,-3.1592165259937093,-3.156121763578468,-3.1530270688874205,-3.1499324419354897,-3.1468378827407197,-3.1437433913250716,-3.1406489677154816,-3.137554611945244,-3.134460324055831,-3.131366104099275,-3.1282719521413256,-3.125177868265611,-3.1220838525791477,-3.118989905219659,-3.1158960263653075,-3.1128022162476836,-3.109708475169164,-3.1066148035261816,-3.103521201840502,-3.1004276708013534,-3.0973342113223326,-3.0942408246184554,-3.0911475123107603,-3.0880542765686694,-3.0849611203042344,-3.081868047437853,-3.078775063262686,-3.0756821749457055,-3.0725893922183585,-3.0694967283310413,-3.066404201375512,-3.0633118361217297,-3.060219666575737,-3.0571277395506775,-3.0540361196648496,-3.0509448963547547,-3.047854193740281,-3.044764184536729,-3.0416751097226227,-3.0385873064132767,-3.0355012474600844,-3.032417597843205,-3.0293372951676045,-3.0262616648249026,-3.0231925851048946,-3.0201327243949656,-3.0170858825475566,-3.014057482882856,-3.0110552820219114,-3.0080903943841344,-3.0051787700414594,-3.002343322559356,-2.9996169810366187,-2.99704703867911,-2.9947012815895544,-2.9926764789331353,-2.9911098310144197,-2.990193762540235
-3.5928056282468,-3.592015962947431,-3.5906475906574116,-3.588851818191678,-3.586738349228106,-3.584387425153314,-3.5818581654172026,-3.5791943952547944,-3.576428774265068,-3.5735857543591907,-3.5706837187409253,-3.5677365406601687,-3.564754726768316,-3.561746260482138,-3.5587172271097085,-3.5556722792208366,-3.5526149844423895,-3.549548086313507,-3.546473700583573,-3.543393463391394,-3.54030864345343,-3.53722022724515,-3.5341289838553163,-3.5310355144965513,-3.527940290401678,-3.524843681905239,-3.521745980817368,-3.51864741768045,-3.5155481751121265,-3.5124483981477237,-3.509348202276558,-3.5062476797015796,-3.5031469042269667,-3.500045935083635,-3.496944819930666,-3.4938435972158213,-3.4907422980364236,-3.4876409476098633,-3.4845395664383725,-3.481438171233813,-3.4783367756536494,-3.4752353908880367,-3.472134026129239,-3.46903268894783,-3.465931385594895,-3.462830121245344,-3.459728900194271,-3.4566277260157765,-3.4535266016917276,-3.4504255297163833,-3.4473245121815954,-3.4442235508463583,-3.4411226471937035,-3.4380218024773446,-3.4349210177600136,-3.4318202939450257,-3.428719631802338,-3.425619031990103,-3.422518495072541,-3.4194180215347854,-3.4163176117952454,-3.4132172662159306,-3.4101169851110766,-3.4070167687543824,-3.403916617385093,-3.400816531213118,-3.3977165104233547,-3.394616555179351,-3.3915166656264097,-3.38841684189423,-3.385317084099171,-3.3822173923461736,-3.3791177667304297,-3.3760182073388183,-3.3729187142511448,-3.369819287541227,-3.3667199272778503,-3.363620633525612,-3.360521406345668,-3.3574222457964162,-3.354323151934112,-3.3512241248134447,-3.348125164488073,-3.3450262710111414,-3.341927444435782,-3.338828684815608,-3.3357299922052226,-3.33263136666073,-3.329532808240285,-3.3264343170046713,-3.323335893017929,-3.3202375363480434,-3.3171392470677135,-3.314041025255207,-3.310942870995333,-3.307844784380544,-3.304746765512208,-3.301648814502068,-3.2985509314739336,-3.2954531165656538,-3.292355369931419,-3.2892576917444565,-3.286160081928264,-3.28306254041313,-3.279965067135502,-3.2768676620374273,-3.2737703250660477,-3.2706730561731496,-3.2675758553147567,-3.264478722450767,-3.261381657544622,-3.2582846605630085,-3.2551877314755977,-3.2520908702547944,-3.2489940768755226,-3.245897351315026,-3.2428006935526863,-3.2397041035698595,-3.2366075813497273,-3.2335111268771617,-3.2304147401386007,-3.2273184211219363,-3.224222169816412,-3.2211259862125314,-3.21802987030197,-3.214933822077503,-3.2118378415329305,-3.2087419286630197,-3.2056460834634497,-3.2025503059307594,-3.1994545960623055,-3.196358953856229,-3.1932633793114227,-3.1901678724275144,-3.1870724332048517,-3.183977061644499,-3.1808817577482453,-3.1777865215186254,-3.17469135295896,-3.171596252073412,-3.1685012188670685,-3.165406253346057,-3.1623113555176974,-3.1592165253907116,-3.1561217629754945,-3.1530270682844708,-3.149932441332566,-3.1468378821378202,-3.143743390722195,-3.1406489671126283,-3.1375546113424155,-3.1344603234530255,-3.131366103496494,-3.1282719515385686,-3.1251778676628783,-3.1220838519764387,-3.118989904616973,-3.1158960257626456,-3.1128022156450457,-3.1097084745665495,-3.106614802923592,-3.1035212012379363,-3.100427670198813,-3.0973342107198176,-3.0942408240159662,-3.091147511708296,-3.0880542759662304,-3.0849611197018207,-3.0818680468354644,-3.0787750626603234,-3.075682174343368,-3.072589391616046,-3.069496727728754,-3.0664042007732495,-3.0633118355194906,-3.060219665973522,-3.057127738948487,-3.054036119062684,-3.0509448957526133,-3.0478541931381646,-3.0447641839346375,-3.041675109120556,-3.0385873058112347,-3.0355012468580664,-3.0324175972412104,-3.0293372945656336,-3.0262616642229556,-3.0231925845029712,-3.020132723793068,-3.017085881945684,-3.0140574822810082,-3.0110552814200875,-3.0080903937823344,-3.0051787694396817,-3.0023433219576003,-2.9996169804348853,-2.9970470380773975,-2.994701280987861,-2.9926764783314583,-2.9911098304127552,-2.9901937619385777
-3.5928056276182208,-3.5920159623188592,-3.59064759002885,-3.5888518175631323,-3.5867383485995767,-3.584387424524801,-3.5818581647887067,-3.5791943946263176,-3.5764287736366107,-3.573585753730754,-3.570683718112511,-3.5677365400317766,-3.5647547261399475,-3.5617462598537935,-3.558717226481387,-3.5556722785925405,-3.552614983814119,-3.549548085685262,-3.546473699955353,-3.5433934627631993,-3.5403086428252597,-3.537220226617004,-3.5341289832271943,-3.5310355138684533,-3.5279402897736043,-3.5248436812771904,-3.5217459801893436,-3.5186474170524504,-3.5155481744841524,-3.5124483975197758,-3.509348201648637,-3.506247679073686,-3.5031469035991,-3.5000459344557946,-3.4969448193028527,-3.4938435965880332,-3.4907422974086613,-3.4876409469821246,-3.484539565810657,-3.4814381706061193,-3.4783367750259777,-3.475235390260388,-3.472134025501614,-3.469032688320229,-3.465931384967318,-3.4628301206177916,-3.4597288995667435,-3.456627725388274,-3.4535266010642514,-3.4504255290889323,-3.44732451155417,-3.4442235502189593,-3.4411226465663303,-3.4380218018499966,-3.4349210171326905,-3.4318202933177284,-3.428719631175065,-3.4256190313628556,-3.422518494445318,-3.419418020907587,-3.4163176111680724,-3.413217265588783,-3.4101169844839547,-3.4070167681272863,-3.4039166167580213,-3.40081653058607,-3.3977165097963313,-3.3946165545523526,-3.3915166649994357,-3.3884168412672806,-3.385317083472245,-3.3822173917192706,-3.379117766103551,-3.3760182067119646,-3.372918713624315,-3.369819286914422,-3.366719926651071,-3.3636206328988574,-3.3605214057189396,-3.357422245169712,-3.354323151307433,-3.3512241241867913,-3.3481251638614453,-3.3450262703845395,-3.3419274438092055,-3.3388286841890573,-3.335729991578696,-3.332631366034229,-3.329532807613809,-3.3264343163782204,-3.323335892391502,-3.3202375357216423,-3.3171392464413376,-3.314041024628857,-3.310942870369009,-3.307844783754246,-3.304746764885936,-3.3016488138758207,-3.2985509308477106,-3.2954531159394556,-3.2923553693052447,-3.2892576911183062,-3.286160081302139,-3.28306253978703,-3.2799650665094267,-3.276867661411376,-3.2737703244400223,-3.2706730555471495,-3.2675758546887823,-3.2644787218248177,-3.2613816569186977,-3.2582846599371105,-3.255187730849725,-3.252090869628947,-3.2489940762497014,-3.245897350689231,-3.242800692926916,-3.2397041029441143,-3.236607580724007,-3.233511126251466,-3.23041473951293,-3.2273184204962906,-3.2242221691907917,-3.2211259855869354,-3.2180298696763994,-3.2149338214519565,-3.211837840907409,-3.208741928037524,-3.20564608283798,-3.2025503053053153,-3.1994545954368885,-3.1963589532308374,-3.193263378686057,-3.190167871802174,-3.1870724325795363,-3.183977061019208,-3.1808817571229793,-3.177786520893385,-3.174691352333745,-3.1715962514482214,-3.1685012182419032,-3.1654062527209166,-3.1623113548925823,-3.1592165247656223,-3.156121762350431,-3.153027067659432,-3.149932440707551,-3.1468378815128295,-3.14374339009723,-3.140648966487688,-3.1375546107175007,-3.1344603228281365,-3.1313661028716293,-3.128271950913729,-3.125177867038063,-3.122083851351648,-3.118989903992207,-3.115896025137904,-3.11280221502033,-3.1097084739418595,-3.106614802298927,-3.103521200613297,-3.1004276695741986,-3.0973342100952275,-3.0942408233914,-3.0911475110837547,-3.0880542753417135,-3.084961119077328,-3.0818680462109955,-3.078775062035877,-3.0756821737189464,-3.0725893909916486,-3.069496727104382,-3.066404200148903,-3.0633118348951704,-3.0602196653492277,-3.057127738324218,-3.0540361184384395,-3.050944895128394,-3.0478541925139697,-3.0447641833104675,-3.0416751084964098,-3.0385873051871135,-3.035501246233971,-3.0324175966171407,-3.029337293941589,-3.026261663598936,-3.0231925838789784,-3.0201327231691013,-3.0170858813217425,-3.014057481657092,-3.011055280796196,-3.0080903931584677,-3.00517876881584,-3.0023433213337825,-2.999616979811091,-2.997047037453624,-2.9947012803641067,-2.9926764777077213,-2.9911098297890306,-2.990193761314861
-3.5928056269666127,-3.5920159616672542,-3.5906475893772543,-3.5888518169115478,-3.5867383479480073,-3.5843874238732485,-3.5818581641371727,-3.5791943939748037,-3.576428772985118,-3.573585753079284,-3.570683717461064,-3.5677365393803537,-3.564754725488548,-3.5617462592024176,-3.558717225830037,-3.5556722779412158,-3.5526149831628193,-3.5495480850339862,-3.546473699304103,-3.543393462111975,-3.5403086421740606,-3.5372202259658305,-3.5341289825760467,-3.531035513217331,-3.5279402891225082,-3.5248436806261214,-3.521745979538301,-3.5186474164014334,-3.5155481738331624,-3.512448396868811,-3.5093482009976995,-3.5062476784227754,-3.5031469029482154,-3.5000459338049352,-3.4969448186520187,-3.4938435959372245,-3.4907422967578765,-3.4876409463313656,-3.4845395651599236,-3.4814381699554118,-3.4783367743752973,-3.4752353896097334,-3.4721340248509853,-3.4690326876696256,-3.46593138431674,-3.4628301199672378,-3.459728898916214,-3.45662772473777,-3.4535266004137726,-3.450425528438479,-3.447324510903742,-3.4442235495685565,-3.4411226459159527,-3.438021801199645,-3.4349210164823645,-3.4318202926674273,-3.4287196305247902,-3.4256190307126055,-3.4225184937950943,-3.4194180202573894,-3.4163176105179014,-3.4132172649386385,-3.410116983833837,-3.4070167674771956,-3.4039166161079586,-3.4008165299360344,-3.3977165091463215,-3.394616553902369,-3.3915166643494783,-3.3884168406173503,-3.3853170828223407,-3.382217391069392,-3.3791177654536972,-3.376018206062135,-3.3729187129745117,-3.3698192862646437,-3.366719926001318,-3.363620632249131,-3.360521405069239,-3.357422244520038,-3.3543231506577857,-3.3512241235371696,-3.34812516321185,-3.3450262697349706,-3.3419274431596624,-3.3388286835395404,-3.335729990929206,-3.332631365384764,-3.3295328069643704,-3.326434315728807,-3.323335891742115,-3.320237535072281,-3.317139245792003,-3.3140410239795477,-3.3109428697197245,-3.307844783104986,-3.3047467642367008,-3.30164881322661,-3.2985509301985254,-3.2954531152902957,-3.2923553686561107,-3.289257690469198,-3.2861600806530555,-3.283062539137972,-3.2799650658603943,-3.27686766076237,-3.273770323791042,-3.2706730548981953,-3.2675758540398547,-3.2644787211759168,-3.261381656269822,-3.258284659288261,-3.2551877302009014,-3.2520908689801487,-3.248994075600928,-3.2458973500404817,-3.242800692278193,-3.2397041022954167,-3.2366075800753356,-3.2335111256028215,-3.2304147388643116,-3.227318419847698,-3.2242221685422248,-3.221125984938394,-3.2180298690278843,-3.2149338208034686,-3.211837840258948,-3.2087419273890907,-3.2056460821895736,-3.202550304656936,-3.1994545947885347,-3.1963589525825102,-3.1932633780377575,-3.190167871153902,-3.1870724319312917,-3.1839770603709905,-3.1808817564747884,-3.177786520245221,-3.1746913516856075,-3.1715962508001097,-3.168501217593817,-3.165406252072857,-3.1623113542445496,-3.1592165241176158,-3.1561217617024497,-3.1530270670114766,-3.149932440059621,-3.146837880864926,-3.143743389449352,-3.1406489658398358,-3.137554610069673,-3.134460322180334,-3.131366102223853,-3.128271950265978,-3.1251778663903376,-3.1220838507039494,-3.1189899033445347,-3.115896024490259,-3.1128022143727105,-3.109708473294266,-3.1066148016513586,-3.1035211999657544,-3.1004276689266823,-3.0973342094477365,-3.094240822743935,-3.0911475104363144,-3.088054274694299,-3.084961118429939,-3.0818680455636334,-3.078775061388543,-3.0756821730716384,-3.072589390344367,-3.0694967264571265,-3.0664041995016738,-3.0633118342479677,-3.060219664702051,-3.0571277376770674,-3.054036117791315,-3.0509448944812956,-3.0478541918668967,-3.04476418266342,-3.0416751078493887,-3.038587304540118,-3.0355012455870014,-3.0324175959701973,-3.029337293294672,-3.026261662952046,-3.0231925832321136,-3.0201327225222605,-3.017085880674927,-3.0140574810103025,-3.0110552801494324,-3.00809039251173,-3.005178768169127,-3.002343320687094,-2.9996169791644256,-2.997047036806981,-2.994701279717485,-2.9926764770611176,-2.9911098291424425,-2.9901937606682814
-3.592805626291094,-3.592015960991743,-3.5906475887017546,-3.588851816236065,-3.5867383472725445,-3.5843874231978083,-3.5818581634617566,-3.5791943932994124,-3.5764287723097516,-3.5735857524039405,-3.5706837167857444,-3.567736538705059,-3.5647547248132785,-3.561746258527173,-3.558717225154816,-3.55567227726602,-3.552614982487649,-3.549548084358842,-3.5464736986289838,-3.5433934614368803,-3.5403086414989913,-3.537220225290786,-3.5341289819010275,-3.531035512542337,-3.52794028844754,-3.5248436799511786,-3.521745978863385,-3.518647415726545,-3.515548173158299,-3.512448396193974,-3.509348200322888,-3.50624767774799,-3.5031469022734587,-3.500045933130207,-3.496944817977319,-3.4938435952625526,-3.490742296083232,-3.4876409456567474,-3.4845395644853325,-3.4814381692808487,-3.4783367737007604,-3.475235388935223,-3.4721340241765013,-3.4690326869951686,-3.4659313836423102,-3.4628301192928364,-3.459728898241841,-3.456627724063424,-3.4535265997394533,-3.450425527764186,-3.4473245102294765,-3.4442235488943176,-3.441122645241741,-3.4380218005254606,-3.434921015808207,-3.431820291993296,-3.428719629850685,-3.4256190300385274,-3.4225184931210433,-3.4194180195833654,-3.4163176098439036,-3.413217264264667,-3.4101169831598916,-3.407016766803276,-3.4039166154340643,-3.400816529262167,-3.3977165084724823,-3.3946165532285564,-3.3915166636756933,-3.3884168399435923,-3.3853170821486107,-3.382217390395689,-3.379117764780023,-3.376018205388489,-3.372918712300893,-3.3698192855910527,-3.3667199253277547,-3.3636206315755945,-3.3605214043957297,-3.3574222438465564,-3.354323149984331,-3.351224122863743,-3.34812516253845,-3.3450262690615973,-3.3419274424863152,-3.3388286828662195,-3.335729990255911,-3.332631364711496,-3.329532806291128,-3.3264343150555913,-3.323335891068927,-3.3202375343991193,-3.317139245118868,-3.3140410233064403,-3.3109428690466443,-3.3078447824319333,-3.3047467635636756,-3.3016488125536125,-3.2985509295255553,-3.2954531146173527,-3.2923553679831943,-3.289257689796308,-3.286160079980192,-3.2830625384651344,-3.2799650651875845,-3.2768676600895876,-3.273770323118286,-3.270673054225466,-3.2675758533671506,-3.264478720503239,-3.261381655597171,-3.258284658615635,-3.255187729528301,-3.252090868307575,-3.2489940749283805,-3.245897349367961,-3.242800691605699,-3.2397041016229493,-3.236607579402895,-3.2335111249304065,-3.2304147381919237,-3.227318419175337,-3.224222167869892,-3.2211259842660893,-3.218029868355607,-3.2149338201312183,-3.2118378395867246,-3.2087419267168933,-3.2056460815174033,-3.2025503039847925,-3.199454594116417,-3.1963589519104194,-3.193263377365693,-3.190167870481865,-3.1870724312592817,-3.183977059699008,-3.180881755802832,-3.1777865195732917,-3.174691351013705,-3.1715962501282347,-3.1685012169219693,-3.165406251401036,-3.1623113535727545,-3.159216523445848,-3.1561217610307097,-3.153027066339764,-3.149932439387936,-3.1468378801932673,-3.143743388777719,-3.14064896516823,-3.1375546093980935,-3.134460321508782,-3.1313661015523286,-3.1282719495944824,-3.12517786571887,-3.122083850032509,-3.118989902673122,-3.1158960238188733,-3.112802213701352,-3.1097084726229345,-3.1066148009800547,-3.103521199294478,-3.100427668255433,-3.097334208776515,-3.0942408220727415,-3.09114750976515,-3.088054274023162,-3.0849611177588296,-3.081868044892551,-3.078775060717487,-3.0756821724006094,-3.0725893896733645,-3.0694967257861503,-3.066404198830724,-3.063311833577043,-3.060219664031153,-3.0571277370061964,-3.054036117120471,-3.050944893810479,-3.0478541911961083,-3.0447641819926594,-3.041675107178656,-3.038587303869413,-3.0355012449163237,-3.032417595299547,-3.029337292624048,-3.0262616622814487,-3.0231925825615433,-3.0201327218517187,-3.0170858800044127,-3.0140574803398152,-3.0110552794789722,-3.008090391841296,-3.005178767498719,-3.0023433200167124,-2.999616978494068,-2.9970470361366464,-2.994701279047171,-2.992676476390822,-2.9911098284721596,-2.9901937599980055
-3.592805625590844,-3.592015960291499,-3.5906475880015223,-3.588851815535846,-3.58673834657234,-3.5843874224976218,-3.581858162761589,-3.5791943925992658,-3.5764287716096277,-3.573585751703842,-3.5706837160856715,-3.567736538005012,-3.564754724113257,-3.561746257827179,-3.55871722445485,-3.5556722765660798,-3.5526149817877353,-3.549548083658955,-3.5464736979291236,-3.543393460737048,-3.540308640799187,-3.53722022459101,-3.5341289812012784,-3.531035511842615,-3.527940287747845,-3.5248436792515103,-3.5217459781637435,-3.51864741502693,-3.515548172458712,-3.5124483954944146,-3.5093481996233544,-3.5062476770484845,-3.5031469015739796,-3.5000459324307553,-3.4969448172778947,-3.493843594563158,-3.490742295383866,-3.48764094495741,-3.4845395637860244,-3.4814381685815685,-3.478336773001507,-3.4752353882359968,-3.472134023477302,-3.4690326862959973,-3.4659313829431655,-3.4628301185937183,-3.4597288975427483,-3.4566277233643583,-3.4535265990404147,-3.4504255270651756,-3.447324509530493,-3.444223548195361,-3.441122644542812,-3.4380217998265588,-3.434921015109332,-3.431820291294449,-3.4287196291518662,-3.4256190293397357,-3.422518492422279,-3.4194180188846284,-3.4163176091451954,-3.4132172635659868,-3.4101169824612394,-3.4070167661046518,-3.403916614735469,-3.4008165285635994,-3.3977165077739424,-3.394616552530044,-3.391516662977206,-3.3884168392451306,-3.385317081450175,-3.3822173896972814,-3.379117764081643,-3.376018204690137,-3.372918711602569,-3.369819284892757,-3.3667199246294874,-3.363620630877356,-3.3605214036975197,-3.357422243148375,-3.3543231492861785,-3.351224122165618,-3.3481251618403536,-3.345026268363529,-3.341927441788276,-3.338828682168209,-3.33572998955793,-3.3326313640135434,-3.3295328055932045,-3.3264343143576958,-3.323335890371058,-3.320237533701278,-3.317139244421054,-3.314041022608654,-3.310942868348886,-3.307844781734204,-3.3047467628659737,-3.3016488118559386,-3.298550928827908,-3.295453113919733,-3.2923553672856016,-3.289257689098743,-3.2861600792826553,-3.2830625377676257,-3.279965064490102,-3.276867659392133,-3.273770322420859,-3.2706730535280673,-3.2675758526697805,-3.2644787198058958,-3.2613816548998553,-3.2582846579183475,-3.2551877288310425,-3.2520908676103453,-3.2489940742311805,-3.2458973486707903,-3.242800690908557,-3.239704100925836,-3.2366075787058093,-3.233511124233349,-3.2304147374948937,-3.2273184184783363,-3.2242221671729183,-3.2211259835691433,-3.218029867658687,-3.2149338194343255,-3.2118378388898594,-3.208741926020056,-3.205646080820594,-3.2025503032880116,-3.199454593419665,-3.196358951213696,-3.1932633766689977,-3.190167869785197,-3.187072430562642,-3.183977059002396,-3.180881755106249,-3.1777865188767347,-3.1746913503171754,-3.171596249431734,-3.168501216225497,-3.1654062507045926,-3.16231135287634,-3.159216522749461,-3.15612176033435,-3.1530270656434323,-3.149932438691632,-3.1468378794969927,-3.1437433880814747,-3.140648964472015,-3.1375546087019077,-3.1344603208126243,-3.131366100856199,-3.12827194889838,-3.1251778650227955,-3.1220838493364615,-3.118989901977103,-3.1158960231228816,-3.1128022130053887,-3.1097084719269996,-3.106614800284148,-3.103521198598598,-3.1004276675595808,-3.0973342080806905,-3.094240821376945,-3.0911475090693803,-3.08805427332742,-3.084961117063115,-3.081868044196864,-3.0787750600218287,-3.0756821717049796,-3.0725893889777636,-3.069496725090578,-3.0664041981351797,-3.063311832881528,-3.0602196633356664,-3.0571277363107385,-3.054036116425041,-3.050944893115077,-3.047854190500734,-3.0447641812973125,-3.041675106483337,-3.038587303174123,-3.035501244221062,-3.032417594604315,-3.0293372919288464,-3.0262616615862763,-3.0231925818664,-3.020132721156603,-3.0170858793093247,-3.0140574796447543,-3.011055278783938,-3.0080903911462884,-3.0051787668037377,-3.002343319321756,-2.999616977799136,-2.9970470354417382,-2.9947012783522844,-2.992676475695954,-2.9911098277773065,-2.9901937593031613
-3.5928056248649103,-3.5920159595655723,-3.5906475872756056,-3.588851814809944,-3.586738345846456,-3.584387421771756,-3.581858162035745,-3.5791943918734446,-3.5764287708838305,-3.5735857509780695,-3.570683715359925,-3.5677365372792917,-3.564754723387566,-3.561746257101515,-3.5587172237292135,-3.555672275840471,-3.552614981062155,-3.5495480829334034,-3.546473697203601,-3.5433934600115524,-3.54030864007372,-3.5372202238655714,-3.5341289804758684,-3.5310355111172345,-3.527940287022493,-3.5248436785261865,-3.521745977438447,-3.5186474143016615,-3.5155481717334722,-3.512448394769204,-3.509348198898174,-3.506247676323332,-3.5031469008488547,-3.5000459317056603,-3.496944816552828,-3.493843593838118,-3.490742294658853,-3.487640944232426,-3.4845395630610687,-3.481438167856642,-3.4783367722766108,-3.475235387511131,-3.472134022752466,-3.4690326855711904,-3.4659313822183884,-3.4628301178689704,-3.459728896818031,-3.456627722639671,-3.4535265983157584,-3.45042552634055,-3.447324508805898,-3.4442235474707963,-3.441122643818276,-3.4380217991020516,-3.4349210143848534,-3.431820290569998,-3.4287196284274426,-3.425619028615341,-3.422518491697912,-3.41941801816029,-3.4163176084208846,-3.413217262841704,-3.4101169817369854,-3.407016765380426,-3.4039166140112713,-3.40081652783943,-3.3977165070498003,-3.394616551805931,-3.391516662253123,-3.3884168385210787,-3.385317080726153,-3.382217388973288,-3.3791177633576783,-3.3760182039662014,-3.3729187108786616,-3.3698192841688783,-3.366719923905637,-3.363620630153533,-3.360521402973724,-3.3574222424246063,-3.354323148562437,-3.351224121441904,-3.348125161116667,-3.3450262676398714,-3.3419274410646467,-3.338828681444608,-3.335729988834357,-3.3326313632899986,-3.3295328048696886,-3.326434313634209,-3.323335889647602,-3.3202375329778517,-3.3171392436976563,-3.314041021885285,-3.3109428676255446,-3.30784478101089,-3.304746762142688,-3.3016488111326816,-3.2985509281046808,-3.2954531131965354,-3.2923553665624357,-3.289257688375607,-3.286160078559549,-3.2830625370445485,-3.2799650637670545,-3.2768676586691137,-3.2737703216978695,-3.2706730528051073,-3.2675758519468503,-3.2644787190829962,-3.2613816541769856,-3.258284657195508,-3.255187728108232,-3.2520908668875648,-3.248994073508429,-3.245897347948068,-3.2428006901858635,-3.2397041002031726,-3.2366075779831758,-3.2335111235107443,-3.230414736772318,-3.227318417755789,-3.2242221664504,-3.221125982846653,-3.2180298669362264,-3.214933818711893,-3.2118378381674555,-3.20874192529768,-3.205646080098247,-3.202550302565694,-3.199454592697377,-3.1963589504914363,-3.193263375946766,-3.1901678690629947,-3.1870724298404673,-3.1839770582802496,-3.18088175438413,-3.1777865181546456,-3.1746913495951152,-3.1715962487097014,-3.1685012155034933,-3.165406249982617,-3.162311352154393,-3.1592165220275437,-3.156121759612462,-3.1530270649215733,-3.149932437969802,-3.1468378787751905,-3.1437433873597005,-3.140648963750269,-3.1375546079801904,-3.1344603200909353,-3.1313661001345374,-3.1282719481767476,-3.1251778643011927,-3.1220838486148885,-3.118989901255558,-3.1158960224013663,-3.112802212283903,-3.1097084712055447,-3.1066147995627227,-3.1035211978772037,-3.1004276668382165,-3.097334207359356,-3.0942408206556395,-3.091147508348105,-3.088054272606174,-3.0849611163418995,-3.081868043475679,-3.0787750593006735,-3.0756821709838533,-3.0725893882566666,-3.0694967243695093,-3.06640419741414,-3.0633118321605175,-3.060219662614685,-3.0571277355897863,-3.0540361157041187,-3.0509448923941846,-3.0478541897798714,-3.04476418057648,-3.0416751057625344,-3.0385873024533483,-3.0355012435003172,-3.0324175938835984,-3.029337291208158,-3.0262616608656163,-3.0231925811457683,-3.0201327204359996,-3.0170858785887487,-3.014057478924207,-3.0110552780634188,-3.0080903904257976,-3.0051787660832745,-3.0023433186013198,-2.9996169770787264,-2.997047034721353,-2.9947012776319215,-2.9926764749756107,-2.9911098270569787,-2.9901937585828433
-3.592805624112358,-3.5920159588130267,-3.5906475865230734,-3.588851814057429,-3.5867383450939614,-3.5843874210192848,-3.581858161283297,-3.5791943911210216,-3.5764287701314332,-3.573585750225698,-3.5706837146075805,-3.567736536526974,-3.564754722635275,-3.561746256349252,-3.558717222976979,-3.555672275088265,-3.5526149803099782,-3.549548082181257,-3.546473696451485,-3.543393459259468,-3.5403086393216654,-3.537220223113547,-3.534128979723875,-3.5310355103652706,-3.5279402862705598,-3.524843677774284,-3.5217459766865757,-3.5186474135498225,-3.5155481709816634,-3.5124483940174245,-3.5093481981464234,-3.5062476755716103,-3.5031469000971627,-3.5000459309539975,-3.496944815801194,-3.493843593086513,-3.490742293907277,-3.487640943480879,-3.48453956230955,-3.481438167105151,-3.4783367715251474,-3.4752353867596963,-3.472134022001062,-3.469032684819816,-3.465931381467044,-3.462830117117657,-3.459728896066749,-3.45662772188842,-3.4535265975645357,-3.4504255255893552,-3.447324508054732,-3.4442235467196602,-3.44112264306717,-3.438021798350977,-3.4349210136338097,-3.431820289818985,-3.4287196276764598,-3.425619027864388,-3.42251849094699,-3.419418017409398,-3.4163176076700226,-3.4132172620908716,-3.4101169809861815,-3.4070167646296516,-3.4039166132605247,-3.400816527088713,-3.3977165062991137,-3.394616551055275,-3.391516661502497,-3.388416837770483,-3.385317079975587,-3.3822173882227524,-3.3791177626071716,-3.3760182032157244,-3.3729187101282148,-3.369819283418461,-3.3667199231552494,-3.363620629403176,-3.3605214022233962,-3.3574222416743082,-3.3543231478121687,-3.351224120691666,-3.3481251603664597,-3.345026266889694,-3.3419274403144996,-3.3388286806944913,-3.3357299880842697,-3.332631362539941,-3.32953280411966,-3.3264343128842104,-3.323335888897632,-3.3202375322279125,-3.3171392429477478,-3.3140410211354077,-3.3109428668756986,-3.307844780261074,-3.304746761392903,-3.3016488103829276,-3.2985509273549574,-3.295453112446843,-3.2923553658127727,-3.2892576876259736,-3.2861600778099445,-3.2830625362949735,-3.27996506301751,-3.2768676579195994,-3.2737703209483846,-3.270673052055651,-3.2675758511974227,-3.264478718333597,-3.2613816534276157,-3.258284656446168,-3.2551877273589227,-3.2520908661382846,-3.2489940727591784,-3.2458973471988473,-3.2428006894366725,-3.239704099454011,-3.236607577234043,-3.2335111227616418,-3.2304147360232456,-3.227318417006746,-3.2242221657013874,-3.2211259820976714,-3.2180298661872753,-3.2149338179629736,-3.2118378374185674,-3.2087419245488236,-3.20564607934942,-3.2025503018168955,-3.1994545919486077,-3.1963589497426965,-3.1932633751980566,-3.1901678683143158,-3.187072429091819,-3.1839770575316306,-3.1808817536355414,-3.1777865174060866,-3.174691348846586,-3.171596247961202,-3.168501214755024,-3.1654062492341777,-3.162311351405984,-3.1592165212791654,-3.1561217588641153,-3.153027064173257,-3.149932437221518,-3.146837878026938,-3.1437433866114786,-3.1406489630020773,-3.1375546072320297,-3.1344603193428062,-3.1313660993864403,-3.1282719474286806,-3.1251778635531555,-3.122083847866881,-3.11898990050758,-3.1158960216534175,-3.1128022115359832,-3.109708470457653,-3.106614798814862,-3.103521197129372,-3.1004276660904155,-3.0973342066115856,-3.0942408199078995,-3.0911475076003945,-3.0880542718584936,-3.0849611155942487,-3.0818680427280576,-3.0787750585530813,-3.0756821702362918,-3.0725893875091352,-3.0694967236220085,-3.06640419666667,-3.063311831413078,-3.0602196618672752,-3.0571277348424064,-3.054036114956768,-3.0509448916468624,-3.0478541890325785,-3.0447641798292167,-3.0416751050152997,-3.0385873017061433,-3.0355012427531407,-3.0324175931364508,-3.0293372904610396,-3.0262616601185277,-3.023192580398709,-3.020132719688971,-3.0170858778417506,-3.0140574781772393,-3.011055277316481,-3.00809038967889,-3.005178765336397,-3.0023433178544714,-2.999616976331906,-2.9970470339745585,-2.994701276885151,-2.992676474228861,-2.9911098263102454,-2.990193757836119
-3.59280562333223,-3.5920159580329054,-3.5906475857429623,-3.588851813277332,-3.586738344313883,-3.5843874202392283,-3.5818581605032653,-3.5791943903410166,-3.576428769351456,-3.5735857494457504,-3.570683713827662,-3.567736535747086,-3.564754721855416,-3.561746255569422,-3.5587172221971786,-3.555672274308496,-3.5526149795302397,-3.5495480814015488,-3.546473695671807,-3.543393458479821,-3.540308638542049,-3.5372202223339624,-3.5341289789443224,-3.5310355095857506,-3.5279402854910713,-3.5248436769948253,-3.521745975907147,-3.5186474127704224,-3.515548170202292,-3.5124483932380826,-3.5093481973671112,-3.5062476747923284,-3.5031468993179113,-3.5000459301747755,-3.4969448150220037,-3.4938435923073543,-3.4907422931281507,-3.4876409427017827,-3.4845395615304846,-3.4814381663261162,-3.478336770746144,-3.4752353859807235,-3.4721340212221192,-3.469032684040903,-3.4659313806881604,-3.4628301163388024,-3.4597288952879226,-3.4566277211096232,-3.4535265967857702,-3.4504255248106204,-3.4473245072760283,-3.444223545940987,-3.441122642288527,-3.4380217975723637,-3.4349210128552277,-3.4318202890404343,-3.4287196268979416,-3.425619027085902,-3.4225184901685344,-3.419418016630973,-3.4163176068916274,-3.413217261312507,-3.410116980207848,-3.4070167638513493,-3.403916612482255,-3.400816526310475,-3.3977165055209073,-3.3946165502771004,-3.3915166607243554,-3.388416836992372,-3.3853170791975082,-3.382217387444705,-3.3791177618291566,-3.376018202437741,-3.3729187093502624,-3.3698192826405395,-3.3667199223773587,-3.3636206286253154,-3.3605214014455678,-3.3574222408965113,-3.354323147034403,-3.351224119913931,-3.348125159588756,-3.3450262661120203,-3.341927439536857,-3.3388286799168796,-3.3357299873066895,-3.332631361762393,-3.329532803342143,-3.3264343121067244,-3.3233358881201767,-3.320237531450487,-3.3171392421703527,-3.314041020358042,-3.310942866098364,-3.307844779483771,-3.3047467606156293,-3.301648809605684,-3.298550926577744,-3.295453111669659,-3.292355365035619,-3.289257686848851,-3.286160077032853,-3.2830625355179137,-3.2799650622404815,-3.276867657142603,-3.27377032017142,-3.2706730512787185,-3.267575850420523,-3.2644787175567287,-3.261381652650779,-3.2582846556693625,-3.255187726582148,-3.2520908653615415,-3.248994071982466,-3.245897346422166,-3.2428006886600227,-3.239704098677392,-3.2366075764574567,-3.233511121985087,-3.230414735246722,-3.2273184162302533,-3.224222164924926,-3.221125981321242,-3.218029865410877,-3.2149338171866058,-3.2118378366422298,-3.2087419237725165,-3.205646078573144,-3.2025503010406515,-3.1994545911723953,-3.196358948966515,-3.193263374421906,-3.1901678675381953,-3.1870724283157306,-3.1839770567555736,-3.1808817528595155,-3.177786516630092,-3.1746913480706223,-3.17159624718527,-3.168501213979123,-3.1654062484583076,-3.162311350630145,-3.159216520503356,-3.156121758088335,-3.153027063397507,-3.1499324364457975,-3.1468378772512478,-3.1437433858358195,-3.1406489622264497,-3.137554606456433,-3.1344603185672395,-3.131366098610905,-3.1282719466531774,-3.125177862777684,-3.1220838470914414,-3.118989899732172,-3.1158960208780413,-3.112802210760638,-3.109708469682339,-3.1066147980395775,-3.1035211963541194,-3.100427665315193,-3.0973342058363937,-3.094240819132738,-3.091147506825265,-3.0880542710833967,-3.084961114819184,-3.081868041953024,-3.07877505777808,-3.075682169461322,-3.0725893867341973,-3.069496722847103,-3.0664041958917965,-3.0633118306382365,-3.0602196610924666,-3.057127734067629,-3.0540361141820216,-3.050944890872148,-3.0478541882578947,-3.044764179054564,-3.041675104240679,-3.0385873009315536,-3.0355012419785825,-3.032417592361925,-3.029337289686546,-3.026261659344065,-3.023192579624278,-3.0201327189145704,-3.017085877067381,-3.014057477402901,-3.011055276542174,-3.008090388904613,-3.00517876456215,-3.002343317080253,-2.9996169755577156,-2.997047033200395,-2.9947012761110123,-2.9926764734547433,-2.991109825536144,-2.990193757062027
-3.5928056225235165,-3.5920159572241994,-3.5906475849342705,-3.5888518124686577,-3.586738343505228,-3.584387419430594,-3.581858159694653,-3.5791943895324274,-3.576428768542893,-3.573585748637213,-3.570683713019153,-3.5677365349386054,-3.5647547210469663,-3.561746254761004,-3.558717221388792,-3.55567227350014,-3.5526149787219152,-3.5495480805932558,-3.546473694863546,-3.5433934576715918,-3.540308637733851,-3.537220221525796,-3.5341289781361875,-3.5310355087776477,-3.527940284683,-3.5248436761867867,-3.5217459750991402,-3.518647411962448,-3.515548169394351,-3.512448392430175,-3.5093481965592375,-3.506247673984487,-3.503146898510102,-3.500045929366997,-3.496944814214257,-3.4938435914996386,-3.490742292320467,-3.487640941894131,-3.4845395607228644,-3.4814381655185285,-3.478336769938588,-3.4752353851731996,-3.4721340204146265,-3.4690326832334417,-3.465931379880731,-3.462830115531406,-3.4597288944805604,-3.4566277203022935,-3.453526595978473,-3.4504255240033546,-3.447324506468793,-3.4442235451337835,-3.441122641481355,-3.4380217967652236,-3.4349210120481186,-3.431820288233356,-3.4287196260908925,-3.425619026278883,-3.422518489361546,-3.419418015824017,-3.416317606084704,-3.4132172605056175,-3.410116979400991,-3.407016763044524,-3.403916611675462,-3.4008165255037137,-3.397716504714177,-3.394616549470401,-3.3915166599176865,-3.3884168361857347,-3.385317078390903,-3.3822173866381307,-3.3791177610226137,-3.3760182016312292,-3.372918708543784,-3.3698192818340944,-3.3667199215709473,-3.363620627818938,-3.3605214006392234,-3.3574222400902,-3.354323146228124,-3.3512241191076857,-3.348125158782543,-3.3450262653058407,-3.341927438730709,-3.3388286791107635,-3.335729986500605,-3.33263136095634,-3.3295328025361224,-3.3264343113007357,-3.3233358873142205,-3.3202375306445635,-3.3171392413644623,-3.314041019552184,-3.3109428652925375,-3.307844778677975,-3.3047467598098668,-3.3016488087999534,-3.298550925772046,-3.295453110863994,-3.2923553642299863,-3.2892576860432508,-3.286160076227286,-3.283062534712379,-3.2799650614349787,-3.276867656337132,-3.273770319365981,-3.2706730504733112,-3.267575849615148,-3.2644787167513876,-3.2613816518454706,-3.2582846548640867,-3.255187725776904,-3.25209086455633,-3.2489940711772873,-3.2458973456170193,-3.242800687854908,-3.2397040978723095,-3.236607575652406,-3.2335111211800682,-3.2304147344417355,-3.227318415425299,-3.224222164120003,-3.2211259805163497,-3.218029864606017,-3.2149338163817776,-3.2118378358374335,-3.2087419229677527,-3.205646077768413,-3.202550300235953,-3.199454590367729,-3.196358948161881,-3.1932633736173046,-3.190167866733626,-3.1870724275111924,-3.1839770559510683,-3.1808817520550434,-3.177786515825653,-3.174691347266217,-3.1715962463808967,-3.1685012131747814,-3.1654062476539986,-3.1623113498258677,-3.15921651969911,-3.156121757284122,-3.1530270625933263,-3.1499324356416496,-3.1468378764471314,-3.143743385031735,-3.140648961422398,-3.137554605652413,-3.1344603177632515,-3.1313660978069477,-3.128271945849251,-3.12517786197379,-3.122083846287579,-3.1189898989283424,-3.1158960200742443,-3.1128022099568744,-3.1097084688786083,-3.1066147972358804,-3.1035211955504547,-3.1004276645115607,-3.0973342050327948,-3.0942408183291734,-3.0911475060217337,-3.088054270279898,-3.0849611140157176,-3.081868041149592,-3.0787750569746803,-3.0756821686579547,-3.072589385930862,-3.0694967220438008,-3.066404195088526,-3.0633118298349977,-3.0602196602892597,-3.057127733264454,-3.054036113378879,-3.0509448900690375,-3.0478541874548175,-3.0447641782515182,-3.0416751034376652,-3.0385873001285733,-3.035501241175634,-3.0324175915590086,-3.029337288883662,-3.0262616585412134,-3.023192578821459,-3.0201327181117836,-3.0170858762646273,-3.0140574766001778,-3.0110552757394813,-3.0080903881019503,-3.0051787637595164,-3.002343316277649,-2.9996169747551416,-2.997047032397848,-2.9947012753084907,-2.9926764726522435,-2.9911098247336607,-2.990193756259554
-3.592805621685143,-3.592015956385835,-3.590647584095919,-3.588851811630324,-3.5867383426669157,-3.584387418592308,-3.581858158856395,-3.5791943886941993,-3.576428767704693,-3.5735857477990436,-3.570683712181014,-3.567736534100498,-3.56475472020889,-3.56174625392296,-3.5587172205507787,-3.555672272662158,-3.5526149778839646,-3.549548079755336,-3.5464736940256563,-3.5433934568337326,-3.5403086368960235,-3.5372202206879995,-3.5341289772984226,-3.531035507939914,-3.5279402838452993,-3.524843675349119,-3.5217459742615063,-3.518647411124847,-3.515548168556784,-3.51244839159264,-3.5093481957217354,-3.5062476731470187,-3.5031468976726683,-3.500045928529598,-3.4969448133768917,-3.493843590662307,-3.490742291483169,-3.4876409410568665,-3.4845395598856332,-3.48143816468133,-3.4783367691014226,-3.4752353843360666,-3.4721340195775268,-3.469032682396376,-3.4659313790437,-3.4628301146944076,-3.4597288936435935,-3.456627719465359,-3.4535265951415712,-3.450425523166487,-3.4473245056319595,-3.444223544296983,-3.441122640644587,-3.4380217959284884,-3.4349210112114172,-3.4318202873966883,-3.4287196252542596,-3.4256190254422836,-3.42251848852498,-3.4194180149874827,-3.416317605248204,-3.4132172596691497,-3.4101169785645578,-3.407016762208126,-3.4039166108390977,-3.4008165246673823,-3.397716503877879,-3.3946165486341355,-3.3915166590814536,-3.388416835349535,-3.3853170775547357,-3.3822173858019973,-3.379117760186514,-3.376018200795163,-3.37291870770775,-3.369819280998094,-3.36671992073498,-3.363620626983003,-3.360521399803321,-3.357422239254331,-3.3543231453922884,-3.3512241182718827,-3.3481251579467726,-3.3450262644701025,-3.3419274378950057,-3.3388286782750933,-3.335729985664969,-3.3326313601207374,-3.329532801700553,-3.3264343104651997,-3.323335886478718,-3.3202375298090936,-3.317139240529025,-3.3140410187167806,-3.3109428644571683,-3.307844777842641,-3.3047467589745656,-3.3016488079646855,-3.298550924936812,-3.2954531100287934,-3.292355363394819,-3.289257685208116,-3.2861600753921842,-3.2830625338773105,-3.279965060599943,-3.276867655502129,-3.273770318531011,-3.2706730496383742,-3.2675758487802438,-3.2644787159165167,-3.261381651010633,-3.258284654029283,-3.2551877249421346,-3.2520908637215937,-3.248994070342585,-3.2458973447823505,-3.2428006870202726,-3.239704097037708,-3.2366075748178376,-3.2335111203455336,-3.2304147336072337,-3.2273184145908305,-3.2242221632855683,-3.2211259796819496,-3.2180298637716507,-3.214933815547446,-3.211837835003136,-3.208741922133488,-3.205646076934182,-3.2025502994017545,-3.1994545895335635,-3.196358947327748,-3.193263372783205,-3.1901678658995607,-3.1870724266771613,-3.1839770551170714,-3.18088175122108,-3.177786514991723,-3.17469134643232,-3.171596245547034,-3.1685012123409533,-3.165406246820204,-3.162311348992107,-3.1592165188653833,-3.1561217564504287,-3.1530270617596674,-3.1499324348080235,-3.1468378756135404,-3.1437433841981783,-3.1406489605888743,-3.1375546048189236,-3.134460316929797,-3.1313660969735277,-3.1282719450158654,-3.1251778611404366,-3.1220838454542594,-3.1189898980950566,-3.115896019240992,-3.1128022091236556,-3.109708468045423,-3.1066147964027278,-3.1035211947173362,-3.1004276636784756,-3.097334204199743,-3.0942408174961527,-3.091147505188746,-3.088054269446942,-3.084961113182794,-3.0818680403167,-3.078775056141821,-3.0756821678251285,-3.072589385098069,-3.0694967212110402,-3.066404194255799,-3.0633118290023043,-3.0602196594566005,-3.0571277324318302,-3.05403611254629,-3.0509448892364825,-3.047854186622296,-3.044764177419031,-3.0416751026052116,-3.038587299296153,-3.035501240343248,-3.0324175907266557,-3.029337288051342,-3.0262616577089267,-3.0231925779892053,-3.0201327172795636,-3.01708587543244,-3.0140574757680247,-3.0110552749073625,-3.008090387269865,-3.0051787629274638,-3.0023433154456285,-2.9996169739231515,-2.997047031565887,-2.9947012744765553,-2.992676471820331,-2.9911098239017666,-2.99019375542767
-3.592805620816044,-3.5920159555167426,-3.5906475832268416,-3.588851810761266,-3.586738341797881,-3.5843874177232964,-3.581858157987409,-3.5791943878252392,-3.5764287668357624,-3.573585746930143,-3.5706837113121432,-3.567736533231657,-3.5647547193400815,-3.561746253054183,-3.5587172196820336,-3.5556722717934455,-3.5526149770152844,-3.5495480788866884,-3.5464736931570435,-3.543393455965153,-3.540308636027479,-3.537220219819489,-3.5341289764299453,-3.53103550707147,-3.527940282976888,-3.5248436744807417,-3.521745973393163,-3.5186474102565386,-3.5155481676885096,-3.5124483907244004,-3.50934819485353,-3.506247672278848,-3.5031468968045307,-3.500045927661495,-3.496944812508822,-3.4938435897942726,-3.4907422906151693,-3.487640940188902,-3.484539559017704,-3.481438163813436,-3.478336768233564,-3.475235383468244,-3.472134018709739,-3.469032681528623,-3.4659313781759815,-3.462830113826725,-3.459728892775945,-3.456627718597744,-3.4535265942739906,-3.45042552229894,-3.447324504764447,-3.4442235434295045,-3.4411226397771446,-3.4380217950610805,-3.434921010344044,-3.431820286529352,-3.4287196243869587,-3.4256190245750187,-3.422518487657751,-3.4194180141202892,-3.4163176043810446,-3.413217258802024,-3.410116977697466,-3.4070167613410676,-3.4039166099720735,-3.400816523800394,-3.3977165030109258,-3.3946165477672166,-3.3915166582145693,-3.3884168344826846,-3.385317076687919,-3.3822173849352155,-3.3791177593197674,-3.3760181999284518,-3.3729187068410735,-3.3698192801314515,-3.366719919868372,-3.36362062611643,-3.360521398936782,-3.357422238387826,-3.354323144525818,-3.3512241174054465,-3.348125157080371,-3.345026263603735,-3.3419274370286716,-3.338828677408793,-3.3357299847987023,-3.3326313592545054,-3.329532800834356,-3.326434309599038,-3.3233358856125896,-3.3202375289429993,-3.317139239662965,-3.3140410178507547,-3.310942863591176,-3.307844776976683,-3.304746758108643,-3.301648807098799,-3.2985509240709607,-3.295453109162977,-3.292355362529038,-3.2892576843423704,-3.286160074526473,-3.2830625330116345,-3.2799650597343026,-3.2768676546365243,-3.2737703176654414,-3.2706730487728404,-3.2675758479147454,-3.264478715051053,-3.2613816501452044,-3.2582846531638885,-3.2551877240767735,-3.2520908628562664,-3.248994069477291,-3.245897343917091,-3.242800686155048,-3.2397040961725176,-3.236607573952682,-3.233511119480413,-3.230414732742149,-3.2273184137257815,-3.224222162420554,-3.2211259788169695,-3.218029862906705,-3.214933814682534,-3.2118378341382585,-3.208741921268646,-3.205646076069374,-3.2025502985369814,-3.1994545886688255,-3.1963589464630466,-3.193263371918538,-3.190167865034928,-3.1870724258125627,-3.183977054252507,-3.18088175035655,-3.177786514127227,-3.174691345567857,-3.1715962446826054,-3.168501211476559,-3.165406245955845,-3.1623113481277834,-3.1592165180010956,-3.156121755586176,-3.153027060895449,-3.14993243394384,-3.146837874749391,-3.1437433833340633,-3.1406489597247944,-3.1375546039548783,-3.134460316065786,-3.1313660961095517,-3.1282719441519244,-3.1251778602765317,-3.122083844590389,-3.118989897231222,-3.1158960183771924,-3.1128022082598905,-3.109708467181692,-3.1066147955390324,-3.103521193853676,-3.10042766281485,-3.097334203336152,-3.094240816632597,-3.091147504325224,-3.088054268583455,-3.084961112319342,-3.081868039453284,-3.07877505527844,-3.075682166961782,-3.072589384234757,-3.0694967203477628,-3.0664041933925557,-3.0633118281390948,-3.0602196585934243,-3.057127731568688,-3.0540361116831813,-3.0509448883734085,-3.0478541857592565,-3.0447641765560256,-3.0416751017422405,-3.038587298433216,-3.035501239480346,-3.0324175898637886,-3.0293372871885107,-3.0262616568461316,-3.0231925771264456,-3.0201327164168386,-3.0170858745697493,-3.0140574749053686,-3.0110552740447405,-3.008090386407278,-3.00517876206491,-3.002343314583108,-2.9996169730606614,-2.997047030703427,-2.9947012736141225,-2.9926764709579214,-2.9911098230393742,-2.9901937545652872
-3.592805619915087,-3.5920159546157944,-3.590647582325907,-3.5888518098603504,-3.586738340896986,-3.5843874168224263,-3.5818581570865673,-3.5791943869244274,-3.576428765934981,-3.573585746029393,-3.5706837104114246,-3.5677365323309713,-3.5647547184394277,-3.561746252153563,-3.5587172187814504,-3.5556722708928983,-3.552614976114773,-3.5495480779862127,-3.546473692256601,-3.543393455064745,-3.540308635127105,-3.5372202189191504,-3.534128975529642,-3.5310355061712033,-3.5279402820766568,-3.5248436735805457,-3.5217459724930023,-3.5186474093564124,-3.5155481667884185,-3.512448389824346,-3.5093481939535125,-3.506247671378866,-3.5031468959045853,-3.5000459267615853,-3.4969448116089485,-3.4938435888944346,-3.4907422897153664,-3.4876409392891343,-3.4845395581179712,-3.4814381629137388,-3.478336767333902,-3.475235382568617,-3.4721340178101467,-3.469032680629067,-3.465931377276461,-3.4628301129272407,-3.459728891876498,-3.4566277176983347,-3.4535265933746175,-3.4504255213996045,-3.4473245038651483,-3.444223542530244,-3.44112263887792,-3.438021794161892,-3.434921009444891,-3.4318202856302342,-3.4287196234878765,-3.425619023675971,-3.4225184867587384,-3.4194180132213123,-3.416317603482104,-3.41321725790312,-3.410116976798597,-3.407016760442235,-3.403916609073277,-3.4008165229016325,-3.397716502112201,-3.3946165468685283,-3.391516657315917,-3.3884168335840674,-3.3853170757893367,-3.3822173840366667,-3.3791177584212515,-3.376018199029969,-3.372918705942624,-3.3698192792330364,-3.366719918969991,-3.363620625218083,-3.360521398038471,-3.35742223748955,-3.354323143627578,-3.351224116507243,-3.348125156182204,-3.3450262627056055,-3.341927436130579,-3.3388286765107376,-3.3357299839006833,-3.3326313583565224,-3.329532799936409,-3.3264343087011263,-3.323335884714715,-3.3202375280451615,-3.3171392387651637,-3.3140410169529897,-3.3109428626934467,-3.3078447760789893,-3.3047467572109848,-3.301648806201175,-3.2985509231733716,-3.2954531082654235,-3.2923553616315204,-3.2892576834448897,-3.2861600736290293,-3.2830625321142266,-3.2799650588369293,-3.2768676537391865,-3.2737703167681396,-3.2706730478755746,-3.2675758470175147,-3.264478714153857,-3.261381649248043,-3.2582846522667617,-3.2551877231796817,-3.25209086195921,-3.248994068580271,-3.2458973430201072,-3.2428006852581004,-3.239704095275606,-3.236607573055807,-3.2335111185835737,-3.230414731845345,-3.227318412829013,-3.2242221615238216,-3.221125977920273,-3.2180298620100443,-3.2149338137859096,-3.2118378332416704,-3.208741920372094,-3.2056460751728584,-3.202550297640502,-3.199454587772383,-3.1963589455666406,-3.193263371022168,-3.1901678641385947,-3.187072424916267,-3.183977053356248,-3.180881749460327,-3.1777865132310406,-3.174691344671708,-3.1715962437864924,-3.1685012105804815,-3.165406245059802,-3.1623113472317756,-3.159216517105124,-3.1561217546902403,-3.153027059999549,-3.1499324330479754,-3.1468378738535616,-3.1437433824382697,-3.1406489588290363,-3.1375546030591557,-3.1344603151701,-3.131366095213902,-3.1282719432563115,-3.125177859380956,-3.1220838436948517,-3.1189898963357208,-3.1158960174817274,-3.1128022073644614,-3.1097084662862993,-3.1066147946436735,-3.103521192958351,-3.1004276619195608,-3.0973342024408983,-3.0942408157373795,-3.0911475034300433,-3.088054267688311,-3.0849611114242346,-3.081868038558213,-3.078775054383406,-3.075682166066785,-3.0725893833397966,-3.0694967194528386,-3.066404192497669,-3.0633118272442457,-3.0602196576986125,-3.057127730673912,-3.0540361107884415,-3.050944887478704,-3.0478541848645886,-3.0447641756613946,-3.0416751008476464,-3.038587297538659,-3.0355012385858253,-3.0324175889693032,-3.0293372862940604,-3.026261655951716,-3.0231925762320655,-3.020132715522495,-3.0170858736754416,-3.0140574740110964,-3.011055273150503,-3.0080903855130745,-3.0051787611707423,-3.0023433136889746,-2.999616972166561,-2.997047029809358,-2.9947012727200826,-2.9926764700639055,-2.991109822145377,-2.990193753671301
-3.592805618981108,-3.5920159536818224,-3.5906475813919476,-3.588851808926408,-3.5867383399630675,-3.5843874158885347,-3.5818581561527028,-3.5791943859905926,-3.5764287650011783,-3.573585745095623,-3.5706837094776893,-3.567736531397271,-3.5647547175057617,-3.561746251219932,-3.5587172178478537,-3.555672269959337,-3.5526149751812492,-3.5495480770527257,-3.546473691323152,-3.543393454131333,-3.5403086341937287,-3.5372202179858094,-3.534128974596338,-3.5310355052379347,-3.527940281143424,-3.5248436726473504,-3.5217459715598443,-3.5186474084232917,-3.515548165855335,-3.512448388891299,-3.5093481930205024,-3.5062476704458927,-3.5031468949716484,-3.500045925828686,-3.4969448106760854,-3.4938435879616083,-3.490742288782577,-3.4876409383563822,-3.4845395571852573,-3.4814381619810626,-3.478336766401263,-3.475235381636015,-3.472134016877582,-3.469032679696538,-3.465931376343968,-3.462830111994782,-3.4597288909440755,-3.4566277167659476,-3.4535265924422673,-3.450425520467291,-3.4473245029328714,-3.444223541598003,-3.4411226379457163,-3.4380217932297255,-3.4349210085127613,-3.4318202846981403,-3.428719622555819,-3.4256190227439505,-3.422518485826755,-3.4194180122893663,-3.4163176025501953,-3.413217256971249,-3.4101169758667638,-3.4070167595104377,-3.403916608141516,-3.4008165219699085,-3.397716501180513,-3.394616545936878,-3.3915166563843044,-3.3884168326524935,-3.385317074857801,-3.38221738310517,-3.3791177574897935,-3.3760181980985497,-3.3729187050112444,-3.3698192783016947,-3.3667199180386866,-3.363620624286816,-3.360521397107241,-3.357422236558358,-3.3543231426964226,-3.3512241155761244,-3.348125155251123,-3.345026261774561,-3.3419274351995703,-3.338828675579765,-3.3357299829697475,-3.3326313574256234,-3.3295327990055466,-3.3264343077703007,-3.3233358837839257,-3.320237527114409,-3.3171392378344486,-3.314041016022312,-3.3109428617628067,-3.307844775148386,-3.30474675628042,-3.3016488052706476,-3.2985509222428813,-3.2954531073349713,-3.2923553607011065,-3.289257682514513,-3.2861600726986895,-3.2830625311839237,-3.279965057906664,-3.276867652808958,-3.273770315837948,-3.27067304694542,-3.2675758460873974,-3.2644787132237774,-3.2613816483180016,-3.2582846513367585,-3.2551877222497168,-3.2520908610292825,-3.2489940676503797,-3.245897342090252,-3.2428006843282806,-3.2397040943458224,-3.2366075721260597,-3.2335111176538636,-3.230414730915672,-3.2273184118993785,-3.224222160594225,-3.2211259769907143,-3.2180298610805234,-3.2149338128564255,-3.211837832312223,-3.2087419194426836,-3.2056460742434854,-3.2025502967111663,-3.199454586843084,-3.196358944637379,-3.1932633700929447,-3.190167863209409,-3.1870724239871184,-3.1839770524271365,-3.1808817485312537,-3.1777865123020046,-3.174691343742709,-3.1715962428575306,-3.1685012096515575,-3.1654062441309168,-3.162311346302927,-3.1592165161763126,-3.156121753761465,-3.1530270590708107,-3.149932432119274,-3.1468378729248965,-3.143743381509641,-3.1406489579004435,-3.1375546021306,-3.13446031424158,-3.1313660942854193,-3.1282719423278653,-3.1251778584525467,-3.122083842766478,-3.1189898954073842,-3.115896016553428,-3.112802206436201,-3.109708465358077,-3.1066147937154898,-3.1035211920302053,-3.1004276609914543,-3.097334201512832,-3.094240814809352,-3.091147502502054,-3.08805426676036,-3.084961110496322,-3.081868037630338,-3.078775053455569,-3.0756821651389856,-3.0725893824120347,-3.0694967185251145,-3.0664041915699816,-3.0633118263165953,-3.060219656770999,-3.0571277297463357,-3.054036109860903,-3.0509448865512034,-3.0478541839371247,-3.044764174733968,-3.041675099920256,-3.038587296611306,-3.035501237658509,-3.0324175880420245,-3.029337285366819,-3.026261655024512,-3.0231925753048987,-3.0201327145953654,-3.0170858727483494,-3.014057473084041,-3.011055272223486,-3.008090384586094,-3.005178760243797,-3.002343312762063,-2.999616971239683,-2.9970470288825113,-2.994701271793264,-2.992676469137112,-2.9911098212186036,-2.9901937527445397
-3.592805618012893,-3.5920159527136173,-3.590647580423758,-3.5888518079582394,-3.5867383389949237,-3.5843874149204176,-3.5818581551846163,-3.57919438502254,-3.57642876403316,-3.5735857441276395,-3.5706837085097414,-3.567736530429358,-3.5647547165378857,-3.5617462502520914,-3.5587172168800496,-3.55567226899157,-3.552614974213517,-3.549548076085031,-3.5464736903554943,-3.5433934531637137,-3.540308633226149,-3.5372202170182683,-3.534128973628834,-3.531035504270468,-3.527940280175995,-3.524843671679958,-3.5217459705924896,-3.5186474074559753,-3.515548164888057,-3.5124483879240587,-3.5093481920532987,-3.5062476694787277,-3.5031468940045225,-3.5000459248615976,-3.4969448097090368,-3.493843586994598,-3.4907422878156056,-3.48764093738945,-3.484539556218364,-3.4814381610142076,-3.478336765434446,-3.4752353806692367,-3.472134015910842,-3.4690326787298362,-3.465931375377305,-3.462830111028158,-3.4597288899774883,-3.456627715799399,-3.453526591475756,-3.4504255195008167,-3.4473245019664334,-3.4442235406316017,-3.441122636979351,-3.438021792263397,-3.4349210075464702,-3.4318202837318874,-3.4287196215896047,-3.4256190217777753,-3.4225184848606203,-3.4194180113232706,-3.416317601584137,-3.4132172560052294,-3.4101169749007822,-3.4070167585444953,-3.4039166071756126,-3.4008165210040437,-3.3977165002146865,-3.3946165449710892,-3.3915166554185534,-3.388416831686781,-3.3853170738921268,-3.382217382139535,-3.3791177565241974,-3.376018197132993,-3.372918704045726,-3.3698192773362154,-3.3667199170732474,-3.3636206233214168,-3.36052139614188,-3.3574222355930345,-3.3543231417311365,-3.3512241146108765,-3.3481251542859125,-3.345026260809388,-3.3419274342344356,-3.3388286746146694,-3.3357299820046906,-3.3326313564606047,-3.3295327980405665,-3.3264343068053592,-3.3233358828190234,-3.320237526149545,-3.317139236869623,-3.314041015057525,-3.3109428607980593,-3.3078447741836783,-3.30474675531575,-3.3016488043060175,-3.2985509212782897,-3.295453106370417,-3.2923553597365887,-3.289257681550033,-3.2861600717342476,-3.2830625302195204,-3.279965056942299,-3.2768676518446314,-3.27377031487366,-3.2706730459811695,-3.267575845123186,-3.2644787122596046,-3.2613816473538675,-3.258284650372663,-3.2551877212856595,-3.2520908600652634,-3.2489940666863992,-3.2458973411263106,-3.2428006833643783,-3.2397040933819596,-3.236607571162236,-3.233511116690078,-3.2304147299519257,-3.2273184109356694,-3.224222159630554,-3.2211259760270816,-3.218029860116929,-3.2149338118928696,-3.211837831348706,-3.2087419184792054,-3.2056460732800462,-3.202550295747766,-3.199454585879722,-3.196358943674055,-3.1932633691296592,-3.190167862246162,-3.18707242302391,-3.1839770514639665,-3.1808817475681224,-3.1777865113389128,-3.174691342779657,-3.1715962418945187,-3.168501208688585,-3.1654062431679826,-3.162311345340032,-3.1592165152134557,-3.1561217527986476,-3.153027058108032,-3.1499324311565355,-3.146837871962198,-3.1437433805469825,-3.140648956937824,-3.13755460116802,-3.1344603132790394,-3.131366093322917,-3.1282719413654005,-3.1251778574901192,-3.1220838418040895,-3.1189898944450345,-3.1158960155911175,-3.1128022054739275,-3.1097084643958417,-3.106614792753293,-3.1035211910680482,-3.100427660029336,-3.097334200550751,-3.09424081384731,-3.0911475015400516,-3.088054265798397,-3.084961109534398,-3.0818680366684523,-3.0787750524937207,-3.0756821641771754,-3.0725893814502627,-3.0694967175633807,-3.066404190608287,-3.0633118253549387,-3.0602196558093815,-3.057127728784758,-3.0540361088993646,-3.0509448855897046,-3.047854182975666,-3.044764173772549,-3.041675098958877,-3.0385872956499664,-3.0355012366972094,-3.032417587080764,-3.0293372844055977,-3.0262616540633305,-3.0231925743437564,-3.0201327136342617,-3.0170858717872844,-3.014057472123014,-3.011055271262496,-3.0080903836251407,-3.0051787592828805,-3.002343311801182,-2.999616970278837,-2.9970470279216976,-2.9947012708324814,-2.992676468176356,-2.991109820257868,-2.990193751783816
-3.5928056170091884,-3.592015951709922,-3.5906475794200796,-3.5888518069545814,-3.58673833799129,-3.5843874139168133,-3.5818581541810417,-3.579194384018995,-3.5764287630296465,-3.57358574312416,-3.570683707506298,-3.5677365294259524,-3.564754715534517,-3.5617462492487624,-3.5587172158767597,-3.555672267988319,-3.5526149732103054,-3.549548075081858,-3.54647368935236,-3.5433934521606196,-3.540308632223094,-3.5372202160152524,-3.5341289726258576,-3.531035503267532,-3.5279402791730994,-3.524843670677101,-3.521745969589671,-3.5186474064531947,-3.5155481638853145,-3.512448386921355,-3.509348191050634,-3.5062476684761026,-3.5031468930019365,-3.5000459238590507,-3.4969448087065285,-3.49384358599213,-3.4907422868131768,-3.4876409363870593,-3.484539555216011,-3.4814381600118933,-3.478336764432172,-3.4752353796670024,-3.4721340149086477,-3.469032677727682,-3.4659313743751894,-3.4628301100260823,-3.4597288889754543,-3.456627714797405,-3.453526590473803,-3.4504255184989043,-3.4473245009645628,-3.444223539629772,-3.4411226359775626,-3.4380217912616495,-3.434921006544763,-3.4318202827302193,-3.4287196205879757,-3.4256190207761863,-3.42251848385907,-3.4194180103217593,-3.4163176005826656,-3.4132172550037967,-3.4101169738993886,-3.407016757543141,-3.4039166061742976,-3.4008165200027682,-3.397716499213452,-3.394616543969894,-3.3915166544173996,-3.3884168306856672,-3.3853170728910533,-3.3822173811385015,-3.379117755523205,-3.3760181961320397,-3.372918703044812,-3.3698192763353405,-3.366719916072412,-3.363620622320621,-3.360521395141125,-3.3574222345923204,-3.3543231407304632,-3.3512241136102427,-3.348125153285319,-3.345026259808835,-3.3419274332339235,-3.3388286736141968,-3.3357299810042567,-3.33263135546021,-3.3295327970402098,-3.326434305805042,-3.3233358818187457,-3.3202375251493073,-3.317139235869425,-3.3140410140573664,-3.31094285979794,-3.3078447731835987,-3.3047467543157105,-3.301648803306017,-3.2985509202783296,-3.2954531053704974,-3.2923553587367103,-3.2892576805501936,-3.286160070734448,-3.28306252921976,-3.27996505594258,-3.276867650844953,-3.2737703138740217,-3.270673044981572,-3.2675758441236282,-3.264478711260086,-3.2613816463543883,-3.2582846493732243,-3.255187720286261,-3.2520908590659054,-3.2489940656870817,-3.2458973401270326,-3.2428006823651407,-3.239704092382762,-3.2366075701630788,-3.2335111156909617,-3.2304147289528493,-3.227318409936634,-3.2242221586315587,-3.2211259750281265,-3.218029859118015,-3.214933810893997,-3.211837830349874,-3.208741917480413,-3.205646072281293,-3.202550294749053,-3.1994545848810496,-3.196358942675423,-3.1932633681310674,-3.19016786124761,-3.1870724220253974,-3.183977050465494,-3.1808817465696895,-3.1777865103405194,-3.1746913417813043,-3.171596240896206,-3.1685012076903125,-3.1654062421697504,-3.16231134434184,-3.1592165142153035,-3.156121751800536,-3.15302705710996,-3.149932430158503,-3.1468378709642066,-3.1437433795490315,-3.1406489559399153,-3.137554600170151,-3.134460312281211,-3.131366092325129,-3.1282719403676533,-3.1251778564924115,-3.122083840806422,-3.1189898934474063,-3.1158960145935284,-3.1128022044763783,-3.109708463398332,-3.106614791755824,-3.103521190070619,-3.1004276590319466,-3.097334199553402,-3.0942408128500007,-3.0911475005427813,-3.0880542648011655,-3.084961108537206,-3.081868035671301,-3.0787750514966112,-3.0756821631801077,-3.0725893804532367,-3.069496716566395,-3.066404189611342,-3.063311824358035,-3.0602196548125176,-3.057127727787934,-3.05403610790258,-3.050944884592959,-3.04785418197896,-3.0447641727758823,-3.0416750979622496,-3.0385872946533783,-3.035501235700661,-3.032417586084257,-3.0293372834091308,-3.0262616530669035,-3.02319257334737,-3.020132712637915,-3.0170858707909773,-3.0140574711267463,-3.011055270266268,-3.0080903826289527,-3.0051787582867315,-3.0023433108050717,-2.999616969282763,-2.9970470269256584,-2.9947012698364723,-2.992676467180375,-2.9911098192619083,-2.990193750787869
-3.5928056159686803,-3.592015950669423,-3.5906475783795972,-3.588851805914123,-3.5867383369508574,-3.5843874128764095,-3.5818581531406695,-3.579194382978657,-3.576428761989345,-3.5735857420838952,-3.5706837064660712,-3.567736528385764,-3.5647547144943674,-3.561746248208651,-3.5587172148366863,-3.5556722669482848,-3.5526149721703115,-3.5495480740419043,-3.5464736883124477,-3.543393451120748,-3.5403086311832648,-3.5372202149754663,-3.534128971586114,-3.531035502227831,-3.527940278133439,-3.5248436696374825,-3.521745968550095,-3.5186474054136614,-3.515548162845823,-3.512448385881906,-3.509348190011226,-3.5062476674367336,-3.5031468919626074,-3.5000459228197625,-3.496944807667282,-3.493843584952924,-3.4907422857740116,-3.4876409353479345,-3.484539554176927,-3.48143815897285,-3.478336763393169,-3.475235378628041,-3.472134013869728,-3.469032676688804,-3.4659313733363537,-3.4628301089872875,-3.459728887936699,-3.45662771375869,-3.453526589435129,-3.450425517460271,-3.4473244999259705,-3.4442235385912205,-3.441122634939051,-3.438021790223178,-3.4349210055063324,-3.43182028169183,-3.4287196195496263,-3.4256190197378764,-3.4225184828208004,-3.419418009283531,-3.4163175995444792,-3.4132172539656516,-3.410116972861285,-3.407016756505078,-3.4039166051362764,-3.4008165189647888,-3.397716498175513,-3.3946165429319968,-3.3915166533795422,-3.3884168296478507,-3.3853170718532786,-3.3822173801007684,-3.379117754485513,-3.3760181950943897,-3.3729187020072047,-3.369819275297775,-3.366719915034887,-3.3636206212831365,-3.360521394103681,-3.357422233554917,-3.3543231396931015,-3.351224112572922,-3.348125152248038,-3.345026258771595,-3.3419274321967243,-3.3388286725770393,-3.3357299799671423,-3.3326313544231385,-3.329532796003182,-3.326434304768057,-3.323335880781803,-3.320237524112407,-3.3171392348325663,-3.314041013020549,-3.3109428587611633,-3.307844772146863,-3.304746753279016,-3.301648802269364,-3.2985509192417184,-3.295453104333927,-3.2923553577001807,-3.2892576795137063,-3.286160069698002,-3.2830625281833554,-3.279965054906216,-3.2768676498086307,-3.2737703128377404,-3.2706730439453313,-3.267575843087428,-3.264478710223928,-3.2613816453182727,-3.2582846483371504,-3.25518771925023,-3.252090858029916,-3.2489940646511344,-3.245897339091128,-3.242800681329278,-3.239704091346941,-3.2366075691272997,-3.233511114655224,-3.2304147279171533,-3.22731840890098,-3.224222157595947,-3.221125973992556,-3.218029858082486,-3.214933809858509,-3.211837829314427,-3.2087419164450073,-3.2056460712459294,-3.2025502937137316,-3.1994545838457698,-3.1963589416401845,-3.1932633670958706,-3.1901678602124535,-3.187072420990282,-3.18397704943042,-3.1808817455346565,-3.1777865093055273,-3.174691340746353,-3.1715962398612954,-3.1685012066554425,-3.165406241134921,-3.1623113433070507,-3.159216513180556,-3.15612175076583,-3.153027056075297,-3.149932429123883,-3.146837869929628,-3.1437433785144937,-3.1406489549054184,-3.137554599135695,-3.1344603112467957,-3.131366091290755,-3.128271939333321,-3.1251778554581215,-3.122083839772174,-3.1189898924132002,-3.115896013559365,-3.112802203442257,-3.1097084623642526,-3.1066147907217854,-3.103521189036622,-3.1004276579979906,-3.0973341985194875,-3.0942408118161286,-3.091147499508951,-3.088054263767377,-3.0849611075034584,-3.0818680346375937,-3.0787750504629448,-3.0756821621464825,-3.072589379419653,-3.069496715532854,-3.066404188577842,-3.0633118233245766,-3.0602196537791007,-3.0571277267545582,-3.0540361068692468,-3.050944883559669,-3.0478541809457123,-3.044764171742677,-3.0416750969290876,-3.0385872936202594,-3.0355012346675854,-3.032417585051223,-3.0293372823761393,-3.026261652033953,-3.0231925723144597,-3.020132711605046,-3.0170858697581497,-3.014057470093961,-3.011055269233524,-3.00809038159625,-3.0051787572540682,-3.002343309772448,-2.999616968250177,-2.997047025893109,-2.994701268803957,-2.9926764661478873,-2.991109818229442,-2.990193749755415
-3.5928056148900405,-3.5920159495907926,-3.5906475773009845,-3.588851804835532,-3.5867383358722957,-3.5843874117978785,-3.5818581520621726,-3.579194381900195,-3.5764287609109178,-3.5735857410055054,-3.5706837053877174,-3.567736527307449,-3.564754713416093,-3.561746247130417,-3.5587172137584937,-3.5556722658701343,-3.5526149710922037,-3.5495480729638382,-3.546473687234424,-3.5433934500427653,-3.5403086301053226,-3.537220213897565,-3.534128970508254,-3.5310355011500114,-3.527940277055662,-3.524843668559749,-3.5217459674724036,-3.5186474043360123,-3.5155481617682165,-3.5124483848043417,-3.509348188933705,-3.506247666359256,-3.5031468908851733,-3.5000459217423714,-3.496944806589934,-3.4938435838756186,-3.4907422846967484,-3.4876409342707135,-3.484539553099749,-3.481438157895715,-3.4783367623160775,-3.4752353775509923,-3.4721340127927225,-3.469032675611842,-3.4659313722594347,-3.462830107910411,-3.4597288868598666,-3.4566277126819007,-3.4535265883583808,-3.450425516383565,-3.447324498849306,-3.444223537514598,-3.4411226338624714,-3.4380217891466414,-3.4349210044298384,-3.431820280615379,-3.4287196184732203,-3.4256190186615147,-3.422518481744482,-3.419418008207256,-3.416317598468247,-3.413217252889462,-3.4101169717851385,-3.407016755428976,-3.4039166040602162,-3.40081651788877,-3.3977164970995366,-3.394616541856063,-3.3915166523036513,-3.3884168285720015,-3.385317070777471,-3.3822173790250023,-3.3791177534097887,-3.376018194018707,-3.3729187009315638,-3.3698192742221766,-3.3667199139593316,-3.3636206202076244,-3.3605213930282125,-3.3574222324794922,-3.35432313861772,-3.351224111497584,-3.348125151172744,-3.345026257696344,-3.341927431121516,-3.338828671501874,-3.335729978892019,-3.332631353348058,-3.3295327949281446,-3.3264343036930617,-3.3233358797068497,-3.3202375230374965,-3.317139233757698,-3.314041011945724,-3.310942857686382,-3.3078447710721255,-3.3047467522043212,-3.3016488011947125,-3.29855091816711,-3.2954531032593626,-3.2923553566256594,-3.2892576784392284,-3.2861600686235684,-3.283062527108966,-3.27996505383187,-3.276867648734328,-3.273770311763481,-3.270673042871115,-3.267575842013255,-3.264478709149798,-3.261381644244185,-3.2582846472631055,-3.255187718176227,-3.2520908569559563,-3.248994063577217,-3.2458973380172527,-3.2428006802554448,-3.23970409027315,-3.2366075680535507,-3.2335111135815184,-3.23041472684349,-3.2273184078273593,-3.2242221565223685,-3.221125972919021,-3.218029857008994,-3.21493380878506,-3.211837828241022,-3.208741915371646,-3.205646070172611,-3.2025502926404554,-3.1994545827725367,-3.1963589405669937,-3.193263366022722,-3.1901678591393487,-3.18707241991722,-3.183977048357401,-3.1808817444616806,-3.177786508232595,-3.1746913396734637,-3.171596238788449,-3.1685012055826394,-3.1654062400621616,-3.162311342234336,-3.159216512107884,-3.156121749693201,-3.1530270550027115,-3.1499324280513394,-3.146837868857128,-3.1437433774420374,-3.140648953833005,-3.1375545980633257,-3.13446031017447,-3.1313660902184726,-3.1282719382610824,-3.125177854385928,-3.1220838387000236,-3.118989891341093,-3.1158960124873003,-3.1128022023702364,-3.1097084612922754,-3.106614789649853,-3.1035211879647338,-3.100427656926146,-3.097334197447686,-3.09424081074437,-3.0911474984372354,-3.088054262695705,-3.0849611064318294,-3.0818680335660082,-3.0787750493914023,-3.0756821610749827,-3.072589378348196,-3.0694967144614407,-3.066404187506473,-3.0633118222532505,-3.060219652707819,-3.0571277256833205,-3.054036105798053,-3.050944882488519,-3.0478541798746064,-3.044764170671615,-3.0416750958580687,-3.0385872925492836,-3.035501233596652,-3.0324175839803322,-3.0293372813052915,-3.026261650963149,-3.0231925712436993,-3.020132710534329,-3.017085868687476,-3.0140574690233293,-3.011055268162934,-3.0080903805257004,-3.0051787561835597,-3.002343308701979,-2.9996169671797457,-2.997047024822714,-2.9947012677335954,-2.992676465077555,-2.991109817159133,-2.9901937486851193
-3.5928056137718642,-3.5920159484726266,-3.5906475761828354,-3.588851803717405,-3.5867383347541946,-3.5843874106798066,-3.5818581509441327,-3.5791943807821913,-3.576428759792953,-3.5735857398875783,-3.5706837042698303,-3.5677365261896017,-3.564754712298286,-3.561746246012652,-3.5587172126407705,-3.5556722647524523,-3.552614969974564,-3.549548071846242,-3.5464736861168706,-3.5433934489252565,-3.540308628987858,-3.537220212780146,-3.5341289693908804,-3.531035500032683,-3.527940275938378,-3.5248436674425085,-3.5217459663552066,-3.5186474032188584,-3.515548160651105,-3.5124483836872726,-3.509348187816679,-3.5062476652422747,-3.503146889768237,-3.5000459206254804,-3.4969448054730874,-3.493843582758817,-3.490742283579991,-3.487640933154002,-3.4845395519830817,-3.4814381567790926,-3.4783367611994995,-3.475235376434458,-3.4721340116762307,-3.4690326744953937,-3.465931371143031,-3.462830106794052,-3.459728885743552,-3.456627711565631,-3.4535265872421568,-3.4504255152673866,-3.4473244977331725,-3.4442235363985096,-3.441122632746428,-3.4380217880306434,-3.4349210033138866,-3.4318202794994725,-3.4287196173573586,-3.425619017545698,-3.42251848062871,-3.4194180070915285,-3.4163175973525632,-3.4132172517738235,-3.410116970669545,-3.4070167543134264,-3.403916602944712,-3.4008165167733115,-3.3977164959841226,-3.394616540740694,-3.3915166511883266,-3.388416827456722,-3.385317069662236,-3.382217377909811,-3.3791177522946407,-3.376018192903603,-3.3729186998165033,-3.3698192731071597,-3.3667199128443586,-3.363620619092696,-3.3605213919133274,-3.3574222313646507,-3.3543231375029228,-3.351224110382831,-3.3481251500580362,-3.345026256581681,-3.3419274300068973,-3.3388286703872994,-3.335729977777489,-3.3326313522335713,-3.3295327938137014,-3.326434302578663,-3.323335878592496,-3.3202375219231866,-3.317139232643434,-3.3140410108315055,-3.310942856572208,-3.3078447699579967,-3.3047467510902373,-3.3016488000806734,-3.298550917053115,-3.295453102145411,-3.2923553555117513,-3.289257677325364,-3.2861600675097473,-3.2830625259951893,-3.2799650527181377,-3.276867647620639,-3.2737703106498373,-3.2706730417575165,-3.2675758408997018,-3.264478708036289,-3.261381643130721,-3.258284646149685,-3.2551877170628516,-3.252090855842626,-3.248994062463932,-3.245897336904013,-3.2428006791422503,-3.2397040891600004,-3.236607566940446,-3.233511112468458,-3.2304147257304745,-3.2273184067143874,-3.2242221554094406,-3.221125971806137,-3.218029855896154,-3.2149338076722644,-3.2118378271282695,-3.2087419142589377,-3.2056460690599473,-3.2025502915278374,-3.1994545816599635,-3.1963589394544663,-3.1932633649102407,-3.190167858026913,-3.1870724188048296,-3.1839770472450546,-3.180881743349379,-3.177786507120338,-3.1746913385612516,-3.1715962376762827,-3.168501204470518,-3.165406238950084,-3.1623113411223027,-3.1592165109958956,-3.156121748581257,-3.1530270538908116,-3.1499324269394844,-3.146837867745317,-3.1437433763302707,-3.140648952721282,-3.137554596951647,-3.134460309062836,-3.1313660891068835,-3.1282719371495387,-3.1251778532744288,-3.1220838375885696,-3.1189898902296846,-3.115896011375938,-3.1128022012589183,-3.109708460181002,-3.106614788538625,-3.1035211868535506,-3.1004276558150083,-3.0973341963365932,-3.0942408096333214,-3.0911474973262325,-3.088054261584747,-3.0849611053209167,-3.0818680324551404,-3.078775048280579,-3.0756821599642037,-3.072589377237462,-3.069496713350751,-3.0664041863958276,-3.063311821142651,-3.0602196515972637,-3.05712772457281,-3.054036104687587,-3.0509448813780975,-3.0478541787642293,-3.0447641695612813,-3.0416750947477786,-3.038587291439037,-3.0355012324864497,-3.0324175828701754,-3.0293372801951786,-3.026261649853082,-3.023192570133678,-3.0201327094243524,-3.017085867577544,-3.014057467913441,-3.0110552670530892,-3.008090379415899,-3.005178755073801,-3.002343307592262,-2.9996169660700702,-2.9970470237130766,-2.9947012666239923,-2.9926764639679817,-2.9911098160495824,-2.990193747575583
-3.5928056126127,-3.592015947313473,-3.5906475750237017,-3.5888518025582976,-3.586738333595115,-3.584387409520759,-3.581858149785121,-3.5791943796232166,-3.576428758634016,-3.573585738728682,-3.5706837031109755,-3.5677365250307904,-3.564754711139518,-3.5617462448539277,-3.5587172114820906,-3.5556722635938174,-3.5526149688159725,-3.549548070687695,-3.546473684958368,-3.543393447766797,-3.5403086278294427,-3.5372202116217726,-3.5341289682325505,-3.5310354988743975,-3.5279402747801387,-3.5248436662843154,-3.521745965197061,-3.51864740206076,-3.5155481594930538,-3.512448382529268,-3.50934818665872,-3.506247664084362,-3.5031468886103685,-3.5000459194676568,-3.4969448043153086,-3.4938435816010833,-3.4907422824223033,-3.4876409319963604,-3.484539550825486,-3.481438155621543,-3.4783367600419948,-3.4752353752769993,-3.4721340105188196,-3.46903267333803,-3.4659313699857135,-3.4628301056367814,-3.4597288845863265,-3.4566277104084504,-3.453526586085023,-3.450425514110299,-3.447324496576131,-3.4442235352415147,-3.4411226315894803,-3.4380217868737417,-3.43492100215703,-3.431820278342661,-3.428719616200592,-3.4256190163889766,-3.4225184794720334,-3.419418005934897,-3.4163175961959773,-3.413217250617282,-3.4101169695130484,-3.4070167531569755,-3.403916601788308,-3.400816515616953,-3.3977164948278107,-3.394616539584428,-3.391516650032107,-3.3884168263005487,-3.385317068506109,-3.3822173767537302,-3.379117751138606,-3.3760181917476144,-3.3729186986605617,-3.3698192719512647,-3.3667199116885103,-3.3636206179368933,-3.360521390757572,-3.3574222302089423,-3.354323136347261,-3.3512241092272164,-3.348125148902467,-3.3450262554261587,-3.3419274288514216,-3.3388286692318694,-3.335729976622105,-3.3326313510782333,-3.3295327926584095,-3.3264343014234163,-3.3233358774372936,-3.32023752076803,-3.317139231488322,-3.3140410096764383,-3.3109428554171867,-3.30784476880302,-3.3047467499353056,-3.301648798925786,-3.2985509158982715,-3.295453100990613,-3.2923553543569994,-3.289257676170658,-3.2861600663550874,-3.2830625248405756,-3.2799650515635705,-3.276867646466119,-3.273770309495363,-3.270673040603089,-3.26757583974532,-3.2644787068819534,-3.2613816419764317,-3.2582846449954426,-3.2551877159086557,-3.2520908546884764,-3.248994061309829,-3.245897335749956,-3.2428006779882397,-3.2397040880060364,-3.2366075657865276,-3.233511111314586,-3.2304147245766486,-3.227318405560609,-3.2242221542557097,-3.2211259706524533,-3.2180298547425163,-3.214933806518674,-3.211837825974726,-3.2087419131054413,-3.205646067906497,-3.202550290374433,-3.1994545805066053,-3.1963589383011537,-3.1932633637569734,-3.1901678568736913,-3.1870724176516543,-3.1839770460919254,-3.180881742196296,-3.1777865059673016,-3.1746913374082615,-3.171596236523338,-3.1685012033176196,-3.1654062377972347,-3.1623113399695018,-3.159216509843142,-3.156121747428551,-3.1530270527381514,-3.1499324257868713,-3.14683786659275,-3.1437433751777513,-3.1406489515688096,-3.1375545957992212,-3.134460307910457,-3.1313660879545506,-3.1282719359972515,-3.125177852122187,-3.122083836436373,-3.1189898890775325,-3.1158960102238313,-3.1128022001068585,-3.109708459028989,-3.1066147873866568,-3.103521185701628,-3.100427654663132,-3.097334195184763,-3.094240808481538,-3.091147496174495,-3.088054260433056,-3.0849611041692717,-3.081868031303541,-3.0787750471290263,-3.0756821588126986,-3.0725893760860035,-3.0694967121993386,-3.0664041852444615,-3.063311819991331,-3.0602196504459913,-3.0571277234215852,-3.0540361035364096,-3.050944880226966,-3.0478541776131434,-3.0447641684102433,-3.0416750935967887,-3.038587290288095,-3.035501231335555,-3.0324175817193275,-3.0293372790443778,-3.0262616487023273,-3.02319256898297,-3.020132708273691,-3.0170858664269296,-3.0140574667628734,-3.0110552659025673,-3.0080903782654236,-3.0051787539233707,-3.002343306441875,-2.999616964919724,-2.9970470225627692,-2.9947012654737217,-2.9926764628177427,-2.9911098148993682,-2.9901937464253825
-3.5928056114110407,-3.5920159461118253,-3.5906475738220722,-3.5888518013566926,-3.586738332393541,-3.5843874083192198,-3.58185814858362,-3.5791943784217564,-3.576428757432598,-3.573585737527307,-3.570683701909645,-3.5677365238295025,-3.564754709938275,-3.56174624365273,-3.558717210280939,-3.555672262392711,-3.552614967614912,-3.5495480694866806,-3.546473683757401,-3.543393446565879,-3.5403086266285717,-3.53722021042095,-3.534128967031776,-3.5310354976736695,-3.5279402735794574,-3.5248436650836794,-3.5217459639964708,-3.518647400860216,-3.5155481582925567,-3.5124483813288183,-3.5093481854583186,-3.506247662884007,-3.503146887410062,-3.5000459182673977,-3.4969448031150976,-3.4938435804009194,-3.490742281222187,-3.4876409307962906,-3.484539549625463,-3.4814381544215673,-3.4783367588420666,-3.4752353740771174,-3.4721340093189847,-3.469032672138241,-3.465931368785971,-3.4628301044370864,-3.4597288833866804,-3.4566277092088535,-3.453526584885473,-3.4504255129107957,-3.4473244953766753,-3.4442235340421066,-3.441122630390119,-3.438021785674428,-3.4349210009577633,-3.4318202771434416,-3.42871961500142,-3.4256190151898513,-3.422518478272957,-3.4194180047358684,-3.4163175949969977,-3.4132172494183513,-3.4101169683141657,-3.4070167519581402,-3.403916600589519,-3.400816514418212,-3.397716493629116,-3.39461653838578,-3.391516648833506,-3.3884168251019946,-3.3853170673076027,-3.3822173755552725,-3.3791177499401965,-3.376018190549253,-3.3729186974622474,-3.369819270752998,-3.366719910490291,-3.363620616738722,-3.360521389559448,-3.357422229010866,-3.3543231351492313,-3.3512241080292338,-3.348125147704532,-3.3450262542282707,-3.3419274276535815,-3.3388286680340777,-3.3357299754243614,-3.332631349880538,-3.3295327914607626,-3.326434300225818,-3.323335876239744,-3.320237519570527,-3.3171392302908664,-3.31404100847903,-3.310942854219825,-3.307844767605706,-3.30474674873804,-3.30164879772857,-3.298550914701105,-3.295453099793496,-3.292355353159931,-3.2892576749736384,-3.286160065158116,-3.2830625236436513,-3.2799650503666937,-3.2768676452692898,-3.2737703082985816,-3.270673039406355,-3.267575838548635,-3.2644787056853164,-3.261381640779842,-3.2582846437989006,-3.2551877147121617,-3.25209085349203,-3.24899406011343,-3.2458973345536046,-3.242800676791936,-3.2397040868097804,-3.23660756459032,-3.233511110118426,-3.2304147233805365,-3.2273184043645435,-3.2242221530596917,-3.221125969456483,-3.2180298535465934,-3.2149338053227985,-3.211837824778899,-3.208741911909662,-3.205646066710766,-3.2025502891787503,-3.199454579310971,-3.196358937105568,-3.1932633625614364,-3.1901678556782027,-3.1870724164562136,-3.1839770448965337,-3.180881741000952,-3.1777865047720053,-3.1746913362130136,-3.1715962353281375,-3.168501202122467,-3.165406236602129,-3.1623113387744426,-3.159216508648131,-3.1561217462335875,-3.1530270515432375,-3.1499324245920053,-3.1468378653979334,-3.143743373982982,-3.1406489503740893,-3.137554594604549,-3.1344603067158325,-3.1313660867599746,-3.1282719348027235,-3.125177850927707,-3.122083835241941,-3.1189898878831492,-3.1158960090294956,-3.1128021989125703,-3.1097084578347487,-3.106614786192466,-3.103521184507486,-3.1004276534690374,-3.0973341939907164,-3.0942408072875387,-3.091147494980543,-3.088054259239152,-3.0849611029754156,-3.081868030109734,-3.078775045935267,-3.075682157618987,-3.07258937489234,-3.0694967110057236,-3.066404184050895,-3.063311818797813,-3.060219649252521,-3.057127722228162,-3.0540361023430345,-3.0509448790336404,-3.0478541764198677,-3.0447641672170165,-3.041675092403611,-3.0385872890949663,-3.035501230142475,-3.0324175805262956,-3.0293372778513947,-3.0262616475093913,-3.02319256779008,-3.0201327070808484,-3.0170858652341326,-3.014057465570123,-3.0110552647098654,-3.0080903770727683,-3.005178752730762,-3.002343305249313,-2.999616963727207,-2.9970470213702947,-2.9947012642812854,-2.9926764616253396,-2.99110981370699,-2.9901937452330194
-3.592805610165336,-3.5920159448661315,-3.5906475725763984,-3.5888518001110454,-3.5867383311479255,-3.584387407073641,-3.5818581473380786,-3.5791943771762535,-3.5764287561871355,-3.5735857362818875,-3.570683700664269,-3.567736522584173,-3.5647547086929916,-3.5617462424074935,-3.5587172090357493,-3.555672261147569,-3.5526149663698185,-3.5495480682416343,-3.546473682512401,-3.5433934453209255,-3.5403086253836666,-3.5372202091760943,-3.53412896578697,-3.531035496428914,-3.5279402723347513,-3.524843663839024,-3.521745962751865,-3.5186473996156598,-3.5155481570480496,-3.512448380084361,-3.509348184213911,-3.506247661639649,-3.5031468861657524,-3.500045917023136,-3.4969448018708835,-3.4938435791567537,-3.4907422799780714,-3.487640929552225,-3.484539548381448,-3.481438153177601,-3.4783367575981496,-3.4752353728332497,-3.4721340080751655,-3.469032670894471,-3.4659313675422503,-3.4628301031934146,-3.459728882143056,-3.4566277079652767,-3.453526583641945,-3.450425511667318,-3.447324494133247,-3.4442235327987274,-3.4411226291467893,-3.438021784431148,-3.434920999714534,-3.431820275900263,-3.428719613758292,-3.4256190139467746,-3.4225184770299295,-3.419418003492891,-3.416317593754069,-3.4132172481754717,-3.410116967071335,-3.407016750715359,-3.403916599346786,-3.4008165131755277,-3.39771649238648,-3.3946165371431927,-3.3915166475909677,-3.3884168238595067,-3.3853170660651632,-3.382217374312882,-3.3791177486978556,-3.3760181893069614,-3.372918696220005,-3.3698192695108053,-3.3667199092481486,-3.3636206154966297,-3.360521388317406,-3.3574222277688737,-3.354323133907289,-3.351224106787342,-3.3481251464626904,-3.345026252986479,-3.3419274264118393,-3.3388286667923857,-3.3357299741827195,-3.332631348638946,-3.329532790219219,-3.3264342989843234,-3.3233358749982993,-3.320237518329133,-3.317139229049522,-3.314041007237735,-3.310942852978579,-3.30784476636451,-3.3047467474968935,-3.301648796487472,-3.298550913460057,-3.295453098552497,-3.2923553519189817,-3.2892576737327386,-3.286160063917267,-3.283062522402852,-3.2799650491259444,-3.27686764402859,-3.2737703070579314,-3.270673038165754,-3.2675758373080823,-3.264478704444813,-3.261381639539388,-3.2582846425584964,-3.2551877134718064,-3.252090852251724,-3.248994058873174,-3.245897333313399,-3.24280067555178,-3.2397040855696746,-3.236607563350264,-3.2335111088784196,-3.2304147221405795,-3.2273184031246362,-3.224222151819835,-3.2211259682166773,-3.2180298523068394,-3.2149338040830937,-3.211837823539243,-3.208741910670055,-3.205646065471209,-3.2025502879392422,-3.1994545780715122,-3.1963589358661593,-3.193263361322078,-3.1901678544388945,-3.1870724152169556,-3.1839770436573267,-3.180881739761796,-3.1777865035328996,-3.174691334973957,-3.1715962340891313,-3.1685012008835103,-3.165406235363222,-3.1623113375355865,-3.1592165074093264,-3.1561217449948336,-3.1530270503045332,-3.1499324233533508,-3.146837864159328,-3.1437433727444266,-3.140648949135583,-3.1375545933660933,-3.134460305477428,-3.13136608552162,-3.1282719335644193,-3.1251778496894533,-3.122083834003738,-3.1189898866449965,-3.1158960077913926,-3.1128021976745175,-3.1097084565967457,-3.1066147849545116,-3.1035211832695806,-3.1004276522311818,-3.0973341927529106,-3.094240806049783,-3.0911474937428376,-3.0880542580014967,-3.084961101737812,-3.0818680288721807,-3.078775044697764,-3.0756821563815335,-3.0725893736549357,-3.0694967097683685,-3.066404182813589,-3.063311817560556,-3.0602196480153125,-3.0571277209910033,-3.054036101105926,-3.050944877796581,-3.0478541751828576,-3.0447641659800557,-3.0416750911667,-3.038587287858105,-3.035501228905663,-3.032417579289533,-3.0293372766146818,-3.0262616462727294,-3.02319256655347,-3.0201327058442895,-3.0170858639976257,-3.014057464333667,-3.0110552634734575,-3.0080903758364093,-3.00517875149445,-3.0023433040130465,-2.9996169624909848,-2.997047020134114,-2.994701263045143,-2.99267646038923,-2.9911098124709072,-2.9901937439969517
-3.592805608873964,-3.5920159435747707,-3.5906475712850585,-3.588851798819734,-3.5867383298566473,-3.584387405782399,-3.5818581460468755,-3.5791943758850926,-3.576428754896019,-3.5735857349908158,-3.570683699373244,-3.567736521293195,-3.5647547074020607,-3.5617462411166105,-3.5587172077449147,-3.5556722598567836,-3.5526149650790817,-3.549548066950947,-3.546473681221764,-3.5433934440303396,-3.540308624093132,-3.537220207885609,-3.534128964496534,-3.5310354951385285,-3.5279402710444177,-3.52484366254874,-3.5217459614616313,-3.5186473983254762,-3.515548155757918,-3.5124483787942813,-3.5093481829238833,-3.5062476603496733,-3.5031468848758283,-3.5000459157332644,-3.4969448005810633,-3.4938435778669854,-3.490742278688352,-3.4876409282625565,-3.4845395470918294,-3.4814381518880335,-3.4783367563086336,-3.4752353715437856,-3.472134006785752,-3.4690326696051077,-3.465931366252937,-3.4628301019041525,-3.459728880853846,-3.4566277066761186,-3.4535265823528385,-3.450425510378263,-3.4473244928442432,-3.444223531509775,-3.441122627857888,-3.438021783142298,-3.434920998425735,-3.4318202746115154,-3.428719612469595,-3.4256190126581285,-3.422518475741335,-3.419418002204347,-3.4163175924655773,-3.4132172468870317,-3.410116965782947,-3.4070167494270227,-3.4039165980585033,-3.400816511887297,-3.3977164910983024,-3.394616535855067,-3.3915166463028945,-3.3884168225714846,-3.3853170647771935,-3.382217373024964,-3.379117747409989,-3.3760181880191467,-3.372918694932241,-3.369819268223092,-3.366719907960485,-3.3636206142090157,-3.360521387029841,-3.357422226481358,-3.3543231326198235,-3.3512241054999263,-3.348125145175326,-3.3450262516991653,-3.3419274251245756,-3.3388286655051727,-3.335729972895557,-3.3326313473518345,-3.3295327889321595,-3.326434297697315,-3.323335873711342,-3.320237517042228,-3.3171392277626697,-3.3140410059509344,-3.3109428516918316,-3.3078447650778138,-3.3047467462102498,-3.30164879520088,-3.298550912173517,-3.2954530972660088,-3.292355350632545,-3.2892576724463534,-3.2861600626309326,-3.2830625211165696,-3.2799650478397138,-3.2768676427424106,-3.2737703057718037,-3.270673036879678,-3.2675758360220586,-3.264478703158841,-3.2613816382534675,-3.2582846412726267,-3.255187712185988,-3.2520908509659563,-3.248994057587457,-3.245897332027733,-3.2428006742661655,-3.239704084284111,-3.2366075620647514,-3.2335111075929572,-3.2304147208551686,-3.227318401839277,-3.224222150534526,-3.2211259669314183,-3.218029851021631,-3.214933802797938,-3.21183782225414,-3.208741909385005,-3.2056460641862112,-3.2025502866542963,-3.1994545767866196,-3.1963589345813195,-3.1932633600372897,-3.1901678531541577,-3.187072413932271,-3.183977042372693,-3.180881738477214,-3.17778650224837,-3.1746913336894798,-3.171596232804707,-3.168501199599139,-3.165406234078902,-3.1623113362513173,-3.1592165061251074,-3.1561217437106657,-3.1530270490204164,-3.1499324220692846,-3.1468378628753135,-3.1437433714604643,-3.140648947851673,-3.137554592082234,-3.134460304193619,-3.1313660842378623,-3.128271932280712,-3.125177848405797,-3.1220838327201332,-3.1189898853614433,-3.1158960065078913,-3.1128021963910664,-3.1097084553133456,-3.1066147836711626,-3.103521181986283,-3.1004276509479354,-3.097334191469716,-3.0942408047666414,-3.091147492459749,-3.0880542567184595,-3.0849611004548256,-3.081868027589246,-3.0787750434148817,-3.0756821550987046,-3.07258937237216,-3.0694967084856457,-3.06640418153092,-3.0633118162779396,-3.0602196467327496,-3.057127719708492,-3.0540360998234655,-3.0509448765141727,-3.047854173900501,-3.0447641646977517,-3.041675089884448,-3.038587286575904,-3.0355012276235143,-3.032417578007436,-3.0293372753326357,-3.0262616449907345,-3.0231925652715255,-3.0201327045623945,-3.0170858627157804,-3.0140574630518717,-3.011055262191713,-3.008090374554715,-3.005178750212805,-3.00234330273145,-2.9996169612094348,-2.9970470188526086,-2.994701261763679,-2.9926764591078014,-2.9911098111895056,-2.9901937427155656
-3.5928056075352512,-3.5920159422360705,-3.5906475699463796,-3.5888517974810834,-3.586738328518031,-3.5843874044438193,-3.5818581447083364,-3.5791943745465975,-3.5764287535575696,-3.5735857336524135,-3.5706836980348893,-3.567736519954888,-3.5647547060638045,-3.5617462397784045,-3.558717206406759,-3.5556722585186793,-3.5526149637410303,-3.5495480656129486,-3.5464736798838183,-3.5433934426924463,-3.540308622755291,-3.537220206547822,-3.5341289631588007,-3.5310354938008475,-3.5279402697067876,-3.524843661211164,-3.521745960124109,-3.5186473969880074,-3.5155481544205016,-3.512448377456917,-3.50934818158657,-3.506247659012412,-3.5031468835386192,-3.500045914396108,-3.4969447992439604,-3.493843576529935,-3.4907422773513566,-3.4876409269256143,-3.4845395457549415,-3.4814381505511998,-3.4783367549718527,-3.475235370207056,-3.472134005449076,-3.4690326682684858,-3.465931364916369,-3.4628301005676376,-3.459728879517384,-3.4566277053397094,-3.4535265810164817,-3.4504255090419584,-3.4473244915079913,-3.4442235301735753,-3.4411226265217416,-3.4380217818062038,-3.4349209970896935,-3.4318202732755267,-3.4287196111336598,-3.4256190113222456,-3.422518474405505,-3.41941800086857,-3.4163175911298524,-3.4132172455513605,-3.4101169644473286,-3.407016748091457,-3.4039165967229894,-3.4008165105518353,-3.397716489762894,-3.394616534519712,-3.3915166449675924,-3.388416821236236,-3.385317063441998,-3.3822173716898223,-3.3791177460749013,-3.376018186684112,-3.3729186935972595,-3.3698192668881632,-3.3667199066256095,-3.363620612874193,-3.360521385695072,-3.3574222251466432,-3.3543231312851627,-3.3512241041653192,-3.3481251438407713,-3.345026250364664,-3.3419274237901284,-3.3388286641707783,-3.3357299715612156,-3.3326313460175467,-3.329532787597926,-3.3264342963631353,-3.3233358723772164,-3.320237515708155,-3.31713922642865,-3.314041004616969,-3.3109428503579204,-3.3078447637439563,-3.3047467448764456,-3.301648793867129,-3.2985509108398188,-3.295453095932363,-3.292355349298952,-3.289257671112814,-3.286160061297446,-3.2830625197831367,-3.2799650465063337,-3.2768676414090834,-3.2737703044385293,-3.2706730355464573,-3.2675758346888903,-3.264478701825726,-3.2613816369204054,-3.258284639939618,-3.255187710853033,-3.2520908496330554,-3.2489940562546105,-3.2458973306949406,-3.242800672933428,-3.239704082951427,-3.236607560732121,-3.233511106260382,-3.230414719522647,-3.2273184005068094,-3.224222149202112,-3.2211259655990587,-3.2180298496893256,-3.214933801465686,-3.2118378209219416,-3.2087419080528594,-3.2056460628541177,-3.202550285322257,-3.199454575454632,-3.1963589332493845,-3.1932633587054085,-3.19016785182233,-3.187072412600497,-3.1839770410409725,-3.1808817371455462,-3.177786500916755,-3.1746913323579182,-3.171596231473198,-3.168501198267683,-3.1654062327474994,-3.1623113349199685,-3.1592165047938123,-3.1561217423794248,-3.1530270476892297,-3.1499324207381525,-3.1468378615442356,-3.14374337012944,-3.140648946520703,-3.1375545907513183,-3.134460302862757,-3.1313660829070535,-3.1282719309499574,-3.1251778470750966,-3.122083831389486,-3.11898988403085,-3.1158960051773503,-3.1128021950605795,-3.109708453982913,-3.106614782340785,-3.1035211806559597,-3.1004276496176666,-3.0973341901395,-3.094240803436477,-3.0911474911296355,-3.0880542553883985,-3.0849610991248175,-3.0818680262592903,-3.0787750420849784,-3.075682153768853,-3.0725893710423597,-3.069496707155898,-3.066404180201224,-3.0633118149482974,-3.0602196454031603,-3.0571277183789562,-3.054036098493983,-3.050944875184744,-3.047854172571126,-3.04476416336843,-3.04167508855518,-3.03858728524669,-3.035501226294353,-3.032417576678329,-3.029337274003583,-3.0262616436617353,-3.0231925639425814,-3.020132703233506,-3.0170858613869456,-3.0140574617230897,-3.011055260862984,-3.008090373226038,-3.0051787488841804,-3.0023433014028753,-2.999616959880909,-2.997047017524128,-2.9947012604352405,-2.9926764577794,-2.9911098098611317,-2.9901937413872077
-3.5928056061474907,-3.5920159408483223,-3.5906475685586523,-3.588851796093384,-3.5867383271303646,-3.584387403056192,-3.5818581433207517,-3.5791943731590568,-3.576428752170076,-3.5735857322649687,-3.5706836966474937,-3.567736518567543,-3.5647547046765093,-3.561746238391162,-3.558717205019571,-3.555672257131543,-3.552614962353947,-3.5495480642259194,-3.5464736784968443,-3.5433934413055255,-3.540308621368424,-3.5372202051610073,-3.5341289617720375,-3.5310354924141376,-3.5279402683201324,-3.524843659824563,-3.5217459587375615,-3.5186473956015147,-3.5155481530340653,-3.512448376070536,-3.5093481802002455,-3.506247657626144,-3.5031468821524063,-3.5000459130099495,-3.4969447978578563,-3.493843575143886,-3.490742275965362,-3.4876409255396745,-3.4845395443690554,-3.4814381491653674,-3.478336753586075,-3.4752353688213344,-3.4721340040634083,-3.4690326668828724,-3.4659313635308098,-3.4628300991821317,-3.4597288781319326,-3.456627703954313,-3.45352657963114,-3.450425507656671,-3.4473244901227598,-3.4442235287883998,-3.44112262513662,-3.4380217804211366,-3.4349209957046805,-3.431820271890568,-3.4287196097487542,-3.4256190099373947,-3.4225184730207077,-3.4194179994838283,-3.416317589745166,-3.413217244166728,-3.4101169630627517,-3.407016746706936,-3.4039165953385235,-3.400816509167425,-3.3977164883785393,-3.394616533135413,-3.391516643583348,-3.3884168198520457,-3.3853170620578616,-3.38221737030574,-3.3791177446908742,-3.3760181853001403,-3.3729186922133434,-3.3698192655043036,-3.3667199052418058,-3.3636206114904463,-3.3605213843113813,-3.357422223763007,-3.3543231299015814,-3.351224102781793,-3.3481251424573,-3.3450262489812483,-3.3419274224067688,-3.3388286627874746,-3.3357299701779675,-3.332631344634354,-3.329532786214788,-3.3264342949800523,-3.323335870994188,-3.320237514325182,-3.3171392250457314,-3.3140410032341054,-3.310942848975111,-3.3078447623612015,-3.304746743493746,-3.301648792484486,-3.298550909457232,-3.2954530945498335,-3.2923553479164784,-3.289257669730396,-3.2861600599150838,-3.2830625184008295,-3.2799650451240825,-3.2768676400268886,-3.2737703030563905,-3.270673034164374,-3.2675758333068625,-3.264478700443754,-3.26138163553849,-3.258284638557759,-3.2551877094712296,-3.2520908482513073,-3.248994054872917,-3.2458973293133018,-3.242800671551844,-3.239704081569898,-3.236607559350648,-3.2335111048789638,-3.230414718141285,-3.2273183991255023,-3.22422214782086,-3.2211259642178613,-3.2180298483081824,-3.214933800084597,-3.2118378195409076,-3.2087419066718805,-3.2056460614731943,-3.2025502839413877,-3.199454574073818,-3.196358931868625,-3.1932633573247027,-3.1901678504416795,-3.1870724112199014,-3.1839770396604314,-3.1808817357650607,-3.177786499536324,-3.174691330977543,-3.1715962300928786,-3.168501196887419,-3.1654062313672906,-3.162311333539815,-3.159216503413714,-3.1561217409993816,-3.153027046309242,-3.1499324193582194,-3.1468378601643567,-3.143743368749615,-3.1406489451409327,-3.137554589371604,-3.134460301483099,-3.1313660815274527,-3.128271929570413,-3.125177845695608,-3.122083830010054,-3.1189898826514737,-3.1158960037980314,-3.1128021936813175,-3.1097084526037064,-3.106614780961633,-3.1035211792768624,-3.100427648238625,-3.097334188760515,-3.094240802057548,-3.0911474897507625,-3.0880542540095814,-3.0849610977460564,-3.081868024880585,-3.07877504070633,-3.0756821523902618,-3.072589369663827,-3.0694967057774223,-3.0664041788228054,-3.0633118135699346,-3.0602196440248535,-3.0571277170007054,-3.0540360971157887,-3.0509448738066047,-3.047854171193042,-3.044764161990401,-3.041675087177206,-3.0385872838687713,-3.03550122491649,-3.0324175753005203,-3.0293372726258294,-3.026261642284037,-3.0231925625649363,-3.0201327018559145,-3.017085860009409,-3.0140574603456085,-3.011055259485557,-3.0080903718486645,-3.0051787475068594,-3.0023433000256063,-2.99961695850369,-2.997047016146957,-2.994701259058112,-2.9926764564023083,-2.991109808484069,-2.9901937400101612
-3.5928056047088393,-3.592015939409684,-3.590647567120038,-3.5888517946548,-3.586738325691816,-3.5843874016176835,-3.5818581418822872,-3.5791943717206403,-3.576428750731709,-3.573585730826654,-3.570683695209233,-3.5677365171293367,-3.564754703238358,-3.561746236953064,-3.558717203581527,-3.5556722556935556,-3.5526149609160145,-3.5495480627880416,-3.54647367705902,-3.5433934398677582,-3.5403086199307117,-3.5372202037233516,-3.534128960334438,-3.5310354909765946,-3.5279402668826454,-3.5248436583871334,-3.52174595730019,-3.5186473941641996,-3.515548151596805,-3.51244837463333,-3.5093481787630934,-3.506247656189046,-3.5031468807153643,-3.5000459115729647,-3.496944796420929,-3.4938435737070157,-3.4907422745285484,-3.4876409241029176,-3.4845395429323567,-3.481438147728726,-3.4783367521494912,-3.475235367384807,-3.4721340026269387,-3.4690326654464605,-3.465931362094456,-3.4628300977458353,-3.4597288766956935,-3.456627702518131,-3.4535265781950146,-3.450425506220603,-3.447324488686747,-3.444223527352443,-3.4411226237007204,-3.4380217789852945,-3.434920994268895,-3.431820270454839,-3.4287196083130835,-3.4256190085017817,-3.4225184715851533,-3.4194179980483312,-3.416317588309726,-3.4132172427313456,-3.410116961627426,-3.4070167452716653,-3.4039165939033094,-3.4008165077322676,-3.397716486943439,-3.3946165317003696,-3.391516642148362,-3.3884168184171166,-3.3853170606229903,-3.382217368870927,-3.379117743256118,-3.3760181838654417,-3.3729186907787025,-3.3698192640697195,-3.366719903807278,-3.3636206100559756,-3.3605213828769673,-3.3574222223286503,-3.354323128467282,-3.3512241013475514,-3.3481251410231163,-3.3450262475471217,-3.3419274209726986,-3.3388286613534612,-3.3357299687440114,-3.3326313432004544,-3.3295327847809455,-3.326434293546268,-3.3233358695604625,-3.3202375128915143,-3.317139223612122,-3.314041001800554,-3.3109428475416176,-3.3078447609277664,-3.3047467420603676,-3.301648791051164,-3.298550908023966,-3.295453093116623,-3.2923553464833253,-3.289257668297299,-3.286160058482044,-3.2830625169678465,-3.2799650436911554,-3.2768676385940188,-3.273770301623578,-3.2706730327316187,-3.2675758318741646,-3.264478699011114,-3.261381634105908,-3.258284637125235,-3.255187708038763,-3.2520908468188994,-3.2489940534405672,-3.24589732788101,-3.2428006701196095,-3.2397040801377215,-3.2366075579185294,-3.233511103446903,-3.230414716709282,-3.227318397693557,-3.2242221463889735,-3.221125962786032,-3.2180298468764104,-3.2149337986528823,-3.2118378181092497,-3.20874190524028,-3.2056460600416505,-3.2025502825099013,-3.199454572642388,-3.1963589304372513,-3.193263355893386,-3.190167849010419,-3.1870724097886978,-3.183977038229285,-3.1808817343339713,-3.1777864981052923,-3.174691329546568,-3.1715962286619597,-3.1685011954565567,-3.1654062299364853,-3.162311332109067,-3.159216501983023,-3.1561217395687473,-3.153027044878664,-3.149932417927699,-3.1468378587338943,-3.1437433673192103,-3.1406489437105845,-3.1375545879413123,-3.134460300052864,-3.1313660800972745,-3.128271928140292,-3.1251778442655445,-3.122083828580048,-3.1189898812215264,-3.115896002368142,-3.1128021922514844,-3.109708451173931,-3.106614779531916,-3.1035211778472043,-3.1004276468090253,-3.0973341873309743,-3.0942408006280666,-3.091147488321341,-3.088054252580219,-3.084961096316753,-3.081868023451341,-3.0787750392771445,-3.0756821509611343,-3.072589368234757,-3.0694967043484094,-3.0664041773938497,-3.0633118121410354,-3.0602196425960115,-3.057127715571922,-3.0540360956870627,-3.0509448723779378,-3.0478541697644332,-3.044764160561851,-3.041675085748714,-3.038587282440338,-3.035501223488115,-3.032417573872204,-3.029337271197571,-3.0262616408558363,-3.023192561136794,-3.02013270042783,-3.0170858585813822,-3.0140574589176388,-3.0110552580576444,-3.008090370420808,-3.0051787460790584,-3.002343298597859,-2.9996169570759945,-2.9970470147193113,-2.9947012576305108,-2.992676454974747,-2.9911098070565383,-2.9901937385826494
-3.5928056032174633,-3.592015937918322,-3.5906475656286996,-3.588851793163494,-3.5867383242005495,-3.5843874001264595,-3.5818581403911085,-3.5791943702295086,-3.5764287492406264,-3.5735857293356217,-3.570683693718253,-3.567736515638411,-3.564754701747487,-3.5617462354622487,-3.5587172020907683,-3.5556722542028543,-3.5526149594253713,-3.5495480612974557,-3.546473675568493,-3.5433934383772887,-3.5403086184403016,-3.537220202233001,-3.5341289588441485,-3.5310354894863645,-3.527940265392474,-3.5248436568970187,-3.521745955810133,-3.5186473926742003,-3.5155481501068633,-3.5124483731434473,-3.5093481772732704,-3.506247654699282,-3.5031468792256595,-3.500045910083318,-3.496944794931341,-3.493843572217486,-3.4907422730390767,-3.4876409226135032,-3.4845395414430005,-3.481438146239429,-3.4783367506602536,-3.4752353658956308,-3.472134001137823,-3.4690326639574036,-3.4659313606054596,-3.4628300962568987,-3.459728875206816,-3.4566277010293125,-3.4535265767062553,-3.4504255047319017,-3.447324487198106,-3.4442235258638623,-3.4411226222121996,-3.4380217774968327,-3.4349209927804933,-3.4318202689664967,-3.4287196068248003,-3.425619007013558,-3.4225184700969877,-3.419417996560224,-3.4163175868216764,-3.413217241243354,-3.410116960139492,-3.40701674378379,-3.4039165924154924,-3.4008165062445097,-3.3977164854557396,-3.394616530212729,-3.39151664066078,-3.3884168169295945,-3.3853170591355277,-3.3822173673835225,-3.3791177417687726,-3.3760181823781554,-3.3729186892914758,-3.3698192625825514,-3.3667199023201695,-3.363620608568926,-3.3605213813899777,-3.357422220841721,-3.3543231269804124,-3.351224099860741,-3.348125139536366,-3.345026246060431,-3.3419274194860664,-3.3388286598668895,-3.335729967257499,-3.332631341714002,-3.329532783294553,-3.326434292059935,-3.323335868074188,-3.3202375114052987,-3.3171392221259652,-3.314041000314456,-3.3109428460555783,-3.3078447594417866,-3.3047467405744477,-3.3016487895653044,-3.2985509065381664,-3.2954530916308835,-3.2923553449976457,-3.2892576668116797,-3.2861600569964837,-3.283062515482346,-3.2799650422057143,-3.2768676371086363,-3.2737703001382545,-3.270673031246355,-3.2675758303889606,-3.264478697525969,-3.261381632620821,-3.258284635640206,-3.255187706553793,-3.2520908453339876,-3.248994051955714,-3.2458973263962156,-3.2428006686348736,-3.2397040786530455,-3.2366075564339125,-3.233511101962346,-3.2304147152247844,-3.2273183962091188,-3.224222144904594,-3.221125961301712,-3.2180298453921496,-3.2149337971686816,-3.2118378166251085,-3.208741903756198,-3.2056460585576296,-3.2025502810259403,-3.199454571158488,-3.196358928953413,-3.1932633544096083,-3.190167847526703,-3.1870724083050423,-3.1839770367456905,-3.180881732850438,-3.177786496621819,-3.174691328063154,-3.1715962271786062,-3.168501193973263,-3.1654062284532505,-3.1623113306258905,-3.159216500499905,-3.1561217380856883,-3.1530270433956638,-3.1499324164447584,-3.146837857251013,-3.143743365836389,-3.1406489422278234,-3.137554586458611,-3.1344602985702226,-3.1313660786146915,-3.1282719266577685,-3.1251778427830796,-3.122083827097642,-3.118989879739178,-3.115896000885852,-3.112802190769255,-3.1097084496917615,-3.1066147780498063,-3.1035211763651547,-3.1004276453270347,-3.0973341858490424,-3.0942407991461938,-3.0911474868395272,-3.0880542510984657,-3.0849610948350596,-3.0818680219697083,-3.0787750377955723,-3.075682149479622,-3.072589366753305,-3.069496702867017,-3.066404175912517,-3.0633118106597634,-3.0602196411148,-3.0571277140907696,-3.0540360942059706,-3.0509448708969042,-3.0478541682834592,-3.0447641590809353,-3.0416750842678573,-3.03858728095954,-3.035501222007376,-3.032417572391525,-3.0293372697169527,-3.026261639375278,-3.023192559656296,-3.020132698947392,-3.0170858571010037,-3.01405745743732,-3.011055256577384,-3.008090368940606,-3.005178744598913,-3.0023432971177697,-2.9996169555959593,-2.997047013239327,-2.9947012561505746,-2.99267645349485,-2.9911098055766727,-2.9901937371028016
-3.5928056016714125,-3.592015936372285,-3.590647564082687,-3.5888517916175133,-3.5867383226546066,-3.58438739858056,-3.5818581388452553,-3.579194368683705,-3.576428747694874,-3.5735857277899217,-3.570683692172608,-3.5677365140928234,-3.5647547002019597,-3.5617462339167822,-3.5587172005453622,-3.555672252657509,-3.5526149578800856,-3.54954805975223,-3.546473674023328,-3.543393436832183,-3.5403086168952553,-3.5372202006880147,-3.5341289572992216,-3.5310354879414985,-3.5279402638476696,-3.5248436553522766,-3.5217459542654503,-3.518647391129578,-3.5155481485623015,-3.5124483715989467,-3.509348175728831,-3.5062476531549036,-3.5031468776813415,-3.500045908539061,-3.496944793387143,-3.4938435706733495,-3.490742271495002,-3.4876409210694916,-3.4845395398990515,-3.4814381446955425,-3.4783367491164294,-3.475235364351867,-3.4721339995941194,-3.4690326624137606,-3.4659313590618774,-3.4628300947133783,-3.4597288736633574,-3.456627699485915,-3.4535265751629205,-3.450425503188629,-3.4473244856548955,-3.4442235243207135,-3.441122620669112,-3.4380217759538065,-3.434920991237528,-3.4318202674235927,-3.428719605281958,-3.4256190054707756,-3.4225184685542662,-3.4194179950175636,-3.4163175852790775,-3.413217239700817,-3.4101169585970177,-3.407016742241378,-3.403916590873143,-3.400816504702222,-3.3977164839135146,-3.3946165286705656,-3.391516639118679,-3.3884168153875547,-3.38531705759355,-3.382217365841607,-3.379117740226919,-3.376018180836363,-3.372918687749745,-3.369819261040884,-3.3667199007785644,-3.363620607027383,-3.3605213798484965,-3.357422219300301,-3.3543231254390538,-3.3512240983194435,-3.3481251379951287,-3.3450262445192545,-3.3419274179449507,-3.338828658325834,-3.335729965716505,-3.3326313401730694,-3.329532781753681,-3.3264342905191238,-3.323335866533438,-3.3202375098646097,-3.317139220585337,-3.314040998773889,-3.3109428445150724,-3.307844757901341,-3.304746739034063,-3.3016487880249805,-3.2985509049979034,-3.295453090090681,-3.2923553434575026,-3.289257665271596,-3.286160055456461,-3.2830625139423844,-3.279965040665815,-3.2768676355687982,-3.2737702985984787,-3.27067302970664,-3.2675758288493073,-3.264478695986377,-3.261381631081291,-3.2582846341007374,-3.2551877050143863,-3.2520908437946425,-3.248994050416431,-3.2458973248569944,-3.2428006670957146,-3.2397040771139483,-3.2366075548948765,-3.2335111004233714,-3.2304147136858705,-3.2273183946702675,-3.2242221433658047,-3.2211259597629844,-3.2180298438534845,-3.214933795630078,-3.2118378150865663,-3.2087419022177173,-3.2056460570192105,-3.202550279487583,-3.1994545696201926,-3.196358927415179,-3.1932633528714374,-3.1901678459885936,-3.187072406766994,-3.183977035207704,-3.1808817313125113,-3.1777864950839527,-3.174691326525349,-3.1715962256408625,-3.1685011924355813,-3.1654062269156307,-3.1623113290883333,-3.1592164989624107,-3.156121736548257,-3.153027041858296,-3.149932414907453,-3.1468378557137693,-3.1437433642992074,-3.1406489406907037,-3.1375545849215536,-3.1344602970332276,-3.1313660770777605,-3.1282719251209,-3.1251778412462743,-3.1220838255608996,-3.118989878202499,-3.1158959993492368,-3.1128021892327027,-3.1097084481552715,-3.106614776513379,-3.1035211748287885,-3.1004276437907303,-3.0973341843128,-3.0942407976100137,-3.091147485303409,-3.0880542495624077,-3.0849610932990617,-3.0818680204337703,-3.0787750362596937,-3.0756821479438043,-3.0725893652175484,-3.069496701331323,-3.0664041743768853,-3.0633118091241935,-3.0602196395792918,-3.057127712555324,-3.0540360926705863,-3.050944869361582,-3.0478541667481993,-3.0447641575457385,-3.0416750827327226,-3.0385872794244673,-3.0355012204723657,-3.032417570856576,-3.0293372681820645,-3.026261637840451,-3.02319255812153,-3.0201326974126874,-3.017085855566361,-3.0140574559027384,-3.0110552550428635,-3.0080903674061457,-3.0051787430645125,-3.0023432955834277,-2.9996169540616737,-2.9970470117050945,-2.9947012546163903,-2.9926764519607088,-2.9911098040425634,-2.990193735568712
-3.5928056000687065,-3.5920159347695932,-3.590647562480021,-3.58885179001488,-3.5867383210520134,-3.5843873969780113,-3.581858137242756,-3.579194367081256,-3.5764287460924784,-3.573585726187581,-3.570683690570324,-3.5677365124905953,-3.5647546985997876,-3.5617462323146682,-3.558717198943308,-3.5556722510555154,-3.5526149562781537,-3.5495480581503607,-3.546473672421521,-3.5433934352304393,-3.540308615293574,-3.5372201990863954,-3.5341289556976645,-3.531035486340003,-3.5279402622462364,-3.5248436537509065,-3.521745952664144,-3.518647389528336,-3.5155481469611236,-3.5124483699978315,-3.5093481741277786,-3.5062476515539154,-3.5031468760804176,-3.5000459069382015,-3.4969447917863485,-3.4938435690726184,-3.490742269894335,-3.487640919468889,-3.484539538298512,-3.481438143095066,-3.4783367475160154,-3.4752353627515165,-3.472133997993832,-3.469032660813537,-3.465931357461717,-3.462830093113281,-3.4597288720633235,-3.4566276978859447,-3.4535265735630136,-3.4504255015887866,-3.4473244840551156,-3.444223522720996,-3.4411226190694575,-3.4380217743542163,-3.4349209896380013,-3.431820265824131,-3.42871960368256,-3.4256190038714416,-3.4225184669549966,-3.419417993418357,-3.416317583679935,-3.4132172381017374,-3.4101169569980008,-3.4070167406424243,-3.4039165892742527,-3.4008165031033952,-3.397716482314751,-3.3946165270718667,-3.391516637520044,-3.3884168137889836,-3.385317055995042,-3.3822173642431617,-3.379117738628536,-3.3760181792380433,-3.372918686151489,-3.3698192594426906,-3.3667198991804343,-3.3636206054293165,-3.360521378250493,-3.357422217702361,-3.3543231238411777,-3.351224096721631,-3.34812513639738,-3.345026242921569,-3.34192741634733,-3.3388286567282774,-3.3357299641190123,-3.332631338575639,-3.329532780156314,-3.3264342889218197,-3.3233358649361966,-3.320237508267432,-3.3171392189882227,-3.3140409971768374,-3.3109428429180854,-3.307844756304419,-3.304746737437205,-3.301648786428186,-3.298550903401173,-3.2954530884940154,-3.2923553418609024,-3.2892576636750612,-3.286160053859991,-3.2830625123459782,-3.279965039069473,-3.2768676339725205,-3.273770297002264,-3.270673028110488,-3.2675758272532187,-3.2644786943903523,-3.2613816294853306,-3.2582846325048416,-3.255187703418554,-3.2520908421988737,-3.248994048820726,-3.245897323261352,-3.2428006655001362,-3.2397040755184334,-3.2366075532994265,-3.233511098827986,-3.2304147120905498,-3.22731839307501,-3.224222141770611,-3.2211259581678546,-3.2180298422584186,-3.2149337940350766,-3.2118378134916292,-3.208741900622844,-3.2056460554244017,-3.2025502778928385,-3.199454568025512,-3.196358925820563,-3.1932633512768858,-3.190167844394106,-3.187072405172571,-3.183977033613345,-3.1808817297182164,-3.1777864934897218,-3.1746913249311817,-3.171596224046758,-3.1685011908415404,-3.165406225321655,-3.1623113274944226,-3.159216497368564,-3.1561217349544735,-3.153027040264577,-3.149932413313798,-3.146837854120179,-3.1437433627056826,-3.140648939097244,-3.137554583328159,-3.1344602954398972,-3.1313660754844928,-3.128271923527696,-3.125177839653134,-3.1220838239678232,-3.118989876609487,-3.1158959977562883,-3.112802187639817,-3.1097084465624496,-3.1066147749206205,-3.1035211732360937,-3.1004276421980994,-3.0973341827202323,-3.094240796017509,-3.091147483710968,-3.0880542479700317,-3.084961091706751,-3.081868018841524,-3.0787750346675136,-3.075682146351688,-3.0725893636254957,-3.0694966997393336,-3.06640417278496,-3.0633118075323327,-3.0602196379874953,-3.0571277109635915,-3.05403609107892,-3.050944867769981,-3.0478541651566635,-3.0447641559542684,-3.041675081141318,-3.0385872778331278,-3.035501218881091,-3.0324175692653665,-3.0293372665909204,-3.0262616362493713,-3.023192556530515,-3.020132695821736,-3.0170858539754724,-3.014057454311913,-3.0110552534521005,-3.0080903658154448,-3.0051787414738724,-3.002343293992847,-2.9996169524711505,-2.997047010114626,-2.9947012530259713,-2.992676450370332,-2.991109802452221,-2.990193733978389
-3.592805598407238,-3.5920159331081396,-3.590647560818593,-3.588851788353488,-3.5867383193906615,-3.5843873953167056,-3.5818581355815002,-3.5791943654200558,-3.5764287444313356,-3.5735857245264984,-3.570683688909301,-3.5677365108296337,-3.564754696938889,-3.561746230653832,-3.5587171972825336,-3.555672249394803,-3.552614954617505,-3.5495480564897766,-3.546473670761001,-3.543393433569985,-3.540308613633186,-3.537220197426073,-3.5341289540374072,-3.531035484679812,-3.52794026058611,-3.524843652090845,-3.521745951004149,-3.518647387868407,-3.5155481453012594,-3.5124483683380334,-3.5093481724680458,-3.506247649894246,-3.503146874420813,-3.5000459052786628,-3.496944790126876,-3.4938435674132102,-3.490742268234991,-3.4876409178096086,-3.484539536639297,-3.4814381414359166,-3.478336745856932,-3.4752353610924986,-3.4721339963348816,-3.469032659154653,-3.465931355802898,-3.462830091454528,-3.459728870404637,-3.4566276962273244,-3.4535265719044586,-3.450425499930297,-3.4473244823966915,-3.444223521062637,-3.441122617411165,-3.438021772695988,-3.4349209879798397,-3.431820264166034,-3.428719602024529,-3.425619002213478,-3.4225184652970997,-3.419417991760527,-3.4163175820221703,-3.413217236444039,-3.410116955340369,-3.40701673898486,-3.403916587616755,-3.4008165014459637,-3.3977164806573854,-3.3946165254145666,-3.391516635862809,-3.3884168121318146,-3.3853170543379383,-3.3822173625861245,-3.3791177369715655,-3.3760181775811384,-3.3729186844946497,-3.3698192577859167,-3.366719897523726,-3.3636206037726724,-3.360521376593915,-3.35742221604585,-3.3543231221847325,-3.3512240950652523,-3.3481251347410677,-3.345026241265322,-3.3419274146911486,-3.3388286550721613,-3.3357299624629615,-3.332631336919656,-3.329532778500398,-3.32643428726597,-3.323335863280414,-3.3202375066117154,-3.3171392173325738,-3.314040995521255,-3.3109428412625683,-3.307844754648967,-3.3047467357818197,-3.301648784772867,-3.2985509017459207,-3.2954530868388288,-3.292355340205782,-3.2892576620200056,-3.2861600522050005,-3.2830625106910536,-3.279965037414614,-3.2768676323177273,-3.273770295347536,-3.2706730264558264,-3.2675758255986236,-3.264478692735824,-3.2613816278308674,-3.2582846308504445,-3.255187701764224,-3.2520908405446107,-3.2489940471665295,-3.2458973216072233,-3.2428006638460745,-3.239704073864438,-3.236607551645496,-3.2335110971741203,-3.23041471043675,-3.2273183914212766,-3.2242221401169435,-3.221125956514254,-3.218029840604884,-3.2149337923816077,-3.2118378118382265,-3.2087418989695085,-3.2056460537711318,-3.2025502762396356,-3.1994545663723755,-3.196358924167492,-3.19326334962388,-3.190167842741166,-3.1870724035196965,-3.183977031960537,-3.180881728065475,-3.1777864918370478,-3.174691323278576,-3.171596222394221,-3.1685011891890706,-3.165406223669252,-3.1623113258420865,-3.1592164957162954,-3.1561217333022724,-3.1530270386124424,-3.14993241166173,-3.146837852468178,-3.1437433610537457,-3.140648937445372,-3.137554581676352,-3.1344602937881563,-3.131366073832819,-3.128271921876088,-3.125177838001592,-3.1220838223163474,-3.1189898749580776,-3.1158959961049453,-3.112802185988541,-3.1097084449112407,-3.106614773269478,-3.103521171585019,-3.1004276405470916,-3.097334181069291,-3.0942407943666352,-3.0911474820601614,-3.0880542463192917,-3.0849610900560775,-3.081868017190918,-3.078775033016975,-3.075682144701218,-3.072589361975094,-3.0694966980890004,-3.0664041711346943,-3.0633118058821336,-3.060219636337363,-3.057127709313526,-3.054036089428919,-3.050944866120046,-3.047854163506794,-3.0447641543044637,-3.0416750794915792,-3.038587276183455,-3.0355012172314844,-3.0324175676158256,-3.029337264941445,-3.026261634599963,-3.0231925548811733,-3.020132694172461,-3.017085852326265,-3.0140574526627724,-3.0110552518030262,-3.0080903641664367,-3.0051787398249292,-3.002343292343966,-2.999616950822329,-2.99704700846586,-2.9947012513772573,-2.9926764487216637,-2.9911098008035872,-2.990193732329775
-3.5928055966848707,-3.592015931385788,-3.590647559096269,-3.5888517866312,-3.5867383176684187,-3.584387393594512,-3.5818581338593596,-3.57919436369797,-3.576428742709308,-3.5735857228045305,-3.570683687187395,-3.5677365091077906,-3.5647546952171094,-3.561746228932117,-3.558717195560884,-3.5556722476732197,-3.552614952895988,-3.5495480547683256,-3.5464736690396164,-3.543393431848667,-3.5403086119119354,-3.5372201957048897,-3.534128952316293,-3.5310354829587656,-3.527940258865133,-3.524843650369935,-3.5217459492833054,-3.518647386147631,-3.515548143580552,-3.5124483666173947,-3.5093481707474767,-3.506247648173747,-3.5031468727003823,-3.500045903558299,-3.4969447884065796,-3.493843565692984,-3.4907422665148338,-3.48764091608952,-3.484539534919277,-3.481438139715964,-3.4783367441370463,-3.4752353593726792,-3.472133994615129,-3.469032657434969,-3.4659313540832826,-3.4628300897349797,-3.459728868685157,-3.456627694507913,-3.4535265701851148,-3.4504254982110205,-3.4473244806774828,-3.4442235193434962,-3.4411226156920907,-3.4380217709769822,-3.434920986260902,-3.431820262447164,-3.428719600305726,-3.4256190004947418,-3.4225184635784305,-3.419417990041926,-3.4163175803036387,-3.4132172347255767,-3.410116953621975,-3.407016737266534,-3.403916585898497,-3.4008164997277737,-3.3977164789392624,-3.3946165236965102,-3.3915166341448217,-3.3884168104138954,-3.385317052620089,-3.382217360868344,-3.3791177352538537,-3.376018175863496,-3.3729186827770765,-3.3698192560684124,-3.36671989580629,-3.363620602055305,-3.3605213748766154,-3.3574222143286176,-3.3543231204675688,-3.351224093348157,-3.3481251330240407,-3.345026239548365,-3.34192741297426,-3.3388286533553413,-3.33572996074621,-3.332631335202971,-3.3295327767837803,-3.32643428554942,-3.3233358615639323,-3.320237504895302,-3.3171392156162285,-3.3140409938049786,-3.3109428395463607,-3.3078447529328283,-3.304746734065749,-3.3016487830568644,-3.2985509000299857,-3.2954530851229613,-3.292355338489982,-3.289257660304276,-3.286160050489341,-3.283062508975464,-3.279965035699094,-3.2768676306022777,-3.2737702936321567,-3.2706730247405167,-3.267575823883383,-3.2644786910206522,-3.2613816261157655,-3.258284629135411,-3.255187700049259,-3.2520908388297136,-3.2489940454517012,-3.245897319892463,-3.242800662131382,-3.239704072149814,-3.2366075499309406,-3.233511095459634,-3.230414708722332,-3.2273183897069275,-3.224222138402664,-3.2211259548000433,-3.2180298388907422,-3.2149337906675353,-3.2118378101242233,-3.2087418972555737,-3.205646052057265,-3.2025502745258363,-3.1994545646586445,-3.19635892245383,-3.193263347910287,-3.190167841027642,-3.187072401806242,-3.1839770302471515,-3.1808817263521596,-3.1777864901238013,-3.174691321565398,-3.171596220681111,-3.168501187476029,-3.165406221956279,-3.162311324129182,-3.159216494003459,-3.156121731589504,-3.153027036899742,-3.1499324099490984,-3.146837850755614,-3.1437433593412516,-3.1406489357329472,-3.137554579963997,-3.134460292075871,-3.131366072120603,-3.128271920163942,-3.1251778362895153,-3.1220838206043395,-3.1189898732461376,-3.1158959943930737,-3.1128021842767386,-3.1097084431995072,-3.106614771557814,-3.103521169873425,-3.100427638835567,-3.097334179357837,-3.0942407926552504,-3.091147480348845,-3.088054244608044,-3.0849610883448992,-3.081868015479809,-3.0787750313059346,-3.0756821429902454,-3.07258936026419,-3.0694966963781645,-3.0664041694239272,-3.063311804171435,-3.0602196346267325,-3.0571277076029637,-3.054036087718426,-3.0509448644096215,-3.047854161796439,-3.044764152594178,-3.0416750777813624,-3.0385872744733073,-3.035501215521406,-3.0324175659058166,-3.0293372632315054,-3.026261632890092,-3.0231925531713713,-3.0201326924627274,-3.017085850616599,-3.0140574509531737,-3.011055250093494,-3.008090362456971,-3.0051787381155295,-3.0023432906346326,-2.999616949113059,-2.9970470067566493,-2.9947012496681005,-2.992676447012553,-2.991109799094513,-2.9901937306207222
-3.5928055948993713,-3.592015929600305,-3.5906475573108136,-3.5888517848457817,-3.5867383158830446,-3.584387391809187,-3.581858132074088,-3.579194361912756,-3.5764287409241535,-3.5735857210194375,-3.570683685402366,-3.567736507322826,-3.564754693432211,-3.5617462271472853,-3.55871719377612,-3.555672245888524,-3.552614951111362,-3.5495480529837686,-3.546473667255129,-3.54339343006425,-3.5403086101275885,-3.537220193920614,-3.534128950532087,-3.5310354811746296,-3.5279402570810654,-3.5248436485859367,-3.521745947499377,-3.518647384363773,-3.515548141796766,-3.51244836483368,-3.5093481689638324,-3.506247646390173,-3.503146870916879,-3.500045901774867,-3.4969447866232186,-3.4938435639096928,-3.4907422647316118,-3.4876409143063687,-3.484539533136194,-3.4814381379329506,-3.4783367423541027,-3.4752353575898067,-3.4721339928323265,-3.469032655652236,-3.4659313523006197,-3.462830087952388,-3.4597288669026356,-3.4566276927254616,-3.453526568402734,-3.4504254964287107,-3.4473244788952444,-3.4442235175613303,-3.4411226139099975,-3.438021769194962,-3.4349209844789534,-3.4318202606652872,-3.4287195985239207,-3.425618998713007,-3.422518461796766,-3.4194179882603315,-3.416317578522114,-3.4132172329441226,-3.410116951840592,-3.407016735485222,-3.403916584117257,-3.4008164979466056,-3.3977164771581667,-3.3946165219154874,-3.391516632363869,-3.3884168086330138,-3.3853170508392774,-3.3822173590876026,-3.3791177334731826,-3.376018174082894,-3.372918680996544,-3.3698192542879504,-3.366719894025899,-3.3636206002749853,-3.3605213730963674,-3.3574222125484408,-3.354323118687463,-3.3512240915681213,-3.3481251312440756,-3.3450262377684705,-3.3419274111944373,-3.3388286515755903,-3.3357299589665312,-3.332631333423365,-3.329532775004246,-3.3264342837699585,-3.3233358597845424,-3.320237503115984,-3.3171392138369806,-3.3140409920258014,-3.310942837767255,-3.307844751153793,-3.3047467322867856,-3.301648781277973,-3.298550898251167,-3.295453083344215,-3.292355336711308,-3.289257658525672,-3.2861600487108067,-3.283062507196999,-3.2799650339207,-3.2768676288239535,-3.273770291853903,-3.270673022962334,-3.2675758221052713,-3.26447868924261,-3.2613816243377927,-3.258284627357509,-3.2551876982714276,-3.252090837051955,-3.248994043674014,-3.2458973181148476,-3.2428006603538377,-3.239704070372341,-3.23660754815354,-3.233511093682305,-3.230414706945074,-3.22731838792974,-3.2242221366255466,-3.2211259530229968,-3.2180298371137677,-3.214933788890632,-3.2118378083473917,-3.208741895478815,-3.205646050280578,-3.2025502727492214,-3.1994545628821016,-3.1963589206773584,-3.1932633461338873,-3.1901678392513135,-3.187072400029985,-3.183977028470965,-3.1808817245760443,-3.177786488347758,-3.1746913197894253,-3.1715962189052096,-3.1685011857001992,-3.165406220180521,-3.1623113223534953,-3.159216492227844,-3.1561217298139606,-3.153027035124271,-3.1499324081736995,-3.146837848980288,-3.143743357565997,-3.140648933957765,-3.137554578188886,-3.134460290300831,-3.131366070345635,-3.1282719183890455,-3.1251778345146914,-3.122083818829587,-3.118989871471457,-3.115895992618463,-3.112802182502198,-3.109708441425037,-3.1066147697834126,-3.1035211680990917,-3.100427637061304,-3.0973341775836443,-3.0942407908811287,-3.091147478574795,-3.0880542428340654,-3.0849610865709907,-3.0818680137059715,-3.0787750295321668,-3.0756821412165487,-3.0725893584905637,-3.0694966946046094,-3.066404167650443,-3.0633118023980246,-3.0602196328533955,-3.057127705829699,-3.0540360859452336,-3.0509448626365008,-3.0478541600233897,-3.0447641508211998,-3.0416750760084557,-3.038587272700473,-3.0355012137486437,-3.032417564133126,-3.0293372614588874,-3.0262616311175465,-3.023192551398898,-3.0201326906903265,-3.01708584884427,-3.014057449180916,-3.0110552483213064,-3.008090360684851,-3.0051787363434768,-3.0023432888626442,-2.9996169473411336,-2.997047004984785,-2.9947012478962924,-2.9926764452407935,-2.99110979732279,-2.990193728849021
-3.592805593048411,-3.5920159277493617,-3.590647555459901,-3.5888517829949085,-3.5867383140322167,-3.584387389958411,-3.5818581302233685,-3.579194360062097,-3.5764287390735574,-3.573585719168907,-3.570683683551902,-3.567736505472431,-3.5647546915818853,-3.56174622529703,-3.5587171919259357,-3.555672244038411,-3.55261494926132,-3.5495480511337982,-3.5464736654052316,-3.543393428214424,-3.540308608277833,-3.537220192070929,-3.534128948682474,-3.531035479325089,-3.527940255231599,-3.5248436467365445,-3.5217459456500584,-3.518647382514528,-3.5155481399475934,-3.5124483629845797,-3.509348167114805,-3.506247644541218,-3.503146869067996,-3.5000458999260555,-3.496944784774479,-3.4938435620610244,-3.4907422628830167,-3.487640912457847,-3.484539531287746,-3.4814381360845763,-3.4783367405058034,-3.475235355741582,-3.4721339909841764,-3.469032653804161,-3.4659313504526197,-3.4628300861044625,-3.4597288650547835,-3.4566276908776836,-3.45352656655503,-3.45042549458108,-3.4473244770476863,-3.4442235157138446,-3.441122612062584,-3.438021767347621,-3.4349209826316844,-3.431820258818091,-3.428719596676798,-3.4256189968659574,-3.42251845994979,-3.419417986413429,-3.4163175766752847,-3.4132172310973665,-3.410116949993909,-3.407016733638613,-3.4039165822707207,-3.4008164961001426,-3.397716475311776,-3.39461652006917,-3.391516630517626,-3.3884168067868443,-3.3853170489931808,-3.3822173572415797,-3.3791177316272325,-3.376018172237018,-3.3729186791507413,-3.3698192524422206,-3.3667198921802433,-3.3636205984294034,-3.3605213712508584,-3.3574222107030045,-3.354323116842099,-3.3512240897228307,-3.3481251293988588,-3.345026235923327,-3.341927409349367,-3.3388286497305937,-3.3357299571216075,-3.3326313315785145,-3.3295327731594697,-3.3264342819252555,-3.323335857939912,-3.3202375012714276,-3.317139211992499,-3.3140409901813954,-3.3109428359229227,-3.3078447493095355,-3.304746730442601,-3.3016487794338616,-3.298550896407128,-3.2954530815002503,-3.2923553348674157,-3.2892576566818543,-3.286160046867063,-3.2830625053533296,-3.2799650320771043,-3.276867626980432,-3.273770290010456,-3.2706730211189616,-3.2675758202619725,-3.264478687399387,-3.2613816224946457,-3.2582846255144373,-3.2551876964284308,-3.2520908352090316,-3.2489940418311636,-3.2458973162720706,-3.242800658511135,-3.2397040685297127,-3.236607546310986,-3.233511091839825,-3.2304147051026684,-3.227318386087409,-3.22422213478329,-3.221125951180814,-3.218029835271658,-3.2149337870485963,-3.2118378065054296,-3.2087418936369256,-3.205646048438763,-3.20255027090748,-3.1994545610404335,-3.1963589188357635,-3.1932633442923652,-3.1901678374098648,-3.1870723981886098,-3.183977026629664,-3.180881722734817,-3.1777864865066046,-3.174691317948346,-3.1715962170642045,-3.1685011838592683,-3.1654062183396645,-3.1623113205127127,-3.159216490387135,-3.1561217279733262,-3.1530270332837103,-3.1499324063332126,-3.146837847139875,-3.143743355725658,-3.1406489321174997,-3.1375545763486947,-3.134460288460714,-3.1313660685055913,-3.128271916549076,-3.1251778326747948,-3.1220838169897642,-3.1189898696317075,-3.115895990778789,-3.112802180662598,-3.109708439585511,-3.106614767943962,-3.1035211662597173,-3.1004276352220037,-3.0973341757444177,-3.0942407890419754,-3.0911474767357165,-3.088054240995063,-3.0849610847320643,-3.08186801186712,-3.0787750276933905,-3.075682139377848,-3.072589356651938,-3.0694966927660587,-3.066404165811967,-3.0633118005596214,-3.0602196310150656,-3.057127703991442,-3.0540360841070493,-3.0509448607983907,-3.0478541581853538,-3.0447641489832384,-3.0416750741705685,-3.038587270862659,-3.035501211910904,-3.03241756229546,-3.029337259621295,-3.026261629280027,-3.023192549561451,-3.0201326888529527,-3.0170858470069697,-3.0140574473436885,-3.0110552464841533,-3.0080903588477717,-3.005178734506469,-3.002343287025706,-2.9996169455042634,-2.997047003147978,-2.9947012460595426,-2.9926764434040938,-2.9911097954861288,-2.990193727012382
-3.5928055911296055,-3.5920159258305735,-3.590647553541142,-3.588851781076189,-3.586738312113545,-3.584387388039794,-3.5818581283048117,-3.5791943581436025,-3.5764287371551293,-3.573585717250547,-3.5706836816336116,-3.567736503554212,-3.5647546896637374,-3.561746223378955,-3.5587171900079335,-3.5556722421204823,-3.552614947343464,-3.549548049216016,-3.546473663487522,-3.543393426296788,-3.540308606360273,-3.537220190153444,-3.534128946765065,-3.5310354774077553,-3.5279402533143407,-3.5248436448193625,-3.5217459437329532,-3.5186473805974976,-3.515548138030637,-3.5124483610676984,-3.509348165197998,-3.5062476426244875,-3.5031468671513424,-3.500045898009478,-3.496944782857977,-3.493843560144601,-3.4907422609666696,-3.4876409105415753,-3.48453952937155,-3.4814381341684557,-3.4783367385897574,-3.4752353538256116,-3.472133989068281,-3.4690326518883405,-3.4659313485368743,-3.4628300841887922,-3.4597288631391883,-3.4566276889621634,-3.4535265646395863,-3.4504254926657127,-3.4473244751323953,-3.444223513798629,-3.441122610147445,-3.4380217654325578,-3.434920980716698,-3.4318202569031815,-3.428719594761964,-3.4256189949512006,-3.422518458035109,-3.419417984498823,-3.4163175747607553,-3.4132172291829135,-3.4101169480795326,-3.407016731724312,-3.4039165803564964,-3.4008164941859946,-3.397716473397705,-3.394616518155174,-3.3915166286037053,-3.3884168048729997,-3.385317047079413,-3.382217355327887,-3.3791177297136166,-3.37601817032348,-3.372918677237281,-3.3698192505288374,-3.366719890266936,-3.363620596516172,-3.360521369337703,-3.3574222087899255,-3.354323114929096,-3.3512240878099053,-3.3481251274860107,-3.3450262340105557,-3.3419274074366716,-3.3388286478179734,-3.3357299552090627,-3.3326313296660453,-3.329532771247076,-3.3264342800129385,-3.3233358560276716,-3.320237499359263,-3.3171392100804105,-3.3140409882693813,-3.310942834010985,-3.3078447473976738,-3.3047467285308163,-3.301648777522153,-3.298550894495496,-3.295453079588694,-3.2923553329559363,-3.2892576547704513,-3.2861600449557367,-3.28306250344208,-3.27996503016593,-3.276867625069334,-3.2737702880994335,-3.2706730192080147,-3.2675758183511023,-3.2644786854885925,-3.261381620583927,-3.2582846236037946,-3.255187694517864,-3.2520908332985408,-3.24899403992075,-3.2458973143617342,-3.2428006566008754,-3.2397040666195296,-3.236607544400879,-3.2335110899297943,-3.230414703192714,-3.2273183841775306,-3.224222132873489,-3.2211259492710895,-3.2180298333620105,-3.214933785139025,-3.2118378045959353,-3.208741891727508,-3.2056460465294223,-3.2025502689982166,-3.1994545591312473,-3.196358916926655,-3.193263342383334,-3.1901678355009113,-3.187072396279733,-3.183977024720864,-3.180881720826094,-3.1777864845979575,-3.174691316039776,-3.171596215155712,-3.168501181950852,-3.1654062164313244,-3.1623113186044494,-3.159216488478948,-3.156121726065216,-3.1530270313756774,-3.149932404425257,-3.1468378452319965,-3.1437433538178574,-3.1406489302097764,-3.137554574441048,-3.134460286553143,-3.1313660665980967,-3.1282719146416573,-3.1251778307674525,-3.122083815082499,-3.11898986772452,-3.115895988871678,-3.1128021787555644,-3.109708437678555,-3.1066147660370835,-3.103521164352915,-3.100427633315279,-3.0973341738377704,-3.094240787135406,-3.0911474748292243,-3.088054239088647,-3.0849610828257257,-3.081868009960858,-3.0787750257872055,-3.0756821374717394,-3.0725893547459058,-3.0694966908601025,-3.066404163906087,-3.063311798653818,-3.0602196291093393,-3.0571277020857948,-3.0540360822014807,-3.0509448588929,-3.04785415627994,-3.044764147077902,-3.04167507226531,-3.0385872689574787,-3.0355012100058008,-3.032417560390434,-3.0293372577163455,-3.0262616273751552,-3.0231925476566572,-3.0201326869482354,-3.017085845102329,-3.0140574454391236,-3.0110552445796634,-3.0080903569433555,-3.0051787326021264,-3.002343285121435,-2.9996169436000617,-2.9970470012438417,-2.994701244155467,-2.9926764415000697,-2.991109793582146,-2.990193725108423
-3.5928055891404647,-3.5920159238414504,-3.5906475515520513,-3.5888517790871415,-3.586738310124548,-3.584387386050853,-3.581858126315931,-3.579194356154785,-3.5764287351663784,-3.5735857152618644,-3.570683679645,-3.5677365015656735,-3.564754687675272,-3.5617462213905626,-3.5587171880196165,-3.555672240132241,-3.5526149453552995,-3.5495480472279293,-3.5464736614995136,-3.543393424308857,-3.5403086043724206,-3.53722018816567,-3.5341289447773696,-3.531035475420139,-3.5279402513268026,-3.5248436428319017,-3.52174594174557,-3.518647378610193,-3.515548136043412,-3.5124483590805515,-3.5093481632109302,-3.506247640637497,-3.503146865164431,-3.500045896022645,-3.4969447808712237,-3.4938435581579266,-3.4907422589800756,-3.4876409085550613,-3.484539527385116,-3.481438132182101,-3.4783367366034827,-3.475235351839416,-3.472133987082164,-3.4690326499023016,-3.4659313465509136,-3.4628300822029106,-3.4597288611533856,-3.4566276869764394,-3.453526562653941,-3.450425490680147,-3.447324473146909,-3.444223511813222,-3.4411226081621176,-3.438021763447309,-3.4349209787315287,-3.431820254918091,-3.428719592776953,-3.425618992966268,-3.4225184560502555,-3.41941798251405,-3.4163175727760606,-3.413217227198297,-3.4101169460949943,-3.4070167297398513,-3.403916578372113,-3.4008164922016877,-3.3977164714134753,-3.3946165161710224,-3.3915166266196315,-3.388416802889004,-3.3853170450954946,-3.3822173533440485,-3.3791177277298563,-3.376018168339797,-3.372918675253676,-3.369819248545311,-3.366719888283489,-3.3636205945328044,-3.3605213673544148,-3.3574222068067163,-3.3543231129459667,-3.351224085826854,-3.348125125503038,-3.345026232027662,-3.3419274054538572,-3.3388286458352385,-3.3357299532264078,-3.3326313276834703,-3.3295327692645813,-3.3264342780305225,-3.323335854045335,-3.3202374973770046,-3.3171392080982307,-3.314040986287281,-3.310942832028964,-3.307844745415732,-3.304746726548954,-3.301648775540371,-3.2985508925137936,-3.2954530776070716,-3.292355330974393,-3.2892576527889874,-3.286160042974352,-3.283062501460775,-3.2799650281847046,-3.276867623088188,-3.2737702861183666,-3.2706730172270264,-3.267575816370193,-3.264478683507762,-3.2613816186031754,-3.258284621623122,-3.25518769253727,-3.252090831318026,-3.248994037940314,-3.245897312381378,-3.2428006546205976,-3.23970406463933,-3.2366075424207583,-3.2335110879497537,-3.2304147012127538,-3.22731838219765,-3.2242221308936863,-3.2211259472913665,-3.2180298313823665,-3.21493378315946,-3.2118378026164494,-3.208741889748101,-3.205646044550094,-3.2025502670189674,-3.1994545571520776,-3.196358914947565,-3.193263340404324,-3.1901678335219823,-3.1870723943008854,-3.1839770227420967,-3.180881718847407,-3.1777864826193505,-3.1746913140612505,-3.171596213177267,-3.168501179972488,-3.16540621445304,-3.1623113166262447,-3.159216486500823,-3.156121724087169,-3.153027029397709,-3.1499324024473667,-3.1468378432541857,-3.1437433518401248,-3.1406489282321233,-3.137554572463475,-3.1344602845756513,-3.1313660646206856,-3.128271912664328,-3.1251778287902034,-3.12208381310533,-3.11898986574743,-3.1158959868946683,-3.112802176778634,-3.109708435701704,-3.1066147640603123,-3.1035211623762233,-3.1004276313386674,-3.0973341718612377,-3.094240785158953,-3.0911474728528505,-3.0880542371123516,-3.0849610808495083,-3.0818680079847196,-3.0787750238111458,-3.075682135495758,-3.0725893527700032,-3.0694966888842803,-3.066404161930345,-3.0633117966781556,-3.060219627133757,-3.0571277001102923,-3.054036080226059,-3.0509448569175595,-3.0478541543046807,-3.044764145102723,-3.041675070290211,-3.03858726698246,-3.0355012080308614,-3.032417558415576,-3.029337255741568,-3.026261625400458,-3.023192545682039,-3.020132684973697,-3.0170858431278695,-3.0140574434647434,-3.0110552426053605,-3.00809035496913,-3.0051787306279776,-3.0023432831473613,-2.9996169416260594,-2.997046999269908,-2.9947012421815957,-2.9926764395262535,-2.991109791608371,-2.990193723134673
-3.5928055870784217,-3.592015921779426,-3.590647549490058,-3.58885177702519,-3.5867383080626465,-3.5843873839890072,-3.5818581242541456,-3.5791943540930653,-3.576428733104727,-3.5735857132002855,-3.570683677583496,-3.5677364995042447,-3.564754685613921,-3.561746219329291,-3.5587171859584235,-3.555672238071128,-3.5526149432942673,-3.549548045166978,-3.5464736594386435,-3.543393422248068,-3.5403086023117107,-3.537220186105041,-3.5341289427168205,-3.531035473359669,-3.527940249266413,-3.5248436407715937,-3.521745939685344,-3.5186473765500486,-3.5155481339833496,-3.5124483570205705,-3.5093481611510304,-3.5062476385776806,-3.503146863104696,-3.5000458939629926,-3.496944778811653,-3.4938435560984367,-3.490742256920666,-3.4876409064957317,-3.484539525325866,-3.481438130122932,-3.478336734544393,-3.4752353497804065,-3.472133985023236,-3.4690326478434543,-3.4659313444921476,-3.4628300801442253,-3.4597288590947817,-3.4566276849179176,-3.4535265605955,-3.450425488621786,-3.447324471088629,-3.444223509755023,-3.441122606103999,-3.438021761389271,-3.434920976673571,-3.4318202528602146,-3.428719590719159,-3.4256189909085566,-3.422518453992627,-3.4194179804565046,-3.4163175707185984,-3.4132172251409174,-3.4101169440376977,-3.4070167276826386,-3.4039165763149835,-3.4008164901446425,-3.3977164693565127,-3.394616514114142,-3.3915166245628336,-3.388416800832288,-3.385317043038862,-3.382217351287497,-3.379117725673388,-3.376018166283411,-3.372918673197372,-3.369819246489089,-3.3667198862273473,-3.363620592476744,-3.360521365298436,-3.3574222047508195,-3.354323110890151,-3.3512240837711196,-3.3481251234473843,-3.3450262299720888,-3.341927403398365,-3.3388286437798285,-3.3357299511710794,-3.3326313256282236,-3.329532767209416,-3.3264342759754393,-3.3233358519903344,-3.3202374953220875,-3.3171392060433966,-3.31404098423253,-3.3109428299742953,-3.307844743361146,-3.3047467244944495,-3.301648773485948,-3.2985508904594516,-3.29545307555281,-3.292355328920214,-3.289257650734889,-3.286160040920335,-3.2830624994068396,-3.2799650261308515,-3.276867621034418,-3.273770284064679,-3.270673015173422,-3.2675758143166704,-3.264478681454322,-3.261381616549817,-3.2582846195698454,-3.2551876904840755,-3.2520908292649144,-3.2489940358872853,-3.245897310328431,-3.2428006525677335,-3.2397040625865494,-3.2366075403680603,-3.233511085897137,-3.2304146991602187,-3.227318380145198,-3.2242221288413178,-3.22112594523908,-3.218029829330162,-3.214933781107338,-3.211837800564409,-3.208741887696142,-3.205646042498217,-3.2025502649671727,-3.199454555100366,-3.1963589128959353,-3.1932633383527755,-3.1901678314705144,-3.187072392249499,-3.183977020690792,-3.180881716796184,-3.177786480568211,-3.174691312010191,-3.17159621112629,-3.168501177921592,-3.1654062124022264,-3.1623113145755153,-3.159216484450178,-3.156121722036609,-3.1530270273472323,-3.149932400396974,-3.146837841203876,-3.1437433497898994,-3.140648926181981,-3.137554570413416,-3.1344602825256738,-3.1313660625707906,-3.1282719106145143,-3.1251778267404724,-3.122083811055681,-3.1189898636978635,-3.115895984845184,-3.1128021747292327,-3.109708433652385,-3.106614762011075,-3.1035211603270687,-3.100427629289595,-3.0973341698122487,-3.0942407831100476,-3.091147470804028,-3.088054235063613,-3.0849610788008532,-3.0818680059361476,-3.0787750217626573,-3.075682133447353,-3.0725893507216817,-3.0694966868360414,-3.0664041598821887,-3.0633117946300827,-3.0602196250857667,-3.057127698062383,-3.05403607817823,-3.0509448548698113,-3.047854152257014,-3.044764143055139,-3.0416750682427103,-3.038587264935042,-3.035501205983527,-3.032417556368324,-3.0293372536943983,-3.026261623353371,-3.023192543635035,-3.020132682926775,-3.0170858410810286,-3.0140574414179833,-3.0110552405586826,-3.0080903529225322,-3.0051787285814586,-3.0023432811009196,-2.9996169395796928,-2.9970469972236122,-2.9947012401353645,-2.992676437480078,-2.9911097895622394,-2.990193721088567
-3.592805584940793,-3.592015919641816,-3.590647547352483,-3.5888517748876607,-3.5867383059251723,-3.5843873818515943,-3.5818581221167993,-3.5791943519557896,-3.5764287309675242,-3.5735857110631577,-3.5706836754464435,-3.567736497367269,-3.564754683477024,-3.561746217192473,-3.5587171838216856,-3.55567223593447,-3.55261494115769,-3.549548043030481,-3.546473657302228,-3.5433934201117356,-3.5403086001754613,-3.5372201839688744,-3.534128940580735,-3.5310354712236665,-3.527940247130493,-3.524843638635757,-3.5217459375495888,-3.518647374414376,-3.515548131847761,-3.512448354885067,-3.5093481590156115,-3.5062476364423447,-3.5031468609694443,-3.500045891827825,-3.4969447766765707,-3.4938435539634387,-3.4907422547857534,-3.487640904360905,-3.484539523191126,-3.481438127988277,-3.478336732409824,-3.475235347645923,-3.4721339828888373,-3.469032645709141,-3.4659313423579197,-3.4628300780100814,-3.4597288569607216,-3.456627682783942,-3.45352655846161,-3.4504254864879815,-3.44732446895491,-3.44422350762139,-3.4411226039704514,-3.4380217592558084,-3.434920974540193,-3.4318202507269215,-3.4287195885859494,-3.4256189887754305,-3.422518451859585,-3.4194179783235463,-3.4163175685857246,-3.4132172230081284,-3.410116941904993,-3.4070167255500188,-3.4039165741824484,-3.400816488012191,-3.3977164672241456,-3.3946165119818597,-3.3915166224306352,-3.3884167987001743,-3.3853170409068327,-3.382217349155553,-3.379117723541529,-3.376018164151637,-3.372918671065682,-3.3698192443574837,-3.3667198840958275,-3.3636205903453087,-3.360521363167085,-3.3574222026195533,-3.3543231087589698,-3.3512240816400234,-3.348125121316374,-3.3450262278411644,-3.3419274012675277,-3.338828641649076,-3.335729949040412,-3.3326313234976417,-3.3295327650789197,-3.3264342738450288,-3.323335849860009,-3.320237493191847,-3.317139203913242,-3.3140409821024606,-3.3109428278443107,-3.3078447412312455,-3.304746722364633,-3.3016487713562155,-3.2985508883298045,-3.2954530734232477,-3.2923553267907355,-3.2892576486054956,-3.2861600387910275,-3.2830624972776175,-3.2799650240017146,-3.2768676189053654,-3.273770281935712,-3.2706730130445405,-3.2675758121878746,-3.2644786793256118,-3.2613816144211927,-3.258284617441307,-3.255187688355624,-3.252090827136548,-3.248994033759004,-3.245897308200235,-3.2428006504396225,-3.2397040604585228,-3.2366075382401185,-3.233511083769281,-3.230414697032448,-3.2273183780175114,-3.2242221267137166,-3.2211259431115646,-3.218029827202732,-3.214933778979994,-3.2118377984371507,-3.20874188556897,-3.2056460403711298,-3.20255026284017,-3.1994545529734473,-3.196358910769102,-3.193263336226027,-3.1901678293438507,-3.1870723901229194,-3.1839770185642973,-3.1808817146697748,-3.1777864784418868,-3.1746913098839538,-3.1715962090001386,-3.168501175795528,-3.165406210276249,-3.1623113124496225,-3.159216482324371,-3.1561217199108866,-3.1530270252215957,-3.1499323982714227,-3.1468378390784086,-3.1437433476645165,-3.1406489240566833,-3.1375545682882025,-3.1344602804005457,-3.131366060445748,-3.1282719084895567,-3.1251778246156,-3.1220838089308947,-3.118989861573163,-3.1158959827205703,-3.112802172604705,-3.109708431527944,-3.1066147598867206,-3.1035211582028,-3.1004276271654123,-3.0973341676881527,-3.094240780986037,-3.0911474686801026,-3.088054232939773,-3.0849610766770996,-3.0818680038124797,-3.078775019639075,-3.0756821313238576,-3.072589348598273,-3.0694966847127185,-3.0664041577589525,-3.0633117925069318,-3.060219622962701,-3.057127695939403,-3.0540360760553367,-3.050944852747003,-3.0478541501342904,-3.0447641409325,-3.0416750661201557,-3.0385872628125723,-3.035501203861143,-3.0324175542460257,-3.0293372515721853,-3.0262616212312428,-3.0231925415129925,-3.020132680804818,-3.0170858389591566,-3.014057439296197,-3.0110552384369806,-3.0080903508009147,-3.005178726459923,-3.002343278979464,-2.999616937458315,-2.9970469951023073,-2.994701238014127,-2.9926764353588986,-2.991109787441105,-2.9901937189674586
-3.592805582724792,-3.592015917425835,-3.590647545136537,-3.588851772671761,-3.586738303709327,-3.584387379635811,-3.581858119901084,-3.5791943497401464,-3.5764287287519565,-3.5735857088476672,-3.570683673231033,-3.56773649515194,-3.5647546812617774,-3.56174621497731,-3.5587171816066063,-3.555672233719476,-3.552614938942782,-3.54954804081566,-3.546473655087494,-3.5433934178970876,-3.5403085979609004,-3.5372201817544004,-3.5341289383663517,-3.531035469009372,-3.5279402449162878,-3.52484363642164,-3.521745935335561,-3.518647372200437,-3.515548129633908,-3.512448352671301,-3.5093481568019316,-3.506247634228752,-3.503146858755938,-3.5000458896144067,-3.496944774463238,-3.493843551750193,-3.490742252572595,-3.4876409021478327,-3.4845395209781405,-3.4814381257753784,-3.478336730197013,-3.4752353454331995,-3.472133980676201,-3.4690326434965923,-3.4659313401454583,-3.462830075797709,-3.4597288547484384,-3.4566276805717475,-3.4535265562495034,-3.4504254842759634,-3.44732446674298,-3.444223505409547,-3.441122601758695,-3.438021757044139,-3.4349209723286105,-3.431820248515425,-3.428719586374541,-3.425618986564111,-3.422518449648354,-3.419417976112403,-3.4163175663746697,-3.413217220797161,-3.4101169396941136,-3.407016723339226,-3.403916571971743,-3.4008164858015744,-3.397716465013618,-3.394616509771421,-3.391516620220286,-3.3884167964899143,-3.3853170386966602,-3.382217346945469,-3.3791177213315327,-3.376018161941728,-3.3729186688558617,-3.3698192421477513,-3.3667198818861834,-3.3636205881357535,-3.3605213609576188,-3.357422200410176,-3.3543231065496806,-3.3512240794308226,-3.3481251191072605,-3.345026225632139,-3.34192739905859,-3.3388286394402265,-3.3357299468316506,-3.332631321288968,-3.329532762870334,-3.32643427163653,-3.323335847651598,-3.3202374909835237,-3.3171392017050048,-3.31404097989431,-3.3109428256362463,-3.307844739023269,-3.304746720156745,-3.301648769148416,-3.2985508861220936,-3.295453071215625,-3.292355324583202,-3.2892576463980507,-3.2861600365836714,-3.2830624950703506,-3.2799650217945375,-3.2768676166982775,-3.2737702797287134,-3.270673010837631,-3.267575809981054,-3.2644786771188796,-3.26138161221455,-3.2582846152347518,-3.255187686149156,-3.2520908249301668,-3.2489940315527095,-3.245897305994028,-3.242800648233504,-3.2397040582524927,-3.2366075360341764,-3.233511081563427,-3.230414694826683,-3.2273183758118353,-3.224222124508129,-3.2211259409060653,-3.218029824997321,-3.2149337767746715,-3.211837796231918,-3.2087418833638277,-3.2056460381660785,-3.202550260635209,-3.1994545507685754,-3.1963589085643176,-3.193263334021331,-3.1901678271392426,-3.1870723879183993,-3.1839770163598664,-3.1808817124654314,-3.1777864762376304,-3.174691307679784,-3.171596206796055,-3.1685011735915314,-3.1654062080723397,-3.1623113102458,-3.159216480120635,-3.1561217177072387,-3.1530270230180353,-3.1499323960679497,-3.146837836875024,-3.1437433454612203,-3.1406489218534746,-3.1375545660850825,-3.1344602781975155,-3.1313660582428073,-3.1282719062867055,-3.125177822412838,-3.1220838067282215,-3.11898985937058,-3.115895980518077,-3.112802170402303,-3.1097084293256314,-3.1066147576844987,-3.1035211560006686,-3.10042762496337,-3.0973341654861986,-3.094240778784171,-3.0911474664783256,-3.088054230738085,-3.0849610744755,-3.0818680016109687,-3.078775017437653,-3.0756821291225243,-3.0725893463970277,-3.069496682511562,-3.0664041555578843,-3.0633117903059532,-3.060219620761812,-3.0571276937386047,-3.054036073854628,-3.0509448505463848,-3.0478541479337635,-3.0447641387320634,-3.0416750639198082,-3.0385872606123137,-3.035501201660972,-3.0324175520459424,-3.02933724937219,-3.026261619031335,-3.023192539313172,-3.0201326786050853,-3.0170858367595135,-3.014057437096642,-3.0110552362375134,-3.0080903486015336,-3.005178724260627,-3.0023432767802514,-2.9996169352591826,-2.9970469929032517,-2.994701235815141,-2.9926764331599727,-2.9911097852422253,-2.990193716768606
-3.5928055804275796,-3.5920159151286444,-3.590647542839384,-3.5888517703746574,-3.5867383014122813,-3.5843873773388304,-3.581858117604172,-3.5791943474433072,-3.5764287264551937,-3.5735857065509835,-3.57068367093443,-3.56773649285542,-3.5647546789653424,-3.5617462126809607,-3.5587171793103445,-3.5556722314233014,-3.552614936646696,-3.549548038519662,-3.5464736527915846,-3.5433934156012685,-3.5403085956651705,-3.537220179458761,-3.5341289360708,-3.5310354667139094,-3.5279402426209145,-3.5248436341263565,-3.5217459330403673,-3.5186473699053322,-3.515548127338894,-3.5124483503763773,-3.5093481545070997,-3.506247631934011,-3.503146856461289,-3.5000458873198483,-3.4969447721687716,-3.493843549455818,-3.49074225027831,-3.487640899853639,-3.4845395186840373,-3.4814381234813667,-3.478336727903091,-3.475235343139367,-3.47213397838246,-3.469032641202942,-3.4659313378518983,-3.46283007350424,-3.45972885245506,-3.4566276782784593,-3.453526553956305,-3.450425481982855,-3.447324464449962,-3.4442235031166213,-3.4411225994658614,-3.4380217547513974,-3.434920970035961,-3.4318202462228666,-3.428719584082073,-3.4256189842717335,-3.422518447356066,-3.419417973820207,-3.4163175640825645,-3.413217218505147,-3.41011693740219,-3.407016721047393,-3.4039165696800002,-3.4008164835099213,-3.397716462722055,-3.3946165074799484,-3.3915166179289034,-3.388416794198622,-3.3853170364054597,-3.3822173446543586,-3.379117719040513,-3.376018159650799,-3.3729186665650235,-3.369819239857004,-3.3667198795955273,-3.363620585845189,-3.3605213586671456,-3.357422198119794,-3.354323104259391,-3.3512240771406243,-3.3481251168171546,-3.3450262233421255,-3.3419273967686682,-3.338828637150397,-3.335729944541913,-3.332631318999322,-3.32953276058078,-3.326434269347069,-3.323335845362229,-3.3202374886942456,-3.317139199415819,-3.314040977605216,-3.3109428233472453,-3.3078447367343595,-3.304746717867927,-3.301648766859689,-3.298550883833457,-3.2954530689270802,-3.292355322294748,-3.2892576441096883,-3.2861600342954,-3.2830624927821694,-3.2799650195064465,-3.276867614410277,-3.2737702774408035,-3.2706730085498115,-3.2675758076933255,-3.2644786748312424,-3.2613816099270037,-3.2582846129472975,-3.255187683861794,-3.2520908226428973,-3.2489940292655333,-3.2458973037069447,-3.2428006459465126,-3.239704055965593,-3.2366075337473696,-3.2335110792767123,-3.23041469254006,-3.2273183735253053,-3.2242221222216907,-3.221125938619719,-3.2180298227110677,-3.214933774488509,-3.211837793945846,-3.2087418810778447,-3.2056460358801857,-3.2025502583494068,-3.1994545484828643,-3.196358906278698,-3.1932633317358023,-3.190167824853806,-3.187072385633054,-3.1839770140746126,-3.1808817101802704,-3.177786473952563,-3.1746913053948096,-3.171596204511172,-3.16850117130674,-3.16540620578764,-3.1623113079611933,-3.159216477836121,-3.1561217154228176,-3.1530270207337074,-3.1499323937837156,-3.1468378345908836,-3.143743343177172,-3.1406489195695175,-3.137554563801218,-3.1344602759137428,-3.1313660559591256,-3.1282719040031166,-3.125177820129342,-3.1220838044448196,-3.1189898570872705,-3.1158959782348585,-3.112802168119175,-3.1097084270425945,-3.1066147554015515,-3.103521153717812,-3.1004276226806047,-3.0973341632035245,-3.0942407765015885,-3.0911474641958345,-3.0880542284556856,-3.084961072193193,-3.081867999328755,-3.078775015155532,-3.075682126840496,-3.072589344115093,-3.0694966802297206,-3.0664041532761352,-3.0633117880242957,-3.0602196184802457,-3.0571276914571293,-3.0540360715732433,-3.050944848265092,-3.047854145652562,-3.0447641364509535,-3.0416750616387906,-3.0385872583313893,-3.0355011993801413,-3.0324175497652055,-3.0293372470915463,-3.0262616167507845,-3.023192537032714,-3.020132676324719,-3.017085834479239,-3.0140574348164577,-3.0110552339574195,-3.0080903463215303,-3.0051787219807125,-3.002343274500423,-2.9996169329794373,-2.9970469906235837,-2.9947012335355447,-2.9926764308804374,-2.991109782962738,-2.9901937144891457
-3.5928055780461503,-3.592015912747237,-3.5906475404580127,-3.588851767993336,-3.586738299031018,-3.584387374957633,-3.5818581152230466,-3.579194345062259,-3.5764287240742267,-3.5735857041701,-3.5706836685536323,-3.5677364904747106,-3.564754676584723,-3.561746210300432,-3.558717176929907,-3.5556722290429548,-3.5526149342664395,-3.549548036139497,-3.54647365041151,-3.5433934132212843,-3.5403085932852782,-3.537220177078961,-3.534128933691093,-3.531035464334296,-3.527940240241394,-3.5248436317469283,-3.5217459306610333,-3.5186473675260936,-3.515548124959749,-3.5124483479973274,-3.509348152128144,-3.50624762955515,-3.5031468540825217,-3.500045884941175,-3.4969447697901925,-3.493843547077333,-3.4907422478999197,-3.487640897475344,-3.4845395163058375,-3.4814381211032606,-3.4783367255250797,-3.4752353407614507,-3.472133976004638,-3.469032638825215,-3.465931335474266,-3.462830071126702,-3.4597288500776164,-3.45662767590111,-3.45352655157905,-3.450425479605695,-3.4473244620728964,-3.444223500739649,-3.4411225970889827,-3.4380217523746137,-3.4349209676592722,-3.431820243846275,-3.4287195817055767,-3.4256189818953318,-3.42251844497976,-3.419417971443994,-3.416317561706445,-3.413217216129122,-3.4101169350262595,-3.407016718671557,-3.403916567304258,-3.4008164811342736,-3.3977164603465013,-3.394616505104489,-3.391516615553539,-3.388416791823352,-3.385317034030283,-3.3822173422792754,-3.3791177166655237,-3.3760181572759054,-3.3729186641902253,-3.369819237482302,-3.3667198772209197,-3.363620583470675,-3.360521356292726,-3.3574221957454684,-3.35432310188516,-3.3512240747664888,-3.3481251144431137,-3.3450262209681796,-3.341927394394816,-3.3388286347766387,-3.3357299421682494,-3.332631316625753,-3.329532758207304,-3.3264342669736866,-3.3233358429889406,-3.3202374863210524,-3.3171391970427218,-3.3140409752322135,-3.3109428209743372,-3.3078447343615465,-3.3047467154952095,-3.3016487644870667,-3.29855088146093,-3.295453066554649,-3.2923553199224127,-3.2892576417374477,-3.286160031923253,-3.2830624904101176,-3.279965017134489,-3.2768676120384144,-3.2737702750690354,-3.270673006178138,-3.267575805321746,-3.264478672459758,-3.261381607555615,-3.2582846105760037,-3.2551876814905945,-3.252090820271793,-3.248994026894524,-3.2458973013360297,-3.242800643575692,-3.239704053594868,-3.236607531376738,-3.2335110769061743,-3.2304146901696167,-3.227318371154956,-3.224222119851436,-3.221125936249559,-3.2180298203410014,-3.2149337721185383,-3.211837791575971,-3.208741878708067,-3.2056460335105044,-3.2025502559798213,-3.1994545461133743,-3.1963589039093043,-3.1932633293665056,-3.1901678224846046,-3.187072383263949,-3.1839770117056028,-3.180881707811355,-3.1777864715837416,-3.1746913030260835,-3.1715962021425432,-3.1685011689382074,-3.165406203419203,-3.1623113055928513,-3.1592164754678733,-3.1561217130546635,-3.153027018365647,-3.1499323914157493,-3.1468378322230115,-3.143743340809396,-3.140648917201838,-3.137554561433634,-3.1344602735462535,-3.1313660535917314,-3.1282719016358165,-3.125177817762137,-3.122083802077709,-3.1189898547202555,-3.1158959758679403,-3.112802165752352,-3.1097084246758673,-3.1066147530349206,-3.103521151351277,-3.100427620314165,-3.0973341608371823,-3.094240774135344,-3.0911474618296872,-3.0880542260896346,-3.0849610698272376,-3.081867996962895,-3.0787750127897677,-3.075682124474826,-3.072589341749518,-3.06949667786424,-3.0664041509107496,-3.0633117856590055,-3.0602196161150514,-3.057127689092031,-3.0540360692082418,-3.050944845900186,-3.047854143287752,-3.0447641340862397,-3.0416750592741724,-3.038587255966866,-3.035501197015713,-3.0324175474008714,-3.029337244727308,-3.0262616143866414,-3.023192534668666,-3.020132673960767,-3.0170858321153817,-3.0140574324526965,-3.011055231593753,-3.0080903439579556,-3.0051787196172297,-3.00234327213703,-2.99961693061613,-2.9970469882603585,-2.9947012311723937,-2.9926764285173513,-2.991109780599701,-2.990193712126138
-3.592805575577428,-3.5920159102785356,-3.5906475379893497,-3.588851765524723,-3.586738296562467,-3.58438737248915,-3.5818581127546394,-3.5791943425939303,-3.57642872160598,-3.5735857017019383,-3.570683666085559,-3.5677364880067266,-3.564754674116829,-3.56174620783263,-3.558717174462199,-3.555672226575342,-3.552614931798922,-3.5495480336720755,-3.546473647944187,-3.5433934107540597,-3.5403085908181526,-3.537220174611933,-3.534128931224162,-3.5310354618674626,-3.5279402377746583,-3.524843629280291,-3.5217459281944934,-3.5186473650596506,-3.515548122493404,-3.5124483455310784,-3.5093481496619923,-3.506247627089095,-3.503146851616564,-3.5000458824753147,-3.496944767324429,-3.493843544611667,-3.4907422454343515,-3.487640895009872,-3.484539513840463,-3.4814381186379846,-3.4783367230599027,-3.4752353382963714,-3.472133973539656,-3.4690326363603297,-3.465931333009478,-3.462830068662011,-3.459728847613023,-3.456627673436614,-3.4535265491146525,-3.450425477141394,-3.447324459608693,-3.444223498275543,-3.4411225946249746,-3.4380217499107024,-3.434920965195458,-3.4318202413825576,-3.4287195792419563,-3.425618979431809,-3.4225184425163357,-3.419417968980669,-3.4163175592432196,-3.413217213665995,-3.41011693256323,-3.4070167162086267,-3.4039165648414267,-3.4008164786715414,-3.3977164578838677,-3.3946165026419544,-3.3915166130911034,-3.388416789361015,-3.385317031568045,-3.382217339817138,-3.3791177142034856,-3.376018154813965,-3.3729186617283817,-3.3698192350205542,-3.36671987475927,-3.363620581009124,-3.360521353831272,-3.3574221932841124,-3.354323099423901,-3.3512240723053277,-3.3481251119820503,-3.3450262185072135,-3.3419273919339485,-3.33882863231587,-3.3357299397075786,-3.3326313141651798,-3.3295327557468286,-3.326434264513308,-3.3233358405286597,-3.3202374838608693,-3.317139194582636,-3.3140409727722258,-3.310942818514448,-3.3078447319017563,-3.3047467130355166,-3.3016487620274724,-3.298550879001434,-3.295453064095251,-3.2923553174631124,-3.289257639278247,-3.2861600294641518,-3.2830624879511148,-3.279965014675585,-3.2768676095796083,-3.2737702726103275,-3.270673003719529,-3.267575802863236,-3.2644786700013455,-3.2613816050972995,-3.2582846081177856,-3.2551876790324754,-3.252090817813773,-3.2489940244366027,-3.2458972988782073,-3.2428006411179684,-3.2397040511372426,-3.2366075289192118,-3.2335110744487476,-3.230414687712288,-3.227318368697726,-3.224222117394304,-3.221125933792525,-3.2180298178840663,-3.214933769661702,-3.211837789119233,-3.208741876251427,-3.2056460310539627,-3.2025502535233783,-3.19945454365703,-3.1963589014530585,-3.1932633269103574,-3.1901678200285546,-3.187072380807998,-3.1839770092497504,-3.1808817053556018,-3.177786469128087,-3.1746913005705264,-3.1715961996870843,-3.1685011664828475,-3.1654062009639423,-3.1623113031376895,-3.15921647301281,-3.156121710599699,-3.153027015910781,-3.1499323889609823,-3.146837829768343,-3.1437433383548252,-3.1406489147473664,-3.1375545589792613,-3.13446027109198,-3.131366051137558,-3.128271899181743,-3.1251778153081626,-3.1220837996238324,-3.1189898522664765,-3.115895973414259,-3.112802163298771,-3.1097084222223863,-3.106614750581539,-3.1035211488979946,-3.100427617860982,-3.0973341583840965,-3.094240771682355,-3.091147459376796,-3.088054223636842,-3.0849610673745436,-3.0818679945103,-3.0787750103372717,-3.0756821220224304,-3.072589339297222,-3.0694966754120436,-3.066404148458653,-3.063311783207009,-3.0602196136631554,-3.057127686640235,-3.0540360667565443,-3.0509448434485873,-3.0478541408362525,-3.0447641316348393,-3.0416750568228705,-3.0385872535156615,-3.0355011945646067,-3.032417544949864,-3.0293372422764,-3.0262616119358334,-3.0231925322179585,-3.020132671510158,-3.017085829664871,-3.014057430002283,-3.0110552291434356,-3.0080903415077356,-3.005178717167104,-3.0023432696869965,-2.9996169281661866,-2.9970469858104987,-2.9947012287226116,-2.992676426067636,-2.9911097781500384,-2.9901937096765066
-3.5928055730182114,-3.5920159077193428,-3.590647535430198,-3.588851762965624,-3.5867382940034314,-3.584387369930188,-3.581858110195755,-3.579194340035129,-3.5764287190472652,-3.573585699143314,-3.5706836635270265,-3.5677364854482883,-3.5647546715584864,-3.5617462052743836,-3.5587171719040485,-3.5556722240172887,-3.5526149292409674,-3.5495480311142207,-3.5464736453864303,-3.543393408196402,-3.5403085882605936,-3.5372201720544743,-3.5341289286668043,-3.5310354593102047,-3.527940235217501,-3.524843626723234,-3.521745925637536,-3.5186473625027936,-3.5155481199366494,-3.512448342974426,-3.509348147105442,-3.5062476245326466,-3.503146849060216,-3.5000458799190675,-3.496944764768282,-3.4938435420556195,-3.490742242878404,-3.487640892454026,-3.484539511284717,-3.48143811608234,-3.4783367205043585,-3.4752353357409285,-3.4721339709843138,-3.4690326338050888,-3.465931330454338,-3.462830066106972,-3.459728845058085,-3.4566276708817774,-3.453526546559917,-3.4504254745867606,-3.447324457054162,-3.444223495721115,-3.441122592070649,-3.43802174735648,-3.434920962641338,-3.4318202388285393,-3.42871957668804,-3.4256189768779954,-3.4225184399626234,-3.419417966427058,-3.4163175566897093,-3.413217211112585,-3.4101169300099214,-3.4070167136554175,-3.4039165622883183,-3.400816476118533,-3.397716455330961,-3.394616500089149,-3.3915166105383987,-3.388416786808411,-3.385317029015542,-3.382217337264735,-3.3791177116511832,-3.3760181522617647,-3.372918659176284,-3.3698192324685596,-3.3667198722073786,-3.3636205784573345,-3.3605213512795853,-3.3574221907325286,-3.3543230968724194,-3.3512240697539477,-3.3481251094307716,-3.345026215956036,-3.3419273893828723,-3.338828629764895,-3.3357299371567053,-3.3326313116144086,-3.329532753196159,-3.326434261962742,-3.323335837978196,-3.3202374813105076,-3.3171391920323754,-3.3140409702220675,-3.3109428159643914,-3.3078447293518005,-3.304746710485664,-3.3016487594777226,-3.298550876451787,-3.295453061545706,-3.292355314913669,-3.2892576367289044,-3.2861600269149105,-3.283062485401975,-3.279965012126546,-3.2768676070306704,-3.2737702700614917,-3.270673001170794,-3.2675758003146025,-3.264478667452815,-3.2613816025488704,-3.2582846055694596,-3.2551876764842516,-3.2520908152656514,-3.248994021888583,-3.24589729633029,-3.242800638570154,-3.239704048589531,-3.236607526371603,-3.2335110719012414,-3.230414685164885,-3.227318366150425,-3.2242221148471057,-3.221125931245429,-3.218029815337073,-3.2149337671148106,-3.2118377865724432,-3.2087418737047386,-3.2056460285073745,-3.20255025097689,-3.199454541110643,-3.1963588989067735,-3.193263324364176,-3.190167817482476,-3.187072378262022,-3.1839770067038775,-3.1808817028098315,-3.17778646658242,-3.174691298024963,-3.171596197141624,-3.16850116393749,-3.1654061984186868,-3.162311300592537,-3.159216470467762,-3.156121708054755,-3.1530270133659406,-3.1499323864162436,-3.1468378272237074,-3.143743335810292,-3.1406489122029355,-3.137554556434932,-3.1344602685477523,-3.1313660485934314,-3.128271896637718,-3.1251778127642393,-3.1220837970800113,-3.118989849722759,-3.115895970870645,-3.1128021607552587,-3.1097084196789773,-3.1066147480382327,-3.103521146354791,-3.100427615317881,-3.0973341558410987,-3.09424076913946,-3.091147456834004,-3.088054221094152,-3.0849610648319556,-3.0818679919678136,-3.0787750077948877,-3.075682119480149,-3.0725893367550423,-3.0694966728699664,-3.066404145916679,-3.063311780665139,-3.0602196111213877,-3.057127684098571,-3.0540360642149844,-3.0509448409071305,-3.0478541382948983,-3.0447641290935876,-3.041675054281723,-3.038587250974618,-3.0355011920236663,-3.032417542409027,-3.029337239735666,-3.0262616093952017,-3.0231925296774285,-3.0201326689697297,-3.0170858271245433,-3.014057427462056,-3.011055226603309,-3.0080903389677074,-3.005178714627174,-3.0023432671471624,-2.9996169256264436,-2.997046983270843,-2.9947012261830364,-2.9926764235281307,-2.991109775610587,-2.9901937071370863
-3.5928055703651793,-3.592015905066336,-3.590647532777235,-3.5888517603127195,-3.586738291350594,-3.5843873672774245,-3.581858107543072,-3.579194337382532,-3.576428716394758,-3.573585696490899,-3.5706836608747063,-3.5677364827960645,-3.5647546689063603,-3.5617462026223565,-3.5587171692521222,-3.555672221365465,-3.552614926589245,-3.5495480284626,-3.5464736427349126,-3.5433934055449874,-3.540308585609282,-3.5372201694032657,-3.5341289260157,-3.5310354566592053,-3.5279402325666056,-3.5248436240724437,-3.5217459229868506,-3.5186473598522126,-3.515548117286172,-3.5124483403240534,-3.509348144455174,-3.5062476218824843,-3.5031468464101594,-3.5000458772691156,-3.4969447621184373,-3.4938435394058818,-3.4907422402287724,-3.4876408898044993,-3.484539508635295,-3.481438113433023,-3.478336717855146,-3.4752353330918204,-3.4721339683353096,-3.4690326311561894,-3.465931327805544,-3.462830063458283,-3.4597288424095014,-3.4566276682332995,-3.453526543911545,-3.4504254719384946,-3.447324454406001,-3.444223493073059,-3.4411225894226987,-3.4380217447086343,-3.434920959993597,-3.431820236180903,-3.428719574040509,-3.4256189742305687,-3.422518437315302,-3.419417963779841,-3.416317554042598,-3.4132172084655794,-3.410116927363022,-3.407016711008624,-3.403916559641631,-3.4008164734719513,-3.397716452684484,-3.3946164974427764,-3.391516607892131,-3.3884167841622483,-3.385317026369485,-3.382217334618784,-3.3791177090053375,-3.3760181496160238,-3.3729186565306484,-3.3698192298230283,-3.3667198695619516,-3.3636205758120132,-3.36052134863437,-3.357422188087419,-3.354323094227415,-3.351224067109048,-3.3481251067859774,-3.3450262133113484,-3.34192738673829,-3.3388286271204177,-3.335729934512333,-3.332631308970141,-3.3295327505519974,-3.3264342593186855,-3.323335835334245,-3.3202374786666633,-3.3171391893886377,-3.3140409675784355,-3.3109428133208647,-3.30784472670838,-3.3047467078423476,-3.3016487568345103,-3.2985508738086793,-3.2954530589027025,-3.2923553122707716,-3.2892576340861135,-3.2861600242722258,-3.2830624827593966,-3.279965009484074,-3.276867604388305,-3.2737702674192324,-3.2706729985286422,-3.2675757976725572,-3.264478664810875,-3.2613815999070366,-3.2582846029277324,-3.255187673842629,-3.252090812624134,-3.2489940192471716,-3.2458972936889836,-3.2428006359289525,-3.2397040459484345,-3.2366075237306107,-3.2335110692603535,-3.230414682524102,-3.227318363509748,-3.224222112206535,-3.2211259286049647,-3.2180298126967153,-3.21493376447456,-3.2118377839322996,-3.2087418710647015,-3.2056460258674444,-3.2025502483370674,-3.1994545384709263,-3.196358896267163,-3.1932633217246718,-3.1901678148430785,-3.187072375622731,-3.1839770040646918,-3.1808817001707514,-3.1777864639434457,-3.1746912953860944,-3.17159619450286,-3.1685011612988307,-3.165406195780134,-3.1623112979540893,-3.159216467829419,-3.1561217054165183,-3.1530270107278104,-3.1499323837782205,-3.1468378245857904,-3.143743333172483,-3.140648909565234,-3.137554553797338,-3.134460265910265,-3.131366045956051,-3.128271894000443,-3.1251778101270697,-3.1220837944429483,-3.118989847085801,-3.115895968233793,-3.1128021581185132,-3.109708417042336,-3.1066147454016972,-3.1035211437183623,-3.1004276126815595,-3.0973341532048844,-3.094240766503353,-3.091147454198003,-3.0880542184582582,-3.0849610621961694,-3.081867989332134,-3.078775005159314,-3.07568211684468,-3.07258933411968,-3.06949667023471,-3.0664041432815283,-3.063311778030093,-3.0602196084864475,-3.057127681463735,-3.0540360615802546,-3.0509448382725073,-3.0478541356603808,-3.044764126459177,-3.041675051647419,-3.0385872483404213,-3.035501189389576,-3.032417539775043,-3.029337237101788,-3.0262616067614303,-3.0231925270437636,-3.020132666336172,-3.0170858244910916,-3.0140574248287098,-3.0110552239700668,-3.008090336334569,-3.0051787119941356,-3.0023432645142227,-2.999616922993599,-2.9970469806380886,-2.994701223550363,-2.992676420895528,-2.9911097729780396,-2.990193704504571
-3.5928055676149087,-3.5920159023160894,-3.5906475300270304,-3.5888517575625722,-3.5867382886005146,-3.584387364527422,-3.5818581047931533,-3.579194334632704,-3.576428713645025,-3.5735856937412636,-3.5706836581251697,-3.567736480046628,-3.5647546661570253,-3.5617461998731255,-3.558717166502995,-3.555672218616441,-3.5526149238403275,-3.5495480257137904,-3.54647363998621,-3.543393402796392,-3.5403085828607943,-3.5372201666548864,-3.5341289232674287,-3.5310354539110427,-3.527940229818553,-3.5248436213245005,-3.5217459202390176,-3.5186473571044896,-3.5155481145385568,-3.512448337576546,-3.509348141707775,-3.506247619135193,-3.503146843662976,-3.5000458745220415,-3.4969447593714698,-3.4938435366590217,-3.4907422374820194,-3.487640887057855,-3.48453950588876,-3.4814381106865957,-3.478336715108828,-3.475235330345612,-3.472133965589212,-3.4690326284102015,-3.4659313250596653,-3.4628300607125144,-3.4597288396638413,-3.4566276654877486,-3.4535265411661027,-3.4504254691931604,-3.4473244516607746,-3.4442234903279405,-3.441122586677688,-3.438021741963732,-3.434920957248803,-3.431820233436218,-3.428719571295933,-3.425618971486101,-3.4225184345709416,-3.419417961035589,-3.416317551298454,-3.4132172057215437,-3.410116924619095,-3.4070167082648064,-3.4039165568979217,-3.4008164707283512,-3.3977164499409933,-3.394616494699394,-3.391516605148857,-3.388416781419083,-3.385317023626429,-3.382217331875837,-3.3791177062625,-3.3760181468732955,-3.3729186537880294,-3.3698192270805194,-3.366719866819553,-3.3636205730697233,-3.360521345892189,-3.3574221853453463,-3.3543230914854516,-3.351224064367194,-3.348125104044233,-3.345026210569713,-3.3419273839967647,-3.338828624379002,-3.3357299317710276,-3.3326313062289463,-3.3295327478109122,-3.3264342565777096,-3.3233358325933793,-3.320237475925907,-3.31713918664799,-3.314040964837897,-3.310942810580435,-3.307844723968059,-3.3047467051021364,-3.301648754094409,-3.298550871068688,-3.2954530561628217,-3.292355309531,-3.2892576313464508,-3.286160021532673,-3.283062480019954,-3.279965006744742,-3.2768676016490828,-3.2737702646801203,-3.2706729957896394,-3.2675757949336646,-3.2644786620720923,-3.261381597168364,-3.2582846001891688,-3.2551876711041756,-3.2520908098857904,-3.248994016508937,-3.245897290950859,-3.2428006331909387,-3.2397040432105313,-3.236607520992819,-3.233511066522673,-3.2304146797865316,-3.227318360772288,-3.224222109469185,-3.221125925867724,-3.2180298099595825,-3.2149337617375355,-3.2118377811953844,-3.2087418683278957,-3.205646023130748,-3.202550245600481,-3.19945453573445,-3.1963588935307965,-3.1932633189884143,-3.190167812106931,-3.187072372886692,-3.183977001328763,-3.1808816974349328,-3.1777864612077376,-3.174691292650497,-3.171596191767373,-3.1685011585634544,-3.1654061930448667,-3.1623112952189327,-3.1592164650943735,-3.156121702681582,-3.1530270079929825,-3.149932381043502,-3.146837821851181,-3.1437433304379834,-3.140648906830843,-3.1375545510630563,-3.1344602631760923,-3.1313660432219876,-3.1282718912664906,-3.1251778073932286,-3.122083791709218,-3.118989844352182,-3.1158959655002834,-3.1128021553851135,-3.1097084143090465,-3.1066147426685187,-3.1035211409852943,-3.1004276099486012,-3.0973341504720366,-3.094240763770615,-3.091147451465375,-3.08805421572574,-3.0849610594637613,-3.0818679865998364,-3.0787750024271268,-3.0756821141126034,-3.0725893313877126,-3.0694966675028525,-3.0664041405497815,-3.063311775298457,-3.0602196057549222,-3.057127678732321,-3.0540360588489506,-3.0509448355413133,-3.0478541329292974,-3.0447641237282044,-3.0416750489165567,-3.0385872456096696,-3.0355011866589363,-3.032417537044514,-3.0293372343713694,-3.026261604031121,-3.023192524313564,-3.0201326636060815,-3.017085821761111,-3.0140574220988374,-3.011055221240302,-3.0080903336049096,-3.005178709264582,-3.002343261784772,-2.9996169202642475,-2.997046977908832,-2.994701220821193,-2.9926764181664334,-2.9911097702490026,-2.9901937017755684
-3.5928055647638284,-3.5920158994650357,-3.5906475271760216,-3.588851754711623,-3.586738285749637,-3.5843873616766233,-3.5818581019424407,-3.579194331782082,-3.576428710794497,-3.5735856908908343,-3.5706836552748427,-3.567736477196404,-3.564754663306907,-3.561746197023115,-3.558717163653094,-3.5556722157666507,-3.5526149209906475,-3.54954802286422,-3.5464736371367507,-3.543393399947044,-3.5403085800115566,-3.5372201638057597,-3.5341289204184125,-3.531035451062138,-3.5279402269697595,-3.524843618475818,-3.521745917390446,-3.518647354256029,-3.515548111690209,-3.51244833472831,-3.50934813885965,-3.5062476162871805,-3.5031468408150768,-3.5000458716742546,-3.496944756523796,-3.4938435338114604,-3.4907422346345713,-3.4876408842105193,-3.484539503041537,-3.4814381078394865,-3.478336712261832,-3.475235327498728,-3.4721339627424403,-3.469032625563542,-3.4659313222131183,-3.462830057866079,-3.4597288368175185,-3.456627662641538,-3.4535265383200047,-3.4504254663471756,-3.447324448814904,-3.4442234874821835,-3.441122583832044,-3.4380217391182004,-3.4349209544033847,-3.4318202305909122,-3.4287195684507394,-3.4256189686410212,-3.4225184317259756,-3.419417958190736,-3.416317548453713,-3.4132172028769157,-3.4101169217745797,-3.407016705420404,-3.4039165540536334,-3.4008164678841766,-3.3977164470969314,-3.3946164918554467,-3.3915166023050243,-3.388416778575365,-3.3853170207828245,-3.3822173290323456,-3.379117703419122,-3.376018144030031,-3.3729186509448787,-3.3698192242374834,-3.366719863976631,-3.3636205702269164,-3.3605213430494962,-3.3574221825027672,-3.354323088642987,-3.351224061524844,-3.3481251012019966,-3.345026207727589,-3.3419273811547536,-3.3388286215371044,-3.3357299289292426,-3.332631303387274,-3.329532744969354,-3.326434253736265,-3.323335829752047,-3.3202374730846875,-3.3171391838068844,-3.314040961996905,-3.3109428077395577,-3.307844721127296,-3.304746702261487,-3.301648751253873,-3.2985508682282645,-3.2954530533225115,-3.2923553066908036,-3.289257628506369,-3.286160018692705,-3.283062477180099,-3.279965003905,-3.2768675988094547,-3.273770261840605,-3.270672992950237,-3.267575792094375,-3.264478659232916,-3.2613815943293014,-3.25828459735022,-3.2551876682653402,-3.2520908070470687,-3.2489940136703286,-3.245897288112364,-3.2428006303525567,-3.2397040403722626,-3.2366075181546625,-3.23351106368463,-3.230414676948602,-3.227318357934472,-3.224222106631483,-3.2211259230301366,-3.2180298071221096,-3.2149337589001767,-3.2118377783581398,-3.2087418654907656,-3.2056460202937336,-3.2025502427635817,-3.1994545328976653,-3.1963588906941256,-3.1932633161518567,-3.190167809270485,-3.1870723700503603,-3.183976998492545,-3.180881694598829,-3.177786458371748,-3.174691289814621,-3.1715961889316113,-3.1685011557278058,-3.165406190209333,-3.1623112923835133,-3.1592164622590686,-3.156121699846391,-3.1530270051579063,-3.1499323782085407,-3.1468378190163353,-3.1437433276032514,-3.140648903996226,-3.1375545482285534,-3.134460260341704,-3.131366040387713,-3.1282718884323284,-3.12517780455918,-3.122083788875283,-3.11898984151836,-3.1158959626665754,-3.112802152551519,-3.109708411475566,-3.106614739835151,-3.10352113815204,-3.1004276071154613,-3.0973341476390104,-3.0942407609377036,-3.091147448632579,-3.0880542128930584,-3.0849610566311934,-3.0818679837673826,-3.078774999594788,-3.075682111280379,-3.0725893285556043,-3.0694966646708597,-3.066404137717903,-3.0633117724666934,-3.060219602923274,-3.0571276759007877,-3.054036056017532,-3.0509448327100106,-3.0478541300981097,-3.0447641208971308,-3.0416750460855977,-3.0385872427788247,-3.035501183828204,-3.032417534213895,-3.0293372315408638,-3.02626160120073,-3.0231925214832867,-3.020132660775918,-3.017085818931061,-3.014057419268901,-3.0110552184104784,-3.008090330775198,-3.0051787064349806,-3.0023432589552774,-2.9996169174348557,-2.997046975079537,-2.994701217991987,-2.992676415337305,-2.9911097674199345,-2.990193698946534
-3.592805561808229,-3.5920158965094626,-3.590647524220497,-3.5888517517561604,-3.5867382827942493,-3.5843873587213193,-3.5818580989872273,-3.5791943288269645,-3.5764287078394803,-3.573585687935922,-3.5706836523200374,-3.5677364742417086,-3.5647546603523224,-3.561746194068641,-3.558717160698732,-3.5556722128123996,-3.5526149180365088,-3.5495480199101945,-3.54647363418284,-3.543393396993248,-3.540308577057877,-3.537220160852196,-3.534128917464966,-3.531035448108808,-3.5279402240165467,-3.5248436155227214,-3.5217459144374654,-3.5186473513031657,-3.515548108737461,-3.512448331775679,-3.5093481359071363,-3.506247613334783,-3.5031468378627952,-3.500045868722089,-3.496944753571748,-3.4938435308595297,-3.490742231682758,-3.487640881258822,-3.484539500089957,-3.4814381048880225,-3.478336709310484,-3.475235324547498,-3.472133959791327,-3.4690326226125454,-3.4659313192622387,-3.462830054915317,-3.4597288338668726,-3.456627659691008,-3.453526535369591,-3.4504254633968787,-3.4473244458647234,-3.44422348453212,-3.441122580882098,-3.4380217361683716,-3.4349209514536727,-3.4318202276413174,-3.428719565501262,-3.425618965691661,-3.422518428776734,-3.419417955241612,-3.4163175455047075,-3.413217199928027,-3.410116918825808,-3.407016702471749,-3.403916551105095,-3.400816464935755,-3.3977164441486276,-3.394616488907259,-3.391516599356954,-3.3884167756274124,-3.3853170178349896,-3.38221732608463,-3.3791177004715247,-3.3760181410825516,-3.372918647997517,-3.369819221290238,-3.3667198610295013,-3.363620567279903,-3.3605213401025997,-3.357422179555988,-3.354323085696324,-3.3512240585782975,-3.3481250982555677,-3.345026204781278,-3.3419273782085592,-3.338828618591027,-3.3357299259832827,-3.3326313004414323,-3.3295327420236296,-3.3264342507906584,-3.3233358268065585,-3.3202374701393165,-3.31713918086163,-3.314040959051768,-3.310942804794539,-3.307844718182395,-3.3047466993167047,-3.30164874830921,-3.298550865283721,-3.2954530503780877,-3.2923553037464988,-3.289257625562182,-3.2861600157486355,-3.2830624742361474,-3.2799650009611665,-3.276867595865739,-3.2737702588970072,-3.2706729900067573,-3.2675757891510138,-3.2644786562896733,-3.261381591386177,-3.2582845944072134,-3.2551876653224516,-3.252090804104297,-3.2489940107276745,-3.245897285169827,-3.2428006274101375,-3.2397040374299615,-3.2366075152124805,-3.2335110607425652,-3.230414674006655,-3.2273183549926423,-3.2242221036897702,-3.2211259200885407,-3.218029804180632,-3.2149337559588163,-3.2118377754168965,-3.208741862549639,-3.2056460173527235,-3.2025502398226875,-3.199454529956888,-3.196358887753466,-3.1932633132113155,-3.1901678063300634,-3.1870723671100563,-3.183976995552359,-3.180881691658761,-3.1777864554317983,-3.17469128687479,-3.171596185991898,-3.168501152788211,-3.165406187269855,-3.162311289444152,-3.1592164593198238,-3.1561216969072636,-3.153027002218898,-3.1499323752696515,-3.1468378160775647,-3.1437433246645994,-3.140648901057692,-3.137554545290138,-3.134460257403408,-3.131366037449536,-3.128271885494271,-3.1251778016212417,-3.1220837859374635,-3.1189898385806596,-3.1158959597289937,-3.1128021496140557,-3.1097084085382214,-3.106614736897925,-3.1035211352149314,-3.100427604178471,-3.0973341447021387,-3.09424075800095,-3.091147445695944,-3.088054209956543,-3.0849610536947973,-3.0818679808311065,-3.07877499665863,-3.0756821083443397,-3.072589325619682,-3.0694966617350556,-3.0664041347822173,-3.063311769531126,-3.060219599987825,-3.0571276729654566,-3.05403605308232,-3.050944829774916,-3.0478541271631334,-3.044764117962272,-3.041675043150857,-3.0385872398442024,-3.0355011808937014,-3.032417531279512,-3.0293372286066003,-3.026261598266584,-3.023192518549259,-3.020132657842008,-3.0170858159972687,-3.014057416335226,-3.01105521547692,-3.0080903278417552,-3.0051787035016506,-3.002343256022058,-2.9996169145017437,-2.9970469721465265,-2.99470121505907,-2.9926764124044687,-2.99110976448716,-2.9901936960137974
-3.5928055587442924,-3.592015893445553,-3.5906475211566335,-3.588851748692361,-3.5867382797305263,-3.5843873556576833,-3.5818580959236845,-3.579194325763521,-3.57642870477614,-3.573585684872688,-3.570683649256913,-3.5677364711786965,-3.564754657289425,-3.5617461910058594,-3.5587171576360666,-3.5556722097498534,-3.55261491497408,-3.549548016847884,-3.546473631120647,-3.5433933939311744,-3.540308573995923,-3.5372201577903617,-3.5341289144032504,-3.531035445047213,-3.52794022095507,-3.524843612461364,-3.521745911376228,-3.5186473482420486,-3.515548105676466,-3.512448328714805,-3.5093481328463834,-3.5062476102741518,-3.503146834802286,-3.5000458656617024,-3.496944750511483,-3.4938435277993865,-3.4907422286227368,-3.487640878198924,-3.48453949703018,-3.481438101828367,-3.47833670625095,-3.475235321488085,-3.4721339567320357,-3.4690326195533765,-3.465931316203191,-3.46283005185639,-3.459728830808068,-3.4566276566323255,-3.4535265323110296,-3.4504254603384377,-3.4473244428064027,-3.4442234814739185,-3.4411225778240153,-3.4380217331104093,-3.4349209483958316,-3.431820224583597,-3.4287195624436637,-3.425618962634184,-3.422518425719378,-3.419417952184379,-3.416317542447596,-3.413217196871038,-3.410116915768942,-3.407016699415006,-3.403916548048474,-3.4008164618792565,-3.3977164410922507,-3.3946164858510044,-3.3915165963008196,-3.3884167725713987,-3.3853170147790967,-3.3822173230288564,-3.3791176974158716,-3.376018138027018,-3.3729186449421036,-3.369819218234945,-3.3667198579743296,-3.363620564224852,-3.3605213370476705,-3.357422176501181,-3.35432308264164,-3.3512240555237365,-3.3481250952011297,-3.345026201726963,-3.3419273751543677,-3.338828615536958,-3.3357299229293367,-3.332631297387608,-3.329532738969928,-3.3264342477370783,-3.3233358237531005,-3.32023746708598,-3.3171391778084156,-3.314040955998676,-3.3109428017415676,-3.3078447151295456,-3.3047466962639764,-3.301648745256603,-3.2985508622312354,-3.295453047325723,-3.292355300694256,-3.2892576225100605,-3.2861600126966364,-3.283062471184271,-3.2799649979094125,-3.2768675928141073,-3.273770255845497,-3.27067298695537,-3.2675757860997487,-3.2644786532385304,-3.261381588335157,-3.2582845913563157,-3.2551876622716764,-3.2520908010536447,-3.2489940076771444,-3.24589728211942,-3.2428006243598526,-3.2397040343797983,-3.236607512162439,-3.233511057692647,-3.23041467095686,-3.22731835194297,-3.2242221006402203,-3.2211259170391138,-3.2180298011313275,-3.2149337529096353,-3.2118377723678377,-3.208741859500703,-3.20564601430391,-3.202550236773998,-3.1994545269083225,-3.1963588847050235,-3.1932633101629952,-3.190167803281866,-3.1870723640619825,-3.183976992504407,-3.1808816886109303,-3.177786452384089,-3.174691283827203,-3.171596182944433,-3.1685011497408686,-3.165406184222636,-3.162311286397057,-3.159216456272852,-3.1561216938604155,-3.1530269991721713,-3.149932372223046,-3.14683781303108,-3.1437433216182353,-3.140648898011449,-3.137554542244016,-3.1344602543574074,-3.131366034403658,-3.128271882448516,-3.125177798575608,-3.1220837828919525,-3.118989835535271,-3.115895956683728,-3.112802146568913,-3.109708405493202,-3.1066147338530294,-3.103521132170161,-3.100427601133824,-3.097334141657614,-3.094240754956548,-3.091147442651664,-3.088054206912385,-3.084961050650762,-3.081867977787194,-3.0787749936148407,-3.0756821053006744,-3.0725893225761416,-3.0694966586916386,-3.0664041317389232,-3.063311766487955,-3.0602195969447776,-3.057127669922533,-3.054036050039519,-3.0509448267322385,-3.04785412412058,-3.0447641149198423,-3.0416750401085495,-3.0385872368020173,-3.035501177851638,-3.0324175282375703,-3.02933722556478,-3.0262615952248866,-3.023192515507683,-3.0201326548005545,-3.017085812955937,-3.014057413294016,-3.0110552124358314,-3.0080903248007864,-3.0051787004608,-3.0023432529813228,-2.9996169114611195,-2.9970469691060067,-2.994701212018646,-2.992676409364126,-2.991109761446882,-2.9901936929735564
-3.592805555568051,-3.592015890269341,-3.590647517980473,-3.588851745516266,-3.586738276554509,-3.584387352481755,-3.581858092747853,-3.5791943225877927,-3.5764287016005194,-3.5735856816971774,-3.5706836460815152,-3.567736468003414,-3.5647546541142585,-3.5617461878308116,-3.5587171544611387,-3.5556722065750446,-3.552614911799393,-3.5495480136733195,-3.5464736279462064,-3.5433933907568584,-3.540308570821732,-3.5372201546162967,-3.5341289112293124,-3.5310354418734002,-3.5279402177813837,-3.5248436092878044,-3.5217459082027953,-3.518647345068741,-3.5155481025032818,-3.5124483255417456,-3.509348129673448,-3.5062476071013413,-3.5031468316296017,-3.500045862489143,-3.4969447473390485,-3.493843524627078,-3.4907422254505533,-3.487640875026866,-3.484539493858248,-3.481438098656561,-3.4783367030792696,-3.4752353183165297,-3.4721339535606046,-3.4690326163820697,-3.4659313130320086,-3.462830048685332,-3.4597288276371345,-3.4566276534615175,-3.453526529140347,-3.4504254571678805,-3.447324439635972,-3.444223478303616,-3.4411225746538405,-3.4380217299403615,-3.4349209452259104,-3.4318202214138025,-3.428719559273995,-3.425618959464641,-3.422518422549961,-3.419417949015087,-3.4163175392784306,-3.4132171937019984,-3.4101169126000284,-3.4070166962462176,-3.403916544879812,-3.4008164587107204,-3.3977164379238403,-3.3946164826827205,-3.391516593132662,-3.3884167694033676,-3.385317011611192,-3.382217319861078,-3.3791176942482184,-3.3760181348594913,-3.3729186417747035,-3.3698192150676722,-3.366719854807184,-3.363620561057833,-3.360521333880778,-3.357422173334415,-3.3543230794749994,-3.351224052357222,-3.3481250920347394,-3.3450261985606975,-3.3419273719882274,-3.3388286123709436,-3.335729919763447,-3.332631294221844,-3.3295327358042885,-3.3264342445715642,-3.3233358205877117,-3.320237463920718,-3.317139174643281,-3.3140409528336674,-3.3109427985766855,-3.3078447119647896,-3.304746693099347,-3.3016487420920995,-3.2985508590668586,-3.295453044161473,-3.2923552975301322,-3.2892576193460634,-3.286160009532766,-3.2830624680205265,-3.279964994745794,-3.2768675896506148,-3.2737702526821324,-3.270672983792133,-3.267575782936639,-3.2644786500755476,-3.2613815851723005,-3.2582845881935865,-3.2551876591090747,-3.25209079789117,-3.2489940045147985,-3.245897278957201,-3.2428006211977607,-3.239704031217833,-3.236607509000601,-3.2335110545309353,-3.2304146677952748,-3.227318348781511,-3.2242220974788887,-3.2211259138779096,-3.2180297979702512,-3.2149337497486874,-3.2118377692070186,-3.2087418563400116,-3.205646011143345,-3.2025502336135583,-3.199454523748009,-3.1963588815448363,-3.193263307002935,-3.190167800121933,-3.1870723609021767,-3.18397698934473,-3.1808816854513817,-3.177786449224667,-3.1746912806679077,-3.171596179785265,-3.1685011465818276,-3.165406181063723,-3.1623112832382705,-3.1592164531141917,-3.1561216907018816,-3.1530269960137636,-3.1499323690647643,-3.1468378098729257,-3.143743318460209,-3.1406488948535514,-3.137554539086247,-3.134460251199766,-3.1313660312461438,-3.1282718792911277,-3.1251777954183466,-3.122083779734817,-3.1189898323782623,-3.115895953526846,-3.112802143412158,-3.1097084023365738,-3.106614730696528,-3.1035211290137847,-3.1004275979775744,-3.097334138501491,-3.0942407518005517,-3.0911474394957956,-3.0880542037566427,-3.0849610474951468,-3.0818679746317055,-3.0787749904594803,-3.075682102145441,-3.0725893194210343,-3.0694966555366587,-3.0664041285840704,-3.0633117633332287,-3.060219593790177,-3.0571276667680594,-3.054036046885172,-3.050944823578019,-3.047854120966488,-3.0447641117658786,-3.0416750369547136,-3.0385872336483093,-3.0355011746980587,-3.0324175250841194,-3.0293372224114576,-3.026261592071691,-3.023192512354616,-3.020132651647615,-3.017085809803124,-3.0140574101413287,-3.011055209283269,-3.008090321648348,-3.0051786973084837,-3.0023432498291256,-2.9996169083090374,-2.997046965954034,-2.994701208866773,-2.99267640621234,-2.9911097582951625,-2.9901936898218753
-3.5928055522753817,-3.5920158869767005,-3.5906475146878845,-3.588851742223748,-3.5867382732620743,-3.584387349189413,-3.581858089455611,-3.5791943192956555,-3.576428698308493,-3.5735856784052666,-3.5706836427897226,-3.567736464711742,-3.5647546508227097,-3.561746184539386,-3.5587171511698386,-3.5556722032838723,-3.5526149085083487,-3.549548010382404,-3.54647362465542,-3.5433933874662,-3.540308567531201,-3.537220151325893,-3.534128907939037,-3.531035438583252,-3.527940214491363,-3.524843605997911,-3.5217459049130304,-3.5186473417791055,-3.5155480992137784,-3.512448322252373,-3.509348126384207,-3.5062476038122306,-3.5031468283406197,-3.5000458592002914,-3.496944744050327,-3.4938435213384857,-3.490742222162091,-3.4876408717385337,-3.4845394905700453,-3.481438095368488,-3.478336699791327,-3.4752353150287174,-3.4721339502729234,-3.469032613094519,-3.46593130974459,-3.4628300453980456,-3.4597288243499795,-3.4566276501744926,-3.4535265258534538,-3.450425453881119,-3.447324436349341,-3.444223475017114,-3.441122571367468,-3.4380217266541186,-3.4349209419397977,-3.4318202181278195,-3.428719555988142,-3.425618956178918,-3.4225184192643674,-3.4194179457296237,-3.4163175359930973,-3.413217190416796,-3.4101169093149557,-3.4070166929612755,-3.4039165415949997,-3.4008164554260376,-3.397716434639288,-3.3946164793982994,-3.3915165898483735,-3.3884167661192097,-3.3853170083271653,-3.3822173165771834,-3.3791176909644567,-3.3760181315758615,-3.3729186384912047,-3.369819211784305,-3.3667198515239476,-3.363620557774728,-3.360521330597803,-3.35742217005157,-3.3543230761922858,-3.351224049074638,-3.348125088752287,-3.3450261952783764,-3.341927368706037,-3.338828609088884,-3.335729916481519,-3.332631290940046,-3.3295327325226225,-3.3264342412900296,-3.323335817306309,-3.320237460639446,-3.317139171362139,-3.314040949552656,-3.310942795295805,-3.3078447086840397,-3.3047466898187277,-3.301648738811611,-3.2985508557865004,-3.2954530408812452,-3.2923552942500356,-3.289257616066098,-3.286160006252931,-3.2830624647408224,-3.2799649914662212,-3.276867586371173,-3.2737702494028214,-3.270672980512952,-3.2675757796575877,-3.264478646796627,-3.261381581893509,-3.258284584914925,-3.255187655830543,-3.2520907946127684,-3.2489940012365275,-3.2458972756790616,-3.242800617919753,-3.2397040279399576,-3.2366075057228576,-3.2335110512533234,-3.230414664517794,-3.2273183455041607,-3.2242220942016697,-3.2211259106008217,-3.218029794693294,-3.2149337464718606,-3.2118377659303223,-3.2087418530634464,-3.2056460078669127,-3.202550230337259,-3.199454520471842,-3.196358878268802,-3.1932633037270346,-3.1901677968461644,-3.187072357626539,-3.1839769860692235,-3.1808816821760066,-3.1777864459494243,-3.1746912773927964,-3.171596176510286,-3.1685011433069805,-3.165406177789007,-3.1623112799636868,-3.1592164498397413,-3.1561216874275644,-3.15302699273958,-3.149932365790714,-3.1468378065990077,-3.143743315186423,-3.1406488915798962,-3.1375545358127237,-3.1344602479263743,-3.131366027972883,-3.1282718760179993,-3.1251777921453514,-3.1220837764619542,-3.1189898291055314,-3.1158959502542474,-3.112802140139692,-3.109708399064241,-3.1066147274243274,-3.1035211257417172,-3.1004275947056392,-3.0973341352296884,-3.0942407485288808,-3.0911474362242553,-3.088054200485235,-3.0849610442238706,-3.0818679713605612,-3.0787749871884666,-3.0756820988745597,-3.0725893161502853,-3.069496652266041,-3.066404125313585,-3.0633117600628754,-3.060219590519957,-3.0571276634979725,-3.0540360436152176,-3.0509448203081964,-3.0478541176967964,-3.0447641084963175,-3.0416750336852845,-3.0385872303790125,-3.035501171428893,-3.0324175218150846,-3.0293372191425547,-3.026261588802921,-3.023192509085977,-3.020132648379106,-3.017085806534745,-3.014057406873079,-3.0110552060151483,-3.0080903183803547,-3.005178694040616,-3.0023432465613817,-2.999616905041413,-2.9970469626865217,-2.9947012055993643,-2.992676402945021,-2.9911097550279133,-2.9901936865546666
-3.5928055488620165,-3.592015883563367,-3.5906475112746055,-3.5888517388105408,-3.5867382698489525,-3.5843873457763857,-3.581858086042688,-3.5791943158828423,-3.5764286948957933,-3.5735856749926844,-3.570683639377261,-3.5677364612994045,-3.564754647410499,-3.5617461811273046,-3.5587171477578865,-3.5556721998720513,-3.55261490509666,-3.5495480069708463,-3.546473621243994,-3.5433933840549066,-3.540308564120042,-3.5372201479148675,-3.5341289045281443,-3.531035435172494,-3.5279402110807396,-3.524843602587424,-3.5217459015026784,-3.518647338368888,-3.5155480958036938,-3.5124483188424223,-3.50934812297439,-3.5062476004025473,-3.50314682493107,-3.5000458557908742,-3.496944740641044,-3.493843517929337,-3.4907422187530774,-3.4876408683296547,-3.484539487161302,-3.48143809195988,-3.4783366963828546,-3.4752353116203825,-3.4721339468647257,-3.469032609686458,-3.465931306336663,-3.462830041990254,-3.459728820942323,-3.4566276467669717,-3.4535265224460683,-3.450425450473868,-3.447324432942225,-3.4442234716101336,-3.4411225679606248,-3.438021723247412,-3.434920938533227,-3.431820214721385,-3.4287195525818426,-3.4256189527727545,-3.4225184158583395,-3.4194179423237308,-3.4163175325873394,-3.4132171870111736,-3.410116905909469,-3.407016689555925,-3.4039165381897853,-3.400816452020959,-3.397716431234345,-3.394616475993492,-3.3915165864437005,-3.388416762714672,-3.385317004922763,-3.3822173131729167,-3.379117687560325,-3.3760181281718658,-3.372918635087345,-3.36981920838058,-3.366719848120357,-3.363620554371272,-3.3605213271944825,-3.3574221666483846,-3.3543230727892355,-3.351224045671723,-3.348125085349507,-3.3450261918757325,-3.341927365303529,-3.338828605686512,-3.335729913079282,-3.3326312875379465,-3.3295327291206585,-3.3264342378882015,-3.3233358139046167,-3.320237457237889,-3.317139167960718,-3.3140409461513713,-3.310942791894657,-3.307844705283028,-3.3047466864178525,-3.301648735410872,-3.2985508523858966,-3.295453037480777,-3.2923552908497027,-3.2892576126659008,-3.28616000285287,-3.2830624613408967,-3.279964988066431,-3.276867582971519,-3.2737702460033034,-3.2706729771135694,-3.2675757762583415,-3.2644786433975166,-3.261381578494537,-3.2582845815160897,-3.2551876524318444,-3.2520907912142065,-3.2489939978381015,-3.2458972722807706,-3.2428006145215975,-3.239704024541937,-3.236607502324973,-3.2335110478555746,-3.2304146611201814,-3.2273183421066847,-3.2242220908043295,-3.2211259072036174,-3.2180297912962255,-3.2149337430749267,-3.2118377625335244,-3.2087418496667857,-3.2056460044703883,-3.2025502269408705,-3.1994545170755897,-3.196358874872686,-3.1932633003310533,-3.1901677934503194,-3.187072354230831,-3.183976982673652,-3.1808816787805725,-3.177786442554127,-3.1746912739976354,-3.171596173115261,-3.1685011399120917,-3.1654061743942554,-3.162311276569072,-3.159216446445263,-3.1561216840332222,-3.1530269893453746,-3.149932362396645,-3.1468378032050754,-3.1437433117926274,-3.140648888186239,-3.137554532419204,-3.1344602445329923,-3.1313660245796386,-3.1282718726248917,-3.12517778875238,-3.12208377306912,-3.118989825712835,-3.1158959468616882,-3.1128021367472694,-3.1097083956719542,-3.1066147240321773,-3.103521122349704,-3.100427591313763,-3.09733413183795,-3.09424074513728,-3.091147432832793,-3.0880541970939097,-3.084961040832682,-3.081867967969508,-3.07877498379755,-3.0756820954837782,-3.0725893127596398,-3.0694966488755324,-3.066404121923213,-3.06331175667264,-3.0602195871298576,-3.0571276601080095,-3.0540360402253914,-3.0509448169185074,-3.0478541143072446,-3.0447641051069034,-3.0416750302960085,-3.0385872269898733,-3.0355011680398913,-3.0324175184262203,-3.029337215753827,-3.0262615854143298,-3.023192505697522,-3.0201326449907873,-3.0170858031465624,-3.0140574034850323,-3.0110552026272357,-3.008090314992575,-3.0051786906529667,-3.0023432431738586,-2.999616901654013,-2.997046959299238,-2.9947012022121866,-2.9926763995579355,-2.9911097516408987,-2.9901936831676936
-3.5928055453235266,-3.5920158800249093,-3.5906475077362034,-3.5888517352722134,-3.5867382663107135,-3.5843873422382457,-3.581858082504655,-3.579194312344923,-3.576428691357994,-3.5735856714550094,-3.570683635839714,-3.5677364577619866,-3.5647546438732114,-3.56174617759015,-3.5587171442208665,-3.5556721963351663,-3.552614901559911,-3.5495480034342344,-3.5464736177075196,-3.543393380518571,-3.5403085605838442,-3.5372201443788076,-3.534128900992223,-3.531035431636712,-3.5279402075450967,-3.52484359905192,-3.521745897967312,-3.5186473348336604,-3.515548092268606,-3.5124483153074735,-3.5093481194395815,-3.506247596867879,-3.5031468213965433,-3.500045852256491,-3.4969447371068023,-3.493843514395236,-3.4907422152191168,-3.487640864795834,-3.484539483627621,-3.481438088426339,-3.4783366928494535,-3.47523530808712,-3.4721339433316025,-3.469032606153475,-3.4659313028038223,-3.4628300384575534,-3.459728817409763,-3.4566276432345524,-3.4535265189137894,-3.4504254469417304,-3.4473244294102288,-3.444223468078278,-3.4411225644289085,-3.4380217197158354,-3.4349209350017897,-3.431820211190088,-3.4287195490506868,-3.4256189492417395,-3.4225184123274652,-3.419417938792997,-3.4163175290567454,-3.4132171834807203,-3.4101169023791567,-3.4070166860257523,-3.403916534659752,-3.4008164484910663,-3.3977164277045926,-3.3946164724638788,-3.3915165829142278,-3.3884167591853402,-3.385317001393572,-3.3822173096438655,-3.3791176840314145,-3.3760181246430956,-3.3729186315587145,-3.3698192048520887,-3.366719844592006,-3.363620550843061,-3.3605213236664113,-3.357422163120454,-3.3543230692614454,-3.3512240421440738,-3.3481250818219985,-3.3450261883483647,-3.341927361776303,-3.3388286021594276,-3.33572990955234,-3.3326312840111445,-3.3295327255939977,-3.3264342343616815,-3.323335810378237,-3.3202374537116497,-3.317139164434619,-3.3140409426254123,-3.3109427883688376,-3.307844701757349,-3.304746682892313,-3.3016487318854733,-3.2985508488606397,-3.2954530339556616,-3.2923552873247286,-3.2892576091410675,-3.286159999328178,-3.283062457816347,-3.2799649845420222,-3.276867579447251,-3.273770242479176,-3.270672973589583,-3.2675757727344963,-3.264478639873813,-3.2613815749709736,-3.258284577992667,-3.255187648908562,-3.2520907876910647,-3.248993994315101,-3.2458972687579117,-3.2428006109988794,-3.239704021019359,-3.2366074988025337,-3.2335110443332757,-3.230414657598022,-3.227318338584666,-3.224222087282451,-3.2211259036818793,-3.2180297877746282,-3.214933739553471,-3.2118377590122105,-3.2087418461456134,-3.205646000949358,-3.202550223419982,-3.1994545135548433,-3.1963588713520803,-3.1932632968105885,-3.1901677899299945,-3.1870723507106455,-3.1839769791536066,-3.180881675260667,-3.177786439034363,-3.1746912704780135,-3.1715961695957824,-3.168501136392756,-3.1654061708750616,-3.1623112730500202,-3.1592164429263527,-3.156121680514454,-3.1530269858267483,-3.1499323588781607,-3.1468377996867334,-3.143743308274428,-3.1406488846681806,-3.137554528901287,-3.134460241015217,-3.131366021062005,-3.1282718691074,-3.1251777852350306,-3.1220837695519132,-3.1189898221957693,-3.1158959433447633,-3.1128021332304847,-3.1097083921553113,-3.1066147205156764,-3.1035211188333456,-3.100427587797547,-3.097334128321875,-3.0942407416213467,-3.091147429317002,-3.0880541935782615,-3.084961037317177,-3.081867964454147,-3.078774980282332,-3.0756820919687033,-3.0725893092447074,-3.069496645360742,-3.0664041184085655,-3.0633117531581346,-3.0602195836154946,-3.0571276565937886,-3.054036036711314,-3.0509448134045725,-3.0478541107934514,-3.044764101593252,-3.041675026782498,-3.038587223476504,-3.0355011645266643,-3.032417514913136,-3.0293372122408844,-3.0262615819015295,-3.0231925021848642,-3.020132641478272,-3.0170857996341884,-3.014057399972798,-3.011055199115141,-3.008090311480618,-3.005178687141145,-3.00234323966217,-2.9996168981424516,-2.997046955787799,-2.9947011987008585,-2.9926763960467033,-2.9911097481297406,-2.9901936796565787
-3.592805541655333,-3.592015876356748,-3.5906475040681003,-3.588851731604187,-3.5867382626427777,-3.5843873385704117,-3.581858078836933,-3.579194308677321,-3.5764286876905165,-3.5735856677876603,-3.570683632172497,-3.5677364540949057,-3.5647546402062678,-3.5617461739233436,-3.5587171405541995,-3.5556721926686397,-3.5526148978935264,-3.549547999767992,-3.5464736140414197,-3.5433933768526145,-3.540308556918032,-3.5372201407131403,-3.5341288973266995,-3.5310354279713314,-3.5279402038798593,-3.524843595386826,-3.521745894302363,-3.518647331168857,-3.515548088603947,-3.512448311642961,-3.5093481157752136,-3.506247593203656,-3.5031468177324654,-3.500045848592556,-3.496944733443011,-3.493843510731589,-3.4907422115556135,-3.4876408611324745,-3.484539479964407,-3.48143808476327,-3.478336689186529,-3.4752353044243405,-3.472133939668968,-3.4690326024909837,-3.465931299141474,-3.4628300347953496,-3.459728813747704,-3.4566276395726376,-3.4535265152520194,-3.450425443280105,-3.447324425748748,-3.4442234644169423,-3.4411225607677176,-3.4380217160547897,-3.43492093134089,-3.4318202075293343,-3.4287195453900776,-3.4256189455812747,-3.422518408667144,-3.4194179351328198,-3.416317525396713,-3.413217179820832,-3.410116898719412,-3.407016682366154,-3.403916531000299,-3.4008164448317593,-3.3977164240454325,-3.394616468804865,-3.391516579255359,-3.3884167555266167,-3.385316997734994,-3.3822173059854337,-3.379117680373128,-3.376018120984955,-3.372918627900721,-3.3698192011942436,-3.3667198409343086,-3.3636205471855107,-3.360521320009009,-3.3574221594631988,-3.354323065604337,-3.3512240384871124,-3.3481250781651832,-3.345026184691695,-3.3419273581197784,-3.3388285985030484,-3.3357299058961054,-3.332631280355056,-3.3295327219380546,-3.326434230705885,-3.323335806722587,-3.3202374500561467,-3.317139160779263,-3.3140409389702032,-3.310942784713775,-3.307844698102433,-3.3047466792375437,-3.3016487282308487,-3.2985508452061603,-3.295453030301327,-3.2923552836705396,-3.289257605487024,-3.2861599956742804,-3.2830624541625952,-3.2799649808884173,-3.276867575793793,-3.2737702388258643,-3.2706729699364177,-3.2675757690814766,-3.2644786362209377,-3.2613815713182435,-3.258284574340083,-3.255187645256124,-3.252090784038773,-3.2489939906629544,-3.24589726510591,-3.2428006073470232,-3.2397040173676492,-3.236607495150972,-3.2335110406818615,-3.2304146539467555,-3.2273183349335475,-3.2242220836314806,-3.2211259000310566,-3.218029784123953,-3.214933735902943,-3.2118377553618283,-3.2087418424953764,-3.205645997299266,-3.202550219770037,-3.199454509905045,-3.1963588677024304,-3.193263293161086,-3.1901677862806395,-3.1870723470614384,-3.1839769755045464,-3.180881671611753,-3.177786435385595,-3.174691266829392,-3.1715961659473066,-3.168501132744426,-3.165406167226877,-3.1623112694019806,-3.1592164392784587,-3.156121676866706,-3.1530269821791466,-3.149932355230705,-3.1468377960394243,-3.143743304627265,-3.1406488810211646,-3.137554525254417,-3.134460237368494,-3.131366017415429,-3.128271865460971,-3.1251777815887483,-3.122083765905778,-3.1189898185497804,-3.115895939698922,-3.112802129584792,-3.109708388509765,-3.106614716870278,-3.103521115188093,-3.1004275841524414,-3.0973341246769173,-3.0942407379765373,-3.0911474256723386,-3.0880541899337444,-3.0849610336728053,-3.081867960809921,-3.0787749766382517,-3.07568208832477,-3.0725893056009226,-3.0694966417171057,-3.066404114765077,-3.0633117495147943,-3.060219579972302,-3.057127652950744,-3.054036033068417,-3.050944809761822,-3.0478541071508483,-3.0447640979507966,-3.0416750231401903,-3.038587219834344,-3.0355011608846514,-3.0324175112712703,-3.029337208599166,-3.026261578259958,-3.0231924985434393,-3.0201326378369937,-3.0170857959930566,-3.014057396331812,-3.011055195474299,-3.0080903078399186,-3.0051786835005876,-3.002343236021751,-2.999616894502165,-2.997046952147637,-2.9947011950608107,-2.9926763924067545,-2.9911097444898695,-2.9901936760167533
-3.592805537852678,-3.592015872554128,-3.5906475002655402,-3.5888517278017056,-3.586738258840391,-3.5843873347681323,-3.581858075034768,-3.5791943048752772,-3.576428683888601,-3.5735856639858774,-3.570683628370849,-3.5677364502933955,-3.564754636404899,-3.5617461701221185,-3.558717136753118,-3.5556721888677028,-3.552614894092735,-3.549547995967348,-3.546473610240924,-3.543393373052266,-3.5403085531178315,-3.5372201369130876,-3.5341288935267974,-3.5310354241715802,-3.5279402000802595,-3.524843591587377,-3.5217458905030643,-3.5186473273697083,-3.5155480848049496,-3.512448307844114,-3.509348111976518,-3.506247589405111,-3.5031468139340705,-3.5000458447943124,-3.496944729644919,-3.493843506933648,-3.490742207757823,-3.487640857334835,-3.4845394761669173,-3.4814380809659298,-3.4783366853893383,-3.4752353006272996,-3.4721339358720766,-3.4690325986942443,-3.465931295344885,-3.4628300309989113,-3.4597288099514167,-3.4566276357765013,-3.4535265114560336,-3.4504254394842704,-3.4473244219530637,-3.444223460621409,-3.441122556972336,-3.438021712259559,-3.43492092754581,-3.431820203734404,-3.428719541595298,-3.425618941786645,-3.4225184048726662,-3.419417931338494,-3.4163175216025383,-3.4132171760268077,-3.410116894925539,-3.4070166785724303,-3.403916527206727,-3.400816441038338,-3.3977164202521624,-3.3946164650117465,-3.3915165754623926,-3.3884167517338017,-3.3853169939423298,-3.38221730219292,-3.379117676580765,-3.3760181171927433,-3.3729186241086593,-3.3698191974023315,-3.366719837142546,-3.3636205433938993,-3.360521316217547,-3.3574221556718875,-3.3543230618131754,-3.351224034696101,-3.348125074374323,-3.3450261809009865,-3.3419273543292216,-3.338828594712642,-3.3357299021058506,-3.332631276564953,-3.329532718148103,-3.326434226916085,-3.323335802932938,-3.320237446266649,-3.317139156989916,-3.3140409351810076,-3.3109427809247314,-3.3078446943135407,-3.3047466754488033,-3.3016487244422623,-3.2985508414177267,-3.295453026513046,-3.2923552798824103,-3.289257601699047,-3.286159991886455,-3.2830624503749206,-3.279964977100893,-3.2768675720064193,-3.2737702350386417,-3.270672966149345,-3.267575765294556,-3.264478632434169,-3.2613815675316262,-3.2582845705536165,-3.2551876414698095,-3.2520907802526104,-3.248993986876943,-3.245897261320051,-3.242800603561317,-3.239704013582096,-3.23660749136557,-3.233511036896611,-3.230414650161657,-3.2273183311486004,-3.224222079846685,-3.221125896246412,-3.2180297803394597,-3.214933732118602,-3.2118377515776393,-3.20874183871134,-3.205645993515383,-3.202550215986305,-3.1994545061214645,-3.1963588639190013,-3.193263289377809,-3.1901677824975145,-3.1870723432784662,-3.183976971721727,-3.1808816678290865,-3.17778643160308,-3.174691263047029,-3.171596162165095,-3.168501128962366,-3.16540616344497,-3.162311265620226,-3.159216435496857,-3.156121673085257,-3.1530269783978504,-3.1499323514495616,-3.146837792258433,-3.143743300846426,-3.1406488772404777,-3.137554521473883,-3.134460233588112,-3.1313660136351995,-3.1282718616808936,-3.125177777808822,-3.122083762126002,-3.118989814770156,-3.1158959359194482,-3.1128021258054694,-3.1097083847305944,-3.1066147130912585,-3.1035211114092265,-3.1004275803737262,-3.097334120898354,-3.0942407341981264,-3.0911474218940813,-3.0880541861556403,-3.084961029894855,-3.0818679570321232,-3.078774972860607,-3.0756820845472777,-3.0725893018235815,-3.069496637939916,-3.0664041109880387,-3.0633117457379075,-3.0602195761955673,-3.0571276491741597,-3.0540360292919844,-3.0509448059855417,-3.0478541033747213,-3.0447640941748224,-3.0416750193643685,-3.0385872160586755,-3.035501157109136,-3.032417507495908,-3.0293372048239564,-3.0262615744849004,-3.023192494768533,-3.0201326340622385,-3.017085792218453,-3.014057392557359,-3.011055191699996,-3.0080903040657647,-3.0051786797265807,-3.0023432322478865,-2.9996168907284395,-2.997046948374042,-2.994701191287336,-2.9926763886333823,-2.9911097407165768,-2.9901936722435063
-3.592805533910642,-3.592015868612128,-3.5906474963236032,-3.588851723859853,-3.5867382548986373,-3.5843873308264897,-3.5818580710932477,-3.5791943009338847,-3.5764286799473415,-3.5735856600447558,-3.57068362442987,-3.5677364463525603,-3.5647546324642083,-3.5617461661815746,-3.5587171328127236,-3.5556721849274586,-3.552614890152642,-3.5495479920274073,-3.546473606301135,-3.5433933691126294,-3.5403085491783473,-3.5372201329737587,-3.5341288895876204,-3.5310354202325565,-3.5279401961413908,-3.524843587648664,-3.5217458865645086,-3.518647323431309,-3.5155480808667057,-3.5124483039060252,-3.5093481080385844,-3.506247585467332,-3.503146809996447,-3.5000458408568433,-3.4969447257076034,-3.4938435029964867,-3.4907422038208176,-3.487640853397986,-3.4845394722302245,-3.4814380770293942,-3.4783366814529604,-3.4752352966910776,-3.472133931936012,-3.4690325947583367,-3.4659312914091354,-3.4628300270633177,-3.459728806015979,-3.4566276318412195,-3.4535265075209076,-3.4504254355493,-3.4473244180182485,-3.444223456686749,-3.4411225530378324,-3.4380217083252114,-3.4349209236116174,-3.431820199800367,-3.4287195376614172,-3.425618937852921,-3.4225184009390976,-3.4194179274050813,-3.4163175176692824,-3.4132171720937086,-3.4101168909925965,-3.4070166746396446,-3.4039165232740975,-3.4008164371058647,-3.397716416319845,-3.3946164610795844,-3.391516571530387,-3.3884167478019522,-3.3853169900106366,-3.3822172982613825,-3.3791176726493832,-3.3760181132615172,-3.3729186201775896,-3.369819193471418,-3.3667198332117896,-3.363620539463299,-3.360521312287103,-3.3574221517415994,-3.354323057883044,-3.3512240307661263,-3.348125070444506,-3.345026176971325,-3.3419273503997164,-3.3388285907832937,-3.3357298981766594,-3.332631272635918,-3.3295327142192246,-3.326434222987363,-3.323335799004373,-3.320237442338241,-3.3171391530616656,-3.3140409312529133,-3.3109427769967943,-3.3078446903857612,-3.304746671521181,-3.301648720514796,-3.298550837490418,-3.2954530225858942,-3.292355275955416,-3.28925759777221,-3.286159987959775,-3.2830624464483984,-3.279964973174528,-3.2768675680802115,-3.2737702311125902,-3.270672962223451,-3.267575761368818,-3.2644786285085883,-3.2613815636062027,-3.2582845666283506,-3.2551876375447013,-3.252090776327659,-3.248993982952149,-3.245897257395414,-3.2428005996368365,-3.2397040096577725,-3.2366074874414035,-3.233511032972602,-3.2304146462378056,-3.227318327224906,-3.2242220759231484,-3.2211258923230335,-3.2180297764162393,-3.2149337281955384,-3.211837747654734,-3.208741834788592,-3.205645989592791,-3.20255021206387,-3.1994545021991865,-3.196358859996879,-3.193263285455843,-3.190167778575706,-3.1870723393568148,-3.1839769678002336,-3.1808816639077504,-3.177786427681902,-3.1746912591260075,-3.171596158244231,-3.1685011250416606,-3.165406159524422,-3.162311261699836,-3.1592164315766245,-3.1561216691651817,-3.153026974477932,-3.1499323475298007,-3.14683778833883,-3.143743296926981,-3.14064887332119,-3.1375545175547526,-3.1344602296691395,-3.131366009716384,-3.128271857762236,-3.125177773890323,-3.122083758207661,-3.1189898108519745,-3.1158959320014263,-3.112802121887606,-3.1097083808128905,-3.1066147091737126,-3.1035211074918383,-3.100427576456496,-3.0973341169812816,-3.0942407302812116,-3.091147417977325,-3.0880541822390426,-3.0849610259784153,-3.081867953115843,-3.078774968944486,-3.0756820806313163,-3.0725892979077796,-3.0694966340242735,-3.066404107072555,-3.063311741822584,-3.060219572280403,-3.0571276452591554,-3.054036025377138,-3.0509448020708536,-3.04785409946019,-3.0447640902604487,-3.0416750154501533,-3.0385872121446185,-3.0355011531952356,-3.0324175035821646,-3.029337200910371,-3.0262615705714726,-3.0231924908552634,-3.0201326301491265,-3.017085788305497,-3.01405738864456,-3.011055187787352,-3.0080903001532735,-3.0051786758142387,-3.0023432283356914,-2.9996168868163866,-2.9970469444621237,-2.99470118737554,-2.992676384721694,-2.991109736804971,-2.9901936683319494
-3.592805529824105,-3.592015864525628,-3.5906474922371694,-3.588851719773507,-3.5867382508123944,-3.584387326740362,-3.5818580670072433,-3.579194296848014,-3.5764286758616084,-3.5735856559591657,-3.5706836203444254,-3.567736442267264,-3.564754628379063,-3.5617461620965822,-3.5587171287278863,-3.5556721808427785,-3.55261488606812,-3.5495479879430425,-3.546473602216929,-3.5433933650285834,-3.540308545094462,-3.5372201288900316,-3.534128885504055,-3.5310354161491526,-3.527940192058147,-3.5248435835655796,-3.5217458824815835,-3.5186473193485432,-3.5155480767841,-3.512448299823579,-3.509348103956298,-3.5062475813852063,-3.5031468059144815,-3.5000458367750404,-3.496944721625962,-3.493843498915008,-3.4907421997395,-3.48764084931683,-3.4845394681492303,-3.481438072948561,-3.4783366773722877,-3.4752352926105656,-3.4721339278556598,-3.4690325906781445,-3.465931287329104,-3.4628300229834488,-3.4597288019362717,-3.4566276277616756,-3.4535265034415263,-3.4504254314700806,-3.4473244139391914,-3.444223452607854,-3.441122548959098,-3.4380217042466397,-3.434920919533209,-3.4318201957221213,-3.428719533583333,-3.425618933774999,-3.422518396861338,-3.419417923327485,-3.4163175135918484,-3.413217168016438,-3.410116886915489,-3.4070166705626996,-3.403916519197314,-3.4008164330292434,-3.397716412243385,-3.3946164570032873,-3.391516567454252,-3.3884167437259793,-3.3853169859348267,-3.3822172941857356,-3.3791176685739,-3.3760181091861963,-3.372918616102431,-3.369819189396422,-3.3667198291369558,-3.3636205353886277,-3.360521308212595,-3.357422147667254,-3.354323053808861,-3.351224026692105,-3.3481250663706454,-3.345026172897627,-3.3419273463261807,-3.338828586709921,-3.335729894103449,-3.3326312685628703,-3.32953271014634,-3.3264342189146405,-3.323335794931812,-3.3202374382658415,-3.3171391489894284,-3.31404092718084,-3.3109427729248835,-3.3078446863140125,-3.304746667449595,-3.3016487164433728,-3.298550833419156,-3.295453018514794,-3.292355271884477,-3.2892575937014326,-3.2861599838891595,-3.2830624423779455,-3.2799649691042383,-3.276867564010085,-3.2737702270426277,-3.2706729581536527,-3.2675757572991837,-3.264478624439117,-3.261381559536895,-3.258284562559206,-3.255187633475719,-3.2520907722588404,-3.2489939788834943,-3.2458972533269224,-3.2428005955685073,-3.2397040055896067,-3.2366074833734007,-3.2335110289047613,-3.2304146421701274,-3.227318323157391,-3.2242220718557952,-3.2211258882558425,-3.21802977234921,-3.214933724128672,-3.211837743588029,-3.208741830722049,-3.2056459855264112,-3.2025502079976538,-3.199454498133133,-3.1963588559309897,-3.1932632813901187,-3.1901677745101464,-3.1870723352914188,-3.183976963735,-3.1808816598426803,-3.177786423616995,-3.1746912550612647,-3.1715961541796522,-3.168501120977245,-3.1654061554601705,-3.162311257635748,-3.1592164275127006,-3.1561216651014226,-3.153026970414337,-3.1499323434663706,-3.146837784275564,-3.1437432928638778,-3.1406488692582504,-3.1375545134919767,-3.1344602256065275,-3.1313660056539363,-3.128271853699952,-3.125177769828202,-3.1220837541457045,-3.1189898067901805,-3.1158959279397958,-3.1128021178261394,-3.1097083767515867,-3.106614705112573,-3.1035211034308636,-3.1004275723956862,-3.097334112920636,-3.09424072622073,-3.091147413917006,-3.0880541781788864,-3.0849610219184225,-3.081867949056013,-3.0787749648848193,-3.0756820765718125,-3.0725892938484396,-3.0694966299650974,-3.066404103013544,-3.063311737763736,-3.060219568221719,-3.0571276412006356,-3.0540360213187836,-3.0509447980126643,-3.047854095402166,-3.0447640862025893,-3.0416750113924587,-3.0385872080870873,-3.0355011491378687,-3.032417499524961,-3.0293371968533305,-3.0262615665145955,-3.023192486798549,-3.020132626092575,-3.0170857842491077,-3.0140573845883316,-3.0110551837312847,-3.008090296097365,-3.005178671758487,-3.002343224280093,-2.9996168827609346,-2.9970469404068103,-2.9947011833203545,-2.99267638066662,-2.9911097327499827,-2.9901936642770117
-3.592805525587776,-3.5920158602893375,-3.590647488000945,-3.5888517155373703,-3.586738246576363,-3.584387322504448,-3.581858062771458,-3.5791942926123634,-3.576428671626101,-3.573585651723805,-3.570683616109216,-3.5677364380322096,-3.564754624144167,-3.561746157861846,-3.5587171244933105,-3.5556721766083643,-3.552614881833868,-3.5495479837089547,-3.546473597983006,-3.5433933607948247,-3.5403085408608685,-3.537220124656605,-3.5341288812707936,-3.531035411916057,-3.5279401878252172,-3.5248435793328166,-3.5217458782489874,-3.518647315116114,-3.5155480725518373,-3.5124482955914833,-3.50934809972437,-3.5062475771534456,-3.5031468016828886,-3.500045832543614,-3.496944717394704,-3.493843494683919,-3.490742195508581,-3.4876408450860796,-3.484539463918647,-3.4814380687181448,-3.4783366731420386,-3.4752352883804853,-3.4721339236257474,-3.469032586448399,-3.465931283099526,-3.462830018754038,-3.4597287977070295,-3.4566276235326012,-3.4535264992126202,-3.4504254272413424,-3.4473244097106215,-3.4442234483794514,-3.441122544730864,-3.4380217000185738,-3.4349209153053115,-3.4318201914943924,-3.4287195293557735,-3.425618929547609,-3.4225183926341183,-3.4194179191004324,-3.4163175093649643,-3.4132171637897213,-3.4101168826889396,-3.4070166663363177,-3.403916514971101,-3.4008164288031986,-3.397716408017508,-3.394616452777578,-3.3915165632287096,-3.3884167395006046,-3.3853169817096185,-3.3822172899606944,-3.379117664349025,-3.376018104961489,-3.372918611877891,-3.3698191851720494,-3.36671982491275,-3.363620531164589,-3.3605213039887234,-3.357422143443551,-3.3543230495853273,-3.3512240224687404,-3.3481250621474494,-3.3450261686746003,-3.3419273421033235,-3.3388285824872335,-3.335729889880931,-3.332631264340521,-3.32953270592416,-3.3264342146926293,-3.32333579070997,-3.320237434044168,-3.3171391447679213,-3.314040922959499,-3.310942768703709,-3.3078446820930054,-3.304746663228756,-3.3016487122227023,-3.2985508291986556,-3.2954530142944636,-3.2923552676643166,-3.2892575894814415,-3.286159979669338,-3.283062438158293,-3.2799649648847553,-3.2768675597907717,-3.2737702228234835,-3.270672953934677,-3.2675757530803757,-3.2644786202204776,-3.2613815553184238,-3.258284558340904,-3.2551876292575863,-3.2520907680408766,-3.248993974665698,-3.245897249109296,-3.2428005913510516,-3.2397040013723206,-3.236607479156285,-3.2335110246878163,-3.2304146379533516,-3.2273183189407844,-3.2242220676393583,-3.221125884039575,-3.2180297681331123,-3.2149337199127435,-3.21183773937227,-3.20874182650646,-3.2056459813109908,-3.202550203782401,-3.1994544939180485,-3.1963588517160737,-3.1932632771753706,-3.190167770295566,-3.1870723310770077,-3.1839769595207583,-3.1808816556286077,-3.177786419403091,-3.1746912508475305,-3.1715961499660867,-3.168501116763848,-3.165406151246942,-3.1623112534226885,-3.15921642329981,-3.1561216608887004,-3.1530269662017845,-3.149932339253987,-3.146837780063349,-3.143743288651832,-3.1406488650463737,-3.137554509280269,-3.134460221394989,-3.131366001442567,-3.1282718494887516,-3.1251777656171726,-3.1220837499348444,-3.118989802579491,-3.115895923729276,-3.11280211361579,-3.109708372541408,-3.106614700902564,-3.1035210992210236,-3.100427568186015,-3.097334108711135,-3.0942407220113983,-3.0911474097078444,-3.0880541739698955,-3.0849610177096025,-3.081867944847364,-3.07877496067634,-3.075682072363503,-3.0725892896403,-3.0694966257571275,-3.066404098805743,-3.0633117335561053,-3.0602195640142575,-3.0571276369933433,-3.0540360171116596,-3.050944793805709,-3.0478540911953806,-3.0447640819959734,-3.0416750071860124,-3.0385872038808124,-3.0355011449317653,-3.0324174953190295,-3.02933719264757,-3.026261562309005,-3.023192482593129,-3.020132621887325,-3.017085780044028,-3.0140573803834196,-3.011055179526539,-3.0080902918927843,-3.0051786675540697,-3.0023432200758347,-2.9996168785568296,-2.9970469362028505,-2.9947011791165274,-2.9926763764629074,-2.991109728546359,-2.990193660073439
-3.592805521196154,-3.592015855897755,-3.5906474836094318,-3.5888517111459497,-3.586738242185052,-3.5843873181132615,-3.581858058380405,-3.579194288221453,-3.5764286672353394,-3.5735856473331977,-3.5706836117187666,-3.567736433641921,-3.5647546197540407,-3.5617461534718844,-3.5587171201035166,-3.555672172218739,-3.552614877444412,-3.549547979319668,-3.5464735935938894,-3.5433933564058786,-3.540308536472094,-3.5372201202680023,-3.5341288768823627,-3.5310354075277974,-3.5279401834371296,-3.5248435749449025,-3.5217458738612453,-3.5186473107285443,-3.5155480681644407,-3.51244829120426,-3.50934809533732,-3.50624757276657,-3.503146797296187,-3.5000458281570865,-3.496944713008351,-3.4938434902977393,-3.490742191122574,-3.4876408407002444,-3.4845394595329857,-3.4814380643326586,-3.4783366687567274,-3.475235283995349,-3.472133919240786,-3.469032582063613,-3.465931278714915,-3.462830014369602,-3.4597287933227663,-3.456627619148511,-3.4535264948287026,-3.4504254228575983,-3.4473244053270506,-3.4442234439960546,-3.4411225403476404,-3.4380216956355225,-3.4349209109224326,-3.431820187111687,-3.4287195249732423,-3.4256189251652502,-3.422518388251932,-3.41941791471842,-3.416317504983125,-3.413217159408057,-3.41011687830745,-3.4070166619550024,-3.4039165105899594,-3.40081642442223,-3.3977164036367133,-3.394616448396957,-3.391516558848263,-3.3884167351203325,-3.3853169773295217,-3.3822172855807735,-3.37911765996928,-3.3760181005819185,-3.372918607498496,-3.3698191807928297,-3.3667198205337066,-3.363620526785721,-3.3605212996100295,-3.3574221390650307,-3.3543230452069803,-3.351224018090568,-3.3481250577694515,-3.3450261642967765,-3.3419273377256733,-3.3388285781097564,-3.335729885503627,-3.332631259963391,-3.3295327015472034,-3.3264342103158473,-3.3233357863333626,-3.320237429667735,-3.3171391403916646,-3.314040918583418,-3.3109427643278035,-3.307844677717276,-3.304746658853201,-3.3016487078473222,-3.298550824823449,-3.295453009919431,-3.292355263289458,-3.289257585106758,-3.2861599752948294,-3.2830624337839596,-3.2799649605105965,-3.276867555416787,-3.2737702184496746,-3.2706729495610434,-3.2675757487069186,-3.264478615847196,-3.2613815509453175,-3.2582845539679726,-3.255187624884831,-3.252090763668297,-3.2489939702932946,-3.2458972447370678,-3.242800586978998,-3.2397039970004418,-3.2366074747845803,-3.2335110203162856,-3.2304146335819954,-3.2273183145696027,-3.224222063268351,-3.221125879668742,-3.2180297637624546,-3.2149337155422613,-3.211837735001963,-3.2087418221363286,-3.205645976941036,-3.202550199412623,-3.1994544895484474,-3.196358847346649,-3.1932632728061217,-3.1901677659264935,-3.1870723267081105,-3.1839769551520383,-3.1808816512600644,-3.177786415034725,-3.1746912464793406,-3.1715961455980732,-3.1685011123960116,-3.1654061468792825,-3.1623112490552057,-3.159216418932503,-3.156121656521568,-3.153026961834826,-3.1499323348872035,-3.146837775696741,-3.1437432842854003,-3.1406488606801175,-3.1375545049141893,-3.134460217029085,-3.131365997076839,-3.128271845123201,-3.125177761251797,-3.1220837455696446,-3.118989798214467,-3.1158959193644282,-3.1128021092511178,-3.1097083681769115,-3.106614696538243,-3.103521094856879,-3.1004275638220467,-3.0973341043473415,-3.0942407176477804,-3.091147405344402,-3.0880541696066284,-3.084961013346511,-3.0818679404844485,-3.0787749563136013,-3.0756820680009405,-3.0725892852779126,-3.0694966213949155,-3.0664040944437074,-3.0633117291942447,-3.0602195596525728,-3.0571276326318344,-3.0540360127503265,-3.0509447894445523,-3.0478540868344,-3.0447640776351705,-3.0416750028253854,-3.038587199520361,-3.0355011405714896,-3.032417490958929,-3.029337188287646,-3.0262615579492564,-3.0231924782335553,-3.020132617527926,-3.017085775684803,-3.014057376024369,-3.011055175167662,-3.00809028753408,-3.0051786631955344,-3.0023432157174637,-2.9996168741986167,-2.997046931844787,-2.994701174758601,-2.9926763721050995,-2.991109724188643,-2.990193655715777
-3.592805516643556,-3.5920158513451996,-3.59064747905695,-3.588851706593563,-3.5867382376327788,-3.5843873135611157,-3.581858053828397,-3.5791942836695916,-3.5764286626836306,-3.573585642781647,-3.5706836071673784,-3.567736429090699,-3.5647546152029883,-3.561746148921004,-3.5587171155528075,-3.555672167668203,-3.5526148728940496,-3.549547974769482,-3.5464735890438797,-3.5433933518560456,-3.540308531922438,-3.5372201157185246,-3.534128872333064,-3.5310354029786786,-3.5279401788881914,-3.524843570396144,-3.5217458693126678,-3.5186473061801484,-3.5155480636162264,-3.5124482866562268,-3.5093480907894667,-3.506247568218898,-3.503146792748695,-3.5000458236097725,-3.4969447084612146,-3.493843485750781,-3.4907421865757935,-3.487640836153643,-3.484539454986563,-3.4814380597864156,-3.4783366642106643,-3.4752352794494654,-3.4721339146950827,-3.4690325775180892,-3.4659312741695705,-3.4628300098244367,-3.459728788777781,-3.4566276146037054,-3.4535264902840774,-3.4504254183131535,-3.447324400782787,-3.4442234394519726,-3.44112253580374,-3.4380216910918038,-3.4349209063788946,-3.4318201825683294,-3.4287195204300636,-3.4256189206222505,-3.422518383709111,-3.4194179101757785,-3.4163175004406643,-3.4132171548657753,-3.410116873765348,-3.407016657413082,-3.4039165060482204,-3.4008164198806736,-3.3977163990953394,-3.3946164438557647,-3.3915165543072523,-3.388416730579502,-3.385316972788872,-3.3822172810403033,-3.379117655428991,-3.3760180960418116,-3.3729186029585696,-3.3698191762530847,-3.3667198159941423,-3.3636205222463373,-3.360521295070828,-3.35742213452601,-3.3543230406681417,-3.3512240135519105,-3.348125053230975,-3.345026159758481,-3.3419273331875585,-3.338828573571823,-3.335729880965875,-3.3326312554258197,-3.3295326970098134,-3.326434205778638,-3.3233357817963345,-3.3202374251308884,-3.317139135854999,-3.3140409140469336,-3.3109427597915007,-3.3078446731811533,-3.30474665431726,-3.3016487033115625,-3.2985508202878715,-3.2954530053840356,-3.292355258754245,-3.289257580571726,-3.2861599707599773,-3.283062429249288,-3.279964955976106,-3.2768675508824776,-3.2737702139155456,-3.2706729450270964,-3.267575744173153,-3.2644786113136126,-3.2613815464119167,-3.2582845494347534,-3.2551876203517924,-3.2520907591354393,-3.2489939657606186,-3.245897240204573,-3.2428005824466846,-3.2397039924683098,-3.2366074702526304,-3.2335110157845177,-3.230414629050409,-3.2273183100381995,-3.2242220587371304,-3.2211258751377048,-3.2180297592315994,-3.214933711011588,-3.211837730471472,-3.2087418176060187,-3.205645972410907,-3.202550194882676,-3.199454485018681,-3.1963588428170637,-3.1932632682767177,-3.1901677613972708,-3.1870723221790693,-3.183976950623178,-3.180881646731385,-3.177786410506228,-3.1746912419510256,-3.1715961410699407,-3.1685011078680603,-3.1654061423515114,-3.1623112445276162,-3.159216414405096,-3.156121651994344,-3.1530269573077847,-3.1499323303603446,-3.1468377711700644,-3.143743279758907,-3.1406488561538084,-3.137554500388064,-3.1344602125031438,-3.1313659925510806,-3.128271840597624,-3.125177756726403,-3.1220837410444333,-3.1189897936894386,-3.115895914839582,-3.1128021047264536,-3.1097083636524303,-3.1066146920139444,-3.1035210903327615,-3.1004275592981103,-3.0973340998235876,-3.09424071312421,-3.0911474008210145,-3.0880541650834235,-3.084961008823487,-3.081867935961606,-3.0787749517909404,-3.0756820634784616,-3.0725892807556168,-3.0694966168728013,-3.0664040899217753,-3.0633117246724955,-3.060219555131007,-3.0571276281104516,-3.054036008229128,-3.0509447849235376,-3.0478540823135685,-3.04476407311452,-3.041674998304918,-3.038587195000076,-3.035501136051386,-3.0324174864390083,-3.0293371837679066,-3.0262615534296997,-3.023192473714181,-3.0201326130087334,-3.0170857711657906,-3.014057371505537,-3.0110551706490085,-3.0080902830156027,-3.00517865867723,-3.00234321119933,-2.9996168696806476,-2.997046927326974,-2.994701170240931,-2.9926763675875527,-2.991109719671192,-2.9901936511983824
-3.5928055119240763,-3.5920158466257623,-3.590647474337588,-3.5888517018743005,-3.586738232913634,-3.5843873088421025,-3.581858049109527,-3.5791942789508737,-3.5764286579650717,-3.5735856380632534,-3.5706836024491544,-3.567736424372648,-3.5647546104851133,-3.5617461442033056,-3.558717110835288,-3.555672162950864,-3.5526148681768923,-3.549547970052508,-3.5464735843270896,-3.5433933471394408,-3.5403085272060175,-3.5372201110022874,-3.5341288676170124,-3.5310353982628113,-3.527940174172508,-3.5248435656806443,-3.521745864597353,-3.518647301465018,-3.5155480589012806,-3.512448281941467,-3.509348086074894,-3.5062475635045116,-3.5031467880344955,-3.5000458188957615,-3.496944703747392,-3.493843481037147,-3.490742181862347,-3.487640831440385,-3.484539450273493,-3.4814380550735313,-3.478336659497965,-3.4752352747369515,-3.4721339099827544,-3.4690325728059475,-3.465931269457615,-3.4628300051126684,-3.4597287840661997,-3.456627609892311,-3.4535264855728687,-3.4504254136021317,-3.447324396071952,-3.4442234347413234,-3.4411225310932774,-3.4380216863815276,-3.4349209016688054,-3.4318201778584267,-3.4287195157203487,-3.425618915912725,-3.422518378999774,-3.4194179054666303,-3.416317495731704,-3.413217150157004,-3.410116869056765,-3.4070166527046863,-3.403916501340012,-3.400816415172652,-3.3977163943875053,-3.394616439148118,-3.3915165495997925,-3.3884167258722306,-3.3853169680817876,-3.382217276333406,-3.37911765072228,-3.376018091335286,-3.37291859825223,-3.369819171546931,-3.3667198112881755,-3.3636205175405585,-3.360521290365237,-3.3574221298206064,-3.3543230359629246,-3.3512240088468803,-3.348125048526133,-3.345026155053826,-3.341927328483091,-3.338828568867543,-3.335729876261783,-3.332631250721917,-3.3295326923060986,-3.3264342010751116,-3.323335777092996,-3.320237420427738,-3.3171391311520364,-3.3140409093441594,-3.3109427550889143,-3.307844668478755,-3.304746649615048,-3.3016486986095375,-3.2985508155860335,-3.295453000682385,-3.292355254052781,-3.2892575758704496,-3.2861599660588894,-3.283062424548388,-3.2799649512753937,-3.2768675461819536,-3.27377020921521,-3.270672940326948,-3.2675757394731932,-3.2644786066138414,-3.2613815417123333,-3.2582845447353583,-3.255187615652585,-3.2520907544364204,-3.2489939610617875,-3.245897235505931,-3.2428005777482314,-3.239703987770046,-3.236607465554556,-3.2335110110866325,-3.230414624352714,-3.2273183053406926,-3.224222054039812,-3.2211258704405745,-3.2180297545346574,-3.2149337063148336,-3.211837725774905,-3.2087418129096403,-3.205645967714717,-3.202550190186675,-3.1994544803228693,-3.196358838121441,-3.1932632635812848,-3.190167756702027,-3.1870723174840148,-3.1839769459283116,-3.1808816420367076,-3.1777864058117378,-3.1746912372567233,-3.1715961363758263,-3.168501103174134,-3.1654061376577736,-3.162311239834066,-3.159216409711734,-3.1561216473011706,-3.1530269526148005,-3.1499323256675495,-3.1468377664774594,-3.14374327506649,-3.1406488514615796,-3.1375544956960226,-3.13446020781129,-3.131365987859417,-3.128271835906151,-3.1251777520351194,-3.1220837363533387,-3.1189897889985323,-3.115895910148865,-3.1128021000359256,-3.109708358962091,-3.1066146873237943,-3.1035210856428,-3.1004275546083395,-3.0973340951340065,-3.094240708434818,-3.0911473961318117,-3.0880541603944103,-3.0849610041346653,-3.081867931272974,-3.0787749471024983,-3.0756820587902087,-3.0725892760675526,-3.0694966121849276,-3.0664040852340904,-3.063311719985,-3.0602195504437004,-3.057127623423334,-3.0540360035421994,-3.0509447802367973,-3.0478540776270173,-3.0447640684281585,-3.0416749936187455,-3.038587190314092,-3.035501131365592,-3.032417481753403,-3.02933717908249,-3.026261548744472,-3.0231924690291425,-3.020132608323884,-3.0170857664811304,-3.0140573668210653,-3.011055165964723,-3.0080902783315016,-3.0051786539933096,-3.002343206515586,-2.9996168649970745,-2.997046922643562,-2.9947011655576667,-2.992676362904416,-2.991109714988154,-2.990193646515401
-3.592805507031599,-3.592015841733329,-3.590647469445231,-3.5888516969820454,-3.586738228021502,-3.5843873039501077,-3.5818580442176815,-3.579194274059186,-3.57642865307355,-3.5735856331719025,-3.570683597557978,-3.5677364194816503,-3.5647546055942976,-3.561746139312675,-3.5587171059448446,-3.5556721580606085,-3.5526148632868257,-3.54954796516263,-3.5464735794374005,-3.5433933422499426,-3.5403085223167117,-3.537220106113175,-3.5341288627280916,-3.531035393374084,-3.527940169283975,-3.524843560792305,-3.5217458597092066,-3.5186472965770643,-3.5155480540135207,-3.5124482770539,-3.5093480811875186,-3.5062475586173276,-3.5031467831475043,-3.500045814008964,-3.496944698860787,-3.4938434761507335,-3.490742176976126,-3.487640826554356,-3.4845394453876555,-3.481438050187886,-3.478336654612513,-3.4752352698516926,-3.472133905097689,-3.469032567921076,-3.4659312645729363,-3.462830000228182,-3.4597287791819076,-3.4566276050082134,-3.453526480688966,-3.4504254087184227,-3.4473243911884364,-3.444223429858002,-3.4411225262101497,-3.438021681498593,-3.4349208967860645,-3.4318201729758795,-3.428719510837995,-3.425618911030565,-3.422518374117809,-3.4194179005848606,-3.416317490850129,-3.413217145275622,-3.4101168641755772,-3.407016647823692,-3.4039164964592117,-3.4008164102920455,-3.397716389507092,-3.3946164342678977,-3.391516544719767,-3.3884167209923985,-3.3853169632021496,-3.3822172714539627,-3.379117645843031,-3.3760180864562335,-3.3729185933733743,-3.369819166668271,-3.3667198064097104,-3.363620512662288,-3.360521285487161,-3.3574221249427256,-3.3543230310852383,-3.351224003969389,-3.348125043648836,-3.345026150176723,-3.341927323606182,-3.3388285639908273,-3.335729871385261,-3.3326312458455885,-3.3295326874299636,-3.32643419619917,-3.3233357722172485,-3.3202374155521857,-3.31713912627668,-3.3140409044689982,-3.310942750213949,-3.3078446636039844,-3.304746644740473,-3.3016486937351583,-3.2985508107118493,-3.295452995808395,-3.2923552491789865,-3.2892575709968503,-3.2861599611854855,-3.2830624196751788,-3.27996494640238,-3.276867541309135,-3.2737702043425863,-3.27067293545452,-3.2675757346009595,-3.2644786017418026,-3.261381536840491,-3.2582845398637117,-3.2551876107811344,-3.2520907495651654,-3.2489939561907293,-3.2458972306350677,-3.242800572877563,-3.2397039828995724,-3.236607460684277,-3.2335110062165477,-3.230414619482824,-3.227318300470997,-3.224222049170311,-3.221125865571269,-3.2180297496655474,-3.21493370144592,-3.211837720906187,-3.208741808041116,-3.2056459628463876,-3.20255018531854,-3.1994544754549303,-3.1963588332536976,-3.193263258713738,-3.1901677518346756,-3.1870723126168587,-3.183976941061351,-3.180881637169942,-3.177786400945168,-3.1746912323903493,-3.1715961315096477,-3.1685010983081514,-3.165406132791987,-3.1623112349684757,-3.159216404846338,-3.1561216424359695,-3.1530269477497948,-3.1499323208027383,-3.1468377616128427,-3.1437432702020685,-3.1406488465973537,-3.1375544908319934,-3.1344602029474578,-3.13136598299578,-3.1282718310427087,-3.1251777471718727,-3.1220837314902887,-3.11898978413568,-3.115895905286209,-3.1128020951734667,-3.109708354099828,-3.1066146824617262,-3.1035210807809284,-3.100427549746663,-3.0973340902725264,-3.0942407035735333,-3.0911473912707232,-3.0880541555335173,-3.084960999273968,-3.0818679264124738,-3.078774942242195,-3.075682053930103,-3.0725892712076446,-3.069496607325216,-3.066404080374576,-3.063311715125683,-3.0602195455845793,-3.0571276185644103,-3.0540359986834726,-3.050944775378268,-3.047854072768684,-3.044764063570022,-3.0416749887608057,-3.0385871854563486,-3.035501126508044,-3.03241747689605,-3.029337174225333,-3.026261543887512,-3.0231924641723777,-3.0201326034673137,-3.017085761624754,-3.014057361964882,-3.0110551611087315,-3.0080902734757,-3.0051786491376973,-3.002343201660157,-2.9996168601418223,-2.997046917788477,-2.9947011607027347,-2.992676358049617,-2.9911097101334585,-2.9901936416607664
-3.5928055019597975,-3.5920158366615724,-3.5906474643735544,-3.5888516919104765,-3.5867382229500593,-3.584387298878808,-3.5818580391465376,-3.5791942689882057,-3.5764286480027394,-3.5735856281012675,-3.570683592487525,-3.567736414411382,-3.564754600524217,-3.5617461342427843,-3.558717100875145,-3.5556721529911015,-3.552614858217514,-3.5495479600935145,-3.5464735743684828,-3.5433933371812203,-3.5403085172481865,-3.537220101044847,-3.534128857659963,-3.5310353883061536,-3.5279401642162433,-3.5248435557247726,-3.5217458546418743,-3.5186472915099323,-3.5155480489465876,-3.512448271987166,-3.509348076120986,-3.506247553550996,-3.5031467780813723,-3.500045808943031,-3.4969446937950535,-3.4938434710852,-3.490742171910794,-3.4876408214892245,-3.4845394403227257,-3.481438045123159,-3.478336649547989,-3.475235264787371,-3.472133900033569,-3.469032562857157,-3.4659312595092193,-3.4628299951646655,-3.459728774118592,-3.4566275999450986,-3.4535264756260524,-3.45042540365571,-3.447324386125925,-3.4442234247956915,-3.4411225211480403,-3.4380216764366853,-3.434920891724358,-3.431820167914375,-3.428719505776693,-3.4256189059694644,-3.4225183690569096,-3.419417895524161,-3.4163174857896297,-3.4132171402153224,-3.410116859115477,-3.407016642763792,-3.403916491399511,-3.4008164052325456,-3.397716384447793,-3.3946164292088015,-3.3915165396608717,-3.3884167159337037,-3.385316958143656,-3.3822172663956707,-3.3791176407849406,-3.376018081398343,-3.3729185883156845,-3.369819161610783,-3.3667198013524238,-3.3636205076052033,-3.3605212804302784,-3.3574221198860448,-3.3543230260287595,-3.3512239989131114,-3.3481250385927597,-3.345026145120848,-3.3419273185505087,-3.3388285589353557,-3.3357298663299906,-3.3326312407905188,-3.329532682375096,-3.3264341911445046,-3.3233357671627854,-3.3202374104979246,-3.317139121222621,-3.314040899415142,-3.310942745160294,-3.3078446585505326,-3.3047466396872234,-3.30164868868211,-3.2985508056590027,-3.295452990755751,-3.2923552441265436,-3.2892575659446095,-3.286159956133447,-3.2830624146233434,-3.2799649413507472,-3.2768675362577047,-3.2737701992913584,-3.270672930403494,-3.2675757295501353,-3.264478596691179,-3.261381531790068,-3.2582845348134906,-3.2551876057311153,-3.2520907445153475,-3.248993951141113,-3.2458972255856535,-3.242800567828351,-3.239703977850562,-3.2366074556354687,-3.2335110011679418,-3.2304146144344195,-3.2273182954227946,-3.2242220441223104,-3.221125860523469,-3.2180297446179496,-3.214933696398524,-3.211837715858995,-3.208741802994129,-3.2056459577996037,-3.2025501802719587,-3.199454470408552,-3.1963588282075213,-3.1932632536677614,-3.1901677467889016,-3.1870723075712863,-3.1839769360159806,-3.180881632124774,-3.177786395900202,-3.174691227345586,-3.1715961264650874,-3.168501093263794,-3.1654061277478323,-3.162311229924524,-3.1592163998025913,-3.156121637392427,-3.1530269427064552,-3.1499323157596018,-3.146837756569908,-3.143743265159337,-3.140648841554825,-3.137554485789668,-3.134460197905335,-3.13136597795386,-3.1282718260009927,-3.1251777421303606,-3.122083726448979,-3.118989779094572,-3.115895900245303,-3.112802090132763,-3.1097083490593267,-3.1066146774214296,-3.1035210757408356,-3.100427544706774,-3.0973340852328413,-3.094240698534053,-3.091147386231447,-3.088054150494445,-3.0849609942350984,-3.081867921373807,-3.078774937203732,-3.075682048891843,-3.0725892661695875,-3.069496602287362,-3.0664040753369255,-3.063311710088235,-3.0602195405473354,-3.0571276135273697,-3.0540359936466355,-3.0509447703416344,-3.0478540677322536,-3.044764058533795,-3.0416749837247816,-3.0385871804205284,-3.0355011214724286,-3.03241747186064,-3.0293371691901276,-3.02626153885251,-3.0231924591375803,-3.0201325984327205,-3.0170857565903644,-3.0140573569306937,-3.011055156074743,-3.008090268441909,-3.0051786441041,-3.00234319662675,-2.999616855108598,-2.997046912755426,-2.994701155669843,-2.9926763530168627,-2.99110970510081,-2.9901936366281796
-3.592805496702075,-3.592015831403898,-3.590647459115963,-3.588851686652995,-3.5867382176927083,-3.5843872936216035,-3.5818580338894916,-3.57919426373133,-3.5764286427460417,-3.5735856228447536,-3.570683587231198,-3.5677364091552475,-3.5647545952682775,-3.5617461289870422,-3.558717095619603,-3.5556721477357613,-3.5526148529623747,-3.5495479548385767,-3.5464735691137483,-3.5433933319266915,-3.540308511993863,-3.53722009579073,-3.534128852406053,-3.531035383052451,-3.527940158962748,-3.5248435504714846,-3.5217458493887923,-3.5186472862570577,-3.5155480436939213,-3.512448266734708,-3.5093480708687363,-3.506247548298954,-3.5031467728295382,-3.5000458036914046,-3.496944688543634,-3.4938434658339883,-3.4907421666597895,-3.4876408162384287,-3.4845394350721395,-3.4814380398727813,-3.4783366442978183,-3.4752352595374076,-3.4721338947838136,-3.46903255760761,-3.4659312542598806,-3.462829989915537,-3.459728768869671,-3.456627594696385,-3.4535264703775463,-3.4504253984074116,-3.4473243808778338,-3.4442234195478076,-3.441122515900364,-3.438021671189218,-3.4349208864770997,-3.431820162667325,-3.428719500529851,-3.425618900722831,-3.422518363810485,-3.4194178902779457,-3.4163174805436234,-3.4132171349695253,-3.410116853869889,-3.407016637518413,-3.4039164861543427,-3.400816399987586,-3.3977163792030414,-3.394616423964257,-3.3915165344165357,-3.3884167106895777,-3.385316952899739,-3.3822172611519625,-3.379117635541441,-3.3760180761550522,-3.372918583072602,-3.369819156367908,-3.366719796109757,-3.3636205023627443,-3.3605212751880273,-3.357422114644003,-3.354323020786927,-3.3512239936714883,-3.348125033351346,-3.345026139879644,-3.3419273133095135,-3.33882855369457,-3.335729861089415,-3.3326312355501524,-3.3295326771349387,-3.326434185904556,-3.3233357619230453,-3.320237405258393,-3.317139115983298,-3.3140408941760264,-3.3109427399213875,-3.3078446533118346,-3.3047466344487346,-3.3016486834438306,-3.298550800420933,-3.2954529855178913,-3.292355238888895,-3.2892575607071706,-3.2861599508962187,-3.283062409386325,-3.2799649361139376,-3.2768675310211037,-3.273770194054966,-3.2706729251673106,-3.2675757243141614,-3.2644785914554157,-3.2613815265545147,-3.2582845295781473,-3.255187600495982,-3.2520907392804244,-3.248993945906398,-3.245897220351147,-3.2428005625940535,-3.239703972616474,-3.23660745040159,-3.2335109959342727,-3.2304146092009605,-3.2273182901895456,-3.224222038889272,-3.2211258552906417,-3.2180297393853325,-3.2149336911661175,-3.211837710626799,-3.2087417977621433,-3.2056459525678287,-3.2025501750403946,-3.199454465177197,-3.1963588229763764,-3.193263248436828,-3.1901677415581773,-3.187072302340772,-3.1839769307856765,-3.1808816268946796,-3.1777863906703177,-3.174691222115911,-3.1715961212356225,-3.1685010880345397,-3.1654061225187884,-3.16231122469569,-3.159216394573966,-3.1561216321640115,-3.1530269374782507,-3.1499323105316086,-3.146837751342127,-3.143743259931767,-3.1406488363274665,-3.1375544805625193,-3.1344601926783966,-3.131365972727132,-3.128271820774474,-3.125177736904051,-3.1220837212228805,-3.1189897738686847,-3.115895895019628,-3.1128020849072993,-3.109708343834075,-3.106614672196388,-3.103521070516005,-3.100427539482155,-3.097334080008434,-3.0942406933098563,-3.0911473810074614,-3.0880541452706716,-3.084960989011537,-3.081867916150456,-3.07877493198059,-3.075682043668911,-3.0725892609468666,-3.0694965970648522,-3.0664040701146265,-3.0633117048661473,-3.0602195353254587,-3.057127608305703,-3.0540359884251793,-3.0509447651203887,-3.04785406251122,-3.0447640533129725,-3.04167497850417,-3.0385871752001283,-3.035501116252239,-3.032417466640661,-3.0293371639703586,-3.0262615336329515,-3.0231924539182304,-3.02013259321358,-3.0170857513714315,-3.014057351711968,-3.011055150856224,-3.008090263223595,-3.005178638885988,-3.0023431914088348,-2.9996168498908733,-2.997046907537882,-2.994701150452464,-2.9926763477996263,-2.991109699883684,-2.9901936314111186
-3.5928054912516227,-3.592015825953495,-3.590647453665647,-3.588851681202795,-3.5867382122426466,-3.5843872881716954,-3.5818580284397505,-3.5791942582817646,-3.5764286372966603,-3.5735856173955636,-3.5706835817822045,-3.5677364037064545,-3.5647545898196866,-3.561746123538657,-3.5587170901714256,-3.5556721422877926,-3.552614847514617,-3.5495479493910307,-3.5464735636664133,-3.543393326479568,-3.54030850654695,-3.5372200903440287,-3.534128846959564,-3.531035377606175,-3.5279401535166848,-3.5248435450256346,-3.521745843943157,-3.5186472808116362,-3.515548038248715,-3.512448261289718,-3.5093480654239597,-3.506247542854392,-3.5031467673851924,-3.500045798247274,-3.49694468309972,-3.493843460390289,-3.490742161216305,-3.4876408107951598,-3.484539429629086,-3.4814380344299445,-3.4783366388551986,-3.4752352540950047,-3.472133889341627,-3.4690325521656393,-3.4659312488181255,-3.462829984473997,-3.459728763428348,-3.456627589255278,-3.4535264649366555,-3.450425392966738,-3.447324375437377,-3.444223414107567,-3.441122510460339,-3.4380216657494076,-3.4349208810375056,-3.431820157227946,-3.4287194950906867,-3.425618895283882,-3.422518358371751,-3.4194178848394263,-3.4163174751053194,-3.4132171295314375,-3.4101168484320175,-3.407016632080758,-3.403916480716904,-3.400816394550363,-3.397716373766036,-3.394616418527468,-3.391516528979962,-3.38841670525322,-3.3853169474635987,-3.3822172557160393,-3.3791176301057355,-3.3760180707195637,-3.3729185776373307,-3.3698191509328543,-3.3667197906749204,-3.3636204969281245,-3.360521269753625,-3.3574221092098173,-3.354323015352957,-3.3512239882377344,-3.348125027917808,-3.3450261344463232,-3.3419273078764102,-3.338828548261684,-3.3357298556567456,-3.332631230117701,-3.3295326717027045,-3.326434180472539,-3.323335756491246,-3.3202373998268095,-3.31713911055193,-3.314040888744874,-3.3109427344904505,-3.307844647881114,-3.3047466290182306,-3.3016486780135432,-3.298550794990862,-3.2954529800880366,-3.292355233459256,-3.289257555277748,-3.2861599454670114,-3.283062403957334,-3.2799649306851633,-3.2768675255925457,-3.2737701886266253,-3.270672919739187,-3.2675757188862544,-3.2644785860277263,-3.261381521127042,-3.258284524150891,-3.255187595068943,-3.252090733853603,-3.2489939404797954,-3.2458972149247627,-3.2428005571678877,-3.239703967190526,-3.2366074449758604,-3.233510990508761,-3.230414603775667,-3.22731828476447,-3.2242220334644145,-3.2211258498660027,-3.2180297339609116,-3.2149336857419146,-3.2118377052028144,-3.208741792338377,-3.205645947144281,-3.202550169617065,-3.1994544597540853,-3.196358817553482,-3.1932632430141514,-3.1901677361357197,-3.187072296918533,-3.183976925363655,-3.180881621472876,-3.1777863852487327,-3.1746912166945447,-3.1715961158144745,-3.16850108261361,-3.1654061170980774,-3.1623112192751974,-3.159216389153692,-3.156121626743955,-3.1530269320584114,-3.1499323051119865,-3.1468377459227224,-3.1437432545125796,-3.1406488309084954,-3.137554475143766,-3.1344601872598594,-3.131365967308812,-3.128271815356373,-3.1251777314861693,-3.122083715805217,-3.1189897684512387,-3.1158958896024,-3.1128020794902893,-3.109708338417283,-3.106614666779815,-3.1035210650996508,-3.100427534066018,-3.097334074592514,-3.0942406878941546,-3.0911473755919774,-3.088054139855405,-3.0849609835964897,-3.081867910735628,-3.0787749265659814,-3.075682038254522,-3.0725892555326966,-3.0694965916509016,-3.0664040647008957,-3.063311699452636,-3.060219529912166,-3.0571276028926295,-3.0540359830123243,-3.050944759707753,-3.0478540570988026,-3.044764047900774,-3.041674973092191,-3.0385871697883675,-3.0355011108406975,-3.0324174612293375,-3.0293371585592532,-3.0262615282220633,-3.02319244850756,-3.020132587803126,-3.017085745961195,-3.014057346301948,-3.011055145446419,-3.008090257814003,-3.005178633476605,-3.002343185999656,-2.999616844481892,-2.997046902129087,-2.9947011450438397,-2.9926763423911495,-2.991109694475322,-2.9901936260028226
-3.5928054856013896,-3.5920158203033132,-3.590647448015555,-3.588851675552821,-3.586738206592813,-3.584387282522021,-3.5818580227902475,-3.579194252632444,-3.5764286316475307,-3.5735856117466307,-3.5706835761334736,-3.5677363980579293,-3.564754584171373,-3.561746117890555,-3.558717084523537,-3.5556721366401205,-3.552614841867162,-3.549547943743794,-3.546473558019396,-3.5433933208327706,-3.5403085009003745,-3.5372200846976742,-3.53412884131343,-3.531035371960262,-3.5279401478709933,-3.5248435393801656,-3.5217458382979108,-3.518647275166613,-3.5155480326039132,-3.5124482556451375,-3.509348059779603,-3.5062475372102595,-3.503146761741284,-3.5000457926035895,-3.4969446774562605,-3.493843454747055,-3.4907421555732965,-3.4876408051523753,-3.4845394239865235,-3.481438028787603,-3.478336633213079,-3.4752352484531075,-3.4721338836999522,-3.4690325465241867,-3.4659312431768963,-3.4628299788329904,-3.4597287577875635,-3.4566275836147162,-3.4535264592963166,-3.450425387326622,-3.447324369797485,-3.444223408467899,-3.4411225048208958,-3.43802166011019,-3.4349208753985114,-3.431820151589177,-3.428719489452143,-3.4256188896455626,-3.4225183527336567,-3.419417879201556,-3.4163174694676726,-3.4132171238940154,-3.4101168427948196,-3.407016626443785,-3.4039164750801545,-3.4008163889138383,-3.3977163681297347,-3.394616412891391,-3.39151652334411,-3.388416699617594,-3.3853169418281968,-3.382217250080861,-3.379117624470781,-3.376018065084833,-3.3729185720028236,-3.3698191452985715,-3.3667197850408614,-3.36362049129429,-3.360521264120014,-3.3574221035764307,-3.3543230097197965,-3.3512239826047994,-3.3481250222850982,-3.345026128813838,-3.341927302244149,-3.338828542629647,-3.3357298500249324,-3.3326312244861125,-3.3295326660713407,-3.3264341748413995,-3.32333575086033,-3.320237394196119,-3.317139104921464,-3.3140408831146333,-3.3109427288604354,-3.307844642251324,-3.304746623388665,-3.3016486723842013,-3.298550789361745,-3.295452974459145,-3.292355227830589,-3.2892575496493057,-3.286159939838794,-3.283062398329341,-3.2799649250573957,-3.2768675199650046,-3.2737701829993093,-3.2706729141120965,-3.26757571325939,-3.264478580401086,-3.261381515500627,-3.2582845185247025,-3.2551875894429796,-3.252090728227864,-3.248993934854281,-3.245897209299474,-3.2428005515428238,-3.2397039615656875,-3.2366074393512467,-3.233510984884373,-3.230414598151503,-3.2273182791405315,-3.224222027840701,-3.2211258442425144,-3.218029728337649,-3.214933680118878,-3.2118376995800024,-3.2087417867157897,-3.205645941521919,-3.2025501639949288,-3.1994544541321748,-3.196358811931798,-3.1932632373926917,-3.1901677305144855,-3.1870722912975253,-3.183976919742876,-3.1808816158523245,-3.177786379628408,-3.1746912110744465,-3.1715961101946024,-3.168501076993963,-3.165406111478655,-3.1623112136560003,-3.159216383534721,-3.156121621125211,-3.1530269264398942,-3.1499322994936962,-3.1468377403046586,-3.1437432488947423,-3.1406488252908864,-3.1375544695263833,-3.1344601816427042,-3.1313659616918836,-3.128271809739671,-3.125177725869694,-3.1220837101889685,-3.1189897628352163,-3.1158958839866027,-3.1128020738747186,-3.109708332801938,-3.1066146611646954,-3.1035210594847555,-3.100427528451349,-3.0973340689780713,-3.094240682279937,-3.0911473699779854,-3.0880541342416388,-3.084960977982949,-3.081867905122313,-3.078774920952893,-3.0756820326416605,-3.0725892499200613,-3.069496586038493,-3.066404059088712,-3.0633116938406784,-3.0602195243004355,-3.057127597281126,-3.0540359774010475,-3.0509447540967027,-3.0478540514879793,-3.044764042290178,-3.0416749674818218,-3.0385871641782267,-3.0355011052307845,-3.0324174556196533,-3.029337152949797,-3.0262615226128347,-3.0231924428985586,-3.0201325821943517,-3.0170857403526457,-3.0140573406936233,-3.011055139838317,-3.008090252206122,-3.005178627868941,-3.0023431803922036,-2.999616838874644,-2.9970468965220314,-2.99470113943696,-2.9926763367844225,-2.9911096888687134,-2.9901936203962833
-3.59280547974405,-3.592015814446026,-3.590647442158359,-3.5888516696957478,-3.586738200735885,-3.5843872766652556,-3.581858016933659,-3.579194246776045,-3.57642862579133,-3.5735856058906337,-3.570683570277687,-3.567736392202356,-3.564754578316014,-3.5617461120354146,-3.5587170786686175,-3.5556721307854238,-3.552614836012691,-3.5495479378895505,-3.5464735521653816,-3.5433933149789856,-3.5403084950468187,-3.537220078844347,-3.5341288354603324,-3.5310353661073943,-3.527940142018355,-3.524843533527756,-3.5217458324457307,-3.518647269314664,-3.5155480267521972,-3.512448249793654,-3.5093480539283513,-3.5062475313592385,-3.503146755890493,-3.500045786753029,-3.49694467160593,-3.4938434488969543,-3.490742149723426,-3.4876407993027367,-3.4845394181371185,-3.48143802293843,-3.478336627364137,-3.4752352426043975,-3.472133877851474,-3.469032540675941,-3.4659312373288813,-3.4628299729852072,-3.459728751940012,-3.4566275777673985,-3.4535264534492316,-3.4504253814797687,-3.4473243639508633,-3.44422340262151,-3.441122498974739,-3.438021654264265,-3.434920869552818,-3.431820145743716,-3.4287194836069146,-3.425618883800566,-3.4225183468888916,-3.419417873357024,-3.4163174636233737,-3.413217118049949,-3.4101168369509858,-3.4070166206001837,-3.4039164692367856,-3.4008163830707017,-3.3977163622868294,-3.3946164070487184,-3.3915165175016697,-3.388416693775385,-3.3853169359862196,-3.3822172442391167,-3.3791176186292686,-3.376018059243554,-3.372918566161778,-3.3698191394577597,-3.3667197792002836,-3.3636204854539447,-3.360521258279902,-3.3574220977365505,-3.3543230038801477,-3.351223976765382,-3.3481250164459135,-3.345026122974886,-3.341927296405431,-3.3388285367911616,-3.33572984418668,-3.3326312186480918,-3.3295326602335527,-3.3264341690038446,-3.323335745023009,-3.3202373883590313,-3.3171390990846104,-3.314040877278014,-3.3109427230240502,-3.3078446364151723,-3.3047466175527482,-3.3016486665485187,-3.298550783526295,-3.295452968623928,-3.292355221995605,-3.2892575438145553,-3.286159934004276,-3.283062392495056,-3.279964919223344,-3.2768675141311854,-3.2737701771657224,-3.2706729082787414,-3.2675757074262672,-3.264478574568196,-3.26138150966797,-3.258284512692278,-3.2551875836107893,-3.252090722395909,-3.2489939290225607,-3.245897203467987,-3.242800545711571,-3.239703955734669,-3.2366074335204624,-3.233510979053822,-3.230414592321187,-3.2273182733104497,-3.224222022010853,-3.2211258384129002,-3.218029722508268,-3.2149336742897296,-3.2118376937510873,-3.2087417808871077,-3.2056459356934703,-3.2025501581667135,-3.199454448304194,-3.196358806104051,-3.1932632315651808,-3.1901677246872104,-3.1870722854704847,-3.1839769139160685,-3.18088161002575,-3.1777863738020664,-3.1746912052483376,-3.1715961043687266,-3.1685010711683215,-3.165406105653248,-3.162311207830828,-3.1592163777097824,-3.1561216153005063,-3.1530269206154236,-3.14993229366946,-3.1468377344806564,-3.143743243070975,-3.1406488194673527,-3.1375544637030837,-3.134460175819638,-3.131365955869052,-3.1282718039170745,-3.1251777200473327,-3.1220837043668426,-3.1189897570133263,-3.115895878164948,-3.1128020680532984,-3.1097083269807526,-3.1066146553437446,-3.103521053664042,-3.100427522630871,-3.097334063157827,-3.0942406764599286,-3.0911473641582123,-3.0880541284221006,-3.0849609721636453,-3.081867899303245,-3.078774915134061,-3.0756820268230634,-3.0725892441016995,-3.069496580220366,-3.06640405327082,-3.063311688023021,-3.060219518483013,-3.0571275914639386,-3.054035971584096,-3.0509447482799867,-3.0478540456714995,-3.044764036473934,-3.0416749616658136,-3.0385871583624535,-3.035501099415246,-3.0324174498043486,-3.029337147134726,-3.026261516797998,-3.0231924370839556,-3.020132576379982,-3.01708573453851,-3.0140573348797197,-3.0110551340246445,-3.0080902463926766,-3.0051786220557206,-3.0023431745792037,-2.999616833061856,-2.997046890709444,-2.994701133624557,-2.9926763309721784,-2.9911096830565924,-2.9901936145842343
-3.5928054736719908,-3.592015808374023,-3.590647436086453,-3.5888516636239682,-3.5867381946642576,-3.584387270593799,-3.5818580108623883,-3.57919424070497,-3.5764286197204584,-3.5735855998199733,-3.570683564207244,-3.567736386132135,-3.56475457224602,-3.561746105965649,-3.5587170725990824,-3.55567212471612,-3.552614829943619,-3.549547931820711,-3.5464735460967765,-3.543393308910616,-3.540308488978687,-3.5372200727764542,-3.534128829392678,-3.531035360039979,-3.5279401359511797,-3.5248435274608227,-3.5217458263790378,-3.518647263248211,-3.5155480206859826,-3.5124482437276776,-3.509348047862613,-3.5062475252937397,-3.5031467498252344,-3.500045780688011,-3.496944665541152,-3.493843442832418,-3.4907421436591313,-3.4876407932386817,-3.4845394120733024,-3.4814380168748538,-3.4783366213008033,-3.475235236541305,-3.472133871788622,-3.4690325346133295,-3.4659312312665116,-3.462829966923078,-3.4597287458781243,-3.456627571705751,-3.453526447387825,-3.450425375418603,-3.447324357889938,-3.444223396560825,-3.441122492914295,-3.438021648204062,-3.434920863492856,-3.4318201396839942,-3.4287194775474323,-3.425618877741325,-3.4225183408298907,-3.4194178672982622,-3.4163174575648516,-3.413217111991667,-3.4101168308929446,-3.407016614542383,-3.4039164631792254,-3.4008163770133835,-3.397716356229754,-3.394616400991885,-3.3915165114450776,-3.3884166877190327,-3.3853169299301085,-3.3822172381832463,-3.3791176125736397,-3.376018053188165,-3.372918560106629,-3.3698191334028507,-3.366719773145615,-3.3636204793995175,-3.360521252225715,-3.3574220916826047,-3.3543229978264435,-3.35122397071192,-3.3481250103926925,-3.3450261169219058,-3.3419272903526913,-3.3388285307386645,-3.3357298381344256,-3.33263121259608,-3.3295326541817833,-3.3264341629523173,-3.323335738971722,-3.320237382307986,-3.317139093033806,-3.314040871227451,-3.3109427169737287,-3.307844630365093,-3.30474661150291,-3.3016486604989224,-3.2985507774769407,-3.295452962574815,-3.292355215946735,-3.2892575377659274,-3.2861599279558913,-3.2830623864469137,-3.279964913175443,-3.2768675080835274,-3.2737701711183083,-3.270672902231571,-3.267575701379339,-3.2644785685215103,-3.2613815036215255,-3.2582845066460746,-3.255187577564826,-3.252090716350186,-3.2489939229770783,-3.2458971974227464,-3.242800539666572,-3.2397039496899107,-3.236607427475946,-3.233510973009548,-3.230414586277155,-3.2273182672666603,-3.2242220159673067,-3.221125832369596,-3.2180297164652063,-3.2149336682469105,-3.211837687708511,-3.208741774844774,-3.205645929651379,-3.2025501521248643,-3.199454442262587,-3.1963588000626864,-3.1932632255240576,-3.190167718646328,-3.1870722794298434,-3.1839769078756692,-3.1808816039855943,-3.1777863677621547,-3.174691199208671,-3.1715960983293043,-3.168501065129144,-3.165406099614315,-3.1623112017921393,-3.1592163716713375,-3.156121609262305,-3.1530269145774645,-3.149932287631744,-3.1468377284431828,-3.143743237033744,-3.1406488134303645,-3.137554457666339,-3.1344601697831367,-3.131365949832793,-3.128271797881058,-3.1251777140115573,-3.1220836983313087,-3.1189897509780353,-3.115895872129901,-3.112802062018494,-3.109708320946191,-3.1066146493094267,-3.1035210476299664,-3.1004275165970387,-3.0973340571242387,-3.0942406704265832,-3.0911473581251103,-3.0880541223892437,-3.0849609661310327,-3.081867893270876,-3.0787749091019347,-3.075682020791181,-3.0725892380700612,-3.0694965741889724,-3.0664040472396707,-3.0633116819921167,-3.0602195124523526,-3.057127585433522,-3.054035965553923,-3.0509447422500573,-3.047854039641813,-3.044764030444491,-3.0416749556366143,-3.038587152333497,-3.035501093386532,-3.032417443775877,-3.0293371411064984,-3.0262615107700133,-3.0231924310562146,-3.0201325703524833,-3.017085728511252,-3.0140573288527026,-3.0110551279978663,-3.008090240366135,-3.005178616029411,-3.002343168553121,-2.999616827035993,-2.9970468846837885,-2.994701127599091,-2.9926763249468764,-2.9911096770314165,-2.9901936085591325
-3.5928054673773575,-3.592015802079447,-3.5906474297919777,-3.588851657329626,-3.5867381883700715,-3.58438726429979,-3.581858004568571,-3.5791942344113554,-3.576428613427056,-3.5735855935267917,-3.570683557914287,-3.567736379839408,-3.5647545659535265,-3.5617460996733925,-3.558717066307066,-3.555672118424346,-3.5526148236520885,-3.549547925529425,-3.5464735398057354,-3.5433933026198208,-3.5403084826881375,-3.537220066486152,-3.5341288231026247,-3.531035353750173,-3.5279401296616215,-3.524843521171512,-3.5217458200899743,-3.518647256959395,-3.5155480143974147,-3.5124482374393584,-3.5093480415745426,-3.506247519005918,-3.5031467435376613,-3.5000457744006868,-3.4969446592540763,-3.4938434365455904,-3.490742137372552,-3.4876407869523502,-3.48453940578722,-3.481438010589021,-3.478336615015219,-3.475235230255969,-3.472133865503535,-3.4690325283284906,-3.465931224981922,-3.462829960638737,-3.459728739594032,-3.4566275654219076,-3.4535264411042306,-3.4504253691352575,-3.4473243516068424,-3.4442233902779793,-3.4411224866316976,-3.4380216419217127,-3.4349208572107557,-3.4318201334021428,-3.428719471265829,-3.4256188714599696,-3.422518334548785,-3.419417861017408,-3.416317451284249,-3.4132171057113148,-3.410116824612842,-3.4070166082625293,-3.403916456899621,-3.4008163707340278,-3.397716349950648,-3.394616394713029,-3.391516505166472,-3.3884166814406775,-3.385316923652003,-3.3822172319053903,-3.379117606296033,-3.3760180469108083,-3.372918553829523,-3.3698191271259947,-3.3667197668690094,-3.3636204731231625,-3.3605212459496108,-3.3574220854067516,-3.354322991550841,-3.351223964436567,-3.34812500411759,-3.3450261106470536,-3.34192728407809,-3.3388285244643128,-3.3357298318603243,-3.3326312063222288,-3.3295326479081813,-3.3264341566789652,-3.323335732698622,-3.320237376035137,-3.317139086761209,-3.3140408649551043,-3.3109427107016316,-3.307844624093245,-3.3047466052313115,-3.301648654227574,-3.2985507712058437,-3.2954529563039694,-3.2923552096761406,-3.289257531495584,-3.286159921685799,-3.2830623801770717,-3.2799649069058514,-3.2768675018141855,-3.2737701648492163,-3.270672895962729,-3.2675756951107484,-3.2644785622531707,-3.2613814973534385,-3.2582845003782395,-3.2551875712972422,-3.2520907100828533,-3.2489939167099977,-3.2458971911559176,-3.242800533399995,-3.2397039434235855,-3.2366074212098717,-3.2335109667437245,-3.2304145800115824,-3.2273182610013373,-3.2242220097022343,-3.2211258261047746,-3.218029710200636,-3.214933661982592,-3.2118376814444436,-3.208741768580959,-3.2056459233878156,-3.202550145861553,-3.199454435999527,-3.196358793799878,-3.193263219261501,-3.190167712384022,-3.18707227316779,-3.183976901613867,-3.1808815977240426,-3.1777863615008544,-3.174691192947621,-3.1715960920685062,-3.1685010588685967,-3.165406093354019,-3.162311195532095,-3.1592163654115444,-3.156121603002763,-3.153026908318175,-3.149932281372706,-3.146837722184398,-3.1437432307752124,-3.1406488071720853,-3.137554451408312,-3.1344601635253624,-3.1313659435752705,-3.1282717916237868,-3.1251777077545384,-3.122083692074541,-3.1189897447215187,-3.1158958658736347,-3.1128020557624803,-3.1097083146904296,-3.106614643053918,-3.10352104137471,-3.100427510342035,-3.097334050869488,-3.0942406641720854,-3.091147351870865,-3.0880541161352495,-3.0849609598772902,-3.081867887017386,-3.078774902848698,-3.0756820145381973,-3.072589231817329,-3.069496567936492,-3.066404040987443,-3.063311675740141,-3.060219506200629,-3.0571275791820507,-3.054035959302704,-3.0509447359990904,-3.047854033391099,-3.0447640241940284,-3.041674949386404,-3.0385871460835396,-3.035501087136828,-3.032417437526427,-3.0293371348573013,-3.0262615045210697,-3.023192424807523,-3.0201325641040433,-3.0170857222630625,-3.0140573226047622,-3.011055121750173,-3.008090234118687,-3.0051786097822055,-3.002343162306151,-2.9996168207892495,-2.997046878437261,-2.994701121352761,-2.9926763187007173,-2.991109670785391,-2.9901936023131843
-3.5928054608520066,-3.592015795554155,-3.5906474232667898,-3.588851650804576,-3.586738181845185,-3.584387257775085,-3.581857998044063,-3.579194227887058,-3.5764286069029794,-3.573585587002943,-3.570683551390673,-3.5677363733160323,-3.564754559430393,-3.561746093150504,-3.558717059784425,-3.5556721119019543,-3.552614817129948,-3.549547919007536,-3.546473533284099,-3.5433932960984382,-3.540308476167009,-3.5372200599652777,-3.534128816582005,-3.5310353472298104,-3.527940123141515,-3.524843514651661,-3.5217458135703814,-3.5186472504400594,-3.5155480078783357,-3.512448230920535,-3.509348035055976,-3.506247512487608,-3.503146737019607,-3.50004576788289,-3.496944652736538,-3.4938434300283108,-3.490742130855531,-3.4876407804355885,-3.484539399270716,-3.4814380040727744,-3.4783366084992298,-3.475235223740238,-3.4721338589880633,-3.4690325218132774,-3.4659312184669666,-3.4628299541240404,-3.459728733079593,-3.4566275589077264,-3.453526434590306,-3.4504253626215906,-3.447324345093432,-3.444223383764826,-3.441122480118803,-3.438021635409077,-3.4349208506983793,-3.4318201268900252,-3.4287194647539723,-3.4256188649483725,-3.422518328037447,-3.4194178545063285,-3.416317444773428,-3.4132170992007533,-3.4101168181025403,-3.4070166017524874,-3.4039164503898394,-3.400816364224506,-3.3977163434413846,-3.3946163882040232,-3.391516498657724,-3.3884166749321887,-3.385316917143773,-3.3822172253974196,-3.3791175997883207,-3.3760180404033555,-3.3729185473223295,-3.3698191206190597,-3.3667197603623333,-3.3636204666167444,-3.360521239443451,-3.357422078900851,-3.354322985045199,-3.351223957931185,-3.3481249976124676,-3.3450261041421907,-3.341927277573486,-3.3388285179599686,-3.335729825356238,-3.332631199818402,-3.329532641404614,-3.3264341501756567,-3.3233357261955714,-3.3202373695323453,-3.3171390802586758,-3.3140408584528314,-3.3109427041996193,-3.3078446175914924,-3.3047465987298192,-3.301648647726342,-3.2985507647048706,-3.295452949803255,-3.2923552031756858,-3.2892575249953886,-3.2861599151858636,-3.283062373677398,-3.2799649004064397,-3.2768674953150354,-3.2737701583503274,-3.2706728894641017,-3.267575688612382,-3.2644785557550655,-3.2613814908555936,-3.2582844938806543,-3.2551875647999173,-3.2520907035857887,-3.248993910213193,-3.245897184659372,-3.242800526903709,-3.2397039369275595,-3.2366074147141055,-3.233510960248218,-3.2304145735163363,-3.2273182545063515,-3.2242220032075077,-3.2211258196103087,-3.21802970370643,-3.214933655488646,-3.2118376749507576,-3.2087417620875343,-3.205645916894652,-3.20255013936865,-3.199454429506886,-3.1963587873074983,-3.1932632127693825,-3.1901677058921662,-3.1870722666761955,-3.1839768951225342,-3.180881591232972,-3.177786355010045,-3.174691186457072,-3.1715960855782175,-3.168501052378568,-3.1654060868642517,-3.162311189042588,-3.159216358922299,-3.1561215965137785,-3.153026901829451,-3.149932274884242,-3.1468377156961944,-3.143743224287269,-3.1406488006844016,-3.1375544449208888,-3.1344601570382,-3.13136593708837,-3.128271785137149,-3.1251777012681625,-3.122083685588427,-3.118989738235666,-3.1158958593880435,-3.112802049277151,-3.1097083082053625,-3.106614636569112,-3.1035210348901647,-3.10042750385775,-3.097334044385464,-3.0942406576883217,-3.0911473453873626,-3.0880541096520084,-3.084960953394311,-3.0818678805346686,-3.0787748963662422,-3.075682008056002,-3.072589225335396,-3.06949656145482,-3.066404034506033,-3.0633116692589923,-3.060219499719743,-3.0571275727014275,-3.054035952822344,-3.050944729518993,-3.0478540269112644,-3.0447640177144564,-3.0416749429070946,-3.038587139604492,-3.0355010806580425,-3.0324174310479037,-3.02933712837904,-3.0262614980430684,-3.0231924183297822,-3.020132557626563,-3.017085715785843,-3.014057316127801,-3.0110551152734697,-3.008090227642237,-3.0051786033060055,-3.002343155830195,-2.99961681431353,-2.997046871961764,-2.9947011148774676,-2.992676312225601,-2.9911096643104114,-2.9901935958382846
-3.5928054540874528,-3.5920157887896615,-3.590647416502403,-3.5888516440403304,-3.5867381750811096,-3.5843872510112007,-3.5818579912803856,-3.579194221123599,-3.5764286001397485,-3.573585580239947,-3.570683544627918,-3.567736366553524,-3.5647545526681355,-3.561746086388501,-3.5587170530226793,-3.555672105140468,-3.552614810368722,-3.5495479122465725,-3.5464735265233975,-3.5433932893380002,-3.5403084694068343,-3.537220053205369,-3.534128809822362,-3.531035340470433,-3.5279401163824042,-3.5248435078928173,-3.521745806811802,-3.5186472436817455,-3.5155480011202873,-3.512448224162754,-3.509348028298463,-3.5062475057303626,-3.5031467302626305,-3.5000457611261804,-3.4969446459800952,-3.4938434232721343,-3.49074212409962,-3.487640773679943,-3.4845393925153365,-3.481437997317662,-3.4783366017443846,-3.4752352169856615,-3.472133852233754,-3.4690325150592374,-3.465931211713195,-3.462829947370537,-3.459728726326358,-3.456627552154759,-3.453526427837607,-3.450425355869161,-3.4473243383412715,-3.4442233770129342,-3.4411224733671792,-3.438021628657721,-3.4349208439472916,-3.4318201201392053,-3.42871945800342,-3.4256188581980886,-3.42251832128743,-3.419417847756579,-3.416317438023946,-3.413217092451539,-3.410116811353593,-3.4070165950038085,-3.403916443641428,-3.4008163574763635,-3.3977163366935104,-3.394616381456418,-3.391516491910388,-3.388416668185121,-3.3853169103969734,-3.3822172186508883,-3.37911759304206,-3.3760180336573633,-3.372918540576606,-3.3698191138736058,-3.3667197536171485,-3.3636204598718296,-3.360521232698806,-3.3574220721564734,-3.35432297830109,-3.3512239511873445,-3.3481249908688953,-3.3450260973988875,-3.341927270830451,-3.3388285112172014,-3.3357298186137396,-3.332631193076172,-3.3295326346626535,-3.3264341434339664,-3.323335719454152,-3.320237362791196,-3.3171390735177964,-3.3140408517122215,-3.3109426974592786,-3.3078446108514226,-3.3047465919900194,-3.301648640986811,-3.29855075796561,-3.2954529430642636,-3.2923551964369637,-3.2892575182569357,-3.2861599084476794,-3.283062366939482,-3.2799648936687933,-3.2768674885776585,-3.27377015161322,-3.270672882727264,-3.267575681875814,-3.2644785490187673,-3.261381484119565,-3.258284487144896,-3.255187558064429,-3.2520906968505714,-3.248993903478246,-3.245897177924696,-3.2428005201693035,-3.2397039301934245,-3.2366074079802414,-3.2335109535146254,-3.230414566783014,-3.2273182477733005,-3.224221996474727,-3.2211258128777978,-3.2180296969741895,-3.2149336487566758,-3.211837668219058,-3.2087417553561033,-3.205645910163491,-3.2025501326377572,-3.1994544227762614,-3.1963587805771443,-3.193263206039298,-3.1901676991623504,-3.187072259946649,-3.183976888393257,-3.1808815845039637,-3.177786348281306,-3.1746911797286037,-3.1715960788500186,-3.1685010456506384,-3.1654060801365915,-3.162311182315198,-3.159216352195179,-3.156121589786929,-3.153026895102873,-3.1499322681579356,-3.1468377089701587,-3.143743217561504,-3.140648793958908,-3.137554438195666,-3.1344601503132483,-3.131365930363689,-3.1282717784127376,-3.1251776945440213,-3.122083678864556,-3.118989731512066,-3.115895852664715,-3.112802042554092,-3.1097083014825744,-3.1066146298465953,-3.1035210281679197,-3.100427497135777,-3.0973340376637624,-3.094240650966893,-3.091147338666205,-3.0880541029311215,-3.0849609466736947,-3.0818678738143235,-3.078774889646168,-3.0756820013361996,-3.0725892186158643,-3.06949655473556,-3.0664040277870455,-3.0633116625402774,-3.0602194930013003,-3.057127565983258,-3.054035946104446,-3.0509447228013675,-3.0478540201939106,-3.0447640109973753,-3.0416749361902844,-3.038587132887954,-3.0355010739417763,-3.032417424331908,-3.029337121663314,-3.026261491327614,-3.023192411614599,-3.02013255091165,-3.0170857090711984,-3.0140573094134244,-3.0110551085593573,-3.008090220928388,-3.0051785965924145,-3.002343149116857,-2.9996168076004346,-2.997046865248899,-2.994701108164813,-2.992676305513129,-2.9911096575980802,-2.9901935891260356
-3.592805447074935,-3.5920157817772083,-3.590647409490061,-3.5888516370281365,-3.586738168069092,-3.58438724399938,-3.5818579842687788,-3.579194214112219,-3.5764285931286066,-3.573585573229052,-3.5706835376172754,-3.567736359543138,-3.5647545456580088,-3.561746079378637,-3.5587170460130793,-3.5556720981311347,-3.5526148033596576,-3.5495479052377794,-3.5464735195148784,-3.543393282329755,-3.540308462398863,-3.537220046197671,-3.5341288028149376,-3.5310353334632807,-3.5279401093755256,-3.5248435008862127,-3.521745799805473,-3.5186472366756933,-3.515547994114514,-3.5124482171572597,-3.5093480212932464,-3.5062474987254233,-3.5031467232579674,-3.5000457541217944,-3.4969446389759873,-3.493843416268304,-3.490742117096068,-3.4876407666766696,-3.4845393855123414,-3.481437990314944,-3.478336594741944,-3.4752352099834956,-3.472133845231865,-3.469032508057624,-3.465931204711858,-3.4628299403694776,-3.459728719325577,-3.456627545154256,-3.453526420837382,-3.450425348869212,-3.4473243313416,-3.4442233700135403,-3.4411224663680637,-3.438021621658884,-3.434920836948732,-3.431820113140924,-3.428719451005416,-3.4256188512003627,-3.4225183142899827,-3.4194178407594102,-3.4163174310270557,-3.413217085454926,-3.41011680435726,-3.407016588007754,-3.4039164366456522,-3.400816350480864,-3.3977163296982895,-3.3946163744614757,-3.3915164849157247,-3.388416661190737,-3.385316903402869,-3.3822172116570637,-3.379117586048514,-3.376018026664097,-3.3729185335836185,-3.3698191068808963,-3.3667197466247165,-3.363620452879675,-3.36052122570693,-3.3574220651648767,-3.354322971309773,-3.351223944196306,-3.3481249838781366,-3.345026090408408,-3.3419272638402506,-3.3388285042272803,-3.3357298116240983,-3.33263118608681,-3.329532627673571,-3.326434136445164,-3.3233357124656284,-3.320237355802951,-3.31713906652983,-3.3140408447245324,-3.310942690471868,-3.3078446038642895,-3.304746585003165,-3.3016486340002364,-3.2985507509793144,-3.2954529360782474,-3.2923551894512264,-3.289257511271478,-3.2861599014625016,-3.2830623599545836,-3.279964886684173,-3.2768674815933165,-3.273770144629156,-3.2706728757434784,-3.267575674892307,-3.2644785420355387,-3.2613814771366156,-3.2582844801622266,-3.2551875510820394,-3.252090689868461,-3.2489938964964153,-3.2458971709431452,-3.242800513188032,-3.2397039232124327,-3.2366074009995294,-3.233510946534193,-3.230414559802862,-3.227318240793428,-3.2242219894951356,-3.221125805898486,-3.2180296899951575,-3.214933641777924,-3.2118376612405863,-3.2087417483779115,-3.205645903185579,-3.2025501256601268,-3.1994544157989115,-3.1963587736000743,-3.193263199062509,-3.1901676921858417,-3.1870722529704203,-3.1839768814173084,-3.180881577528297,-3.177786341305921,-3.1746911727534997,-3.1715960718751957,-3.168501038676097,-3.16540607316233,-3.1623111753412165,-3.1592163452214774,-3.156121582813508,-3.1530268881297316,-3.1499322611850746,-3.1468377019975784,-3.143743210589204,-3.1406487869868887,-3.137554431223928,-3.134460143341792,-3.131365923392515,-3.1282717714418453,-3.125177687573411,-3.122083671894228,-3.118989724542021,-3.1158958456949515,-3.1128020355846098,-3.1097082945133727,-3.1066146228776743,-3.1035210211992794,-3.1004274901674163,-3.0973340306956816,-3.094240643999092,-3.091147331698685,-3.088054095963883,-3.0849609397067383,-3.081867866847647,-3.0787748826797716,-3.075681994370084,-3.0725892116500306,-3.069496547770008,-3.0664040208217735,-3.063311655575286,-3.06021948603659,-3.057127559018828,-3.0540359391402983,-3.0509447158375007,-3.047854013230324,-3.0447640040340693,-3.0416749292272605,-3.0385871259252126,-3.0355010669793163,-3.0324174173697287,-3.029337114701416,-3.026261484365996,-3.023192404653261,-3.0201325439505915,-3.017085702110419,-3.014057302452922,-3.0110551015991316,-3.008090213968436,-3.0051785896327323,-3.002343142157438,-2.9996168006412707,-2.9970468582899756,-2.994701101206111,-2.992676298554618,-2.9911096506397175,-2.99019358216776
-3.592805439805375,-3.5920157745077135,-3.5906474022206822,-3.5888516297589104,-3.586738160800046,-3.584387236730538,-3.581857977000158,-3.579194206843834,-3.5764285858604667,-3.5735855659611646,-3.5706835303496485,-3.5677363522757775,-3.56475453839092,-3.5617460721118235,-3.558717038746544,-3.555672090864878,-3.552614796093682,-3.549547897972085,-3.546473512249466,-3.543393275064625,-3.5403084551340163,-3.5372200389331074,-3.5341287955506586,-3.5310353261992886,-3.527940102111821,-3.5248434936227953,-3.5217457925423434,-3.5186472294128515,-3.5155479868519586,-3.5124482098949894,-3.5093480140312616,-3.5062474914637245,-3.503146715996554,-3.5000457468606667,-3.4969446317151442,-3.4938434090077464,-3.4907421098357974,-3.487640759416686,-3.484539378252645,-3.481437983055536,-3.4783365874828243,-3.4752352027246642,-3.472133837973321,-3.4690325007993685,-3.4659311974538904,-3.462829933111797,-3.4597287120681828,-3.456627537897149,-3.4535264135805632,-3.4504253416126813,-3.4473243240853577,-3.4442233627575867,-3.441122459112397,-3.438021614403505,-3.4349208296936404,-3.431820105886121,-3.4287194437509014,-3.4256188439461366,-3.422518307036045,-3.419417833505761,-3.416317423773695,-3.4132170782018543,-3.410116797104475,-3.407016580755257,-3.4039164293934436,-3.400816343228945,-3.3977163224466596,-3.3946163672101353,-3.391516477664673,-3.3884166539399736,-3.385316896152394,-3.382217204406876,-3.379117578798614,-3.376018019414485,-3.3729185263342947,-3.3698190996318607,-3.36671973937597,-3.3636204456312186,-3.360521218458763,-3.357422057916999,-3.354322964062184,-3.351223936949007,-3.348124976631125,-3.345026083161685,-3.3419272565938165,-3.338828496981135,-3.3357298043782415,-3.3326311788412424,-3.329532620428292,-3.3264341292001722,-3.323335705220926,-3.3202373485585377,-3.317139059285706,-3.314040837480699,-3.3109426832283244,-3.3078445966210355,-3.3047465777602003,-3.301648626757561,-3.298550743736928,-3.2954529288361507,-3.2923551822094193,-3.289257504029961,-3.2861598942212744,-3.283062352713646,-3.279964879443526,-3.2768674743529593,-3.273770137389089,-3.2706728685037,-3.267575667652818,-3.2644785347963388,-3.2613814698977053,-3.258284472923605,-3.2551875438437072,-3.252090682630418,-3.248993889258662,-3.2458971637056813,-3.2428005059508584,-3.2397039159755487,-3.236607393762935,-3.233510939297889,-3.2304145525668484,-3.2273182335577055,-3.2242219822597047,-3.2211257986633464,-3.2180296827603088,-3.2149336345433657,-3.211837654006318,-3.208741741143933,-3.205645895951891,-3.2025501184267298,-3.199454408565805,-3.196358766367258,-3.1932631918299825,-3.1901676849536065,-3.187072245738475,-3.1839768741856536,-3.1808815702969313,-3.1777863340748445,-3.174691165522713,-3.1715960646447003,-3.168501031445893,-3.1654060659324177,-3.1623111681115956,-3.159216337992149,-3.1561215755844714,-3.153026880900987,-3.1499322539566217,-3.146837694769417,-3.143743203361334,-3.1406487797593092,-3.137554423996638,-3.134460136114792,-3.131365916165805,-3.1282717642154267,-3.1251776803472833,-3.122083664668392,-3.118989717316475,-3.1158958384696973,-3.1128020283596483,-3.1097082872887034,-3.1066146156532968,-3.103521013975195,-3.1004274829436254,-3.097334023472184,-3.094240636775886,-3.091147324475771,-3.0880540887412606,-3.084960932484407,-3.081867859625608,-3.0787748754580253,-3.0756819871486303,-3.072589204428868,-3.069496540549137,-3.0664040136011947,-3.063311648354999,-3.060219478816594,-3.0571275517991228,-3.054035931920883,-3.0509447086183767,-3.0478540060114914,-3.0447639968155276,-3.0416749220090096,-3.0385871187072517,-3.035501059761647,-3.0324174101523536,-3.029337107484334,-3.026261477149207,-3.0231923974367634,-3.0201325367343843,-3.0170856948945013,-3.0140572952372926,-3.011055094383788,-3.0080902067533755,-3.00517858241795,-3.002343134942928,-2.9996167934270224,-2.9970468510759756,-2.994701093992338,-2.992676291341042,-2.991109643426294,-2.9901935749544246
-3.5928054322693446,-3.59201576697175,-3.590647394684837,-3.5888516222232236,-3.5867381532645464,-3.5843872291952485,-3.5818579694650987,-3.57919419930902,-3.5764285783259084,-3.5735855584268714,-3.5706835228156257,-3.56773634474203,-3.5647545308574515,-3.561746064578638,-3.5587170312136447,-3.5556720833322677,-3.552614788561362,-3.549547890440057,-3.54647350471773,-3.543393267533182,-3.5403084476028677,-3.537220031402255,-3.534128788020101,-3.5310353186690273,-3.5279400945818544,-3.5248434860931255,-3.5217457850129708,-3.518647221883776,-3.5155479793231796,-3.5124482023665085,-3.5093480065030787,-3.506247483935838,-3.5031467084689654,-3.500045739333375,-3.4969446241881497,-3.4938434014810498,-3.4907421023093974,-3.4876407518905834,-3.4845393707268393,-3.4814379755300275,-3.478336579957613,-3.475235195199752,-3.472133830448708,-3.4690324932750545,-3.465931189929876,-3.462829925588083,-3.4597287045447676,-3.4566275303740333,-3.4535264060577453,-3.4504253340901627,-3.447324316563137,-3.444223355235664,-3.441122451590773,-3.438021606882179,-3.4349208221726135,-3.431820098365392,-3.4287194362304705,-3.4256188364260036,-3.4225182995162116,-3.419417825986227,-3.41631741625446,-3.4132170706829195,-3.4101167895858406,-3.4070165732369215,-3.4039164218754077,-3.400816335711208,-3.3977163149292213,-3.394616359692995,-3.391516470147831,-3.388416646423431,-3.385316888636151,-3.382217196890932,-3.379117571282969,-3.3760180118991387,-3.372918518819248,-3.3698190921171136,-3.3667197318615227,-3.3636204381170707,-3.360521210944914,-3.3574220504034495,-3.3543229565489336,-3.3512239294360557,-3.3481249691184733,-3.345026075649332,-3.3419272490817638,-3.3388284894693814,-3.335729796866787,-3.3326311713300867,-3.329532612917435,-3.326434121689615,-3.3233356977106676,-3.3202373410485793,-3.317139051776048,-3.3140408299713404,-3.3109426757192657,-3.307844589112277,-3.304746570251742,-3.3016486192494034,-3.298550736229072,-3.2954529213285957,-3.292355174702164,-3.2892574965230055,-3.2861598867146182,-3.2830623452072905,-3.27996487193747,-3.276867466847203,-3.273770129883633,-3.270672860998545,-3.2675756601479646,-3.2644785272917867,-3.261381462393454,-3.258284465419655,-3.2551875363400575,-3.2520906751270693,-3.2489938817556134,-3.2458971562029335,-3.242800498448411,-3.239703908473402,-3.2366073862610887,-3.2335109317963426,-3.230414545065602,-3.2273182260567586,-3.224221974759057,-3.2211257911629994,-3.218029675260263,-3.21493362704362,-3.211837646506873,-3.2087417336447905,-3.2056458884530494,-3.2025501109281884,-3.199454401067564,-3.1963587588693176,-3.1932631843323436,-3.1901676774562686,-3.1870722382414387,-3.183976866688919,-3.1808815628004994,-3.177786326578714,-3.1746911580268837,-3.1715960571491713,-3.1685010239506637,-3.16540605843749,-3.162311160616969,-3.1592163304978236,-3.1561215680904464,-3.1530268734072635,-3.1499322464631994,-3.1468376872762964,-3.1437431958685154,-3.140648772266794,-3.1375544165044262,-3.1344601286228824,-3.1313659086741974,-3.1282717567241205,-3.125177672856278,-3.122083657177688,-3.1189897098260726,-3.115895830979596,-3.1128020208698475,-3.1097082797992024,-3.1066146081640964,-3.1035210064862944,-3.1004274754550254,-3.097334015983885,-3.0942406292878886,-3.0911473169880743,-3.088054081253866,-3.0849609249973144,-3.0818678521388176,-3.0787748679715365,-3.0756819796624435,-3.072589196942984,-3.0694965330635555,-3.0664040061159152,-3.0633116408700216,-3.0602194713319197,-3.0571275443147514,-3.054035924436814,-3.050944701134611,-3.04785399852803,-3.044763989332371,-3.041674914526156,-3.038587111224702,-3.0355010522794004,-3.0324174026704083,-3.029337100002691,-3.026261469667866,-3.023192389955725,-3.0201325292536474,-3.017085687414065,-3.014057287757156,-3.0110550869039487,-3.00809019927383,-3.005178574938694,-3.0023431274639547,-2.999616785948321,-2.9970468435975315,-2.99470108651413,-2.992676283863037,-2.9911096359484466,-2.9901935674766693
-3.5928054244570813,-3.5920157591595583,-3.5906473868727686,-3.5888516144113187,-3.5867381454528386,-3.58438722138376,-3.581857961653847,-3.579194191498019,-3.576428570515172,-3.5735855506164085,-3.570683515005442,-3.567736336932133,-3.5647545230478443,-3.561746056769323,-3.558717023404625,-3.5556720755235456,-3.5526147807529402,-3.5495478826319364,-3.546473496909912,-3.5433932597256685,-3.5403084397956595,-3.5372200235953515,-3.534128780213504,-3.5310353108627357,-3.5279400867758706,-3.5248434782874485,-3.521745777207601,-3.518647214078713,-3.5155479715184255,-3.512448194562062,-3.50934799869894,-3.506247476132009,-3.503146700665445,-3.500045731530163,-3.4969446163852473,-3.493843393678456,-3.4907420945071137,-3.487640744088609,-3.484539362925174,-3.4814379677286706,-3.478336572156565,-3.475235187399012,-3.4721338226482747,-3.4690324854749286,-3.465931182130059,-3.4628299177885737,-3.4597286967455685,-3.4566275225751437,-3.453526398259166,-3.450425326291892,-3.4473243087651753,-3.4442233474380117,-3.44112244379343,-3.4380215990851464,-3.434920814375891,-3.4318200905689786,-3.428719428434367,-3.425618828630211,-3.422518291720729,-3.419417818191054,-3.416317408459597,-3.413217062888365,-3.4101167817915954,-3.407016565442987,-3.4039164140817832,-3.400816327917895,-3.397716307136219,-3.3946163519003028,-3.3915164623554483,-3.388416638631358,-3.3853168808443868,-3.3822171890994785,-3.379117563491826,-3.3760180041083063,-3.372918511028725,-3.3698190843269002,-3.3667197240716193,-3.363620430327477,-3.3605212031556304,-3.357422042614476,-3.3543229487602706,-3.351223921647703,-3.3481249613304325,-3.345026067861602,-3.341927241294344,-3.338828481682273,-3.33572978907999,-3.332631163543601,-3.3295326051312615,-3.3264341139037534,-3.3233356899251176,-3.3202373332633406,-3.31713904399112,-3.3140408221867235,-3.310942667934959,-3.3078445813282817,-3.304746562468057,-3.301648611466029,-3.2985507284460067,-3.295452913545841,-3.2923551669197195,-3.2892574887408728,-3.2861598789327973,-3.283062337425781,-3.2799648641562715,-3.2768674590663167,-3.273770122103058,-3.2706728532182825,-3.2675756523680133,-3.2644785195121475,-3.261381454614126,-3.258284457640638,-3.2551875285613527,-3.2520906673486754,-3.248993873977531,-3.2458971484251626,-3.242800490670952,-3.239703900696256,-3.2366073784842553,-3.233510924019822,-3.230414537289393,-3.2273182182808626,-3.2242219669834737,-3.2211257833877283,-3.218029667485303,-3.2149336192689724,-3.2118376387325385,-3.208741725870768,-3.2056458806793384,-3.2025501031547896,-3.1994543932944786,-3.196358751096543,-3.1932631765598796,-3.1901676696841155,-3.1870722304695978,-3.1839768589173887,-3.1808815550292797,-3.1777863188078057,-3.1746911502562876,-3.1715960493788877,-3.1685010161806932,-3.165406050667832,-3.1623111528476238,-3.1592163227287906,-3.1561215603217265,-3.1530268656388567,-3.149932238695105,-3.146837679508514,-3.1437431881010447,-3.1406487644996353,-3.1375544087375795,-3.134460120856348,-3.131365900907974,-3.128271748958209,-3.12517766509068,-3.1220836494124033,-3.1189897020611013,-3.1158958232149385,-3.112802013105504,-3.1097082720351743,-3.1066146004003827,-3.1035209987228956,-3.1004274676919397,-3.0973340082211127,-3.094240621525431,-3.091147309225932,-3.088054073492037,-3.084960917235799,-3.0818678443776157,-3.0787748602106486,-3.075681971901869,-3.0725891891827235,-3.069496525303608,-3.066403998356282,-3.0633116331107018,-3.0602194635729125,-3.0571275365560573,-3.054035916678433,-3.0509446933765427,-3.047853990770274,-3.0447639815749286,-3.0416749067690283,-3.0385871034678873,-3.035501044522898,-3.0324173949142192,-3.0293370922468146,-3.026261461912301,-3.0231923822004716,-3.0201325214987054,-3.0170856796594334,-3.0140572800028336,-3.011055079149933,-3.0080901915201186,-3.0051785671852826,-3.0023431197108366,-2.9996167781954854,-2.9970468358449636,-2.994701078761807,-2.9926762761109265,-2.991109628196499,-2.990193559724818
-3.5928054163584573,-3.5920157510610085,-3.5906473787743485,-3.588851606313069,-3.586738137354791,-3.5843872132859396,-3.5818579535562742,-3.5791941834007064,-3.576428562418131,-3.5735855425196474,-3.570683506908972,-3.5677363288359576,-3.56475451495197,-3.5617460486737533,-3.5587170153093624,-3.555672067428592,-3.552614772658298,-3.5495478745376072,-3.5464734888158977,-3.54339325163197,-3.540308431702278,-3.537220015502287,-3.534128772120757,-3.5310353027703076,-3.5279400786837605,-3.5248434701956555,-3.5217457691161256,-3.5186472059875546,-3.5155479634275832,-3.5124481864715373,-3.5093479906087337,-3.5062474680421216,-3.503146692575877,-3.500045723440917,-3.496944608296322,-3.493843385589851,-3.490742086418828,-3.487640736000644,-3.4845393548375307,-3.4814379596413496,-3.478336564069565,-3.475235179312333,-3.4721338145619174,-3.4690324773888928,-3.465931174044343,-3.462829909703178,-3.459728688660492,-3.4566275144903864,-3.453526390174728,-3.4504253182077758,-3.447324300681381,-3.4442233393545396,-3.441122435710281,-3.4380215910023186,-3.434920806293384,-3.4318200824867926,-3.4287194203525027,-3.4256188205486664,-3.4225182836395036,-3.419417810110148,-3.416317400379011,-3.4132170548080993,-3.4101167737116502,-3.407016557363362,-3.40391640600248,-3.400816319838911,-3.3977162990575556,-3.3946163438219608,-3.3915164542774283,-3.38841663055366,-3.38531687276701,-3.3822171810224235,-3.379117555415093,-3.3760179960318957,-3.3729185029526367,-3.369819076251135,-3.3667197159961755,-3.363620422252355,-3.3605211950808296,-3.357422034539997,-3.3543229406861137,-3.3512239135738686,-3.348124953256921,-3.345026059788414,-3.3419272332214787,-3.3388284736097305,-3.3357297810077697,-3.3326311554717036,-3.329532597059685,-3.326434105832499,-3.323335681854185,-3.320237325192729,-3.3171390359208295,-3.3140408141167548,-3.3109426598653138,-3.3078445732589583,-3.304746554399056,-3.3016486033973504,-3.2985507203776514,-3.295452905477808,-3.29235515885201,-3.2892574806734847,-3.2861598708657325,-3.283062329359039,-3.2799648560898533,-3.276867451000222,-3.2737701140372866,-3.2706728451528337,-3.2675756443028874,-3.2644785114473445,-3.2613814465496462,-3.2582844495764816,-3.2551875204975187,-3.252090659285164,-3.2489938659143425,-3.245897140362297,-3.2428004826084096,-3.2397038926340356,-3.236607370422358,-3.233510915958247,-3.230414529228141,-3.227318210219933,-3.2242219589228664,-3.2211257753274443,-3.218029659425342,-3.2149336112093345,-3.211837630673223,-3.208741717811775,-3.2056458726206687,-3.202550095096443,-3.199454385236456,-3.196358743038846,-3.1932631685025075,-3.1901676616270676,-3.1870722224128736,-3.1839768508609896,-3.180881546973204,-3.177786310752055,-3.174691142200861,-3.1715960413237845,-3.168501008125914,-3.1654060426133763,-3.1623111447934917,-3.159216314674982,-3.1561215522682415,-3.153026857585695,-3.1499322306422672,-3.1468376714560002,-3.143743180048856,-3.14064875644777,-3.1375544006860374,-3.1344601128051304,-3.1313658928570827,-3.1282717409076426,-3.125177657040439,-3.122083641362486,-3.1189896940115087,-3.1158958151656697,-3.1128020050565604,-3.1097082639865543,-3.1066145923520865,-3.1035209906749226,-3.100427459644292,-3.0973340001737886,-3.0942406134784295,-3.0911473011792543,-3.088054065445684,-3.0849609091897703,-3.081867836331912,-3.07877485216527,-3.075681963856815,-3.0725891811379937,-3.0694965172592035,-3.0664039903122022,-3.0633116250669477,-3.0602194555294844,-3.057127528512954,-3.0540359086356554,-3.0509446853340902,-3.0478539827281463,-3.044763973533124,-3.0416748987275475,-3.038587095426731,-3.0355010364820676,-3.0324173868737136,-3.029337084206634,-3.0262614538724457,-3.0231923741609403,-3.0201325134594974,-3.0170856716205483,-3.014057271964269,-3.011055071111688,-3.0080901834821887,-3.005178559147663,-3.002343111673519,-2.999616770158461,-2.9970468278082154,-2.9947010707253123,-2.9926762680746517,-2.991109620160396,-2.9901935516888156
-3.5928054079629748,-3.5920157426656005,-3.5906473703790724,-3.58885159791797,-3.5867381289599,-3.584387204891285,-3.5818579451618726,-3.5791941750065757,-3.576428554024283,-3.573585534126093,-3.570683498515718,-3.5677363204430104,-3.5647545065593342,-3.5617460402814327,-3.5587170069173593,-3.55567205903691,-3.5526147642669383,-3.549547866146572,-3.546473480425188,-3.543393243241586,-3.5403084233122213,-3.53722000711256,-3.534128763731359,-3.5310352943812386,-3.5279400702950205,-3.5248434618072464,-3.5217457607280465,-3.5186471975998077,-3.5155479550401685,-3.512448178084455,-3.5093479822219833,-3.5062474596557034,-3.5031466841897907,-3.5000457150551614,-3.496944599910899,-3.49384337720476,-3.4907420780340694,-3.4876407276162174,-3.484539346453435,-3.4814379512575844,-3.478336555686131,-3.4752351709292304,-3.4721338061791474,-3.4690324690064545,-3.4659311656622367,-3.4628299013214052,-3.4597286802790532,-3.4566275061092804,-3.453526381793956,-3.4504253098273363,-3.447324292301275,-3.4442233309747645,-3.4411224273308374,-3.4380215826232075,-3.434920797914606,-3.4318200741083484,-3.4287194119743916,-3.425618812170889,-3.4225182752620595,-3.4194178017330374,-3.4163173920022336,-3.4132170464316545,-3.4101167653355375,-3.4070165489875825,-3.4039163976270315,-3.400816311463796,-3.397716290682774,-3.394616335447511,-3.3915164459033114,-3.3884166221798755,-3.3853168643935594,-3.3822171726493053,-3.379117547042307,-3.3760179876594427,-3.3729184945805177,-3.369819067879349,-3.366719707624723,-3.363620413881236,-3.3605211867100446,-3.357422026169545,-3.3543229323159944,-3.3512239052040824,-3.3481249448874673,-3.3450260514192935,-3.341927224852692,-3.338828465241278,-3.3357297726396524,-3.3326311471039203,-3.3295325886922362,-3.3264340974653837,-3.3233356734874038,-3.3202373168262813,-3.3171390275547163,-3.3140408057509756,-3.3109426514998677,-3.3078445648938466,-3.3047465460342806,-3.3016485950329097,-3.298550712013545,-3.295452897114036,-3.2923551504885724,-3.289257472310382,-3.2861598625029638,-3.283062320996605,-3.279964847727754,-3.276867442638457,-3.2737701056758564,-3.270672836791738,-3.2675756359421264,-3.2644785030869183,-3.2613814381895545,-3.2582844412167247,-3.2551875121380975,-3.2520906509260783,-3.2489938575555923,-3.2458971320038814,-3.2428004742503282,-3.2397038842762886,-3.236607362064945,-3.2335109076011688,-3.2304145208713977,-3.2273182018635254,-3.224221950566794,-3.2211257669717073,-3.218029651069941,-3.2149336028542694,-3.211837622318494,-3.2087417094573816,-3.205645864266611,-3.202550086742721,-3.1994543768830677,-3.1963587346857927,-3.19326316014979,-3.1901676532746865,-3.187072214060828,-3.1839768425092796,-3.1808815386218297,-3.177786302401015,-3.1746911338501556,-3.171596032973414,-3.168500999775879,-3.1654060342636763,-3.162311136444127,-3.159216306325952,-3.1561215439195456,-3.153026849237334,-3.1499322222942423,-3.1468376631083106,-3.143743171701501,-3.1406487481007512,-3.137554392339355,-3.134460104458783,-3.1313658845110703,-3.128271732561966,-3.125177648695097,-3.12208363301748,-3.1189896856668393,-3.115895806821337,-3.1128019967125637,-3.1097082556428948,-3.1066145840087653,-3.1035209823319394,-3.100427451301646,-3.0973339918314817,-3.094240605136461,-3.091147292837624,-3.088054057104391,-3.0849609008488144,-3.0818678279912928,-3.078774843824988,-3.0756819555168686,-3.0725891727983843,-3.0694965089199315,-3.0664039819732674,-3.0633116167283507,-3.0602194471912245,-3.0571275201750323,-3.05403590029807,-3.0509446769968416,-3.0478539743912343,-3.0447639651965495,-3.0416748903913104,-3.0385870870908307,-3.035501028146504,-3.032417378538486,-3.0293370758717426,-3.026261445537891,-3.023192365826721,-3.020132505125613,-3.0170856632869976,-3.0140572636310514,-3.0110550627788,-3.0080901751496274,-3.005178550815423,-3.002343103341593,-2.999616761826838,-2.9970468194768793,-2.994701062394239,-2.9926762597438055,-2.991109611829725,-2.990193543358246
-3.5928053992597366,-3.592015733962442,-3.5906473616760524,-3.5888515892151323,-3.58673812025728,-3.584387196188908,-3.5818579364597625,-3.579194166304749,-3.57642854532275,-3.573585525424863,-3.5706834898147988,-3.567736311742408,-3.5647544978590537,-3.5617460315814795,-3.558716998217737,-3.5556720503376207,-3.5526147555679826,-3.5495478574479513,-3.5464734717269044,-3.5433932345436423,-3.540308414614617,-3.5372199984152948,-3.534128755034435,-3.5310352856846556,-3.527940061598779,-3.5248434531113477,-3.5217457520324915,-3.5186471889045965,-3.515547946345302,-3.5124481693899328,-3.509347973527806,-3.5062474509618693,-3.503146675496301,-3.5000457063620174,-3.496944591218099,-3.4938433685123043,-3.490742069341958,-3.487640718924449,-3.4845393377620106,-3.481437942566505,-3.4783365469953966,-3.475235162238841,-3.4721337974891022,-3.469032460316754,-3.4659311569728812,-3.4628298926323935,-3.459728671590385,-3.456627497420958,-3.4535263731059773,-3.4504253011397026,-3.4473242836139844,-3.4442233222878196,-3.4411224186442375,-3.438021573936952,-3.4349207892286957,-3.4318200654227837,-3.428719403289172,-3.425618803486014,-3.4225182665775304,-3.419417793048853,-3.4163173833183946,-3.4132170377481614,-3.41011675665239,-3.4070165403047796,-3.4039163889445745,-3.400816302781684,-3.397716282001007,-3.39461632676609,-3.3915164372222355,-3.388416613499146,-3.385316855713175,-3.3822171639692673,-3.3791175383626144,-3.3760179789800953,-3.372918485901515,-3.3698190592006916,-3.366719698946412,-3.3636204052032705,-3.360521178032425,-3.357422017492272,-3.3543229236390686,-3.3512238965275034,-3.3481249362112346,-3.3450260427434073,-3.341927216177152,-3.338828456566083,-3.3357297639648023,-3.3326311384294147,-3.3295325800180766,-3.3264340887915704,-3.3233356648139365,-3.320237308153161,-3.317139018881942,-3.314040797078547,-3.3109426428277855,-3.3078445562221104,-3.3047465373628895,-3.301648586361864,-3.298550703342846,-3.295452888443683,-3.2923551418185664,-3.289257463640723,-3.286159853833651,-3.2830623123276386,-3.279964839059134,-3.2768674339701835,-3.273770097007929,-3.2706728281241575,-3.267575627274893,-3.264478494420031,-3.261381429523015,-3.2582844325505325,-3.255187503472252,-3.2520906422605806,-3.248993848890442,-3.2458971233390788,-3.2428004655858733,-3.2397038756121814,-3.2366073534011846,-3.2335108989377557,-3.2304145122083323,-3.2273181932008064,-3.224221941904422,-3.221125758309682,-3.2180296424082626,-3.214933594192938,-3.2118376136575097,-3.2087417007967454,-3.2056458556063223,-3.20255007808278,-3.199454368223475,-3.196358726026546,-3.1932631514908905,-3.190167644616134,-3.1870722054026235,-3.1839768338514234,-3.180881529964322,-3.177786293743856,-3.1746911251933456,-3.171596024316954,-3.1685009911197684,-3.1654060256079153,-3.162311127788715,-3.15921629767089,-3.156121535264834,-3.153026840582971,-3.1499322136402266,-3.146837654454644,-3.1437431630481836,-3.1406487394477813,-3.1375543836867332,-3.13446009580651,-3.131365875859145,-3.1282717239103897,-3.125177640043869,-3.1220836243666,-3.118989677016307,-3.1158957981711524,-3.1128019880627265,-3.1097082469934048,-3.106614575359622,-3.103520973683144,-3.1004274426531993,-3.0973339831833826,-3.09424059648871,-3.09114728419022,-3.088054048457336,-3.0849608922021083,-3.081867819344936,-3.078774835178979,-3.0756819468712098,-3.0725891641530736,-3.069496500274969,-3.066403973328653,-3.0633116080840845,-3.060219438547308,-3.0571275115314656,-3.0540358916548547,-3.0509446683539765,-3.0478539657487196,-3.0447639565543843,-3.0416748817494943,-3.0385870784493645,-3.035501019505387,-3.0324173698977197,-3.029337067231326,-3.026261436897822,-3.0231923571869994,-3.0201324964862395,-3.017085654647971,-3.01405725499237,-3.0110550541404617,-3.008090166511628,-3.005178542177758,-3.002343094704255,-2.999616753189815,-2.997046810840154,-2.994701053757786,-2.992676251107588,-2.9911096031936903,-2.990193534722318
-3.5928053902374852,-3.592015724940272,-3.5906473526540266,-3.5888515801932965,-3.5867381112356704,-3.5843871871675517,-3.5818579274386804,-3.5791941572839567,-3.5764285363022625,-3.5735855164046906,-3.57068348079495,-3.56773630272289,-3.564754488839871,-3.5617460225626356,-3.558716989199235,-3.555672041319463,-3.552614746550173,-3.5495478484304916,-3.5464734627097965,-3.543393225526886,-3.5403084055982132,-3.537219989399244,-3.5341287460187374,-3.531035276669313,-3.5279400525837934,-3.524843444096718,-3.5217457430182173,-3.5186471798906767,-3.515547937331737,-3.512448160376723,-3.509347964514951,-3.5062474419493705,-3.503146666484158,-3.5000456973502283,-3.4969445822066643,-3.4938433595012257,-3.490742060331236,-3.487640709914085,-3.484539328752005,-3.4814379335568564,-3.4783365379861046,-3.4752351532299053,-3.472133788480522,-3.46903245130853,-3.465931147965012,-3.4628298836248805,-3.459728662583228,-3.456627488414157,-3.453526364099534,-3.4504252921336165,-3.447324274608256,-3.4442233132824485,-3.441122409639223,-3.438021564932295,-3.434920780224396,-3.4318200564188417,-3.428719394285587,-3.425618794482787,-3.4225182575746618,-3.419417784046344,-3.416317374316244,-3.4132170287463697,-3.4101167476509575,-3.4070165313037055,-3.4039163799438588,-3.4008162937813267,-3.397716273001007,-3.3946163177664475,-3.3915164282229506,-3.3884166045002178,-3.385316846714606,-3.3822171549710567,-3.3791175293647635,-3.376017969982603,-3.3729184769043816,-3.369819050203917,-3.366719689949995,-3.363620396207213,-3.3605211690367263,-3.357422008496931,-3.354322914644085,-3.3512238875328775,-3.3481249272169666,-3.345026033749497,-3.3419272071835993,-3.338828447572888,-3.3357297549719656,-3.3326311294369364,-3.3295325710259576,-3.3264340797998098,-3.323335655822534,-3.320237299162117,-3.3171390098912577,-3.3140407880882234,-3.3109426338378225,-3.307844547232507,-3.3047465283736455,-3.3016485773729793,-3.29855069435432,-3.2954528794555165,-3.292355132830758,-3.2892574546532733,-3.2861598448465603,-3.283062303340907,-3.2799648300727617,-3.2768674249841694,-3.273770088022274,-3.270672819138862,-3.2675756182899556,-3.2644784854354536,-3.2613814205387963,-3.258284423566673,-3.2551874944887524,-3.25209063327744,-3.248993839907661,-3.245897114356658,-3.2428004566038133,-3.2397038666304825,-3.2366073444198475,-3.2335108899567806,-3.2304145032277187,-3.2273181842205543,-3.2242219329245314,-3.221125749330151,-3.2180296334290914,-3.2149335852141268,-3.211837604679058,-3.2087416918186538,-3.205645846628591,-3.2025500691054094,-3.1994543592464653,-3.196358717049898,-3.1932631425146027,-3.190167635640206,-3.187072196427055,-3.1839768248762144,-3.1808815209894736,-3.1777862847693683,-3.174691116219219,-3.1715960153431877,-3.168500982146362,-3.165406016634868,-3.1623111188160284,-3.159216288698565,-3.1561215262928703,-3.1530268316113705,-3.1499322046689886,-3.146837645483768,-3.143743154077669,-3.1406487304776287,-3.137554374716943,-3.134460086837081,-3.131365866890079,-3.1282717149416848,-3.1251776310755255,-3.1220836153986182,-3.118989668048686,-3.115895789203894,-3.11280197909583,-3.10970823802687,-3.10661456639345,-3.103520964717333,-3.1004274336877486,-3.097333974218294,-3.0942405875239833,-3.0911472752258566,-3.0880540394933345,-3.0849608832384683,-3.0818678103816577,-3.0787748262160637,-3.075681937908657,-3.0725891551908835,-3.0694964913131413,-3.0664039643671877,-3.0633115991229807,-3.0602194295865646,-3.0571275025710825,-3.0540358826948317,-3.0509446593943155,-3.047853956789421,-3.044763947595448,-3.041674872790921,-3.0385870694911534,-3.035501010547538,-3.0324173609402316,-3.0293370582741983,-3.0262614279410562,-3.023192348230596,-3.020132487530197,-3.0170856456922874,-3.0140572460370443,-3.011055045185491,-3.0080901575570094,-3.005178533223485,-3.0023430857503195,-2.9996167442362056,-2.997046801886853,-2.994701044804768,-2.9926762421548143,-2.991109594241107,-2.990193525769845
-3.5928053808845135,-3.592015715587385,-3.590647343301286,-3.588851570840754,-3.5867381018833617,-3.5843871778155068,-3.5818579180869206,-3.5791941479324993,-3.576428526951122,-3.573585507053878,-3.570683471444472,-3.567736293372753,-3.5647544794900816,-3.5617460132131975,-3.5587169798501517,-3.5556720319707367,-3.5526147372018055,-3.549547839082486,-3.5464734533621534,-3.543393216179607,-3.5403083962513002,-3.5372199800526976,-3.534128736672558,-3.531035267323501,-3.5279400432383476,-3.5248434347516384,-3.5217457336735056,-3.5186471705463336,-3.515547927987763,-3.512448151033118,-3.509347955171715,-3.5062474326065045,-3.503146657141662,-3.500045688008104,-3.4969445728649102,-3.493843350159843,-3.490742050990224,-3.4876407005734427,-3.4845393194117316,-3.4814379242169524,-3.4783365286465706,-3.4752351438907425,-3.472133779141731,-3.46903244197011,-3.4659311386269644,-3.4628298742872046,-3.4597286532459237,-3.4566274790772242,-3.453526354762973,-3.450425282797425,-3.447324265272435,-3.444223303946997,-3.4411224003041414,-3.438021555597583,-3.4349207708900544,-3.4318200470848694,-3.428719384951985,-3.4256187851495548,-3.4225182482417993,-3.419417774713851,-3.41631736498412,-3.4132170194146165,-3.4101167383195747,-3.4070165219726944,-3.4039163706132185,-3.400816284451057,-3.397716263671109,-3.394616308436921,-3.3915164188937963,-3.388416595171436,-3.385316837386194,-3.3822171456430157,-3.3791175200370924,-3.3760179606553034,-3.3729184675774526,-3.3698190408773585,-3.3667196806238078,-3.3636203868813963,-3.3605211597112814,-3.357421999171858,-3.3543229053193846,-3.351223878208549,-3.348124917893011,-3.3450260244259127,-3.3419271978603873,-3.3388284382500486,-3.3357297456494983,-3.3326311201148417,-3.329532561704234,-3.3264340704784594,-3.3233356465015564,-3.3202372898415122,-3.3171390005710246,-3.314040778768362,-3.310942624518333,-3.30784453791339,-3.304746519054901,-3.301648568054607,-3.2985506850363193,-3.2954528701378876,-3.2923551235135022,-3.2892574453363905,-3.28615983553005,-3.283062294024769,-3.279964820756996,-3.2768674156687774,-3.273770078707255,-3.270672809824215,-3.267575608975682,-3.264478476121552,-3.2613814112252677,-3.2582844142535174,-3.2551874851759695,-3.2520906239650302,-3.2489938305956247,-3.245897105044995,-3.242800447292523,-3.239703857319564,-3.2366073351093014,-3.2335108806466057,-3.2304144939179165,-3.2273181749111237,-3.2242219236154726,-3.2211257400214652,-3.2180296241207786,-3.2149335759061866,-3.2118375953714913,-3.208741682511459,-3.2056458373217684,-3.202550059798959,-3.199454349940388,-3.1963587077441953,-3.193263133209275,-3.190167626335254,-3.1870721871224785,-3.183976815572013,-3.1808815116856466,-3.1777862754659165,-3.174691106916141,-3.171596006040483,-3.1685009728440314,-3.165406007332913,-3.1623111095144476,-3.159216279397358,-3.1561215169920382,-3.153026822310911,-3.1499321953689035,-3.146837636184057,-3.143743144778332,-3.140648721178667,-3.1375543654183558,-3.1344600775388685,-3.13136585759224,-3.1282717056442206,-3.125177621778437,-3.1220836061019055,-3.1189896587523482,-3.115895779907931,-3.112801969800243,-3.109708228731659,-3.1066145570986134,-3.1035209554228715,-3.100427424393663,-3.0973339649245824,-3.094240578230648,-3.0911472659328947,-3.088054030200748,-3.084960873946258,-3.081867801089823,-3.0787748169246028,-3.07568192861757,-3.0725891459001713,-3.0694964820228035,-3.066403955077225,-3.0633115898333942,-3.0602194202973547,-3.0571274932822488,-3.0540358734063737,-3.050944650106234,-3.047853947501715,-3.0447639383081184,-3.041674863503967,-3.0385870602045757,-3.035501001261336,-3.032417351654405,-3.029337048988747,-3.0262614186559786,-3.023192338945892,-3.020132478245865,-3.017085636408327,-3.014057236753453,-3.0110550359022676,-3.008090148274149,-3.005178523940984,-3.00234307646817,-2.999616734954394,-2.997046792605361,-2.994701035523568,-2.992676232873867,-2.991109584960354,-2.9901935164892066
-3.592805371188713,-3.592015705891674,-3.5906473336057303,-3.5888515611454017,-3.586738092188252,-3.584387168120668,-3.5818579083923763,-3.5791941382382677,-3.576428517257216,-3.57358549736031,-3.570683461751252,-3.5677362836798885,-3.5647544697975775,-3.561746003521059,-3.5587169701583816,-3.5556720222793383,-3.552614727510781,-3.5495478293918366,-3.5464734436718794,-3.54339320648971,-3.5403083865617813,-3.537219970363559,-3.5341287269838,-3.5310352576351227,-3.5279400335503497,-3.524843425064022,-3.521745723986271,-3.5186471608594805,-3.5155479183012917,-3.5124481413470283,-3.509347945486008,-3.50624742292118,-3.5031466474567208,-3.5000456783235454,-3.4969445631807354,-3.493843340476049,-3.490742041306811,-3.4876406908904114,-3.484539309729083,-3.4814379145346876,-3.47833651896469,-3.475235134209245,-3.4721337694606174,-3.4690324322893806,-3.465931128946618,-3.462829864607241,-3.4597286435663435,-3.456627469398026,-3.4535263450841573,-3.450425273118994,-3.447324255594389,-3.444223294269336,-3.4411223906268664,-3.438021545920693,-3.434920761213549,-3.431820037408749,-3.4287193752762497,-3.4256187754742053,-3.4225182385668345,-3.4194177650392716,-3.4163173553099258,-3.4132170097408063,-3.410116728646149,-3.4070165122996525,-3.4039163609405607,-3.4008162747787836,-3.39771625399922,-3.394616298765416,-3.391516409222676,-3.3884165855006994,-3.385316827715843,-3.382217135973049,-3.3791175103675113,-3.376017950986107,-3.3729184579086406,-3.3698190312089324,-3.3667196709557676,-3.363620377213742,-3.360521150044012,-3.357421989504975,-3.354322895652886,-3.3512238685424345,-3.348124908227281,-3.3450260147605686,-3.3419271881954287,-3.338828428585476,-3.3357297359853115,-3.3326311104510404,-3.329532552040818,-3.3264340608154277,-3.3233356368389106,-3.320237280179252,-3.3171389909091507,-3.314040769106874,-3.3109426148572303,-3.307844528252672,-3.304746509394568,-3.3016485583946604,-3.29855067537676,-3.2954528604787154,-3.2923551138547165,-3.2892574356779907,-3.286159825872036,-3.2830622843671415,-3.279964811099754,-3.2768674060119216,-3.2737700690507854,-3.270672800168132,-3.267575599319985,-3.264478466466242,-3.2613814015703437,-3.25828440459898,-3.2551874755218186,-3.252090614311266,-3.2489938209422453,-3.2458970953920017,-3.2428004376399153,-3.2397038476673425,-3.2366073254574657,-3.2335108709951563,-3.230414484266853,-3.2273181652604475,-3.2242219139651835,-3.221125730371563,-3.2180296144712646,-3.21493356625706,-3.2118375857227526,-3.2087416728631086,-3.2056458276738073,-3.2025500501513866,-3.199454340293204,-3.196358698097398,-3.193263123562865,-3.19016761668923,-3.187072177476843,-3.1839768059267652,-3.1808815020407866,-3.1777862658214437,-3.1746910972720555,-3.1715959963967855,-3.1685009632007213,-3.16540599768999,-3.1623110998719124,-3.159216269755211,-3.1561215073502784,-3.15302681266954,-3.149932185727922,-3.146837626543464,-3.1437431351381275,-3.14064871153885,-3.137554355778927,-3.1344600678998282,-3.131365847953589,-3.128271696005958,-3.125177612140562,-3.122083596464419,-3.118989649115251,-3.1158957702712216,-3.1128019601639214,-3.109708219095726,-3.1066145474630686,-3.1035209457877158,-3.100427414758895,-3.0973339552902033,-3.0942405685966556,-3.091147256299291,-3.088054020567532,-3.08496086431343,-3.081867791457383,-3.0787748072925525,-3.0756819189859086,-3.0725891362688986,-3.0694964723919202,-3.0664039454467313,-3.0633115802032895,-3.0602194106676386,-3.057127483652922,-3.0540358637774374,-3.0509446404776868,-3.047853937873558,-3.04476392868035,-3.0416748538765868,-3.038587050577583,-3.0355009916347306,-3.032417342028188,-3.029337039362919,-3.02626140903054,-3.0231923293208416,-3.020132468621202,-3.017085626784051,-3.014057227129562,-3.011055026278758,-3.008090138651018,-3.0051785143182244,-3.0023430668457727,-2.9996167253323462,-2.9970467829836447,-2.994701025902156,-2.992676223252719,-2.99110957533941,-2.990193506868382
-3.5928053611375117,-3.5920156958405633,-3.590647323554778,-3.5888515510946593,-3.58673808213776,-3.5843871580704585,-3.581857898342472,-3.579194128188687,-3.5764285072079742,-3.5735854873114183,-3.5706834517027195,-3.567736273631723,-3.5647544597497847,-3.561745993473644,-3.5587169601113486,-3.555672012232689,-3.5526147174645186,-3.5495478193459626,-3.5464734336263963,-3.5433931964446184,-3.540308376517082,-3.5372199603192516,-3.534128716939885,-3.531035247591602,-3.5279400235072234,-3.5248434150212913,-3.5217457139439357,-3.518647150817541,-3.5155479082597494,-3.512448131305884,-3.5093479354452595,-3.5062474128808274,-3.5031466374167644,-3.5000456682839847,-3.4969445531415717,-3.4938433304372833,-3.490742031268444,-3.4876406808524427,-3.484539299691513,-3.4814379044975157,-3.4783365089279155,-3.4752351241728694,-3.47213375942464,-3.469032422253801,-3.4659311189114375,-3.462829854572459,-3.45972863353196,-3.4566274593640416,-3.453526335050571,-3.450425263085805,-3.4473242455615978,-3.4442232842369425,-3.4411223805948703,-3.438021535889096,-3.4349207511823505,-3.431820027377949,-3.428719365245848,-3.4256187654442014,-3.422518228537229,-3.4194177550100644,-3.416317345281117,-3.413216999712396,-3.4101167186181365,-3.4070165022720373,-3.4039163509133443,-3.400816264751965,-3.3977162439727997,-3.3946162887393947,-3.3915163991970525,-3.3884165754754756,-3.385316817691017,-3.3822171259486216,-3.379117500343482,-3.376017940962477,-3.3729184478854104,-3.3698190211861014,-3.3667196609333354,-3.3636203671917086,-3.360521140022377,-3.357421979483738,-3.3543228856320493,-3.3512238585219984,-3.3481248982072445,-3.345026004740932,-3.3419271781761917,-3.3388284185666386,-3.335729725966874,-3.332631100433003,-3.3295325420231796,-3.326434050798188,-3.3233356268220695,-3.3202372701628105,-3.317138980893109,-3.3140407590912315,-3.310942604841988,-3.3078445182378307,-3.3047464993801268,-3.3016485483806193,-3.298550665363118,-3.2954528504654736,-3.2923551038418744,-3.289257425665549,-3.2861598158599956,-3.283062274355501,-3.2799648010885143,-3.2768673960010823,-3.273770059040347,-3.2706727901580943,-3.2675755893103484,-3.2644784564570055,-3.2613813915615086,-3.258284394590545,-3.255187465513784,-3.2520906043036324,-3.2489938109350134,-3.2458970853851703,-3.2428004276334854,-3.239703837661315,-3.2366073154518396,-3.2335108609899312,-3.230414474262029,-3.227318155256025,-3.224221903961163,-3.2211257203679446,-3.2180296044680476,-3.214933556254245,-3.21183757572034,-3.2087416628610983,-3.2056458176721994,-3.2025500401501805,-3.199454330292399,-3.196358688096995,-3.193263113562863,-3.190167606689631,-3.1870721674776457,-3.1839767959279697,-3.1808814920423933,-3.1777862558234515,-3.1746910872744643,-3.1715959863995957,-3.1685009532039334,-3.165405987693605,-3.16231108987593,-3.1592162597596296,-3.1561214973550977,-3.15302680267476,-3.1499321757335417,-3.146837616549484,-3.1437431251445496,-3.140648701545674,-3.1375543457861528,-3.1344600579074573,-3.1313658379616207,-3.128271686014392,-3.1251776021493987,-3.1220835864736576,-3.1189896391248912,-3.1158957602812647,-3.112801950174368,-3.109708209106575,-3.106614537474321,-3.103520935799371,-3.100427404770954,-3.0973339453026663,-3.0942405586095227,-3.091147246312562,-3.0880540105812067,-3.0849608543275076,-3.0818677814718636,-3.0787747973074358,-3.075681909001195,-3.072589126284589,-3.069496462408014,-3.066403935463228,-3.063311570220189,-3.0602194006849417,-3.0571274736706284,-3.0540358537955474,-3.0509446304961996,-3.047853927892474,-3.0447639186996702,-3.0416748438963115,-3.038587040597712,-3.0355009816552645,-3.032417332049126,-3.0293370293842603,-3.026261399052284,-3.023192319342988,-3.0201324586437495,-3.017085616806998,-3.014057217152908,-3.0110550163024996,-3.008090128675151,-3.005178504342743,-3.002343056870667,-2.9996167153576043,-2.9970467730092465,-2.994701015928071,-2.9926762132789047,-2.991109565365807,-2.990193496894901
-3.5928053507178688,-3.5920156854210146,-3.5906473131353946,-3.588851540675495,-3.586738071718855,-3.5843871476518445,-3.581857887924174,-3.579194117770726,-3.576428496790365,-3.573585476894172,-3.570683441285846,-3.567736263215229,-3.5647544493336762,-3.5617459830579254,-3.558716949696024,-3.5556720018177637,-3.5526147070499934,-3.5495478089318406,-3.546473423212679,-3.5433931860313073,-3.540308366104178,-3.5372199499067563,-3.5341287065277993,-3.531035237179926,-3.52794001309596,-3.52484340461044,-3.5217457035334947,-3.518647140407511,-3.5155478978501282,-3.5124481208966727,-3.5093479250364603,-3.5062474024724404,-3.5031466270087894,-3.500045657876422,-3.4969445427344206,-3.4938433200305434,-3.4907420208621147,-3.4876406704465253,-3.484539289286008,-3.4814378940924224,-3.4783364985232343,-3.4752351137686,-3.4721337490207818,-3.4690324118503537,-3.4659311085084017,-3.462829844169836,-3.4597286231297497,-3.4566274489622444,-3.4535263246491863,-3.4504252526848336,-3.4473242351610396,-3.4442232738367986,-3.44112237019514,-3.4380215254897792,-3.4349207407834466,-3.4318200169794575,-3.428719354847769,-3.4256187550465356,-3.4225182181399756,-3.4194177446132237,-3.416317334884689,-3.4132169893163806,-3.410116708222535,-3.4070164918768513,-3.4039163405185726,-3.400816254357608,-3.397716233578856,-3.394616278345864,-3.3915163888039355,-3.3884165650827702,-3.3853168072987256,-3.382217115556744,-3.3791174899520184,-3.376017930571426,-3.3729184374947727,-3.3698190107958768,-3.366719650543524,-3.363620356802311,-3.3605211296333937,-3.357421969095169,-3.3543228752438936,-3.351223848134256,-3.3481248878199152,-3.345025994354016,-3.3419271677896907,-3.3388284081805524,-3.335729715581203,-3.332631090047747,-3.3295325316383404,-3.3264340404137656,-3.323335616438063,-3.3202372597792187,-3.3171389705099315,-3.314040748708469,-3.3109425944596387,-3.3078445078558953,-3.3047464889986062,-3.3016485379995126,-3.2985506549824253,-3.2954528400851957,-3.2923550934620107,-3.2892574152860994,-3.2861598054809606,-3.2830622639768814,-3.2799647907103098,-3.276867385623292,-3.2737700486629713,-3.270672779781134,-3.2675755789338035,-3.2644784460808767,-3.2613813811857946,-3.2582843842152465,-3.255187455138901,-3.252090593929165,-3.2489938005609624,-3.245897075011536,-3.2428004172602667,-3.2397038272885115,-3.236607305079452,-3.23351085061796,-3.2304144638904733,-3.2273181448848844,-3.224221893590438,-3.2211257099976356,-3.2180295940981547,-3.2149335458847683,-3.2118375653512783,-3.2087416524924515,-3.2056458073039664,-3.2025500297823633,-3.199454319924998,-3.1963586777300104,-3.1932631031962955,-3.1901675963234797,-3.1870721571119103,-3.183976785562651,-3.180881481677491,-3.1777862454589676,-3.174691076910399,-3.1715959760359484,-3.168500942840704,-3.1654059773307934,-3.1623110795135356,-3.1592162493976526,-3.1561214869935386,-3.153026792313619,-3.1499321653728183,-3.146837606189177,-3.1437431147846597,-3.1406486911862017,-3.1375543354270983,-3.134460047548819,-3.131365827603399,-3.1282716756565874,-3.125177591792011,-3.1220835761166863,-3.118989628768337,-3.1158957499251265,-3.1128019398186457,-3.109708198751269,-3.1066145271194325,-3.1035209254449,-3.100427394416901,-3.0973339349490314,-3.0942405482563053,-3.0911472359597627,-3.0880540002288264,-3.0849608439755456,-3.0818677711203204,-3.0787747869563113,-3.07568189865049,-3.0725891159343033,-3.0694964520581474,-3.0664039251137796,-3.0633115598711593,-3.0602193903363295,-3.0571274633224346,-3.054035843447771,-3.0509446201488415,-3.0478539175455337,-3.044763908353148,-3.041674833550206,-3.0385870302520246,-3.035500971309994,-3.0324173217042723,-3.029337019039824,-3.0262613887082646,-3.023192308999385,-3.0201324483005636,-3.0170856064642275,-3.0140572068105493,-3.0110550059605505,-3.0080901183336075,-3.0051784940015978,-3.0023430465299126,-2.999616705017227,-2.997046762669225,-2.9947010055883774,-2.9926762029394944,-2.9911095550266156,-2.990193486555838
-3.592805339916292,-3.5920156746195357,-3.590647302334089,-3.5888515298744177,-3.586738060918049,-3.5843871368513414,-3.5818578771240004,-3.5791941069709003,-3.576428485990904,-3.573585466095088,-3.5706834304871475,-3.5677362524169247,-3.564754438535773,-3.561745972260427,-3.5587169388989355,-3.5556719910210877,-3.5526146962537335,-3.549547798135998,-3.546473412417256,-3.5433931752363037,-3.5403083553095964,-3.537219939112596,-3.5341286957340627,-3.531035226386615,-3.5279400023030743,-3.5248433938179793,-3.5217456927414608,-3.518647129615902,-3.515547887058945,-3.5124481101059146,-3.509347914246128,-3.5062473916825345,-3.5031466162193095,-3.5000456470873686,-3.496944531945794,-3.4938433092423455,-3.4907420100743454,-3.487640659659183,-3.4845392784990916,-3.481437883305933,-3.4783364877371725,-3.4752351029829653,-3.4721337382355744,-3.4690324010655744,-3.465931097724051,-3.462829833385912,-3.4597286123462534,-3.4566274381791757,-3.453526313866546,-3.4504252419026207,-3.4473242243792535,-3.4442232630554392,-3.4411223594142077,-3.438021514709274,-3.434920730003369,-3.4318200061998074,-3.428719344068548,-3.4256187442677417,-3.42251820736161,-3.419417733835285,-3.416317324107178,-3.4132169785392974,-3.4101166974458796,-3.4070164811006234,-3.403916329742772,-3.400816243582235,-3.3977162228039113,-3.3946162675713483,-3.391516378029848,-3.3884165543091123,-3.3853167965254958,-3.3822171047839427,-3.379117479179646,-3.376017919799483,-3.3729184267232593,-3.3698190000247927,-3.36671963977287,-3.363620346032086,-3.3605211188635984,-3.357421958325804,-3.3543228644749585,-3.351223837365751,-3.34812487705184,-3.3450259835863707,-3.341927157022474,-3.338828397413765,-3.3357297048148435,-3.3326310792818163,-3.329532520872839,-3.326434029648693,-3.32333560567342,-3.320237249015006,-3.317138959746149,-3.314040737945117,-3.310942583696718,-3.3078444970934058,-3.304746478236547,-3.301648527237884,-3.298550644221228,-3.295452829324428,-3.2923550827016728,-3.2892574045261918,-3.2861597947214825,-3.283062253217833,-3.279964779951691,-3.276867374865103,-3.273770037905212,-3.2706727690238053,-3.267575568176906,-3.2644784353244107,-3.261381370429761,-3.258284373459645,-3.2551874443837314,-3.252090583174426,-3.248993789806654,-3.245897064257657,-3.2428004065068183,-3.2397038165354948,-3.2366072943268667,-3.233510839865806,-3.2304144531387506,-3.2273181341335944,-3.2242218828395797,-3.2211256992472093,-3.21802958334816,-3.2149335351352053,-3.211837554602147,-3.2087416417437518,-3.2056457965556993,-3.202550019034527,-3.1994543091775918,-3.1963586669830346,-3.193263092449751,-3.190167585577367,-3.187072146366228,-3.1839767748174004,-3.180881470932672,-3.177786234714579,-3.1746910661664414,-3.1715959652924224,-3.16850093209761,-3.165405966588129,-3.1623110687713014,-3.15921623865585,-3.1561214762521663,-3.1530267815726774,-3.1499321546323085,-3.1468375954491004,-3.1437431040450154,-3.1406486804469904,-3.1375543246883186,-3.1344600368104727,-3.1313658168654857,-3.1282716649191062,-3.1251775810549622,-3.1220835653800716,-3.1189896180321552,-3.1158957391893773,-3.112801929083329,-3.109708188016386,-3.1066145163849823,-3.103520914710882,-3.1004273836833156,-3.0973339242158775,-3.094240537523584,-3.0911472252274748,-3.0880539894969705,-3.0849608332441227,-3.081867760389331,-3.078774776225756,-3.0756818879203687,-3.072589105204615,-3.069496441328893,-3.066403914384959,-3.063311549142772,-3.0602193796083763,-3.0571274525949144,-3.0540358327206842,-3.050944609422188,-3.047853906819314,-3.0447638976273614,-3.041674822824854,-3.0385870195271067,-3.035500960585511,-3.032417310980223,-3.0293370083162077,-3.026261377985081,-3.023192298276632,-3.0201324375782415,-3.017085595742335,-3.0140571960890847,-3.0110549952395114,-3.00809010761299,-3.0051784832813966,-3.002343035810117,-2.999616694297822,-2.9970467519501898,-2.994700994869679,-2.9926761922210887,-2.991109544308437,-2.9901934758377915
-3.592805328718771,-3.5920156634221163,-3.590647291136846,-3.5888515186774095,-3.5867380497213204,-3.5843871256549273,-3.5818578659279283,-3.5791940957751915,-3.576428474795574,-3.573585454900149,-3.5706834192926107,-3.567736241222798,-3.564754427342062,-3.5617459610671376,-3.55871692770607,-3.555671979828651,-3.552614685061726,-3.5495477869444225,-3.5464734012261134,-3.5433931640455976,-3.5403083441193264,-3.537219927922765,-3.53412868454467,-3.5310352151976607,-3.5279399911145592,-3.5248433826299035,-3.5217456815538246,-3.5186471184287087,-3.5155478758721936,-3.512448098919605,-3.50934790306026,-3.5062473804971086,-3.5031466050343267,-3.500045635902829,-3.496944520761697,-3.493843298058691,-3.4907419988911337,-3.487640648476415,-3.4845392673167677,-3.4814378721240526,-3.4783364765557345,-3.4752350918019697,-3.472133727055022,-3.4690323898854647,-3.4659310865443835,-3.4628298222066887,-3.459728601167473,-3.456627427000838,-3.4535263026886507,-3.4504252307251693,-3.447324213202246,-3.444223251878875,-3.4411223482380873,-3.4380215035335966,-3.434920718828135,-3.4318199950250183,-3.428719332894202,-3.42561873309384,-3.4225181961881526,-3.4194177226622733,-3.416317312934611,-3.4132169673671755,-3.4101166862742023,-3.4070164699293897,-3.4039163185719836,-3.4008162324118927,-3.3977162116340156,-3.3946162564018985,-3.3915163668608437,-3.3884165431405524,-3.3853167853573813,-3.3822170936162723,-3.379117468012419,-3.3760179086327,-3.3729184155569207,-3.3698189888588983,-3.36671962860742,-3.363620334867081,-3.360521107699038,-3.3574219471616877,-3.3543228533112863,-3.351223826202523,-3.3481248658890572,-3.345025972424033,-3.341927145860581,-3.3388283862523167,-3.3357296936538403,-3.332631068121258,-3.3295325097127253,-3.3264340184890244,-3.3233355945141967,-3.3202372378562277,-3.317138948587816,-3.3140407267872294,-3.310942572539276,-3.3078444859364096,-3.304746467079997,-3.3016485160817797,-3.298550633065569,-3.295452818169215,-3.292355071546907,-3.289257393371873,-3.2861597835676113,-3.283062242064408,-3.279964768798713,-3.2768673637125723,-3.273770026753129,-3.2706727578721693,-3.2675755570257166,-3.2644784241736673,-3.2613813592794623,-3.2582843623097912,-3.255187433234324,-3.252090572025464,-3.2489937786581375,-3.245897053109588,-3.2428003953591964,-3.239703805388319,-3.2366072831801374,-3.2335108287195236,-3.2304144419929157,-3.227318122988206,-3.2242218716946383,-3.221125688102714,-3.2180295722041117,-3.2149335239916037,-3.2118375434589916,-3.2087416306010423,-3.2056457854134366,-3.202550007892712,-3.1994542980362244,-3.196358655842115,-3.193263081309277,-3.1901675744373392,-3.187072135226648,-3.1839767636782668,-3.1808814597939863,-3.1777862235763408,-3.1746910550286507,-3.171595954155078,-3.1685009209607125,-3.16540595545168,-3.1623110576353,-3.159216227520296,-3.1561214651170615,-3.1530267704380215,-3.1499321434981016,-3.146837584315342,-3.1437430929117056,-3.140648669314128,-3.137554313555904,-3.134460025678505,-3.131365805733966,-3.1282716537880355,-3.1251775699243405,-3.1220835542498984,-3.118989606902432,-3.1158957280601047,-3.112801917954506,-3.109708176888012,-3.1066145052570584,-3.1035209035834077,-3.1004273725562905,-3.0973339130893014,-3.0942405263974573,-3.091147214101796,-3.0880539783717404,-3.084960822119342,-3.0818677492649984,-3.0787747651018713,-3.0756818767969314,-3.0725890940816263,-3.069496430206352,-3.0664039032628665,-3.063311538021128,-3.060219368487182,-3.0571274414741696,-3.054035821600388,-3.050944598302341,-3.0478538956999164,-3.044763886508414,-3.0416748117063555,-3.0385870084090567,-3.03550094946791,-3.0324172998630723,-3.029336997199507,-3.02626136686883,-3.0231922871608314,-3.0201324264628884,-3.017085584627428,-3.0140571849746225,-3.0110549841254906,-3.008090096499405,-3.0051784721682404,-3.00234302469738,-2.9996166831854896,-2.9970467408382397,-2.9947009837580807,-2.992676181109794,-2.9911095331973767,-2.9901934647268686
-3.592805317110814,-3.592015651814263,-3.5906472795291764,-3.588851507069984,-3.5867380381141847,-3.5843871140481167,-3.58185785432147,-3.579194084169106,-3.576428463189879,-3.5735854432948586,-3.570683407687735,-3.5677362296183452,-3.5647544157380398,-3.5617459494635506,-3.5587169161029237,-3.5556719682259486,-3.552614673459472,-3.549547775342618,-3.546473389624762,-3.5433931524447,-3.540308332518884,-3.537219916322778,-3.534128672945139,-3.5310352035985857,-3.5279399795159394,-3.5248433710317397,-3.5217456699561174,-3.518647106831458,-3.5155478642754012,-3.5124480873232704,-3.5093478914643836,-3.5062473689016898,-3.503146593439366,-3.500045624308325,-3.496944509167651,-3.493843286465103,-3.4907419872980032,-3.487640636883743,-3.4845392557245534,-3.4814378605322975,-3.478336464964439,-3.475235080211134,-3.472133715464645,-3.469032378295548,-3.4659310749549257,-3.4628298106176905,-3.4597285895789334,-3.4566274154127585,-3.4535262911010323,-3.4504252191380105,-3.4473242016155465,-3.444223240292636,-3.441122336652308,-3.438021491948277,-3.4349207072432764,-3.4318199834406196,-3.428719321310263,-3.4256187215103617,-3.4225181846051353,-3.4194177110797157,-3.4163173013525148,-3.41321695578554,-3.4101166746930276,-3.407016458348676,-3.4039163069917295,-3.400816220832098,-3.397716200054679,-3.3946162448230215,-3.391516355282427,-3.388416531562597,-3.385316773779887,-3.3822170820392397,-3.379117456435849,-3.3760178970565913,-3.372918403981273,-3.369818977283712,-3.3667196170326936,-3.3636203232928144,-3.360521096125232,-3.3574219355883423,-3.354322841738402,-3.351223814630099,-3.3481248543170934,-3.3450259608525292,-3.3419271342895387,-3.3388283746817353,-3.3357296820837203,-3.332631056551601,-3.329532498143531,-3.3264340069202927,-3.3233355829459277,-3.3202372262884214,-3.317138937020471,-3.314040715220346,-3.3109425609728547,-3.3078444743704494,-3.3047464555144987,-3.3016485045167445,-3.2985506215009974,-3.2954528066051076,-3.292355059983263,-3.289257381808692,-3.286159772004892,-3.2830622305021513,-3.279964757236919,-3.2768673521512413,-3.27377001519226,-3.270672746311762,-3.2675755454657702,-3.264478412614183,-3.2613813477204405,-3.258284350751233,-3.255187421676228,-3.252090560467832,-3.2489937671009694,-3.2458970415528823,-3.242800383802953,-3.239703793832538,-3.2366072716248193,-3.2335108171646683,-3.2304144304385227,-3.2273181114342755,-3.2242218601411707,-3.2211256765497107,-3.2180295606515728,-3.214933512439529,-3.2118375319073817,-3.2087416190498983,-3.205645773862756,-3.202549996342495,-3.1994542864864712,-3.1963586442928262,-3.1932630697604534,-3.190167562888979,-3.187072123678751,-3.1839767521308335,-3.180881448247017,-3.177786212029837,-3.174691043482612,-3.171595942609505,-3.168500909415604,-3.165405943907035,-3.16231104609112,-3.1592162159765813,-3.1561214535738102,-3.153026758895234,-3.149932131955778,-3.146837572773482,-3.1437430813703084,-3.1406486577731956,-3.1375543020154373,-3.134460014138504,-3.13136579419443,-3.128271642248963,-3.1251775583857326,-3.1220835427117546,-3.1189895953647517,-3.1158957165228895,-3.112801906417756,-3.109708165351728,-3.1066144937212377,-3.1035208920480515,-3.1004273610213984,-3.0973339015548746,-3.094240514863496,-3.0911472025683007,-3.088053966838711,-3.084960810586777,-3.0818677377328987,-3.0787747535702374,-3.075681865265763,-3.072589082550923,-3.069496418676114,-3.0664038917330947,-3.0633115264918227,-3.060219356958342,-3.057127429945796,-3.0540358100724814,-3.0509445867749014,-3.0478538841729432,-3.0447638749819066,-3.0416748001803153,-3.0385869968834838,-3.0355009379428037,-3.032417288338432,-3.0293369856753323,-3.02626135534512,-3.023192275637585,-3.020132414940105,-3.0170855731051063,-3.0140571734527595,-3.0110549726040836,-3.00809008497845,-3.005178460647731,-3.0023430131773057,-2.9996166716658355,-2.997046729318983,-2.9947009722391873,-2.9926761695912147,-2.9911095216790407,-2.9901934532086742
-3.592805305077356,-3.592015639780915,-3.590647267496019,-3.588851495037079,-3.58673802608158,-3.58438710201585,-3.5818578422895695,-3.5791940721375948,-3.576428451158775,-3.5735854312641755,-3.5706833956574835,-3.567736217588534,-3.564754403708675,-3.5617459374346403,-3.558716904074471,-3.5556719561979557,-3.552614661431942,-3.549547763315553,-3.5464733775981614,-3.5433931404185666,-3.540308320493219,-3.537219904297584,-3.5341286609204157,-3.5310351915743348,-3.527939967492161,-3.5248433590084343,-3.5217456579332858,-3.5186470948091,-3.515547852253517,-3.5124480753018603,-3.5093478794434474,-3.506247356881228,-3.503146581419378,-3.5000456122888135,-3.496944497148616,-3.4938432744465433,-3.490741975279918,-3.4876406248661325,-3.4845392437074185,-3.481437848515638,-3.4783364529482554,-3.475235068195426,-3.472133703449414,-3.4690323662807936,-3.465931062940649,-3.4628297986038894,-3.45972857756561,-3.4566274033999114,-3.4535262790886616,-3.450425207126117,-3.4473241896041307,-3.4442232282816962,-3.441122324641845,-3.4380214799382918,-3.434920695233766,-3.4318199714315853,-3.4287193093017057,-3.4256187095022814,-3.422518172597531,-3.419417699072589,-3.416317289345864,-3.4132169437793665,-3.4101166626873303,-3.407016446343456,-3.403916294986987,-3.400816208827834,-3.3977161880508944,-3.3946162328197147,-3.391516343279599,-3.388416519560248,-3.3853167617780158,-3.382217070037846,-3.3791174444349323,-3.3760178850561524,-3.372918391981313,-3.3698189652842303,-3.3667196050336914,-3.3636203112942917,-3.360521084127188,-3.357421923590777,-3.354322829741316,-3.351223802633492,-3.3481248423209653,-3.3450259488568808,-3.3419271222943694,-3.3388283626870447,-3.335729670089508,-3.332631044557865,-3.329532486150272,-3.3264339949275104,-3.3233355709536223,-3.3202372142965935,-3.317138925029122,-3.3140407032294763,-3.3109425489824633,-3.3078444623805376,-3.3047464435250657,-3.3016484925277902,-3.2985506095125228,-3.295452794617111,-3.2923550479957457,-3.289257369821654,-3.286159760018333,-3.2830622185160725,-3.27996474525132,-3.276867340166122,-3.2737700032076207,-3.270672734327602,-3.2675755334820904,-3.2644784006309826,-3.2613813357377195,-3.25828433876899,-3.255187409694465,-3.252090548486549,-3.248993755120166,-3.245897029572559,-3.24280037182311,-3.239703781853174,-3.2366072596459357,-3.2335108051862647,-3.2304144184606,-3.2273180994568333,-3.2242218481642086,-3.2211256645732282,-3.2180295486755695,-3.214933500464006,-3.2118375199323386,-3.2087416070753347,-3.205645761888673,-3.202549984368893,-3.1994542745133505,-3.1963586323201856,-3.1932630577882937,-3.1901675509173013,-3.1870721117075558,-3.18397674016012,-3.1808814362767843,-3.177786200060084,-3.1746910315133388,-3.171595930640713,-3.1685008974472932,-3.165405931939206,-3.1623110341237735,-3.1592162040097165,-3.1561214416074277,-3.1530267469293336,-3.149932119990359,-3.1468375608085464,-3.1437430694058555,-3.1406486458092244,-3.137554290051947,-3.134460002175495,-3.131365782231902,-3.128271630286918,-3.1251775464241685,-3.1220835307506714,-3.11898958340415,-3.1158957045627678,-3.1128018944581153,-3.1097081533925683,-3.1066144817625605,-3.1035208800898566,-3.1004273490636862,-3.097333889597645,-3.094240502906749,-3.0911471906120367,-3.088053954882929,-3.0849607986314793,-3.0818677257780855,-3.078774741615908,-3.075681853311917,-3.0725890705975596,-3.0694964067232338,-3.066403879780696,-3.0633115145399064,-3.0602193450069084,-3.057127417994844,-3.0540357981220128,-3.050944574824915,-3.0478538722234396,-3.044763863032886,-3.0416747882317785,-3.03858698493543,-3.0355009259952324,-3.032417276391343,-3.029336973728724,-3.026261343398993,-3.0231922636919384,-3.020132402994938,-3.017085561160418,-3.0140571615085485,-3.011054960660346,-3.0080900730351816,-3.005178448704923,-3.0023430012349483,-2.9996166597239116,-2.997046717377471,-2.994700960298052,-2.992676157650406,-2.9911095097384854,-2.9901934412682674
-3.59280529260281,-3.592015627306482,-3.5906472550217843,-3.588851482563106,-3.586738013607918,-3.5843870895425374,-3.581857829816636,-3.579194059665065,-3.5764284386866656,-3.573585418792501,-3.5706833831862563,-3.5677362051177623,-3.564754391238366,-3.5617459249647987,-3.558716891605102,-3.5556719437290636,-3.552614648963529,-3.5495477508476228,-3.5464733651307165,-3.543393127951608,-3.5403083080267477,-3.5372198918315996,-3.5341286484549204,-3.531035179109329,-3.527939955027645,-3.5248433465444093,-3.5217456454697516,-3.518647082346057,-3.5155478397909654,-3.5124480628398014,-3.509347866981882,-3.506247344420155,-3.5031465689587984,-3.5000455998287268,-3.4969444846890214,-3.4938432619874433,-3.490741962821314,-3.4876406124080215,-3.4845392312498005,-3.4814378360585136,-3.478336440491624,-3.475235055739289,-3.4721336909937714,-3.469032353825644,-3.465931050485992,-3.4628297861497273,-3.4597285651119423,-3.456627390946738,-3.4535262666359827,-3.4504251946739317,-3.4473241771524386,-3.4442232158304984,-3.44112231219114,-3.438021467488079,-3.434920682784046,-3.4318199589823597,-3.4287192968529747,-3.4256186970540448,-3.4225181601497883,-3.41941768662534,-3.4163172768991097,-3.4132169313331056,-3.4101166502415645,-3.407016433898185,-3.4039162825422116,-3.400816196383553,-3.397716175607109,-3.3946162203764247,-3.391516330836804,-3.3884165071179475,-3.385316749336211,-3.382217057596537,-3.379117431994118,-3.3760178726158334,-3.3729183795414888,-3.369818952844901,-3.3667195925948565,-3.363620298855951,-3.3605210716893428,-3.3574219111534274,-3.3543228173044612,-3.351223790197135,-3.348124829885105,-3.3450259364215165,-3.3419271098595003,-3.338828350252672,-3.335729657655633,-3.332631032124487,-3.3295324737173906,-3.326433982495127,-3.323335558521736,-3.3202372018652038,-3.317138912598229,-3.3140406907990796,-3.310942536552563,-3.3078444499511335,-3.3047464310961585,-3.30164848009938,-3.298550597084608,-3.295452782189692,-3.2923550355688227,-3.2892573573952264,-3.2861597475924023,-3.283062206090637,-3.2799647328263806,-3.276867327741678,-3.273769990783674,-3.2706727219041527,-3.2675755210591375,-3.264478388208527,-3.2613813233157614,-3.25828432634753,-3.255187397273503,-3.252090536066083,-3.2489937427001965,-3.245897017153087,-3.242800359404136,-3.2397037694346995,-3.236607247227959,-3.2335107927687865,-3.2304144060436197,-3.2273180870403513,-3.2242218357482244,-3.2211256521577423,-3.218029536260581,-3.214933488049515,-3.211837507518345,-3.2087415946618396,-3.2056457494756776,-3.2025499719563966,-3.199454262101353,-3.1963586199086866,-3.1932630453772934,-3.1901675385068,-3.1870720992975516,-3.183976727750614,-3.1808814238677767,-3.177786187651576,-3.17469101910533,-3.1715959182332023,-3.1685008850402805,-3.1654059195326925,-3.162311021717758,-3.1592161916042,-3.1561214292024102,-3.1530267345248157,-3.149932107586341,-3.146837548405027,-3.1437430570028355,-3.140648633406704,-3.1375542776499263,-3.1344599897739736,-3.1313657698308788,-3.1282716178863934,-3.1251775340241434,-3.122083518351145,-3.1189895710051228,-3.1158956921642402,-3.112801882060088,-3.109708140995041,-3.106614469365533,-3.1035208676933292,-3.100427336667659,-3.097333877202118,-3.094240490511722,-3.0911471782175086,-3.0880539424889006,-3.0849607862379496,-3.081867713385054,-3.078774729223376,-3.075681840919886,-3.0725890582060305,-3.0694963943322064,-3.0664038673901715,-3.063311502149883,-3.060219332617387,-3.057127405605825,-3.0540357857334945,-3.0509445624368983,-3.0478538598359237,-3.0447638506458703,-3.0416747758452622,-3.038586972549414,-3.035500913609716,-3.032417264006327,-3.029336961344209,-3.0262613310149784,-3.0231922513084233,-3.0201323906119217,-3.017085548777899,-3.0140571491265242,-3.0110549482788134,-3.0080900606541348,-3.0051784363243543,-3.002342988854847,-2.9996166473442614,-2.997046704998246,-2.9947009479192164,-2.9926761452719077,-2.9911094973602483,-2.9901934288901826
-3.5928052796709964,-3.592015614374786,-3.590647242090293,-3.5888514696318876,-3.5867380006770233,-3.5843870766120056,-3.5818578168864983,-3.5791940467353447,-3.576428425757382,-3.5735854058636702,-3.5706833702578886,-3.5677361921898667,-3.5647543783109503,-3.561745912037869,-3.5587168786786636,-3.5556719308031197,-3.5526146360380833,-3.5495477379226767,-3.5464733522062715,-3.5433931150276656,-3.540308295103309,-3.5372198789086657,-3.534128635532493,-3.5310351661874075,-3.5279399421062316,-3.5248433336235054,-3.5217456325493575,-3.5186470694261733,-3.5155478268715923,-3.512448049920939,-3.509347854063529,-3.506247331502312,-3.503146556041464,-3.500045586911902,-3.496944471772706,-3.493843249071636,-3.4907419499060155,-3.487640599493236,-3.484539218335529,-3.4814378231447547,-3.478336427578378,-3.4752350428265557,-3.47213367808155,-3.4690323409139348,-3.4659310375747956,-3.4628297732390423,-3.4597285522017684,-3.456627378037075,-3.4535262537268308,-3.450425181765292,-3.4473241642443115,-3.4442232029228843,-3.44112229928404,-3.438021454581492,-3.4349206698779735,-3.4318199460767986,-3.428719283947926,-3.4256186841495078,-3.422518147245764,-3.4194176737218296,-3.416317263996112,-3.4132169184306207,-3.410116637339592,-3.407016420996724,-3.4039162696412633,-3.4008161834831165,-3.3977161627071846,-3.3946162074770148,-3.3915163179379078,-3.388416494219565,-3.3853167364383436,-3.382217044699185,-3.379117419097282,-3.376017859719512,-3.372918366645681,-3.3698189399496075,-3.3667195797000775,-3.3636202859616873,-3.3605210587955923,-3.3574218982601907,-3.3543228044117384,-3.351223777304925,-3.348124816993409,-3.345025923530334,-3.341927096968832,-3.338828337362518,-3.3357296447659928,-3.3326310192353623,-3.329532460828781,-3.326433969607031,-3.323335545634154,-3.3202371889781364,-3.3171388997116753,-3.31404067791304,-3.310942523667037,-3.3078444370661217,-3.304746418211661,-3.3016484672153967,-3.29855058420114,-3.2954527693067397,-3.2923550226863854,-3.289257344513304,-3.286159734710995,-3.283062193209746,-3.2799647199460042,-3.276867314861817,-3.2737699779043274,-3.2706727090253205,-3.26757550818082,-3.264478375330724,-3.2613813104384737,-3.258284313470758,-3.2551873843972445,-3.2520905231903408,-3.24899372982497,-3.2458970042783757,-3.24280034652994,-3.2397037565610196,-3.236607234354795,-3.233510779896138,-3.2304143931714875,-3.2273180741687355,-3.224221822877124,-3.221125639287158,-3.218029523390513,-3.2149334751799645,-3.2118374946493113,-3.208741581793322,-3.2056457366076754,-3.2025499590889104,-3.199454249234384,-3.196358607042236,-3.19326303251136,-3.190167525641383,-3.187072086432652,-3.1839767148862306,-3.1808814110039094,-3.1777861747882237,-3.1746910062424942,-3.171595905370883,-3.168500872178479,-3.165405906671408,-3.1623110088569906,-3.1592161787439488,-3.156121416342677,-3.1530267216656,-3.149932094727642,-3.1468375355468448,-3.1437430441451713,-3.140648620549557,-3.137554264793297,-3.134459976917862,-3.1313657569752866,-3.1282716050313195,-3.125177521169589,-3.1220835054971112,-3.118989558151609,-3.1158956793112456,-3.1128018692076114,-3.1097081281430827,-3.1066144565140927,-3.103520854842408,-3.100427323817257,-3.0973338643522337,-3.094240477662355,-3.0911471653686595,-3.0880539296405707,-3.084960773390139,-3.0818677005377637,-3.078774716376604,-3.0756818280736327,-3.0725890453602953,-3.06949638148699,-3.0664038545454733,-3.0633114893057045,-3.0602193197737275,-3.057127392762684,-3.054035772890872,-3.050944549594794,-3.047853846994337,-3.044763837804802,-3.041674763004713,-3.038586959709383,-3.035500900770205,-3.032417251167335,-3.0293369485057347,-3.0262613181770215,-3.023192238470984,-3.020132377775,-3.017085535941492,-3.01405713629063,-3.011054935443428,-3.0080900478192536,-3.0051784234899697,-3.0023429760209464,-2.999616634510828,-2.997046692165255,-2.9947009350866303,-2.992676132439671,-2.991109484528283,-2.990193416058375
-3.592805266265163,-3.592015600969074,-3.5906472286847935,-3.5888514562266693,-3.5867379872721408,-3.5843870632074992,-3.581857803482399,-3.5791940333316776,-3.576428412354167,-3.573585392460922,-3.5706833568556204,-3.567736178788089,-3.5647543649096702,-3.561745898637093,-3.5587168652783943,-3.555671917403362,-3.5526146226388398,-3.54954772452395,-3.546473338808066,-3.5433931016299827,-3.5403082817061513,-3.537219865512034,-3.534128622136387,-3.5310351527918282,-3.5279399287111777,-3.5248433202289773,-3.521745619155357,-3.5186470560327,-3.515547813478648,-3.5124480365285247,-3.5093478406716443,-3.5062473181109577,-3.5031465426506414,-3.5000455735216094,-3.4969444583829454,-3.493843235682408,-3.490741936517318,-3.4876405861050674,-3.484539204947889,-3.4814378097576437,-3.478336414191797,-3.4752350294405043,-3.472133664696029,-3.469032327528945,-3.465931024190336,-3.462829759855113,-3.4597285388183705,-3.4566273646542087,-3.453526240344495,-3.4504251683834872,-3.4473241508630372,-3.4442231895421416,-3.441122285903828,-3.438021441201813,-3.434920656498825,-3.4318199326981818,-3.42871927056984,-3.4256186707719527,-3.4225181338687403,-3.419417660345335,-3.4163172506201493,-3.4132169050551906,-3.4101166239646945,-3.4070164076223604,-3.403916256267431,-3.4008161701098176,-3.397716149334418,-3.394616194104778,-3.391516304566203,-3.388416480848393,-3.3853167230677017,-3.382217031329074,-3.379117405727701,-3.3760178463504635,-3.3729183532771647,-3.369818926581624,-3.3667195663326273,-3.363620272594769,-3.360521045429208,-3.3574218848943387,-3.3543227910464193,-3.351223763940138,-3.3481248036291538,-3.3450259101666115,-3.341927083605642,-3.33882832399986,-3.335729631403868,-3.3326310058737705,-3.3295324474677224,-3.3264339562465075,-3.3233355322741644,-3.3202371756186806,-3.3171388863527547,-3.314040664554653,-3.310942510309185,-3.307844423708804,-3.3047464048548765,-3.301648453859145,-3.2985505708454212,-3.2954527559515543,-3.2923550093317324,-3.289257331159184,-3.2861597213574085,-3.2830621798566924,-3.2799647065934843,-3.2768673015098315,-3.273769964552877,-3.2706726956744054,-3.267575494830441,-3.2644783619808804,-3.261381297089166,-3.2582843001219848,-3.255187371049007,-3.252090509842638,-3.248993716477802,-3.245896990931743,-3.242800333183842,-3.2397037432154554,-3.236607221009765,-3.233510766551643,-3.230414379827527,-3.227318060825309,-3.224221809534233,-3.221125625944802,-3.218029510048692,-3.2149334618386773,-3.211837481308559,-3.2087415684531053,-3.2056457232679945,-3.2025499457497646,-3.1994542358957725,-3.1963585937041588,-3.1932630191738176,-3.1901675123043756,-3.1870720730961786,-3.1839767015502933,-3.1808813976685086,-3.1777861614533602,-3.1746909929081677,-3.1715958920370935,-3.1685008588452246,-3.165405893338689,-3.1623109955248077,-3.1592161654123023,-3.156121403011567,-3.1530267083350263,-3.149932081397605,-3.1468375222173455,-3.143743030816208,-3.140648607221131,-3.137554251465408,-3.1344599635905097,-3.131365743648472,-3.1282715917050425,-3.1251775078438495,-3.122083492171909,-3.1189895448269445,-3.115895665987119,-3.1128018558840225,-3.1097081148200307,-3.106614443191578,-3.10352084152043,-3.1004273104958155,-3.0973338510313297,-3.0942404643419885,-3.091147152048832,-3.08805391632128,-3.0849607600713855,-3.081867687219547,-3.0787747030589245,-3.075681814756491,-3.072589032043692,-3.0694963681709244,-3.066403841229945,-3.063311475990713,-3.0602193064592735,-3.057127379448768,-3.054035759577493,-3.050944536281954,-3.0478538336820358,-3.04476382449304,-3.041674749693489,-3.038586946398697,-3.035500887460057,-3.0324172378577243,-3.0293369351966626,-3.0262613048684877,-3.0231922251629877,-3.020132364467538,-3.017085522634564,-3.014057122984233,-3.011054922137558,-3.0080900345139057,-3.0051784101851364,-3.002342962716616,-2.9996166212069837,-2.9970466788618704,-2.994700921783667,-2.9926761191370725,-2.991109471225966,-2.990193402756223
-3.5928052523679317,-3.592015587071968,-3.5906472147879067,-3.588851442330074,-3.5867379733758926,-3.5843870493116405,-3.5818577895869645,-3.5791940194366925,-3.576428398459652,-3.573585378566893,-3.570683342962089,-3.567736164895066,-3.5647543510171644,-3.5617458847451093,-3.5587168513869396,-3.55567190351244,-3.552614608748453,-3.5495477106341013,-3.5464733249187566,-3.543393087741214,-3.540308267817924,-3.53721985162435,-3.5341286082492487,-3.5310351389052372,-3.527939914825136,-3.524843306343483,-3.5217456052704104,-3.5186470421483005,-3.5155477995947937,-3.512448022645216,-3.509347826788884,-3.5062473042287454,-3.503146528768978,-3.500045559640496,-3.4969444445023816,-3.4938432218023925,-3.4907419226378527,-3.4876405722261516,-3.4845391910695236,-3.4814377958798284,-3.47833640031453,-3.4752350155637854,-3.4721336508198584,-3.4690323136533228,-3.465931010315263,-3.4628297459805903,-3.459728524944398,-3.4566273507807868,-3.453526226471625,-3.450425154511168,-3.447324136991269,-3.444223175670923,-3.441122272033161,-3.438021427331696,-3.4349206426292596,-3.431819918829168,-3.428719256701377,-3.425618656904042,-3.42251812000138,-3.419417646478527,-3.4163172367538928,-3.4132168911894847,-3.4101166100995393,-3.4070163937577553,-3.4039162424033775,-3.400816156246315,-3.3977161354714664,-3.3946161802423784,-3.3915162907043546,-3.3884164669870946,-3.3853167092069545,-3.3822170174688777,-3.379117391868057,-3.37601783249137,-3.3729183394186237,-3.3698189127236353,-3.3667195524751903,-3.3636202587378836,-3.3605210315728735,-3.357421871038557,-3.35432277719119,-3.351223750085461,-3.34812478977503,-3.345025896313041,-3.3419270697526247,-3.338828310147396,-3.335729617551956,-3.3326309920224113,-3.329532433616916,-3.3264339423962523,-3.323335518424461,-3.3202371617695285,-3.3171388725041537,-3.3140406507066045,-3.3109424964616885,-3.3078444098618602,-3.3047463910084858,-3.301648440013309,-3.298550557000139,-3.295452742106825,-3.2923549954875573,-3.2892573173155633,-3.286159707514342,-3.2830621660141803,-3.2799646927515265,-3.2768672876684275,-3.2737699507120266,-3.270672681834109,-3.2675754809906983,-3.2644783481416915,-3.2613812832505302,-3.258284286283904,-3.2551873572114802,-3.2520904960056662,-3.248993702641386,-3.2458969770958817,-3.2428003193485355,-3.239703729380704,-3.236607207175568,-3.233510752718,-3.230414365994438,-3.2273180469927745,-3.2242217957022534,-3.2211256121133762,-3.2180294962178198,-3.214933448008359,-3.2118374674787957,-3.208741554623896,-3.2056457094393402,-3.202549931921665,-3.1994542220682285,-3.196358579877171,-3.1932630053473856,-3.1901674984785,-3.18707205927086,-3.1839766877255298,-3.1808813838442997,-3.177786147629706,-3.1746909790850695,-3.171595878214552,-3.1685008450232397,-3.16540587951726,-3.1623109817039343,-3.1592161515919845,-3.1561213891918043,-3.153026694515819,-3.1499320675789533,-3.146837508399249,-3.1437430169986684,-3.1406485934041473,-3.137554237648981,-3.134459949774641,-3.13136572983316,-3.128271577890288,-3.125177494029651,-3.1220834783582663,-3.1189895310138573,-3.1158956521745886,-3.1128018420720496,-3.1097081010086147,-3.10661442938072,-3.1035208277101294,-3.100427296686073,-3.097333837222145,-3.0942404505333623,-3.0911471382407636,-3.0880539025137703,-3.084960746264434,-3.081867673413153,-3.0787746892530885,-3.0756818009512124,-3.07258901823897,-3.069496354366759,-3.0664038274263383,-3.0633114621876643,-3.0602192926567815,-3.0571273656468323,-3.054035745776116,-3.0509445224811347,-3.047853819881775,-3.0447638106933366,-3.041674735894345,-3.0385869326001123,-3.0355008736620306,-3.032417224060256,-3.029336921399752,-3.026261291072134,-3.023192211367189,-3.0201323506722932,-3.0170855088398727,-3.0140571091900927,-3.011054908343965,-3.008090020720854,-3.0051783963926186,-3.0023429489246185,-2.9996166074154873,-2.9970466650708483,-2.9947009079930784,-2.992676105346859,-2.991109457436044,-2.990193388966471
-3.592805237961307,-3.5920155726654737,-3.5906472003816416,-3.5888514279241117,-3.586737958970288,-3.5843870349064395,-3.5818577751821996,-3.579194005032392,-3.5764283840558377,-3.573585364163582,-3.5706833285592947,-3.567736150492798,-3.564754336615431,-3.5617458703439184,-3.5587168369862976,-3.555671889112349,-3.552614594348917,-3.549547696235123,-3.5464733105203368,-3.5433930733433554,-3.540308253420629,-3.537219837227619,-3.534128593853082,-3.5310351245096356,-3.5279399004301006,-3.5248432919490145,-3.5217455908765087,-3.518647027754967,-3.515547785202028,-3.512448008253017,-3.509347812397252,-3.5062472898376824,-3.503146514378483,-3.500045545250569,-3.4969444301130235,-3.493843207413603,-3.4907419082496314,-3.487640557838499,-3.4845391766824387,-3.481437781493312,-3.4783363859285843,-3.4752350011784103,-3.472133636435054,-3.4690322992690885,-3.4659309959315996,-3.4628297315974983,-3.459728510561877,-3.456627336398837,-3.4535262120902455,-3.4504251401303594,-3.447324122611031,-3.444223161291256,-3.4411222576540634,-3.438021412953169,-3.434920628251303,-3.431819904451781,-3.4287192423245614,-3.4256186425277964,-3.422518105625706,-3.4194176321034235,-3.4163172223793596,-3.413216876815522,-3.4101165957261474,-3.4070163793849346,-3.403916228031129,-3.4008161418746377,-3.39771612110036,-3.3946161658718434,-3.3915162763343902,-3.3884164526177027,-3.3853166948381346,-3.38221700310063,-3.3791173775003824,-3.3760178181242693,-3.372918325052095,-3.369818898357679,-3.3667195381098063,-3.363620244373073,-3.3605210172086357,-3.357421856674891,-3.3543227628280956,-3.3512237357229386,-3.3481247754130794,-3.345025881951662,-3.3419270553918174,-3.338828295787161,-3.3357296031922927,-3.332630977663321,-3.3295324192583973,-3.3264339280383073,-3.323335504067089,-3.32023714741273,-3.317138858147929,-3.314040636350953,-3.3109424821066105,-3.3078443955073547,-3.304746376654554,-3.3016484256599505,-3.2985505426473534,-3.295452727754613,-3.292354981135919,-3.2892573029644994,-3.286159693163852,-3.283062151664265,-3.2799646784021865,-3.2768672733196627,-3.273769936363836,-3.2706726674864917,-3.2675754666436547,-3.2644783337952212,-3.261381268904634,-3.2582842719385816,-3.255187342866732,-3.252090481661492,-3.248993688297784,-3.245896962752854,-3.242800305006083,-3.2397037150388255,-3.236607192834265,-3.2335107383772717,-3.230414351654285,-3.2273180326531965,-3.22422178136325,-3.221125597774949,-3.2180294818799693,-3.2149334336710846,-3.2118374531420972,-3.2087415402877735,-3.205645695103792,-3.202549917586692,-3.1994542077338304,-3.1963585655433473,-3.1932629910141372,-3.190167484145827,-3.1870720449387626,-3.1839766733940085,-3.1808813695133558,-3.177786133299339,-3.1746909647552783,-3.1715958638853357,-3.1685008306946,-3.165405865189198,-3.16231096737645,-3.1592161372650773,-3.1561213748654753,-3.153026680190067,-3.149932053253778,-3.1468374940746506,-3.1437430026746456,-3.1406485790807,-3.1375542233261093,-3.1344599354523437,-3.131365715511439,-3.128271563569143,-3.1251774797090826,-3.1220834640382744,-3.1189895166944432,-3.115895637855752,-3.112801827753789,-3.109708086690932,-3.1066144150636137,-3.1035208133935996,-3.10042728237012,-3.09733382290677,-3.0942404362185645,-3.0911471239265422,-3.088053888200126,-3.0849607319513663,-3.0818676591006624,-3.078774674941176,-3.0756817866398762,-3.072589003928211,-3.069496340056578,-3.0664038131167355,-3.0633114478786396,-3.0602192783483355,-3.0571273513389663,-3.0540357314688293,-3.0509445081744264,-3.0478538055756457,-3.044763796387787,-3.0416747215893736,-3.0385869182957204,-3.0355008593582173,-3.0324172097570217,-3.029336907097096,-3.026261276770055,-3.0231921970656876,-3.020132336371369,-3.0170854945395216,-3.0140570948903123,-3.0110548940447517,-3.008090006422202,-3.0051783820945186,-3.0023429346270585,-2.9996165931184477,-2.9970466507743003,-2.9947008936969803,-2.9926760910511514,-2.991109443140638,-2.9901933746712417
-3.592805223026593,-3.5920155577308956,-3.5906471854473008,-3.5888514129900857,-3.5867379440366354,-3.584387019973205,-3.5818577602494206,-3.579193990100096,-3.576428369124046,-3.57358534923231,-3.570683313628558,-3.567736135562608,-3.564754321685795,-3.5617458554148427,-3.5587168220577876,-3.5556718741844104,-3.5526145794215527,-3.549547681308336,-3.54647329559413,-3.5433930584177307,-3.5403082384955877,-3.5372198223031615,-3.53412857892921,-3.5310351095863486,-3.5279398855073993,-3.5248432770269,-3.5217455759549816,-3.5186470128340286,-3.515547770281681,-3.5124479933332613,-3.509347797478087,-3.506247274919107,-3.5031464994604984,-3.5000455303331752,-3.496944415196219,-3.4938431924973896,-3.4907418933340093,-3.4876405429234674,-3.4845391617679975,-3.4814377665794614,-3.478336371015322,-3.4752349862657375,-3.47213362152297,-3.4690322843575956,-3.4659309810206973,-3.462829716687186,-3.4597284956521555,-3.4566273214897056,-3.4535261971817035,-3.4504251252224067,-3.4473241077036683,-3.4442231463844832,-3.4411222427478814,-3.438021398047578,-3.4349206133463044,-3.4318198895473753,-3.4287192274207468,-3.4256186276245737,-3.422518090723076,-3.4194176172013857,-3.4163172074779147,-3.4132168619146714,-3.4101165808258904,-3.407016364485271,-3.403916213132057,-3.4008161269761596,-3.3977161062024757,-3.394616150974552,-3.391516261437692,-3.388416437721596,-3.3853166799426204,-3.3822169882057085,-3.3791173626060527,-3.376017803230531,-3.37291831015895,-3.3698188834651273,-3.366719523217848,-3.3636202294817084,-3.3605210023178658,-3.357421841784715,-3.3543227479385127,-3.35122372083395,-3.348124760524685,-3.3450258670638613,-3.3419270405046113,-3.3388282809005485,-3.3357295883062754,-3.3326309627778974,-3.3295324043735683,-3.326433913154071,-3.3233354891834477,-3.320237132529684,-3.317138843265478,-3.3140406214690965,-3.3109424672253485,-3.307844380626688,-3.304746361774482,-3.3016484107804724,-3.298550527768471,-3.2954527128763265,-3.292354966258228,-3.2892572880874025,-3.2861596782873495,-3.283062136788356,-3.279964663526871,-3.2768672584449408,-3.273769921489708,-3.270672652612958,-3.2675754517707154,-3.2644783189228774,-3.2613812540328855,-3.2582842570674284,-3.255187327996175,-3.252090466791531,-3.2489936734284206,-3.245896947884086,-3.2428002901379096,-3.2397037001712476,-3.2366071779672825,-3.2335107235108858,-3.230414336788495,-3.2273180177880034,-3.224221766498654,-3.2211255829109495,-3.218029467016566,-3.214933418808278,-3.2118374382798875,-3.208741525426162,-3.205645680242779,-3.202549902726277,-3.199454192874013,-3.1963585506841268,-3.193262976155514,-3.1901674692878004,-3.1870720300813336,-3.1839766585371763,-3.1808813546571195,-3.1777861184436986,-3.1746909499002345,-3.171595849030888,-3.1685008158407486,-3.1654058503359424,-3.1623109525237907,-3.1592161224130146,-3.1561213600140086,-3.1530266653391976,-3.149932038403506,-3.1468374792249763,-3.143742987825569,-3.1406485642322224,-3.1375542084782313,-3.134459920605065,-3.1313657006647584,-3.1282715487230597,-3.1251774648635973,-3.122083449193388,-3.1189895018501548,-3.115895623012061,-3.1128018129106976,-3.1097080718484387,-3.106614400221719,-3.103520798552304,-3.1004272675294224,-3.0973338080666704,-3.0942404213790637,-3.09114710908764,-3.088053873361823,-3.0849607171136633,-3.08186764426356,-3.078774660104673,-3.075681771803974,-3.0725889890929095,-3.069496325221877,-3.0664037982826335,-3.063311433045138,-3.060219263515434,-3.057127336506665,-3.054035716637128,-3.0509444933433243,-3.047853790745143,-3.044763781557884,-3.0416747067600705,-3.038586903467015,-3.03550084453011,-3.0324171949295122,-3.029336892270184,-3.0262612619437403,-3.0231921822399697,-3.020132321546246,-3.017085479714992,-3.014057080066374,-3.0110548792214016,-3.0080899915994332,-3.0051783672723227,-3.0023429198054212,-2.99961657829735,-2.997046635953713,-2.9947008788768628,-2.9926760762314397,-2.9911094283212405,-2.9901933598520274
-3.5928052075444397,-3.5920155422488818,-3.5906471699655333,-3.588851397508644,-3.586737928555582,-3.5843870044925863,-3.581857744769274,-3.5791939746204484,-3.57642835364492,-3.5735853337537242,-3.5706832981505254,-3.5677361200851396,-3.5647543062089007,-3.561745839938529,-3.5587168065820607,-3.555671858709274,-3.5526145639470124,-3.5495476658343934,-3.546473280120788,-3.543393042944991,-3.5403082230234495,-3.537219806831629,-3.5341285634582844,-3.531035094116032,-3.527939870037692,-3.5248432615578027,-3.5217455604864942,-3.518646997366151,-3.5155477548144134,-3.5124479778666045,-3.509347782012041,-3.506247259453671,-3.5031464839956725,-3.50004551486896,-3.4969443997326155,-3.4938431770343987,-3.49074187787163,-3.487640527461701,-3.484539146306844,-3.4814377511189205,-3.4783363555553954,-3.4752349708064245,-3.4721336060642716,-3.4690322688995106,-3.4659309655632264,-3.462829701230328,-3.4597284801959103,-3.4566273060340738,-3.4535261817266862,-3.4504251097680045,-3.4473240922498816,-3.444223130931312,-3.4411222272953252,-3.4380213825956365,-3.4349205978949753,-3.431819874096659,-3.4287192119706447,-3.425618612175086,-3.4225180752742017,-3.4194176017531257,-3.4163171920302684,-3.413216846467638,-3.4101165653794703,-3.407016349039464,-3.4039161976868635,-3.400816111531578,-3.397716090758507,-3.3946161355311975,-3.391516245994952,-3.3884164222794717,-3.385316664501111,-3.3822169727648146,-3.3791173471657743,-3.376017787790868,-3.372918294719902,-3.369818868026693,-3.3667195077800285,-3.3636202140445026,-3.3605209868812738,-3.3574218263487374,-3.3543227325031513,-3.351223705399204,-3.348124745090555,-3.3450258516303473,-3.3419270250717132,-3.3388282654682677,-3.335729572874611,-3.332630947346849,-3.329532388943136,-3.3264338977242556,-3.3233354737542484,-3.320237117101101,-3.317138827837511,-3.314040606041746,-3.3109424517986143,-3.30784436520057,-3.3047463463489795,-3.3016483953555857,-3.298550512344199,-3.2954526974526694,-3.292354950835186,-3.289257272664977,-3.2861596628655403,-3.2830621213671636,-3.279964648106295,-3.276867243024982,-3.2737699060703664,-3.270672637194235,-3.26757543635261,-3.2644783035053893,-3.2613812386160155,-3.258284241651176,-3.25518731258054,-3.252090451376513,-3.2489936580140197,-3.2458969324703033,-3.2428002747247455,-3.2397036847587026,-3.236607162555356,-3.2335107080995766,-3.230414321377803,-3.227318002377929,-3.224221751089198,-3.2211255675021104,-3.218029451608345,-3.214933403400675,-3.211837422872901,-3.2087415100197925,-3.205645664837027,-3.202549887321142,-3.199454177469497,-3.196358535280229,-3.193262960752235,-3.19016745388514,-3.1870720146792912,-3.183976643135753,-3.180881339256315,-3.1777861030435135,-3.1746909345006684,-3.171595833631941,-3.16850080044242,-3.165405834938233,-3.1623109371267013,-3.1592161070165448,-3.1561213446181586,-3.153026649943967,-3.149932023008896,-3.146837463830986,-3.1437429724321984,-3.1406485488394713,-3.137554193086098,-3.1344599052135513,-3.131365685273864,-3.1282715333327853,-3.125177449473943,-3.1220834338043533,-3.11898948646174,-3.115895607624266,-3.112801797523522,-3.109708056461884,-3.1066143848357854,-3.1035207831669926,-3.1004272521447334,-3.097333792682603,-3.0942404059956172,-3.0911470937048144,-3.0880538579796175,-3.0849607017320784,-3.081867628882595,-3.0787746447243287,-3.0756817564242502,-3.072588973713807,-3.069496309843395,-3.0664037829047732,-3.0633114176679,-3.060219248138818,-3.0571273211306713,-3.0540357012617556,-3.0509444779685735,-3.0478537753710135,-3.044763766184375,-3.041674691387182,-3.0385868880947484,-3.035500829158465,-3.032417179558488,-3.029336876899781,-3.026261246573959,-3.0231921668708086,-3.0201323061777035,-3.017085464347066,-3.014057064699062,-3.011054863854699,-3.0080899762333337,-3.005178351906816,-3.002342904440494,-2.9996165629329825,-2.9970466205898756,-2.99470086351351,-2.9926760608685057,-2.991109412958632,-2.990193344489609
-3.5928051914947856,-3.5920155261993743,-3.5906471539162794,-3.5888513814597274,-3.5867379125070666,-3.5843869884445207,-3.5818577287216975,-3.5791939585733923,-3.5764283375984056,-3.5735853177077708,-3.5706832821051466,-3.5677361040403457,-3.564754290164702,-3.561745823894933,-3.558716790539072,-3.5556718426668987,-3.5526145479052533,-3.549547649793255,-3.5464732640802725,-3.5433930269050995,-3.5403082069841862,-3.537219790792995,-3.534128547420279,-3.5310350780786557,-3.527939854000946,-3.5248432455216876,-3.5217455444510115,-3.518646981331301,-3.5155477387801963,-3.5124479618330207,-3.5093477659790904,-3.5062472434213543,-3.50314646796399,-3.50004549883791,-3.4969443837022003,-3.4938431610046172,-3.490741861842484,-3.4876405114331908,-3.484539130278969,-3.4814377350916814,-3.478336339528792,-3.475234954780457,-3.4721335900389394,-3.469032252874814,-3.4659309495391653,-3.4628296852069034,-3.459728464173121,-3.45662729001192,-3.453526165705167,-3.45042509374712,-3.447324076229631,-3.4442231149116957,-3.4411222112763435,-3.438021366577289,-3.4349205818772632,-3.4318198580795825,-3.428719195954204,-3.4256185961592807,-3.4225180592590325,-3.4194175857385924,-3.4163171760163715,-3.4132168304543784,-3.4101165493668475,-3.4070163330274785,-3.4039161816755157,-3.4008160955208684,-3.3977160747484354,-3.3946161195217632,-3.3915162299861543,-3.3884164062713107,-3.3853166484935877,-3.3822169567579277,-3.3791173311595246,-3.376017771785257,-3.3729182787149283,-3.3698188520223584,-3.366719491776331,-3.3636201980414437,-3.3605209708788526,-3.3574218103469544,-3.3543227165020073,-3.3512236893986986,-3.348124729090687,-3.3450258356311173,-3.3419270090731215,-3.3388282494703128,-3.3357295568772938,-3.332630931350169,-3.3295323729470936,-3.326433881728851,-3.323335457759481,-3.3202371011069713,-3.3171388118440195,-3.314040590048893,-3.3109424358064006,-3.3078443492089953,-3.304746330358045,-3.3016483793652918,-3.2985504963545456,-3.2954526814636553,-3.292354934846811,-3.28925725667724,-3.286159646878442,-3.2830621053807043,-3.279964632120476,-3.2768672270398023,-3.2737698900858265,-3.270672621210333,-3.2675754203693486,-3.2644782875227674,-3.261381222634033,-3.258284225669833,-3.2551872965998356,-3.252090435396448,-3.2489936420345944,-3.2458969164915175,-3.242800258746599,-3.2397036687811958,-3.236607146578489,-3.233510692123351,-3.230414305402219,-3.227317986402986,-3.2242217351148956,-3.2211255515284503,-3.2180294356353265,-3.2149333874282986,-3.2118374069011666,-3.2087414940486982,-3.2056456488665743,-3.2025498713513314,-3.199454161500326,-3.196358519311699,-3.1932629447843452,-3.1901674379178915,-3.1870719987126845,-3.1839766271697876,-3.1808813232909916,-3.1777860870788306,-3.1746909185366254,-3.17159581766854,-3.168500784479661,-3.165405818976116,-3.1623109211652256,-3.1592160910557117,-3.156121328657967,-3.153026633984417,-3.1499320070499874,-3.1468374478727195,-3.143742956474575,-3.1406485328824907,-3.1375541771297617,-3.1344598892578577,-3.1313656693188134,-3.128271517378378,-3.1251774335201787,-3.122083417851231,-3.1189894705092596,-3.1158955916724276,-3.1128017815723266,-3.109708040511332,-3.106614368885876,-3.1035207672177254,-3.1004272361961083,-3.0973337767346214,-3.0942403900482796,-3.0911470777581225,-3.0880538420335704,-3.084960685786676,-3.081867612937837,-3.0787746287802142,-3.075681740480779,-3.072588957770979,-3.069496293901212,-3.066403766963234,-3.063311401727004,-3.060219232198565,-3.0571273051910612,-3.0540356853227903,-3.0509444620302544,-3.0478537594333397,-3.0447637502473466,-3.0416746754507984,-3.0385868721590086,-3.03550081322337,-3.032417163624038,-3.029336860965975,-3.0262612306407957,-3.023192150938286,-3.020132290245821,-3.017085448415823,-3.0140570487684553,-3.0110548479247243,-3.008089960303984,-3.0051783359780826,-3.0023428885123624,-2.9996165470054317,-2.9970466046628723,-2.994700847587009,-2.99267604494244,-2.991109397032903,-2.9901933285640756
-3.592805174856831,-3.5920155095615693,-3.5906471372787365,-3.588851364822532,-3.5867378958702862,-3.5843869718082075,-3.581857712085889,-3.579193941938119,-3.5764283209636942,-3.5735853010736403,-3.570683265471613,-3.5677360874074218,-3.5647542735323956,-3.5617458072632524,-3.5587167739080234,-3.5556718260364866,-3.5526145312754838,-3.54954763316413,-3.5464732474517957,-3.5433930102772733,-3.5403081903570097,-3.5372197741664686,-3.534128530794405,-3.531035061453434,-3.5279398373763775,-3.5248432288977734,-3.521745527827751,-3.5186469647086955,-3.515547722158246,-3.5124479452117257,-3.5093477493584513,-3.506247226801371,-3.503146451344662,-3.5000454822192406,-3.496944367084187,-3.4938431443872604,-3.4907418452257835,-3.487640494817146,-3.4845391136635833,-3.481437718476953,-3.478336322914723,-3.4752349381670458,-3.472133573426186,-3.4690322362627195,-3.465930932927728,-3.4628296685961235,-3.4597284475629992,-3.4566272734024577,-3.4535261490963647,-3.4504250771389766,-3.4473240596221473,-3.444223098304871,-3.4411221946701778,-3.438021349971784,-3.43492056527242,-3.4318198414754,-3.428719179350683,-3.4256185795564202,-3.422518042656833,-3.419417569137053,-3.416317159415492,-3.4132168138541594,-3.4101165327672884,-3.4070163164285785,-3.403916165077275,-3.4008160789232864,-3.3977160581515133,-3.394616102925502,-3.3915162133905534,-3.3884163896763706,-3.385316631899309,-3.38221694016431,-3.3791173145665683,-3.3760177551929607,-3.3729182621232914,-3.36981883543138,-3.366719475186014,-3.363620181451787,-3.360520954289857,-3.35742179375862,-3.354322699914333,-3.351223672811685,-3.348124712504335,-3.3450258190454267,-3.341926992488092,-3.338828232885945,-3.3357295402935874,-3.3326309147671234,-3.3295323563647097,-3.326433865147129,-3.323335441178421,-3.3202370845265734,-3.3171387952642837,-3.3140405734698204,-3.3109424192279913,-3.307844332631248,-3.3047463137809596,-3.301648362788868,-3.2985504797787835,-3.295452664888556,-3.292354918272374,-3.2892572401034665,-3.286159630305332,-3.283062088808258,-3.279964615548692,-3.2768672104686813,-3.273769873515368,-3.2706726046405383,-3.267575403800216,-3.2644782709542977,-3.261381206066226,-3.258284209102689,-3.255187280033356,-3.2520904188306323,-3.2489936254694425,-3.24589689992703,-3.242800242182776,-3.2397036522180356,-3.2366071300159924,-3.2335106755615173,-3.2304142888410494,-3.2273179698424803,-3.2242217185550532,-3.2211255349692713,-3.2180294190768115,-3.2149333708704466,-3.21183739034398,-3.2087414774921768,-3.205645632310716,-3.202549854796138,-3.1994541449457987,-3.1963585027578376,-3.1932629282311495,-3.1901674213653606,-3.187071982160818,-3.183976610618587,-3.180881306740457,-3.177786070528964,-3.1746909019874257,-3.1715958011200067,-3.1685007679317936,-3.1654058024289156,-3.1623109046186912,-3.159216074509843,-3.1561213121127647,-3.1530266174398807,-3.1499319905061167,-3.146837431329514,-3.143742939932035,-3.1406485163406157,-3.1375541605885524,-3.134459872717314,-3.1313656527789364,-3.128271500839167,-3.1251774169816335,-3.122083401313353,-3.1189894539720484,-3.115895575135884,-3.1128017650364495,-3.1097080239761197,-3.10661435235133,-3.1035207506838454,-3.1004272196628944,-3.0973337602020727,-3.094240373516397,-3.091147061226906,-3.0880538255030205,-3.084960669256793,-3.081867596408621,-3.078774612251666,-3.0756817239528984,-3.072588941243766,-3.0694962773746655,-3.0664037504373542,-3.0633113852017915,-3.060219215674021,-3.057127288667185,-3.0540356687995813,-3.0509444455077124,-3.0478537429114656,-3.04476373372614,-3.041674658930259,-3.0385868556391378,-3.035500796704167,-3.0324171471055026,-3.0293368444481064,-3.0262612141235934,-3.0231921344217505,-3.0201322737299514,-3.017085431900616,-3.014057032253907,-3.011054831410829,-3.0080899437907367,-3.0051783194654726,-3.0023428720003764,-2.9996165304940456,-2.997046588152055,-2.9947008310767114,-2.992676028432592,-2.9911093805234037,-2.9901933120547812
-3.5928051576090008,-3.5920154923138954,-3.5906471200313375,-3.5888513475754973,-3.5867378786236834,-3.5843869545620892,-3.5818576948402963,-3.579193924693085,-3.5764283037192413,-3.573585283829789,-3.570683248228379,-3.567736070164818,-3.564754256290432,-3.5617457900219374,-3.5587167566673634,-3.555671808796487,-3.5526145140361463,-3.549547615925459,-3.5464732302137936,-3.5433929930399426,-3.5403081731203527,-3.5372197569304853,-3.534128513559096,-3.5310350442188017,-3.527939820142422,-3.5248432116644963,-3.521745510595154,-3.5186469474767788,-3.5155477049270094,-3.5124479279811696,-3.5093477321285755,-3.506247209572177,-3.5031464341161507,-3.500045464991411,-3.4969443498570394,-3.4938431271607953,-3.4907418280000013,-3.4876404775920484,-3.4845390964391676,-3.4814377012532205,-3.478336305691671,-3.4752349209446756,-3.472133556204498,-3.4690322190417118,-3.465930915707403,-3.4628296513764814,-3.45972843034404,-3.4566272561841798,-3.4535261318787693,-3.450425059922065,-3.44732404240592,-3.444223081089328,-3.44112217745532,-3.43802133275761,-3.4349205480589284,-3.431819824262593,-3.428719162138559,-3.42561856234498,-3.4225180254460756,-3.419417551926979,-3.416317142206102,-3.4132167966454507,-3.4101165155592637,-3.4070162992212385,-3.4039161478706195,-3.4008160617173164,-3.3977160409462277,-3.3946160857209016,-3.3915161961866382,-3.3884163724731406,-3.385316614696763,-3.382216922962448,-3.37911729736539,-3.3760177379924667,-3.3729182449234822,-3.369818818232256,-3.3667194579875743,-3.3636201642540318,-3.3605209370927867,-3.357421776562235,-3.354322682718633,-3.3512236556166703,-3.348124695310006,-3.345025801851784,-3.3419269752951353,-3.338828215693674,-3.3357295231020014,-3.3326308975762244,-3.3295323391744964,-3.3264338479576017,-3.3233354239895796,-3.320237067338417,-3.3171387780768136,-3.3140405562830355,-3.310942402041891,-3.3078443154458337,-3.304746296596231,-3.301648345604825,-3.2985504625954274,-3.295452647705887,-3.2923549010903934,-3.289257222922174,-3.286159613124727,-3.2830620716283403,-3.279964598369462,-3.276867193290139,-3.273769856337514,-3.2706725874633715,-3.2675753866237374,-3.2644782537785075,-3.2613811888911233,-3.2582841919282735,-3.2551872628596272,-3.2520904016575916,-3.248993608297089,-3.245896882755364,-3.2428002250117984,-3.2397036350477477,-3.236607112846393,-3.233510658392606,-3.2304142716728257,-3.227317952674944,-3.2242217013882057,-3.221125517803112,-3.21802940191134,-3.214933353705663,-3.2118373731798835,-3.2087414603287683,-3.2056456151479975,-3.2025498376341073,-3.1994541277844566,-3.196358485597184,-3.1932629110711845,-3.1901674042060852,-3.1870719650022328,-3.183976593460692,-3.1808812895832506,-3.177786053372445,-3.1746908848315964,-3.171595783964867,-3.168500750777345,-3.1654057852751554,-3.1623108874656207,-3.159216057357462,-3.1561212949610735,-3.15302660028888,-3.149931973355806,-3.146837414179894,-3.1437429227831055,-3.1406484991923773,-3.137554143441004,-3.1344598555704573,-3.1313656356327706,-3.128271483693692,-3.1251773998368506,-3.1220833841692617,-3.118989436828649,-3.1158955579931757,-3.1128017478944314,-3.109708006834793,-3.106614335210695,-3.1035207335439017,-3.1004272025236426,-3.0973337430635133,-3.0942403563785295,-3.091147044089729,-3.088053808366535,-3.084960652120999,-3.0818675792735193,-3.078774595117257,-3.075681706819182,-3.0725889241107422,-3.0694962602423344,-3.0664037333057155,-3.063311368070845,-3.060219198543766,-3.0571272715376225,-3.0540356516707114,-3.050944428379534,-3.0478537257839786,-3.0447637165993444,-3.041674641804155,-3.038586838513726,-3.035500779579447,-3.032417129981474,-3.02933682732477,-3.0262611970009488,-3.023192117299796,-3.0201322566086857,-3.017085414780037,-3.014057015134011,-3.011054814291613,-3.008089926672193,-3.0051783023475913,-3.002342854883141,-2.999616513377434,-2.9970465710360332,-2.99470081396123,-2.992676011317578,-2.9911093634087518,-2.99019329494034
-3.5928051397289593,-3.5920154744340156,-3.5906471021517397,-3.5888513296962734,-3.586737860744903,-3.5843869366838086,-3.5818576769625574,-3.5791939068159224,-3.5764282858426824,-3.5735852659538554,-3.570683230353087,-3.5677360522901806,-3.5647542384164597,-3.561745772148637,-3.558716738794741,-3.555671790924548,-3.5526144961648947,-3.549547598054899,-3.546473212343926,-3.54339297517077,-3.540308155251877,-3.53721973906271,-3.534128495692023,-3.531035026352432,-3.527939802276756,-3.524843193799534,-3.521745492730896,-3.518646929613224,-3.515547687064158,-3.5124479101190236,-3.5093477142671357,-3.5062471917114415,-3.5031464162561208,-3.500045447132086,-3.4969443319984204,-3.493843109302882,-3.490741810142795,-3.4876404597355473,-3.484539078583374,-3.4814376833981346,-3.4783362878372936,-3.475234903091007,-3.472133538351537,-3.46903220118946,-3.4659308978558605,-3.4628296335256477,-3.4597284124939156,-3.456627238334764,-3.4535261140300615,-3.4504250420740648,-3.4473240245586276,-3.444223063242744,-3.441122159609443,-3.4380213149124415,-3.4349205302144687,-3.4318198064188414,-3.428719144295516,-3.4256185445026452,-3.4225180076044497,-3.4194175340860626,-3.4163171243658947,-3.413216778805954,-3.4101164977204768,-3.407016281383161,-3.403916130033251,-3.4008160438806567,-3.3977160231102776,-3.39461606788566,-3.3915161783521053,-3.388416354639315,-3.385316596863646,-3.3822169051300404,-3.3791172795336917,-3.376017720161478,-3.3729182270932045,-3.3698188004026886,-3.366719440158717,-3.3636201464258844,-3.360520919265349,-3.3574217587355073,-3.354322664892616,-3.351223637791364,-3.34812467748541,-3.3450257840278983,-3.3419269574719603,-3.33882819787121,-3.3357295052802485,-3.332630879755183,-3.3295323213541668,-3.3264338301379834,-3.3233354061706732,-3.3202370495202227,-3.31713876025933,-3.3140405384662635,-3.310942384225831,-3.3078442976304867,-3.3047462787815975,-3.3016483277909052,-3.2985504447822196,-3.2954526298933913,-3.2923548832786094,-3.289257205111101,-3.2861595953143654,-3.2830620538186905,-3.2799645805605233,-3.276867175481912,-3.2737698385299985,-3.2706725696565684,-3.267575368817647,-3.2644782359731295,-3.261381171086459,-3.2582841741243227,-3.25518724505639,-3.252090383855067,-3.2489935904952776,-3.245896864954265,-3.2428002072114115,-3.239703617248073,-3.2366070950474315,-3.2335106405943583,-3.2304142538752916,-3.227317934878125,-3.2242216835921003,-3.221125500007721,-3.218029384116663,-3.214933335911701,-3.2118373553866353,-3.2087414425362355,-3.205645597356178,-3.202549819843002,-3.1994541099940648,-3.1963584678075065,-3.1932628932822213,-3.1901673864178357,-3.1870719472146973,-3.1839765756738707,-3.1808812717971446,-3.177786035587054,-3.17469086704692,-3.1715957661809058,-3.168500732994098,-3.165405767492624,-3.1623108696838043,-3.1592160395763607,-3.1561212771806875,-3.15302658250921,-3.1499319555768515,-3.1468373964016543,-3.1437429050055807,-3.140648481415567,-3.1375541256649098,-3.1344598377950788,-3.1313656178581075,-3.1282714659197453,-3.1251773820636193,-3.122083366396747,-3.11898941905685,-3.115895540222094,-3.1128017301240667,-3.1097079890651456,-3.106614317441765,-3.103520715775689,-3.1004271847561466,-3.097333725296734,-3.094240338612466,-3.0911470263243825,-3.0880537906019043,-3.084960634357085,-3.0818675615103213,-3.078774577354775,-3.0756816890574172,-3.0725889063496945,-3.069496242482003,-3.066403715546102,-3.063311350311949,-3.060219180785588,-3.0571272537801617,-3.0540356339139674,-3.050944410623508,-3.0478537080286703,-3.0447636988447555,-3.0416746240502857,-3.038586820760574,-3.035500761827012,-3.032417112229757,-3.0293368095737696,-3.0262611792506644,-3.0231920995502266,-3.020132238859829,-3.0170853970318925,-3.014056997386577,-3.011054796544883,-3.0080899089261606,-3.0051782846022452,-3.0023428371384653,-2.999616495633405,-2.997046553292616,-2.9947007962183725,-2.992675993575206,-2.9911093456667555,-2.990193277198562
-3.592805121193515,-3.5920154558987387,-3.5906470836167577,-3.588851311161681,-3.5867378422107747,-3.5843869181501997,-3.5818576584295116,-3.579193888283473,-3.5764282673108583,-3.573585247422677,-3.570683211822572,-3.567736033760344,-3.564754219887311,-3.5617457536201838,-3.55871672026699,-3.555671772397505,-3.5526144776385653,-3.5495475795292846,-3.5464731938190317,-3.543392956646598,-3.5403081367284295,-3.537219720539989,-3.534128477170029,-3.5310350078311648,-3.527939783756217,-3.524843175279724,-3.521745474211815,-3.5186469110948733,-3.515547668546539,-3.512447891602137,-3.5093476957509817,-3.506247173196022,-3.503146397741433,-3.500045428618131,-3.4969443134851974,-3.4938430907903912,-3.4907417916310357,-3.4876404412245217,-3.484539060073081,-3.481437664888574,-3.4783362693284654,-3.4752348845829117,-3.472133519844175,-3.469032182682831,-3.4659308793499637,-3.4628296150204827,-3.4597283939894834,-3.4566272198310655,-3.453526095527096,-3.4504250235718334,-3.4473240060571304,-3.444223044741981,-3.441122141109415,-3.4380212964131474,-3.43492051171591,-3.4318197879210173,-3.4287191257984273,-3.425618526006293,-3.422517989108833,-3.4194175155911815,-3.4163171058717494,-3.4132167603125443,-3.4101164792278014,-3.4070162628912213,-3.4039161115420473,-3.400816025390189,-3.397716004620545,-3.3946160493966624,-3.3915161598638432,-3.3884163361517894,-3.385316578376856,-3.3822168866439863,-3.3791172610483744,-3.3760177016768966,-3.372918208609358,-3.3698187819195775,-3.366719421676342,-3.363620127944247,-3.3605209007844477,-3.357421740255343,-3.3543226464131872,-3.3512236193126714,-3.3481246590074543,-3.345025765550679,-3.3419269389954773,-3.338828179395464,-3.3357294868052407,-3.3326308612809123,-3.3295323028806334,-3.3264338116651877,-3.3233353876986147,-3.3202370310489013,-3.3171387417887463,-3.3140405199964174,-3.310942365756722,-3.3078442791621145,-3.3047462603139617,-3.301648309324006,-3.2985504263160585,-3.2954526114279683,-3.292354864813926,-3.2892571866471565,-3.28615957685116,-3.283062035356223,-3.279964562098795,-3.2768671570209227,-3.2737698200697487,-3.270672551197058,-3.267575350358875,-3.264478217515097,-3.261381152629164,-3.258284155667766,-3.2551872266005724,-3.2520903653999884,-3.248993572040938,-3.245896846500665,-3.242800188758551,-3.2397035987959515,-3.2366070765960493,-3.2335106221437155,-3.2304142354253886,-3.2273179164289614,-3.224221665143677,-3.221125481560037,-3.2180293656697194,-3.2149333174654977,-3.211837336941173,-3.2087414240915133,-3.205645578912196,-3.20254980139976,-3.199454091551563,-3.1963584493657455,-3.193262874841201,-3.1901673679775575,-3.1870719287751603,-3.1839765572350736,-3.180881253359088,-3.1777860171497387,-3.174690848610346,-3.1715957477450725,-3.168500714559006,-3.1654057490582725,-3.1623108512501936,-3.1592160211434916,-3.15612125874856,-3.1530265640778237,-3.149931937146207,-3.146837377971753,-3.143742886576422,-3.140648462987151,-3.137554107237235,-3.1344598193681446,-3.131365599431913,-3.128271447494292,-3.125177363638908,-3.1220833479727776,-3.118989400633624,-3.11589552179961,-3.1128017117023266,-3.1097079706441484,-3.1066142990215093,-3.103520697356176,-3.1004271663373766,-3.097333706878707,-3.0942403201951834,-3.0911470079078436,-3.0880537721861097,-3.084960615942034,-3.081867543096014,-3.0787745589412108,-3.0756816706445957,-3.0725888879376155,-3.069496224070668,-3.0664036971355104,-3.0633113319021024,-3.0602191623764856,-3.0571272353718038,-3.0540356155063537,-3.0509443922166386,-3.0478536896225457,-3.044763680439374,-3.041674605645648,-3.038586802356681,-3.035500743423864,-3.0324170938273523,-3.0293367911721076,-3.026261160849745,-3.02319208115005,-3.0201322204603938,-3.0170853786331966,-3.014056978988615,-3.0110547781476504,-3.008089890529649,-3.0051782662064435,-3.002342818743357,-2.999616477238965,-2.997046534898809,-2.9947007778251455,-2.992675975182481,-2.991109327274419,-2.990193258806453
-3.5928051019786564,-3.5920154366840547,-3.5906470644023787,-3.5888512919477056,-3.5867378229972786,-3.584386898937242,-3.581857639217138,-3.5791938690717204,-3.576428248099754,-3.5735852282122433,-3.570683192612827,-3.5677360145512984,-3.5647542006789776,-3.5617457344125714,-3.558716701060108,-3.5556717531913584,-3.5526144584331587,-3.549547560324623,-3.5464731746151172,-3.5433929374434316,-3.540308117526014,-3.537219701338325,-3.5341284579691186,-3.5310349886310095,-3.527939764556817,-3.52484315608108,-3.521745455013928,-3.5186468918977436,-3.515547649350167,-3.512447872406523,-3.509347676556126,-3.5062471540019247,-3.503146378548096,-3.500045409425554,-3.4969442942933804,-3.4938430715993336,-3.490741772440738,-3.487640422034983,-3.4845390408843016,-3.4814376457005536,-3.4783362501412043,-3.4752348653964082,-3.4721335006584315,-3.469032163497848,-3.4659308601657406,-3.4628295958370203,-3.459728374806781,-3.4566272006491237,-3.453526076345916,-3.4504250043914135,-3.4473239868774703,-3.444223025563081,-3.4411221219312758,-3.438021277235768,-3.434920492539291,-3.4318197687451586,-3.428719106623329,-3.4256185068319547,-3.422517969935256,-3.419417496418367,-3.4163170866996966,-3.413216741141253,-3.4101164600572718,-3.4070162437214533,-3.4039160923730414,-3.4008160062219455,-3.397715985453064,-3.3946160302299435,-3.3915161406978878,-3.3884163169865977,-3.3853165592124275,-3.3822168674803197,-3.37911724188547,-3.3760176825147545,-3.37291818944798,-3.3698187627589626,-3.3667194025164906,-3.3636201087851587,-3.360520881626124,-3.3574217210977824,-3.354322627256391,-3.3512236001566387,-3.3481246398521844,-3.3450257463961726,-3.3419269198417347,-3.338828160242485,-3.3357294676530245,-3.3326308421294595,-3.3295322837299444,-3.326433792515263,-3.323335368549454,-3.320237011900506,-3.3171387226411153,-3.3140405008495506,-3.31094234661062,-3.3078442600167772,-3.3047462411693895,-3.3016482901801996,-3.2985504071730176,-3.2954525922856925,-3.2923548456724148,-3.289257167506411,-3.2861595577111795,-3.2830620162170088,-3.2799645429603466,-3.27686713788324,-3.2737698009328313,-3.2706725320609062,-3.2675753312234885,-3.264478198380476,-3.2613811334953104,-3.2582841365346793,-3.255187207468252,-3.2520903462684343,-3.2489935529101506,-3.245896827370644,-3.2428001696292963,-3.2397035796674643,-3.2366070574683294,-3.2335106030167626,-3.2304142162992027,-3.2273178973035415,-3.224221646019024,-3.2211254624361514,-3.2180293465466,-3.214933298343145,-3.2118373178195876,-3.2087414049706946,-3.2056455597921447,-3.2025497822804767,-3.199454072433048,-3.1963584302479973,-3.193262855724221,-3.1901673488613462,-3.1870719096597173,-3.1839765381204,-3.1808812342451827,-3.1777859980366014,-3.174690829497977,-3.171595728633472,-3.168500695448174,-3.1654057299482097,-3.1623108321409,-3.1592160020349676,-3.1561212396408047,-3.153026544970837,-3.149931918039989,-3.1468373588663026,-3.1437428674717403,-3.140648443883238,-3.137554088134091,-3.1344598002657693,-3.131365580330308,-3.128271428393456,-3.1251773445388418,-3.1220833288734804,-3.118989381535095,-3.11589550270185,-3.1128016926053355,-3.1097079515479273,-3.106614279926059,-3.103520678261496,-3.1004271472434657,-3.0973336877855657,-3.0942403011028112,-3.0911469888162406,-3.0880537530952776,-3.084960596851972,-3.081867524006723,-3.078774539852691,-3.0756816515568475,-3.0725888688506395,-3.069496204984464,-3.0664036780500785,-3.063311312817441,-3.060219143292595,-3.057127216288685,-3.054035596424007,-3.050944373135063,-3.0478536705417416,-3.0447636613593425,-3.041674586566388,-3.038586783278192,-3.0355007243461447,-3.0324170747504033,-3.02933677209593,-3.0262611417743375,-3.023192062075411,-3.020132201386522,-3.0170853595600877,-3.0140569599162665,-3.011054759076058,-3.008089871458805,-3.0051782471363375,-3.0023427996739707,-2.9996164581702747,-2.9970465158307755,-2.994700758757713,-2.9926759561155682,-2.9911093082079097,-2.9901932397401794
-3.59280508205948,-3.5920154167650584,-3.590647044483698,-3.5888512720294443,-3.5867378030795143,-3.584386879020036,-3.581857619300539,-3.579193849155764,-3.5764282281844695,-3.5735852082976534,-3.5706831726989483,-3.5677359946381464,-3.5647541807665624,-3.5617457145009053,-3.558716681149196,-3.555671733281207,-3.552614438523772,-3.5495475404160053,-3.546473154707271,-3.5433929175363614,-3.540308097619721,-3.5372196814328105,-3.5341284380643843,-3.531034968727058,-3.5279397446536493,-3.5248431361786965,-3.521745435112329,-3.51864687199693,-3.515547629450139,-3.5124478525072793,-3.5093476566576673,-3.5062471341042523,-3.5031463586512093,-3.5000453895294537,-3.4969442743980683,-3.4938430517048102,-3.490741752547002,-3.4876404021420346,-3.4845390209921407,-3.4814376258091824,-3.4783362302506227,-3.475234845506616,-3.472133480769429,-3.4690321436096343,-3.4659308402783156,-3.4628295759503835,-3.459728354920933,-3.4566271807640647,-3.4535260564616452,-3.4504249845079316,-3.4473239669947775,-3.444223005681176,-3.4411221020501594,-3.4380212573554423,-3.434920472659755,-3.4318197488664133,-3.4287190867453745,-3.425618486954791,-3.4225179500588827,-3.419417476542783,-3.4163170668249028,-3.413216721267249,-3.410116440184058,-3.40701622384903,-3.403916072501408,-3.4008159863511023,-3.3977159655830107,-3.394616010360681,-3.3915161208294156,-3.3884162971189147,-3.385316539345535,-3.382216847614219,-3.3791172220201604,-3.376017662650236,-3.3729181695842523,-3.369818742896027,-3.366719382654346,-3.363620088923805,-3.360520861765561,-3.3574217012380103,-3.35432260739741,-3.3512235802984494,-3.348124619994787,-3.345025726539567,-3.341926899985921,-3.338828140387463,-3.3357294477987947,-3.332630822276022,-3.329532263877299,-3.326433772663409,-3.3233353486983934,-3.320236992050237,-3.317138702791639,-3.314040481000866,-3.310942326762727,-3.307844240169676,-3.3047462213230805,-3.3016482703346828,-3.2985503873282935,-3.295452572441762,-3.2923548258292765,-3.289257147664065,-3.2861595378696267,-3.283061996376249,-3.279964523120381,-3.276867118044068,-3.2737697810944533,-3.270672512223322,-3.2675753113866985,-3.26447817854448,-3.2613811136601085,-3.2582841167002714,-3.255187187634639,-3.2520903264356162,-3.2489935330781274,-3.2458968075394146,-3.2428001497988603,-3.239703559837821,-3.2366070376394793,-3.233510583188707,-3.230414196471942,-3.227317877477076,-3.2242216261933523,-3.2211254426112736,-3.218029326722517,-3.2149332785198568,-3.2118372979970946,-3.208741385148998,-3.2056455399712447,-3.2025497624603725,-3.1994540526137403,-3.1963584104294855,-3.193262835906505,-3.1901673290444252,-3.1870718898435926,-3.1839765183050712,-3.180881214430651,-3.177785978222867,-3.174690809685039,-3.171595708821331,-3.16850067563683,-3.165405710137663,-3.162310812331151,-3.1592159822260153,-3.1561212198326496,-3.153026525163479,-3.1499318982334286,-3.1468373390605393,-3.1437428476667733,-3.140648424079069,-3.1375540683307204,-3.134459780463198,-3.1313655605285353,-3.1282714085924823,-3.1251773247386656,-3.1220833090741023,-3.1189893617365154,-3.115895482904069,-3.112801672808352,-3.109707931751741,-3.10661426013067,-3.1035206584669046,-3.1004271274496733,-3.0973336679925714,-3.0942402813106153,-3.0911469690248436,-3.0880537333046796,-3.0849605770621724,-3.0818675042177226,-3.0787745200644894,-3.0756816317694446,-3.0725888490640356,-3.06949618519866,-3.066403658265074,-3.063311293033236,-3.06021912350919,-3.0571271965060784,-3.054035576642199,-3.050944353354055,-3.047853650761533,-3.0447636415799333,-3.041674566787778,-3.038586763500381,-3.035500704569134,-3.0324170549741916,-3.0293367523205164,-3.0262611219997213,-3.023192042301592,-3.020132181613498,-3.0170853397878568,-3.014056940144825,-3.0110547393054006,-3.0080898516889234,-3.0051782273672183,-3.002342779905597,-2.9996164384026196,-2.9970464960638012,-2.9947007389913627,-2.9926759363497575,-2.9911092884425163,-2.9901932199750303
-3.592805061410148,-3.592015396115914,-3.59064702383488,-3.5888512513810604,-3.586737782431648,-3.584386858372749,-3.5818575986538805,-3.5791938285097737,-3.576428207539178,-3.573585187653082,-3.5706831520551168,-3.5677359739950703,-3.5647541601242545,-3.561745693859373,-3.558716660508447,-3.555671712641246,-3.552614417884605,-3.5495475197776365,-3.546473134069703,-3.5433928968995976,-3.5403080769837625,-3.537219660797659,-3.534128417430041,-3.5310349480935237,-3.5279397240209254,-3.5248431155467856,-3.5217454144812312,-3.518646851366645,-3.5155476088206687,-3.5124478318786236,-3.509347636029827,-3.5062471134772264,-3.5031463380249988,-3.5000453689040585,-3.4969442537734876,-3.4938430310810458,-3.490741731924055,-3.487640381519905,-3.484539000370827,-3.481437605188685,-3.4783362096309416,-3.475234824887753,-3.4721334601513822,-3.4690321229924046,-3.465930819661904,-3.46282955533479,-3.459728334306158,-3.456627160150108,-3.4535260358485065,-3.4504249638956117,-3.447323946383275,-3.4442229850704926,-3.441122081440295,-3.4380212367463954,-3.434920452051526,-3.431819728259002,-3.4287190661387807,-3.425618466349015,-3.4225179294539254,-3.4194174559386448,-3.4163170462215833,-3.4132167006647482,-3.410116419582376,-3.4070162032481663,-3.4039160519013625,-3.4008159657518755,-3.397715944984603,-3.3946159897630928,-3.3915161002326473,-3.3884162765229666,-3.385316518750407,-3.3822168270199104,-3.379117201426671,-3.3760176420575663,-3.3729181489924036,-3.369818722304998,-3.366719362064138,-3.3636200683344186,-3.360520841176996,-3.357421680650266,-3.3543225868104862,-3.351223559712346,-3.3481245994095037,-3.3450257059551047,-3.3419268794022794,-3.338828119804643,-3.335729427216796,-3.3326308016948443,-3.3295322432969425,-3.3264337520838745,-3.32333532811968,-3.320236971472345,-3.3171386822145688,-3.3140404604246183,-3.3109423061873016,-3.307844219595072,-3.3047462007492983,-3.301648249761722,-3.2985503667561544,-3.2954525518704436,-3.2923548052587797,-3.28925712709439,-3.2861595173007743,-3.2830619758082187,-3.279964502553172,-3.276867097477681,-3.2737697605288876,-3.2706724916585785,-3.2675752908227773,-3.264478157981381,-3.261381093097832,-3.2582840961388193,-3.25518716707401,-3.252090305875811,-3.2489935125191463,-3.2458967869812594,-3.2428001292415303,-3.2397035392813156,-3.236607017083798,-3.2335105626338496,-3.2304141759179084,-3.2273178569238663,-3.224221605640967,-3.221125422059713,-3.218029306171781,-3.2149332579699443,-3.2118372774480064,-3.208741364600733,-3.205645519423803,-3.202549741913755,-3.1994540320679468,-3.196358389884518,-3.1932628153623632,-3.190167308501109,-3.187071869301103,-3.1839764977634077,-3.1808811938898134,-3.1777859576828553,-3.174690789145854,-3.1715956882829714,-3.1685006550992965,-3.1654056896009557,-3.1623107917952695,-3.1592159616909594,-3.1561211992984197,-3.1530265046300756,-3.1499318777008516,-3.1468373185287897,-3.143742827135852,-3.1406484035489743,-3.137554047801452,-3.1344597599347552,-3.131365540000919,-3.128271388065692,-3.125177304212702,-3.122083288548966,-3.118989341212206,-3.115895462380586,-3.1128016522856963,-3.109707911229912,-3.106614239609669,-3.1035206379467315,-3.100427106930327,-3.097333647474054,-3.094240260792926,-3.091146948507984,-3.0880537127886476,-3.084960556546969,-3.0818674837033475,-3.078774499550943,-3.075681611256728,-3.072588828552147,-3.069496164687599,-3.0664036377548407,-3.0633112725238307,-3.0602191030006134,-3.057127175998332,-3.0540355561352834,-3.0509443328479695,-3.0478536302562773,-3.0447636210755054,-3.0416745462841783,-3.0385867429976097,-3.0355006840671903,-3.032417034473077,-3.02933673182023,-3.0262611015002627,-3.023192021802958,-3.0201321611156877,-3.017085319290869,-3.0140569196486564,-3.0110547188100445,-3.008089831194371,-3.0051782068734583,-3.0023427594126115,-2.99961641791038,-2.997046475572268,-2.9947007185004764,-2.992675915859431,-2.991109267952624,-2.9901931994853896
-3.5928050400039098,-3.5920153747098698,-3.5906470024291752,-3.5888512299758055,-3.5867377610269267,-3.5843868369686285,-3.581857577250411,-3.579193807106994,-3.5764281861371185,-3.5735851662517706,-3.570683130654572,-3.5677359525953065,-3.5647541387252835,-3.5617456724612055,-3.5587166391110925,-3.5556716912447106,-3.5526143964888934,-3.5495474983827524,-3.5464731126756512,-3.543392875506379,-3.5403080555913804,-3.537219639406116,-3.5341283960393377,-3.53103492670366,-3.5279397026319033,-3.5248430941586033,-3.5217453930938905,-3.5186468299801485,-3.515547587435015,-3.512447810493814,-3.509347614645862,-3.5062470920941076,-3.503146316642726,-3.500045347522632,-3.4969442323929076,-3.4938430097013113,-3.490741710545166,-3.4876403601418624,-3.4845389789936325,-3.481437583812337,-3.478336188255441,-3.4752348035131004,-3.4721334387775777,-3.4690321016194474,-3.465930798289793,-3.4628295339635264,-3.4597283129357415,-3.4566271387805374,-3.4535260144797837,-3.450424942527736,-3.4473239250162475,-3.4442229637043136,-3.4411220600749637,-3.4380212153819127,-3.434920430687892,-3.431819706896217,-3.4287190447768445,-3.425618444987928,-3.4225179080936874,-3.4194174345792545,-3.4163170248630412,-3.413216679307055,-3.4101163982255325,-3.407016181892173,-3.403916030546219,-3.400815944397581,-3.397715923631159,-3.394615968410498,-3.3915160788809002,-3.388416255172069,-3.38531649740036,-3.3822168056707147,-3.379117180078327,-3.3760176207100736,-3.37291812764576,-3.3698187009592053,-3.3667193407191958,-3.3636200469903255,-3.3605208198337526,-3.357421659307873,-3.354322565468945,-3.3512235383716558,-3.348124578069665,-3.3450256846161173,-3.3419268580641432,-3.3388280984673573,-3.3357294058803606,-3.3326307803592603,-3.32953222196221,-3.3264337307499927,-3.3233353067866496,-3.3202369501401665,-3.317138660883242,-3.3140404390941436,-3.31094228485768,-3.3078441982663036,-3.304746179421382,-3.3016482284346576,-3.298550345429941,-3.295452530545083,-3.2923547839342717,-3.289257105770735,-3.286159495977971,-3.2830619544862683,-3.2799644812320743,-3.276867076157436,-3.2737697392094964,-3.270672470340041,-3.267575269505094,-3.2644781366645526,-3.261381071781857,-3.258284074823697,-3.2551871457597414,-3.2520902845623962,-3.2489934912065848,-3.2458967656695505,-3.242800107930676,-3.2397035179713156,-3.2366069957746535,-3.2335105413255594,-3.2304141546104725,-3.227317835617285,-3.224221584335241,-3.2211254007548416,-3.2180292848677645,-3.2149332366667833,-3.2118372561457,-3.2087413432992804,-3.2056454981232045,-3.202549720614011,-3.1994540107690557,-3.19635836858648,-3.1932627940651788,-3.190167287204778,-3.1870718480056257,-3.183976476468785,-3.1808811725960453,-3.177785936389943,-3.1746907678537983,-3.1715956669917724,-3.168500633808954,-3.1654056683114695,-3.162310770506639,-3.159215940403186,-3.1561211780115044,-3.153026483344018,-3.14993185641565,-3.1468372972444447,-3.1437428058523635,-3.1406483822663427,-3.1375540265196773,-3.1344597386538378,-3.131365518720859,-3.12827136678649,-3.125177282934358,-3.12208326727148,-3.1189893199355785,-3.1158954411048168,-3.1128016310107856,-3.10970788995586,-3.106614218336474,-3.1035206166743943,-3.100427085658848,-3.0973336262034326,-3.0942402395231636,-3.091146927239079,-3.0880536915206007,-3.084960535279781,-3.0818674624370175,-3.0787744782854722,-3.0756815899921146,-3.072588807288392,-3.069496143424703,-3.066403616492803,-3.0633112512626512,-3.0602190817402932,-3.0571271547388705,-3.05403553487668,-3.050944311590225,-3.0478536089993917,-3.04476359981948,-3.0416745250290127,-3.038586721743304,-3.0355006628137446,-3.03241701322049,-3.0293367105685016,-3.0262610802493914,-3.023192000552944,-3.020132139866529,-3.017085298042563,-3.014056898401198,-3.0110546975634285,-3.0080898099485887,-3.005178185628497,-3.0023427381684513,-2.999616396666994,-2.9970464543296136,-2.9947006972584918,-2.9926758946180256,-2.991109246711667,-2.9901931782446955
-3.5928050178130233,-3.592015352519185,-3.5906469802388425,-3.588851207785941,-3.5867377388376167,-3.5843868147799416,-3.5818575550623994,-3.5791937849197004,-3.5764281639505757,-3.573585144066003,-3.5706831084696007,-3.5677359304111484,-3.564754116541952,-3.561745650278709,-3.5587166169294373,-3.5556716690639054,-3.5526143743089422,-3.54954747620366,-3.5464730904974204,-3.543392853329013,-3.540308033414882,-3.5372196172304853,-3.534128373864576,-3.5310349045297698,-3.5279396804588847,-3.5248430719864583,-3.521745370922619,-3.518646807809751,-3.515547565265493,-3.512447788325167,-3.50934759247809,-3.5062470699272117,-3.5031462944767067,-3.50004532535749,-3.496944210228642,-3.493842987537922,-3.4907416883826525,-3.4876403379802237,-3.4845389568328686,-3.4814375616524496,-3.47833616609643,-3.475234781354965,-3.4721334166203186,-3.4690320794630654,-3.4659307761342903,-3.462829511808902,-3.4597282907819955,-3.4566271166276703,-3.4535259923277954,-3.4504249203766277,-3.4473239028660196,-3.4442229415549646,-3.4411220379264935,-3.438021193234323,-3.4349204085411826,-3.431819684750387,-3.428719022631894,-3.4256184228438564,-3.4225178859504943,-3.4194174124369416,-3.4163170027216077,-3.4132166571665015,-3.410116376085859,-3.407016159753379,-3.4039160084083053,-3.4008159222605485,-3.397715901495008,-3.3946159462752297,-3.391516056746515,-3.3884162330385648,-3.3853164752677354,-3.38221678353897,-3.379117157947462,-3.37601759858009,-3.3729181055166575,-3.369818678830984,-3.3667193185918545,-3.3636200248638657,-3.3605207977081744,-3.3574216371831773,-3.3543225433451305,-3.3512235162487234,-3.348124555947615,-3.3450256624949493,-3.3419268359438568,-3.3388280763479523,-3.3357293837618376,-3.332630758241619,-3.3295321998454512,-3.326433708634118,-3.3233352846716575,-3.3202369280260564,-3.317138638770014,-3.3140404169817987,-3.310942262746218,-3.3078441761557245,-3.304746157311687,-3.3016482063258468,-3.2985503233220146,-3.295452508438039,-3.2923547618281113,-3.2892570836654578,-3.2861594738735778,-3.2830619323827586,-3.2799644591294492,-3.2768670540556952,-3.273769717108639,-3.2706724482400675,-3.267575247406004,-3.2644781145663466,-3.2613810496845352,-3.2582840527272596,-3.255187123664189,-3.252090262467728,-3.2489934691128015,-3.2458967435766524,-3.2428000858386627,-3.239703495880188,-3.2366069736844105,-3.233510519236202,-3.230414132522001,-3.2273178135297007,-3.224221562248543,-3.2211253786690297,-3.2180292627828395,-3.2149332145827456,-3.21183723406255,-3.2087413212170195,-3.2056454760418327,-3.2025496985335278,-3.199453988689462,-3.196358346507775,-3.1932627719873614,-3.1901672651278488,-3.187071825929583,-3.183976454393629,-3.180881150521776,-3.17778591431656,-3.174690745781301,-3.1715956449201625,-3.16850061173823,-3.1654056462416316,-3.162310748437688,-3.1592159183351214,-3.156121155944325,-3.1530264612777246,-3.1499318343502445,-3.146837275179926,-3.1437427837887317,-3.140648360203598,-3.1375540044578205,-3.134459716592869,-3.1313654966607793,-3.1282713447272994,-3.125177260876056,-3.122083245214067,-3.1189892978790543,-3.115895419049182,-3.1128016089560395,-3.1097078679020034,-3.1066141962835068,-3.103520594622316,-3.1004270636076594,-3.0973336041531336,-3.094240217473755,-3.091146905190561,-3.0880536694729726,-3.084960513233042,-3.081867440391169,-3.078774456240514,-3.0756815679480467,-3.0725887852452143,-3.069496121382415,-3.0664035944514056,-3.063311229222145,-3.060219059700676,-3.057127132700143,-3.0540355128388423,-3.0509442895532763,-3.047853586963333,-3.0447635777843125,-3.0416745029947365,-3.0385866997099193,-3.035500640781251,-3.0324169911888865,-3.0293366885377884,-3.0262610582195673,-3.023191978524008,-3.0201321178384792,-3.0170852760153952,-3.0140568763749087,-3.011054675538012,-3.0080897879240376,-3.005178163604797,-3.0023427161455833,-2.9996163746449294,-2.9970464323083075,-2.9947006752378806,-2.9926758725980167,-2.9911092246921243,-2.9901931562254243
-3.5928049948087386,-3.5920153295151085,-3.5906469572351316,-3.5888511847827114,-3.586737715834961,-3.58438679177793,-3.5818575320610893,-3.5791937619191323,-3.576428140950784,-3.573585121067014,-3.570683085471435,-3.567735907413822,-3.5647540935454773,-3.561745627283098,-3.5587165939347,-3.5556716460700466,-3.552614351315968,-3.5495474532115754,-3.5464730675062284,-3.5433928303387163,-3.5403080104254823,-3.5372195942419866,-3.5341283508769816,-3.5310348815430794,-3.5279396574730995,-3.5248430490015785,-3.5217453479386465,-3.5186467848266845,-3.5155475422833313,-3.512447765343913,-3.5093475694977423,-3.506247046947771,-3.5031462714981734,-3.500045302379864,-3.4969441872519242,-3.493842964562113,-3.4907416654077523,-3.487640315006234,-3.484538933859789,-3.481437538680279,-3.47833614312517,-3.4752347583846164,-3.472133393650882,-3.4690320564945396,-3.4659307531666754,-3.462829488842199,-3.4597282678162036,-3.4566270936627905,-3.453525969363828,-3.4504248974135714,-3.4473238799038746,-3.4442229185937325,-3.4411220149661736,-3.4380211702749137,-3.4349203855826835,-3.431819661792799,-3.4287189996752168,-3.4256183998880907,-3.4225178629956403,-3.4194173894829993,-3.4163169797685784,-3.4132166342143844,-3.4101163531346548,-3.4070161368030876,-3.4039159854589265,-3.400815899312082,-3.397715878547453,-3.3946159233285855,-3.391516033800783,-3.3884162100937463,-3.385316452323831,-3.382216760595979,-3.3791171350053855,-3.3760175756389255,-3.372918082576407,-3.369818655891647,-3.3667192956534318,-3.3636200019263574,-3.36052077477158,-3.357421614247497,-3.3543225204103644,-3.351223493314871,-3.348124533014676,-3.345025639562923,-3.341926813012745,-3.3388280534177563,-3.3357293608325573,-3.3326307353132534,-3.329532176918001,-3.3264336857075825,-3.3233352617460374,-3.3202369051013525,-3.317138615846226,-3.314040394058926,-3.31094223982426,-3.3078441532346816,-3.3047461343915585,-3.3016481834066336,-3.2985503004037167,-3.295452485520658,-3.2923547389116465,-3.2892570607499105,-3.2861594509589476,-3.283061909469045,-3.2799644362166522,-3.2768670311438153,-3.2737696941976764,-3.270672425330022,-3.2675752244968765,-3.264478091658136,-3.261381026777243,-3.258284029820885,-3.255187100758731,-3.252090239563187,-3.2489934462091785,-3.2458967206739473,-3.242800062936875,-3.239703472979318,-3.236606950784458,-3.2335104963371673,-3.2304141096238843,-3.227317790632501,-3.224221539352261,-3.2211253557736663,-3.2180292398883945,-3.214933191689219,-3.2118372111699407,-3.208741298325328,-3.2056454531510594,-3.202549675643674,-3.1994539658005277,-3.1963583236197595,-3.1932627491002643,-3.19016724224167,-3.187071803044324,-3.1839764315092896,-3.180881127638355,-3.1777858914340587,-3.174690722899719,-3.171595622039499,-3.1685005888584863,-3.1654056233628074,-3.1623107255597835,-3.1592158954581366,-3.1561211330682606,-3.15302643840258,-3.149931811476021,-3.1468372523066246,-3.143742760916352,-3.140648337332141,-3.1375539815872853,-3.134459693723255,-3.1313654737920857,-3.1282713218595264,-3.125177238009204,-3.122083222348135,-3.1189892750140427,-3.1158953961850915,-3.1128015860928704,-3.1097078450397557,-3.106614173422181,-3.1035205717619125,-3.100427040748179,-3.097333581294575,-3.0942401946161175,-3.0911468823338457,-3.08805364661718,-3.0849604903781733,-3.0818674175372225,-3.0787744333874896,-3.0756815450959456,-3.0725887623940364,-3.0694960985321598,-3.0664035716020734,-3.0633112063737364,-3.060219036853192,-3.057127109853583,-3.0540354899932076,-3.0509442667085667,-3.0478535641195466,-3.044763554941449,-3.0416744801527957,-3.0385866768689,-3.0355006179411537,-3.032416968349712,-3.0293366656995357,-3.0262610353822366,-3.0231919556875977,-3.0201320950029875,-3.0170852531808197,-3.014056853541246,-3.011054652705256,-3.0080897650921785,-3.0051781407738214,-3.0023426933154695,-2.9996163518156465,-2.997046409479811,-2.994700652410103,-2.9926758497708623,-2.991109201865453,-2.9901931333990355
-3.5928049709612258,-3.5920153056678115,-3.590646933388213,-3.5888511609362954,-3.586737691989143,-3.584386767932782,-3.5818575082166655,-3.5791937380754786,-3.576428117107934,-3.5735850972249956,-3.570683061630271,-3.567735883573531,-3.564754069706074,-3.5617456034445927,-3.558716570097101,-3.5556716222333598,-3.552614327480198,-3.5495474293767244,-3.5464730436723024,-3.5433928065057185,-3.5403079865934153,-3.537219570410852,-3.5341283270467807,-3.5310348577138146,-3.5279396336447713,-3.5248430251741887,-3.521745324112194,-3.518646761001171,-3.515547518458759,-3.512447741520281,-3.5093475456750527,-3.5062470231260234,-3.5031462476773685,-3.500045278560001,-3.4969441634330036,-3.493842940744136,-3.490741641590719,-3.4876402911901434,-3.4845389100446424,-3.4814375148660766,-3.4783361193119093,-3.4752347345722985,-3.472133369839507,-3.469032032684108,-3.4659307293571877,-3.4628294650336544,-3.4597282440086032,-3.4566270698561348,-3.453525945558116,-3.450424873608803,-3.4473238561000503,-3.4442228947908515,-3.441121991164237,-3.4380211464739214,-3.4349203617826367,-3.4318196379936974,-3.42871897587706,-3.4256183760908794,-3.4225178391993736,-3.4194173656876776,-3.4163169559742017,-3.413216610420953,-3.410116329342169,-3.4070161130115477,-3.403915961668334,-3.400815875522437,-3.3977158547587543,-3.3946158995408338,-3.391516010013978,-3.3884161863078877,-3.3853164285389186,-3.382216736812014,-3.379117111222367,-3.376017551856854,-3.372918058795282,-3.369818632111469,-3.366719271874201,-3.363619978148074,-3.360520750994244,-3.3574215904711076,-3.3543224966349223,-3.351223469540377,-3.34812450924113,-3.3450256157903264,-3.3419267892410973,-3.3388280296470563,-3.3357293370628054,-3.3326307115444496,-3.329532153150144,-3.326433661940672,-3.3233352379800754,-3.32023688133634,-3.3171385920821628,-3.314040370295812,-3.3109422160620956,-3.3078441294734677,-3.3047461106312945,-3.30164815964732,-3.2985502766453534,-3.2954524617632446,-3.2923547151551826,-3.289257036994395,-3.2861594272043817,-3.28306188571543,-3.279964412463987,-3.2768670073921005,-3.273769670446912,-3.2706724015802076,-3.2675752007480123,-3.2644780679102223,-3.261381003030279,-3.2582840060748706,-3.2551870770136673,-3.2520902158190745,-3.2489934224660164,-3.2458966969317355,-3.242800039195615,-3.2397034492390104,-3.236606927045103,-3.233510472598764,-3.2304140858864328,-3.227317766896001,-3.2242215156167124,-3.2211253320390694,-3.2180292161547492,-3.214933167956525,-3.211837187438199,-3.208741274594538,-3.205645429421221,-3.202549651914787,-3.1994539420725925,-3.196358299892777,-3.1932627253742356,-3.1901672185165957,-3.1870717793202035,-3.183976407786123,-3.180881103916143,-3.1777858677128004,-3.1746906991794135,-3.171595598320146,-3.1685005651400866,-3.1654055996453625,-3.1623107018432934,-3.159215871742602,-3.1561211093536814,-3.1530264146889557,-3.1499317877633506,-3.1468372285949076,-3.1437427372055886,-3.1406483136223313,-3.137553957878429,-3.1344596700153535,-3.1313654500851387,-3.128271298153534,-3.1251772143041654,-3.122083198644051,-3.118989251310914,-3.115895372482918,-3.1128015623916525,-3.1097078213394935,-3.106614149722875,-3.103520548063562,-3.100427017050784,-3.0973335575981364,-3.094240170920635,-3.091146858639318,-3.088053622923609,-3.0849604666855583,-3.0818673938455645,-3.078774409696788,-3.0756815214062017,-3.072588738705251,-3.0694960748443325,-3.066403547915204,-3.0633111826878245,-3.0602190131682376,-3.0571270861695856,-3.0540354663101663,-3.0509442430264824,-3.0478535404384206,-3.044763531261281,-3.041674456473585,-3.038586653190647,-3.035500594263858,-3.0324169446733737,-3.0293366420241536,-3.0262610117078106,-3.0231919320141265,-3.0201320713304693,-3.017085229509252,-3.0140568298706234,-3.0110546290355713,-3.008089741423421,-3.0051781171059773,-3.002342669648518,-2.9996163281495556,-2.9970463858145346,-2.9947006287455746,-2.99267582610698,-2.9911091782020702,-2.9901931097359444
-3.592804946239593,-3.5920152809464034,-3.5906469086671984,-3.5888511362158018,-3.586737667269267,-3.5843867432135994,-3.581857483498236,-3.579193713357847,-3.576428092391137,-3.5735850725090623,-3.5706830369152223,-3.567735858859384,-3.564754044992842,-3.5617455787322876,-3.558716545385732,-3.555671597522935,-3.552614302770724,-3.549547404668208,-3.5464730189647455,-3.5433927817991244,-3.5403079618877866,-3.537219545706191,-3.5341283023430874,-3.531034833011091,-3.52793960894302,-3.524843000473409,-3.521745299412388,-3.5186467363023386,-3.515547493760901,-3.512447716823398,-3.509347520979146,-3.506246998431092,-3.5031462229834127,-3.500045253867022,-3.4969441387410027,-3.493842916053112,-3.490741616900672,-3.4876402665010753,-3.484538885356552,-3.481437490178965,-3.478336094625777,-3.4752347098871446,-3.4721333451553305,-3.46903200800091,-3.465930704674967,-3.462829440352412,-3.4597282193283387,-3.4566270451768477,-3.453525920879807,-3.4504248489314735,-3.447323831423699,-3.444222870115479,-3.441121966489844,-3.438021121800509,-3.4349203371102037,-3.4318196133222445,-3.4287189512065885,-3.425618351421388,-3.4225178145308637,-3.419417341020148,-3.416316931307652,-3.4132165857553836,-3.4101163046775786,-3.407016088347937,-3.403915937005702,-3.4008158508607833,-3.3977158300980803,-3.39461587488114,-3.3915159853552654,-3.3884161616501567,-3.3853164038821686,-3.382216712156245,-3.3791170865675797,-3.3760175272030484,-3.3729180341424585,-3.3698186074596275,-3.3667192472233416,-3.3636199534981963,-3.360520726345348,-3.357421565823194,-3.3543224719879907,-3.3512234448944276,-3.3481244845961635,-3.3450255911463427,-3.341926764598096,-3.338828005005037,-3.335729312421769,-3.3326306869043965,-3.3295321285110755,-3.3264336373025873,-3.323335213342973,-3.32023685670022,-3.317138567447026,-3.3140403456616596,-3.310942191428927,-3.3078441048412826,-3.3047460860000935,-3.301648135017102,-3.29855025201612,-3.295452437134996,-3.292354690527919,-3.289257012368117,-3.2861594025790883,-3.283061861091121,-3.2799643878406632,-3.2768669827697616,-3.2737696458255594,-3.270672376959841,-3.267575176128631,-3.264478043291826,-3.261380978412868,-3.258283981458446,-3.255187052398229,-3.2520901912046223,-3.2489933978525505,-3.2458966723192564,-3.242800014584122,-3.239703424628503,-3.236606902435581,-3.233510447990228,-3.230414061278882,-3.227317742289437,-3.2242214910111358,-3.22112530743448,-3.2180291915511474,-3.2149331433539103,-3.2118371628365714,-3.208741249993898,-3.2056454048215683,-3.202549627316123,-3.199453917474916,-3.196358275296088,-3.193262700778535,-3.1901671939218823,-3.1870717547264777,-3.1839763831933845,-3.180881079324392,-3.1777858431220363,-3.174690674589639,-3.1715955737313606,-3.16850054055229,-3.1654055750585535,-3.1623106772574716,-3.159215847157768,-3.1561210847698358,-3.153026390106099,-3.149931763181484,-3.1468372040140307,-3.1437427126257025,-3.1406482890434346,-3.137553933300523,-3.134459645438438,-3.131365425509214,-3.1282712735786,-3.1251771897302234,-3.1220831740711,-3.118989226738954,-3.115895347911947,-3.112801537821671,-3.1097077967705014,-3.1066141251548736,-3.103520523496552,-3.1004269924847656,-3.0973335330331095,-3.0942401463565994,-3.0911468340762736,-3.0880535983615554,-3.0849604421244954,-3.0818673692854928,-3.0787743851377076,-3.075681496848112,-3.0725887141481514,-3.0694960502882243,-3.066403523360088,-3.0633111581336996,-3.0602189886151043,-3.0571270616174453,-3.054035441759019,-3.0509442184763276,-3.047853515889258,-3.0447635067131102,-3.041674431926407,-3.038586628644462,-3.0355005697186654,-3.032416920129172,-3.029336617480943,-3.0262609871655903,-3.0231919074728952,-3.020132046790225,-3.017085204969992,-3.0140568053323435,-3.011054604498265,-3.0080897168870786,-3.005178092570583,-3.002342645114051,-2.999616303615984,-2.99704636128181,-2.9947006042136235,-2.992675801575699,-2.991109153671308,-2.990193085205485
-3.592804920611792,-3.5920152553188336,-3.590646883040033,-3.588851110589174,-3.5867376416432797,-3.5843867175883304,-3.5818574578737468,-3.5791936877341852,-3.576428066768341,-3.573585046887161,-3.570683011294239,-3.5677358332393374,-3.5647540193737455,-3.5617455531141533,-3.5587165197685686,-3.5556715719067506,-3.552614277155526,-3.5495473790539998,-3.546472993351532,-3.543392756186908,-3.540307936276571,-3.5372195200959764,-3.5341282767338766,-3.5310348074028863,-3.5279395833358227,-3.524842974867221,-3.521745273807211,-3.5186467106981723,-3.515547468157745,-3.5124476912212526,-3.50934749537801,-3.5062469728309673,-3.503146197384299,-3.5000452282689203,-3.496944113143912,-3.4938428904570324,-3.490741591305605,-3.48764024090702,-3.4845388597635094,-3.4814374645869353,-3.478336069034761,-3.475234684297143,-3.4721333195663435,-3.469031982412937,-3.465930679088008,-3.462829414766467,-3.459728193743409,-3.4566270195929336,-3.453525895296908,-3.45042482334959,-3.4473238058428324,-3.4442228445356293,-3.4411219409110108,-3.4380210962226916,-3.434920311533402,-3.431819587746458,-3.428718925631817,-3.425618325847632,-3.4225177889581238,-3.4194173154484244,-3.416316905736945,-3.413216560185694,-3.410116279108908,-3.4070160627802832,-3.403915911439066,-3.400815825295165,-3.397715804533479,-3.394615849317556,-3.391515959792698,-3.388416136088605,-3.3853163783216336,-3.382216686596726,-3.379117061009076,-3.3760175016455625,-3.3729180085859896,-3.3698185819041764,-3.3667192216689084,-3.3636199279447805,-3.3605207007929505,-3.3574215402718153,-3.3543224464376307,-3.3512234193450854,-3.348124459047839,-3.345025565599036,-3.3419267390518077,-3.338827979459769,-3.33572928687752,-3.3326306613611676,-3.3295321029688654,-3.326433611761397,-3.3233351878028023,-3.320236831161069,-3.3171385419088937,-3.3140403201245463,-3.3109421658928335,-3.3078440793062094,-3.3047460604660412,-3.3016481094840713,-3.2985502264841093,-3.2954524116040047,-3.292354664997948,-3.2892569868391663,-3.286159377051158,-3.2830618355642107,-3.2799643623147734,-3.2768669572448936,-3.273769620301713,-3.2706723514370157,-3.2675751506068273,-3.2644780177710446,-3.2613809528931084,-3.258283955939708,-3.2551870268805123,-3.252090165687927,-3.2489933723368756,-3.2458966468046024,-3.2427999890704897,-3.239703399115892,-3.2366068769239917,-3.2335104224796614,-3.2304140357693387,-3.227317716780917,-3.224221465503638,-3.2211252819280047,-3.2180291660456954,-3.2149331178494824,-3.211837137333167,-3.208741224491517,-3.205645379320211,-3.202549601815788,-3.1994538919756055,-3.1963582497978025,-3.193262675281273,-3.190167168425645,-3.1870717292312656,-3.1839763576991977,-3.180881053831231,-3.177785817629901,-3.1746906490985287,-3.171595548241276,-3.168500515063231,-3.165405549570521,-3.1623106517704653,-3.1592158216717867,-3.1561210592848794,-3.1530263646221686,-3.149931737698579,-3.1468371785321514,-3.143742687144849,-3.1406482635636075,-3.1375539078217214,-3.134459619960661,-3.1313654000324624,-3.128271248102873,-3.125177164255522,-3.122083148597425,-3.1189892012663045,-3.1158953224403256,-3.1128015123510777,-3.109707771300937,-3.1066140996863374,-3.1035204980290425,-3.100426967018283,-3.097333507567653,-3.0942401208921697,-3.0911468086128724,-3.0880535728991814,-3.084960416663149,-3.081867343825174,-3.078774359678417,-3.0756814713898493,-3.0725886886909173,-3.0694960248320187,-3.066403497904911,-3.0633111326795515,-3.0602189631619847,-3.0571270361653538,-3.054035416307956,-3.050944193026293,-3.047853490440253,-3.044763481265134,-3.04167440647946,-3.038586603198543,-3.0355005442737752,-3.0324168946853103,-3.0293365920381095,-3.026260961723783,-3.0231918820321138,-3.0201320213504674,-3.017085179531254,-3.014056779894621,-3.0110545790615504,-3.008089691451362,-3.005178067135849,-3.0023426196802756,-2.9996162781831335,-2.9970463358498347,-2.9947005787824503,-2.9926757761452207,-2.9911091282413675,-2.990193059775859
-3.5928048940445985,-3.5920152287518814,-3.590646856473502,-3.5888510840232013,-3.5867376150779697,-3.5843866910237656,-3.581857431309991,-3.579193661171289,-3.5764280402063413,-3.5735850203260884,-3.5706829847341166,-3.5677358066801848,-3.5647539928155787,-3.561745526556984,-3.5587164932124074,-3.555671545351606,-3.552614250601403,-3.549547352500905,-3.546472966799469,-3.5433927296358805,-3.5403079097265806,-3.537219493547026,-3.534128250185967,-3.531034780856018,-3.5279395567899967,-3.524842948322439,-3.5217452472634725,-3.51864668415548,-3.5155474416161,-3.5124476646806553,-3.509347468838462,-3.506246946292468,-3.5031461708468496,-3.50004520173252,-3.4969440866085613,-3.4938428639227324,-3.4907415647723554,-3.4876402143748217,-3.4845388332323624,-3.4814374380568385,-3.478336042505716,-3.4752346577691497,-3.472133293039403,-3.4690319558870497,-3.465930652563174,-3.4628293882426866,-3.459728167220681,-3.456626993071257,-3.453525868776284,-3.4504247968300183,-3.447323779324313,-3.4442228180181615,-3.4411219143945937,-3.4380210697073257,-3.4349202850190887,-3.4318195612331976,-3.428718899119609,-3.425618299336477,-3.422517762448021,-3.419417288939375,-3.4163168792289493,-3.413216533678751,-3.410116252603017,-3.4070160362754454,-3.403915884935282,-3.4008157987924346,-3.3977157780318024,-3.3946158228169336,-3.3915159332931295,-3.3884161095900907,-3.3853163518241742,-3.382216660100323,-3.379117034513729,-3.37601747515127,-3.3729179820927517,-3.369818555411993,-3.3667191951777795,-3.363619901454707,-3.360520674303933,-3.357421513783853,-3.3543224199507247,-3.3512233928592363,-3.3481244325630466,-3.3450255391153,-3.3419267125691285,-3.338827952978146,-3.3357292603969535,-3.332630634881657,-3.3295320764904113,-3.3264335852839997,-3.323335161326463,-3.320236804685786,-3.317138515434668,-3.314040293651377,-3.31094213942072,-3.3078440528351525,-3.3047460339960404,-3.301648083015127,-3.298550200016223,-3.295452385137177,-3.292354638532179,-3.289256960374456,-3.2861593505875057,-3.2830618091016173,-3.2799643358532387,-3.2768669307844163,-3.273769593842293,-3.2706723249786545,-3.267575124149525,-3.2644779913148,-3.2613809264379228,-3.2582839294855814,-3.2551870004274455,-3.2520901392359196,-3.248993345885929,-3.2458966203547166,-3.242799962621664,-3.2397033726681266,-3.2366068504772874,-3.2335103960340175,-3.2304140093247553,-3.2273176903373932,-3.224221439061175,-3.221125255486603,-3.218029139605354,-3.2149330914102014,-3.211837110894947,-3.208741198054359,-3.205645352884115,-3.202549575380753,-3.1994538655416314,-3.1963582233648884,-3.19326264884942,-3.190167141994852,-3.187071702801533,-3.1839763312705256,-3.1808810274036206,-3.177785791203352,-3.174690622673041,-3.1715955218168497,-3.168500488639867,-3.1654055231482197,-3.1623106253492277,-3.1592157952516136,-3.1561210328657694,-3.1530263382041217,-3.149931711281595,-3.1468371521162313,-3.143742660729992,-3.1406482371498137,-3.1375538814089916,-3.1344595935489954,-3.1313653736218603,-3.1282712216933355,-3.1251771378470483,-3.122083122190016,-3.1189891748599607,-3.115895296035047,-3.112801485946863,-3.109707744897786,-3.1066140732842493,-3.103520471628019,-3.1004269406183247,-3.0973334811687603,-3.0942400944943422,-3.0911467822161094,-3.088053546503484,-3.084960390268518,-3.0818673174316094,-3.078774333285918,-3.0756814449984162,-3.0725886623005505,-3.069495998442718,-3.066403471516676,-3.063311106292383,-3.060218936775883,-3.057127009780319,-3.0540353899239885,-3.0509441666433923,-3.047853464058418,-3.044763454884366,-3.041674380099759,-3.0385865768199096,-3.035500517896209,-3.03241686830881,-3.0293365656626743,-3.0262609353494114,-3.0231918556588036,-3.020131994978217,-3.0170851531600595,-3.014056753524478,-3.0110545526924533,-3.0080896650833,-3.0051780407688056,-3.002342593314229,-2.999616251818047,-2.9970463094856568,-2.9947005524191055,-2.9926757497825958,-2.9911091018793012,-2.990193033414118
-3.5928048665035868,-3.592015201211118,-3.5906468289331754,-3.588851056483454,-3.5867375875389103,-3.584386663485477,-3.5818574037725393,-3.579193633634725,-3.5764280126707066,-3.5735849927914156,-3.5706829572004333,-3.5677357791475095,-3.564753965283928,-3.5617454990263706,-3.55871646568284,-3.5556715178230927,-3.5526142230739497,-3.5495473249745157,-3.5464729392741483,-3.543392702111632,-3.540307882203407,-3.537219466024929,-3.5341282226649495,-3.531034753336082,-3.5279395292711424,-3.524842920804667,-3.521745219746785,-3.518646656639878,-3.5155474141015843,-3.5124476371672264,-3.5093474413261188,-3.506246918781211,-3.50314614333668,-3.500045174223439,-3.4969440591005685,-3.4938428364158276,-3.4907415372665396,-3.4876401868700944,-3.4845388057287243,-3.48143741055429,-3.478336015004256,-3.475234630268779,-3.47213326554012,-3.4690319283888553,-3.4659306250660693,-3.4628293607466722,-3.4597281397257573,-3.4566269655774238,-3.453525841283541,-3.4504247693383654,-3.44732375183375,-3.4442227905286895,-3.441121886906214,-3.4380210422200372,-3.434920257532892,-3.4318195337480915,-3.4287188716355956,-3.425618271853556,-3.4225177349661924,-3.419417261458639,-3.4163168517493046,-3.413216506200199,-3.410116225125557,-3.4070160087990793,-3.403915857460008,-3.400815771318253,-3.397715750558713,-3.394615795344937,-3.391515905822226,-3.3884160821202802,-3.385316324355456,-3.3822166326326966,-3.3791170070471956,-3.3760174476858302,-3.372917954628406,-3.369818527948741,-3.3667191677156216,-3.3636198739936436,-3.360520646843964,-3.3574214863249785,-3.3543223924929446,-3.351223365402551,-3.348124405107456,-3.345025511660806,-3.3419266851157294,-3.3388279255258424,-3.3357292329457455,-3.3326306074315446,-3.3295320490413935,-3.3264335578360766,-3.323335133879634,-3.320236777240054,-3.3171384879900327,-3.314040266207838,-3.310942111978278,-3.307844025393807,-3.3047460065557908,-3.3016480555759733,-3.2985501725781656,-3.295452357700216,-3.292354611096315,-3.2892569329396895,-3.286159323153838,-3.2830617816690473,-3.2799643084217665,-3.276866903354042,-3.273769566413016,-3.2706722975504756,-3.2675750967224433,-3.2644779638888166,-3.2613808990130373,-3.2582839020617937,-3.2551869730047547,-3.2520901118143275,-3.2489933184654345,-3.24589659293532,-3.2427999352033656,-3.2397033452509274,-3.2366068230611873,-3.233510368619016,-3.230413981910853,-3.2273176629245897,-3.224221411649471,-3.2211252280759983,-3.2180291121958486,-3.2149330640017952,-3.2118370834876395,-3.2087411706481497,-3.205645325479004,-3.2025495479767407,-3.1994538381387176,-3.196358195963075,-3.193262621448707,-3.1901671145952397,-3.187071675403022,-3.183976303873116,-3.1808810000073113,-3.1777857638081453,-3.174690595278936,-3.1715954944238463,-3.168500461247965,-3.165405495757418,-3.1623105979595274,-3.1592157678630146,-3.1561210054782736,-3.1530263108177286,-3.149931683896304,-3.146837124732042,-3.1437426333469047,-3.1406482097678285,-3.1375538540281087,-3.1344595661692156,-3.1313653462431836,-3.1282711943157615,-3.125177110470578,-3.1220830948146485,-3.1189891474856957,-3.1158952686618844,-3.112801458574803,-3.109707717526829,-3.1066140459143963,-3.1035204442592694,-3.1004269132506774,-3.0973334538022175,-3.0942400671289043,-3.0911467548517755,-3.0880535191402543,-3.0849603629063913,-3.081867290070587,-3.0787743059259998,-3.075681417639603,-3.072588634942842,-3.069495971086115,-3.0664034441611783,-3.063311078937992,-3.060218909422598,-3.0571269824281404,-3.0540353625729164,-3.0509441392934264,-3.0478534367095587,-3.0447634275366133,-3.0416743527531107,-3.038586549474367,-3.0355004905517697,-3.0324168409654746,-3.0293365383204427,-3.0262609080082825,-3.023191828318777,-3.0201319676392897,-3.0170851258222293,-3.0140567261877402,-3.011054525356799,-3.0080896377487183,-3.0051780134352817,-3.002342565981736,-2.9996162244865494,-2.9970462821551003,-2.994700525089411,-2.9926757224536473,-2.9911090745509297,-2.9901930060860837
-3.5928048379530657,-3.592015172660856,-3.5906468003833663,-3.5888510279342443,-3.5867375589904125,-3.5843866349377804,-3.5818573752257103,-3.5791936050888173,-3.576427984125762,-3.573584964247466,-3.570682928657505,-3.567735750605623,-3.5647539367431005,-3.5617454704866147,-3.5587164371441666,-3.5556714892855106,-3.552614194537466,-3.5495472964391346,-3.5464729107398756,-3.5433926735784698,-3.5403078536713597,-3.537219437493999,-3.534128194135138,-3.5310347248073906,-3.527939500743574,-3.5248428922782233,-3.5217451912214655,-3.5186466281156825,-3.515547385578514,-3.512447608645282,-3.5093474128053,-3.5062468902615187,-3.503146114818114,-3.5000451457060007,-3.496944030584259,-3.4938428079006463,-3.490741508752487,-3.4876401583571703,-3.4845387772169287,-3.481437382043624,-3.47833598649472,-3.4752346017603726,-3.472133237032844,-3.4690318998827085,-3.465930596561052,-3.462829332242783,-3.459728111222997,-3.4566269370757947,-3.453525812783043,-3.4504247408389985,-3.447323723335515,-3.4442227620315853,-3.44112185841024,-3.438021013725195,-3.434920229039182,-3.4318195052555147,-3.428718843144151,-3.425618243363243,-3.422517706477011,-3.4194172329705887,-3.416316823262387,-3.413216477714413,-3.4101161966409035,-3.407015980315557,-3.4039158289776177,-3.400815742836996,-3.39771572207859,-3.394615766865947,-3.3915158773443697,-3.3884160536435584,-3.3853162958798695,-3.382216604158245,-3.3791169785738777,-3.376017419213647,-3.372917926157357,-3.369818499478827,-3.3667191392468427,-3.3636198455259985,-3.360520618377453,-3.357421457859603,-3.354322364028704,-3.3512233369394453,-3.3481243766454853,-3.3450254831999686,-3.341926656656027,-3.338827897067274,-3.335729204488312,-3.3326305789752464,-3.3295320205862318,-3.326433529382051,-3.3233351054267457,-3.3202367487883016,-3.3171384595394167,-3.3140402377583587,-3.310942083529935,-3.307843996946601,-3.3047459781097226,-3.3016480271310424,-3.298550144134372,-3.2954523292575595,-3.2923545826547946,-3.289256904499305,-3.2861592947145897,-3.2830617532309354,-3.279964279984792,-3.2768668749182037,-3.273769537978315,-3.270672269116912,-3.267575068290018,-3.2644779354575295,-3.2613808705828893,-3.2582838736327844,-3.255186944576885,-3.252090083387595,-3.2489932900398415,-3.245896564510866,-3.2427999067800504,-3.239703316828751,-3.23660679464015,-3.233510340199119,-3.2304139534920955,-3.227317634506972,-3.224221383232992,-3.221125199660658,-3.218029083781647,-3.2149330355887336,-3.2118370550757187,-3.2087411422373693,-3.2056452970693643,-3.202549519568242,-3.19945380973136,-3.196358167556858,-3.1932625930436314,-3.1901670861913054,-3.187071647000227,-3.1839762754714624,-3.180880971606799,-3.177785735408774,-3.1746905668807073,-3.1715954660267593,-3.16850043285202,-3.1654054673626155,-3.162310569565866,-3.159215739470494,-3.1561209770868937,-3.1530262824274895,-3.1499316555072068,-3.1468370963440866,-3.143742604960091,-3.140648181382157,-3.1375538256435798,-3.13445953778583,-3.1313653178609413,-3.1282711659346627,-3.125177082090622,-3.122083066435836,-3.118989119108027,-3.1158952402853597,-3.112801430199423,-3.1097076891525934,-3.106614017541305,-3.1035204158873233,-3.1004268848798775,-3.0973334254325624,-3.0942400387603937,-3.0911467264844106,-3.0880534907740347,-3.0849603345413175,-3.0818672617066576,-3.078774277563216,-3.075681389277964,-3.072588606582349,-3.0694959427267667,-3.066403415802976,-3.063311050580933,-3.060218881066685,-3.0571269540733725,-3.0540353342192934,-3.0509441109409488,-3.0478534083582263,-3.0447633991864254,-3.041674324404069,-3.0385865211264713,-3.0355004622050212,-3.0324168126198727,-3.029336509975986,-3.026260879664971,-3.0231917999766074,-3.0201319392982606,-3.0170850974823376,-3.0140566978489804,-3.011054497019164,-3.0080896094121963,-3.005177985099855,-3.0023425376473796,-2.999616196153225,-2.997046253822752,-2.994700496757955,-2.992675694122964,-2.991109046220845,-2.990192977756349
-3.5928048083560227,-3.592015143064081,-3.590646770787061,-3.588850998338561,-3.5867375293954695,-3.584386605343668,-3.581857345632499,-3.579193575496561,-3.576427954534503,-3.5735849346572386,-3.570682899068337,-3.5677357210175367,-3.564753907156112,-3.5617454409007387,-3.5587164075594133,-3.555671459701888,-3.5526141649549814,-3.549547266857796,-3.5464728811596857,-3.543392643999433,-3.540307824093478,-3.5372194079172767,-3.534128164559578,-3.5310346952329934,-3.5279394711703405,-3.5248428627061537,-3.5217451616505615,-3.5186465985459456,-3.515547356009945,-3.512447579077881,-3.50934738323907,-3.5062468606964594,-3.503146085254225,-3.5000451161432804,-3.496944001022708,-3.493842778340267,-3.490741479193278,-3.487640128799132,-3.48453874766006,-3.4814373524879256,-3.478335956940191,-3.4752345722070124,-3.472133207480654,-3.469031870331689,-3.4659305670112035,-3.462829302694107,-3.4597280816754923,-3.4566269075294613,-3.453525783237881,-3.450424711295009,-3.447323693792698,-3.4442227324899415,-3.4411218288697687,-3.438020984185896,-3.4349201995010556,-3.431819475718562,-3.428718813608371,-3.425618213828636,-3.4225176769435777,-3.41941720343833,-3.4163167937313013,-3.4132164481845018,-3.410116167112167,-3.407015950787996,-3.403915799451233,-3.400815713311787,-3.397715692554556,-3.394615737343088,-3.391515847822684,-3.388416024123047,-3.3853162663605323,-3.382216574640082,-3.3791169490568898,-3.376017389697834,-3.3729178966427193,-3.3698184699653644,-3.366719109734555,-3.3636198160148862,-3.3605205888675163,-3.357421428350841,-3.3543223345211173,-3.351223307433034,-3.3481243471402498,-3.3450254536959094,-3.341926627153144,-3.3388278675655676,-3.3357291749877818,-3.3326305494758937,-3.329531991088056,-3.3264334998850527,-3.3233350759309244,-3.3202367192936575,-3.3171384300459503,-3.31404020826607,-3.3109420540388257,-3.3078439674566686,-3.3047459486209685,-3.3016479976434665,-3.2985501146479734,-3.295452299772339,-3.2923545531707528,-3.2892568750164415,-3.2861592652329046,-3.283061723750429,-3.2799642505054636,-3.276866845440055,-3.2737695085013456,-3.270672239641122,-3.2675750388154072,-3.2644779059840987,-3.261380841110637,-3.258283844161712,-3.2551869151069925,-3.252090053918884,-3.2489932605723104,-3.245896535044516,-3.242799877314882,-3.239703287364763,-3.236606765177343,-3.233510310737492,-3.2304139240316494,-3.227317605047707,-3.2242213537749085,-3.2211251702037558,-3.218029054325926,-3.2149330061341943,-3.2118370256223607,-3.208741112785194,-3.205645267618372,-3.2025494901184337,-3.199453780282735,-3.196358138109416,-3.1932625635973713,-3.190167056746228,-3.1870716175563336,-3.1839762460287524,-3.1808809421652726,-3.1777857059684305,-3.1746905374415455,-3.17159543658878,-3.1685004034152224,-3.1654054379270002,-3.1623105401314344,-3.1592157100372464,-3.15612094765483,-3.153026252996611,-3.149931626077513,-3.146837066915578,-3.1437425755327673,-3.1406481519560185,-3.137553796218626,-3.134459508362061,-3.131365288438357,-3.128271136513263,-3.125177052670407,-3.1220830370168065,-3.1189890896901833,-3.1158952108687017,-3.1128014007839506,-3.1097076597383073,-3.1066139881282053,-3.10352038647541,-3.1004268554691503,-3.0973333960230214,-3.094240009352039,-3.091146697077242,-3.088053461368054,-3.084960305136524,-3.081867232303052,-3.0787742481607974,-3.0756813598767327,-3.072588577182304,-3.069495913327909,-3.066403386405306,-3.063311021184452,-3.0602188516713906,-3.057126924679266,-3.0540353048263738,-3.050944081549218,-3.0478533789676843,-3.0447633697970726,-3.041674295015906,-3.038586491739497,-3.035500432819235,-3.032416783235275,-3.0293364805925753,-3.0262608502827457,-3.0231917705955667,-3.0201319099184007,-3.0170850681036554,-3.0140566684714702,-3.0110544676428175,-3.008089580037002,-3.0051779557257947,-3.0023425082744266,-2.999616166781341,-2.997046224451878,-2.9947004673880073,-2.9926756647538184,-2.9911090168523216,-2.9901929483881884
-3.592804777674108,-3.5920151123824446,-3.590646740105911,-3.588850967658056,-3.5867374987157303,-3.5843865746647885,-3.5818573149545534,-3.579193544819609,-3.576427923858589,-3.5735849039823977,-3.5706828683945946,-3.5677356903449153,-3.5647538764846285,-3.5617454102304076,-3.5587163768902466,-3.5556714290338935,-3.552614134288168,-3.549547236192169,-3.546472850495251,-3.543392613336195,-3.5403077934314395,-3.537219377256438,-3.5341281338999413,-3.5310346645745616,-3.527939440513115,-3.524842832050135,-3.5217451309957504,-3.5186465678923433,-3.5155473253575518,-3.5124475484266973,-3.509347352589095,-3.506246830047693,-3.503146054606669,-3.5000450854969354,-3.496943970377574,-3.4938427476963443,-3.490741448550568,-3.4876400981576356,-3.484538717019778,-3.4814373218488583,-3.4783359263023397,-3.4752345415703765,-3.472133176845233,-3.469031839697484,-3.4659305363782127,-3.4628292720623297,-3.4597280510449298,-3.456626876900112,-3.4535257526097465,-3.4504246806680894,-3.4473236631669932,-3.4442227018654523,-3.441121798246496,-3.4380209535638393,-3.4349201688802133,-3.4318194450989346,-3.428718782989959,-3.4256181832114407,-3.422517646327599,-3.4194171728235676,-3.4163167631177562,-3.413216417572173,-3.410116136501055,-3.4070159201781007,-3.403915768842553,-3.400815682704323,-3.397715661948308,-3.394615706738056,-3.3915158172188695,-3.38841599352045,-3.385316235759153,-3.3822165440399212,-3.3791169184579477,-3.376017359100111,-3.3729178660462154,-3.3698184393700794,-3.366719079140489,-3.3636197854220398,-3.360520558275889,-3.3574213977604335,-3.3543223039319305,-3.351223276845068,-3.348124316553504,-3.345025423110384,-3.341926596568839,-3.338827836982484,-3.3357291444059203,-3.3326305188952525,-3.3295319605086355,-3.3264334693068527,-3.3233350453539447,-3.3202366887178982,-3.3171383994714105,-3.31404017769275,-3.3109420234667253,-3.307843936885789,-3.3047459180513092,-3.3016479670750276,-3.2985500840807562,-3.295452269206343,-3.292354522605978,-3.2892568444528885,-3.2861592346705746,-3.283061693189322,-3.2799642199455805,-3.2768668148813953,-3.2737694779439095,-3.2706722090849087,-3.2675750082604162,-3.2644778754303303,-3.2613808105580913,-3.2582838136103884,-3.255186884556892,-3.252090023370006,-3.2489932300246553,-3.2458965044980834,-3.2427998467696724,-3.2397032568207775,-3.236606734634581,-3.233510280195954,-3.230413893491336,-3.2273175745086187,-3.224221323237046,-3.22112513966712,-3.2180290237905176,-3.2149329756000116,-3.211836995089405,-3.208741082253464,-3.2056452370878676,-3.2025494595891537,-3.1994537497546798,-3.196358107582586,-3.1932625330717666,-3.1901670262218493,-3.187071587033181,-3.183976215506825,-3.180880911644572,-3.1777856754489564,-3.1746905069232985,-3.171595406071761,-3.1685003728994316,-3.1654054074124374,-3.162310509618099,-3.1592156795251385,-3.1561209171439493,-3.1530262224869565,-3.1499315955690856,-3.1468370364083778,-3.1437425450267957,-3.140648121451275,-3.137553765715111,-3.134459477859774,-3.131365257937299,-3.128271106013434,-3.1251770221718074,-3.122083006519436,-3.1189890591940417,-3.115895180373789,-3.112801370290268,-3.109707629245854,-3.106613957636982,-3.103520355985416,-3.100426824980385,-3.097333365535485,-3.0942399788657324,-3.091146666592165,-3.0880534308842065,-3.0849602746539064,-3.081867201821665,-3.0787742176806425,-3.0756813293978094,-3.0725885467046123,-3.0694958828514487,-3.066403355930076,-3.0633109907104528,-3.0602188211986228,-3.0571268942077294,-3.0540352743560697,-3.050944051080146,-3.047853348499844,-3.0447633393304643,-3.0416742645505286,-3.038586461275351,-3.0355004023563197,-3.03241675277359,-3.0293364501321203,-3.02626081982352,-3.0231917401375683,-3.0201318794616276,-3.017085037648103,-3.0140566380171325,-3.011054437189687,-3.0080895495850655,-3.0051779252750346,-3.002342477824816,-2.9996161363328384,-2.997046194004425,-2.994700436941516,-2.992675634308159,-2.9911089864073066,-2.9901929179435487
-3.592804745867561,-3.5920150805761852,-3.590646708300155,-3.588850935852968,-3.5867374669114365,-3.584386542861386,-3.581857283152118,-3.579193513018198,-3.576427892058251,-3.57358487218317,-3.570682836596507,-3.5677356585479907,-3.564753844688887,-3.5617453784358624,-3.5587163450969093,-3.555671397241774,-3.5526141024972726,-3.5495472044025034,-3.5464728187068193,-3.5433925815490004,-3.540307761645486,-3.5372193454717293,-3.534128102116479,-3.531034632792348,-3.527939408732151,-3.5248428002704246,-3.5217450992172936,-3.5186465361151407,-3.515547293581603,-3.512447516652004,-3.509347320815659,-3.5062467982755146,-3.5031460228357467,-3.500045053727269,-3.496943938609165,-3.4938427159291923,-3.490741416784673,-3.4876400663929963,-3.4845386852563953,-3.4814372900867316,-3.4783358945414697,-3.475234509810764,-3.4721331450868784,-3.4690318079403872,-3.4659305046223756,-3.462829240307752,-3.4597280192916107,-3.4566268451480533,-3.4535257208589476,-3.4504246489185495,-3.447323631418713,-3.4442226701184313,-3.441121766500735,-3.438020921819339,-3.4349201371369738,-3.4318194133569557,-3.4287187512492423,-3.425618151471986,-3.422517614589406,-3.419417141086635,-3.4163167313820857,-3.413216385837764,-3.410116104767908,-3.4070158884462147,-3.4039157371119293,-3.4008156509749616,-3.3977156302202087,-3.3946156750112193,-3.3915157854932954,-3.388415961796137,-3.3853162040361022,-3.3822165123181334,-3.3791168867374224,-3.3760173273808474,-3.3729178343282142,-3.3698184076533417,-3.366719047425015,-3.3636197537078285,-3.360520526562941,-3.3574213660487486,-3.354322272221508,-3.3512232451359076,-3.3481242848456065,-3.34502539140375,-3.341926564863469,-3.338827805278377,-3.335729112703077,-3.332630487193674,-3.3295319288083225,-3.3264334376078044,-3.323335013656162,-3.3202366570213817,-3.31713836777616,-3.3140401459987663,-3.3109419917740084,-3.3078439051943396,-3.3047458863611268,-3.301647935386112,-3.298550052393107,-3.2954522375199597,-3.2923544909208613,-3.2892568127690396,-3.2861592029879927,-3.2830616615080075,-3.279964188265532,-3.276866783202613,-3.2737694462663938,-3.2706721774086596,-3.267574976585435,-3.264477843756617,-3.261380778885646,-3.258283781939212,-3.2551868528869834,-3.252089991701366,-3.248993198357284,-3.245896472831981,-3.2427998151048385,-3.2397032251572124,-3.2366067029722845,-3.2335102485349276,-3.2304138618315794,-3.2273175428501313,-3.2242212915798274,-3.2211251080111696,-3.218028992135835,-3.2149329439465983,-3.2118369634372606,-3.2087410506025886,-3.205645205438262,-3.202549427940819,-3.1994537181076153,-3.1963580759367924,-3.193262501427244,-3.190166994578597,-3.1870715553911992,-3.1839761838661143,-3.180880880005132,-3.177785643810788,-3.174690475286402,-3.171595374436137,-3.1685003412650805,-3.16540537577936,-3.162310477986295,-3.1592156478946083,-3.1561208855146927,-3.1530261908589736,-3.1499315639423764,-3.146837004782942,-3.143742513402633,-3.140648089828385,-3.137553734093494,-3.1344594462394304,-3.1313652263182292,-3.1282710743956383,-3.1251769905552855,-3.122082974904187,-3.118989027580066,-3.1158951487610866,-3.11280133867884,-3.1097075976357007,-3.1066139260281034,-3.1035203243778122,-3.1004267933740572,-3.0973333339304325,-3.094239947261956,-3.091146634989665,-3.0880533992829817,-3.084960243053957,-3.081867170222991,-3.078774186083244,-3.075681297801687,-3.0725885151097656,-3.069495851257878,-3.0664033243377813,-3.063310959119434,-3.060218789608881,-3.0571268626192647,-3.0540352427688817,-3.050944019494233,-3.047853316915208,-3.044763307747105,-3.041674232968445,-3.038586429694543,-3.0355003707767882,-3.0324167211953337,-3.0293364185551392,-3.0262607882478134,-3.0231917085631346,-3.0201318478884636,-3.017085006076206,-3.014056606446497,-3.0110544056203037,-3.008089518016922,-3.0051778937081104,-3.002342446259083,-2.999616104768255,-2.9970461624409293,-2.9947004053790156,-2.9926756027465196,-2.991108954846334,-2.990192886382966
-3.592804712895159,-3.5920150476040833,-3.5906466753285766,-3.5888509028820827,-3.5867374339413765,-3.5843865098922523,-3.581857250183987,-3.5791934800511327,-3.576427859092299,-3.573584839218369,-3.570682803632886,-3.567735625585574,-3.5647538117276922,-3.5617453454759036,-3.5587163121381997,-3.5556713642843243,-3.552614069541091,-3.5495471714475952,-3.546472785753191,-3.5433925485966564,-3.5403077286944313,-3.537219312521967,-3.534128069168011,-3.5310345998451744,-3.5279393757862736,-3.5248427673258433,-3.52174506627401,-3.5186465031731546,-3.515547260640916,-3.512447483712616,-3.5093472878775707,-3.5062467653387266,-3.50314598990026,-3.5000450207930864,-3.4969439056762863,-3.4938426829976175,-3.490741383854402,-3.4876400334640296,-3.484538652328733,-3.481437257160373,-3.478335861616414,-3.4752344768870125,-3.4721331121644305,-3.469031775019243,-3.4659304717025354,-3.462829207389217,-3.4597279863743813,-3.4566268122321295,-3.453525687944329,-3.450424616005236,-3.4473235985067046,-3.444222637207728,-3.441121733591337,-3.4380208889112467,-3.434920104230188,-3.431819380451478,-3.4287187183450705,-3.4256181185691204,-3.4225175816878473,-3.419417108186384,-3.4163166984831412,-3.4132163529401276,-3.410116071871579,-3.4070158555511934,-3.4039157042182167,-3.4008156180825577,-3.397715597329115,-3.394615642121435,-3.3915157526048203,-3.3884159289089717,-3.3853161711502464,-3.3822164794335867,-3.3791168538541854,-3.3760172944989204,-3.372917801447597,-3.3698183747740336,-3.3667190145470163,-3.3636197208311405,-3.3605204936875634,-3.3574213331746807,-3.3543222393487495,-3.351223212264459,-3.348124251975468,-3.345025358534922,-3.341926531995951,-3.338827772412169,-3.3357290798381793,-3.3326304543300864,-3.3295318959460456,-3.3264334047468394,-3.3233349807965094,-3.32023662416304,-3.3171383349191306,-3.3140401131430495,-3.3109419589196034,-3.307843872341246,-3.3047458535093455,-3.301647902535644,-3.298550019543952,-3.2954522046721184,-3.292354458074334,-3.2892567799238255,-3.2861591701440918,-3.2830616286654193,-3.2799641554242576,-3.2768667503626534,-3.273769413427749,-3.2706721445713294,-3.2675749437494197,-3.264477810921916,-3.26138074605226,-3.258283749107141,-3.2551868200562275,-3.252089958871925,-3.2489931655291584,-3.24589644000517,-3.242799782279343,-3.2397031923330326,-3.2366066701494205,-3.233510215713378,-3.230413829011344,-3.2273175100312113,-3.224221258762224,-3.221125075194883,-3.2180289593208657,-3.214932911132945,-3.211836930624924,-3.2087410177915694,-3.2056451726285595,-3.202549395132433,-3.199453685300546,-3.19635804313104,-3.1932624686228093,-3.19016696177548,-3.1870715225894,-3.183976151065633,-3.180880847205969,-3.1777856110129425,-3.174690442489874,-3.171595341640926,-3.1685003084711876,-3.1654053429867854,-3.162310445195039,-3.1592156151046695,-3.156120852726073,-3.153026158071673,-3.1499315311563945,-3.146836971998279,-3.14374248061929,-3.140648057046362,-3.1375537013127914,-3.1344594134600494,-3.131365193540168,-3.128271041618898,-3.1251769577798663,-3.122082942130089,-3.11898899480729,-3.1158951159896326,-3.112801305908707,-3.1097075648668895,-3.1066138932606133,-3.1035202916116438,-3.1004267606092095,-3.097333301166906,-3.09423991449975,-3.09114660222878,-3.0880533665234173,-3.084960210295715,-3.081867137466071,-3.0787741533276454,-3.075681265047411,-3.0725884823568137,-3.0694958185062498,-3.0664032915874775,-3.063310926370455,-3.060218756861225,-3.0571268298729324,-3.054035210023873,-3.050943986750548,-3.047853284172847,-3.044763275006068,-3.041674200228733,-3.038586396956155,-3.035500338039724,-3.0324166884595924,-3.0293363858207196,-3.0262607555147145,-3.023191675831355,-3.020131815158002,-3.0170849733470564,-3.0140565737186544,-3.0110543728937587,-3.008089485291662,-3.0051778609841158,-3.0023424135363244,-2.999616072046689,-2.9970461297204904,-2.9947003726596093,-2.992675570028007,-2.991108922128514,-2.99019285366555
-3.5928046787141645,-3.592015013423398,-3.590646641148434,-3.5888508687026595,-3.586737399762806,-3.584386475714639,-3.581857216007414,-3.579193445875662,-3.5764278249179786,-3.5735848050452392,-3.5706827694609804,-3.567735591414916,-3.5647537775583036,-3.5617453113078006,-3.5587162779713943,-3.555671330118826,-3.5526140353769073,-3.549547137284734,-3.546472751591656,-3.543392514436453,-3.54030769453556,-3.5372192783644305,-3.534128035011811,-3.531034565690314,-3.5279393416327554,-3.5248427331736694,-3.521745032123183,-3.5186464690236776,-3.515547226492787,-3.5124474495658364,-3.5093472537321406,-3.506246731194648,-3.503145955757532,-3.5000449866517096,-3.4969438715362604,-3.4938426488589416,-3.4907413497170774,-3.487639999328057,-3.4845386181941125,-3.4814372230271053,-3.4783358274844987,-3.4752344427564497,-3.472133078035221,-3.4690317408913867,-3.4659304375760325,-3.462829173264067,-3.4597279522505837,-3.456626778109685,-3.4535256538232377,-3.450424581885498,-3.44732356438832,-3.444222603090698,-3.441121699475662,-3.438020854796926,-3.434920070117222,-3.4318193463398656,-3.428718684234813,-3.425618084460218,-3.4225175475803,-3.419417074080192,-3.416316664378304,-3.4132163188366462,-3.4101160377694537,-3.4070158214504254,-3.4039156701188036,-3.400815583984501,-3.397715563232414,-3.3946156080260907,-3.3915157185108336,-3.3884158948163434,-3.3853161370589757,-3.382216445343673,-3.379116819765629,-3.3760172604117216,-3.372917767361755,-3.3698183406895486,-3.366718980463888,-3.3636196867493693,-3.3605204596071485,-3.3574212990956243,-3.354322205271052,-3.3512231781881203,-3.348124217900488,-3.345025324461301,-3.3419264979236885,-3.338827738341266,-3.335729045768635,-3.332630420261901,-3.3295318618792185,-3.326433370681371,-3.3233349467323996,-3.3202365901002904,-3.3171383008577404,-3.3140400790830187,-3.3109419248609324,-3.307843838283936,-3.3047458194533967,-3.3016478684810555,-3.2985499854907245,-3.2954521706202526,-3.2923544240238294,-3.289256745874682,-3.2861591360963094,-3.2830615946189985,-3.279964121379198,-3.276866716318955,-3.273769379385412,-3.270672110530354,-3.2675749097098064,-3.2644777768836652,-3.2613807120153724,-3.2582837150716166,-3.2551867860220653,-3.252089924839126,-3.248993131497722,-3.2458964059750968,-3.242799748250632,-3.2397031583056846,-3.2366066361234354,-3.2335101816887577,-3.2304137949880882,-3.2273174760093197,-3.224221224741696,-3.2211250411757195,-3.2180289253030665,-3.2149328771165115,-3.2118368966098556,-3.208740983777866,-3.205645138616222,-3.202549361121461,-3.19945365129094,-3.1963580091227994,-3.1932624346159346,-3.190166927769971,-3.1870714885852567,-3.183976117062856,-3.180880813204559,-3.1777855770129,-3.174690408491199,-3.1715953076436194,-3.168500274475248,-3.165405308992213,-3.1623104112018336,-3.159215581112832,-3.156120818735602,-3.153026124082569,-3.1499314971686583,-3.146836938011911,-3.1437424466342887,-3.1406480230627283,-3.1375536673305255,-3.1344593794791495,-3.1313651595606355,-3.1282710076407327,-3.1251769238030698,-3.1220829081546615,-3.1189889608332315,-3.115895082016944,-3.112801271937388,-3.1097075308969395,-3.1066138592920325,-3.103520257644433,-3.1004267266433687,-3.097333267202435,-3.0942398805366502,-3.0911465682670514,-3.0880533325630597,-3.084960176336728,-3.0818671035084546,-3.0787741193714018,-3.0756812310925388,-3.0725884484033132,-3.0694957845541224,-3.066403257636722,-3.0633108924210717,-3.060218722913214,-3.0571267959262935,-3.054035176078606,-3.050943952806654,-3.0478532502303253,-3.044763241064918,-3.041674166288955,-3.0385863630177488,-3.035500304102689,-3.0324166545239297,-3.029336351886428,-3.026260721581792,-3.0231916418997997,-3.0201317812278115,-3.017084939418227,-3.01405653979118,-3.0110543389676305,-3.0080894513668657,-3.005177827060631,-3.00234237961412,-2.99961603812572,-2.997046095800689,-2.994700338740877,-2.9926755361102,-2.991108888211423,-2.990192819748878
-3.5928046432802723,-3.592014977989826,-3.590646605715422,-3.5888508332703912,-3.586737364331423,-3.58438644028425,-3.581857180578103,-3.5791934104474947,-3.576427789491008,-3.573584769619506,-3.5706827340365166,-3.5677355559917476,-3.5647537421364497,-3.561745275887277,-3.5587162425522156,-3.5556712947010016,-3.5526139999604474,-3.5495471018696443,-3.546472716177942,-3.543392479024118,-3.5403076591246077,-3.537219242954865,-3.534127999603635,-3.5310345302835304,-3.5279393062273656,-3.5248426977696736,-3.5217449967205816,-3.5186464336224708,-3.5155471910929785,-3.512447414167427,-3.5093472183351304,-3.5062466957990366,-3.503145920363321,-3.5000449512588983,-3.496943836144848,-3.4938426134689293,-3.490741314328464,-3.4876399639408424,-3.484538582808298,-3.4814371876426913,-3.4783357921014857,-3.475234407374837,-3.4721330426550097,-3.469031705512578,-3.465930402198626,-3.4628291378880642,-3.4597279168759854,-3.456626742736491,-3.453525618451448,-3.450424546515112,-3.4473235290193376,-3.444222567723119,-3.4411216641094873,-3.4380208194321558,-3.4349200347538558,-3.4318193109779025,-3.4287186488742543,-3.4256180491010624,-3.4225175122225484,-3.419417038723845,-3.4163166290233633,-3.4132162834831106,-3.4101160024173227,-3.4070157860996995,-3.403915634769484,-3.400815548636586,-3.3977155278859046,-3.394615572680986,-3.3915156831671345,-3.3884158594740494,-3.3853161017180873,-3.382216410004191,-3.379116784427554,-3.376017225075053,-3.372917732026494,-3.369818305355695,-3.366718945131442,-3.3636196514183316,-3.360520424277521,-3.357421263767405,-3.354322169944241,-3.3512231428627186,-3.3481241825764956,-3.3450252891387167,-3.3419264626025136,-3.3388277030215,-3.335729010450278,-3.3326303849449537,-3.3295318265636813,-3.326433335367244,-3.323334911419682,-3.3202365547889814,-3.317138265547841,-3.3140400437745288,-3.3109418895538534,-3.307843802978267,-3.304745784149138,-3.3016478331782078,-3.2985499501892876,-3.2954521353202257,-3.292354388725214,-3.2892567105774773,-3.2861591008005155,-3.2830615593246164,-3.279964086086228,-3.276866681027397,-3.273769344095266,-3.2706720752416216,-3.2675748744224866,-3.264477741597758,-3.261380676730878,-3.2582836797885344,-3.2551867507403958,-3.252089889558869,-3.2489930962188787,-3.245896370697667,-3.242799712974616,-3.2397031230310818,-3.236606600850247,-3.233510146416983,-3.2304137597177274,-3.2273174407403724,-3.2242211894741626,-3.2211250059095993,-3.2180288900383607,-3.2149328418532197,-3.211836861347978,-3.2087409485174034,-3.205645103357173,-3.202549325863827,-3.199453616034722,-3.196357973867998,-3.1932623993625495,-3.1901668925180027,-3.1870714533347066,-3.1839760818137233,-3.180880777956842,-3.177785541766599,-3.1746903732463143,-3.17159527240015,-3.168500239233196,-3.165405273751578,-3.1623103759626168,-3.1592155458750333,-3.156120783499222,-3.1530260888476067,-3.149931461935114,-3.146836902779785,-3.143742411403583,-3.140647987833442,-3.1375536321026587,-3.134459344252703,-3.1313651243356095,-3.1282709724171265,-3.1251768885808824,-3.122082872933893,-3.1189889256138823,-3.1158950467990136,-3.1128012367208777,-3.1097074956818487,-3.106613824078362,-3.1035202224321816,-3.1004266914325376,-3.0973332319930256,-3.0942398453286617,-3.0911465330604835,-3.0880532973579125,-3.0849601411330014,-3.08186706830615,-3.078774084170518,-3.075681195893076,-3.072588413205271,-3.069495749357501,-3.066403222441522,-3.0633108572272927,-3.0602186877208566,-3.057126760735357,-3.0540351408890904,-3.0509439176185595,-3.047853215043652,-3.0447632058796668,-3.0416741311051267,-3.0385863278353438,-3.035500268921707,-3.0324166193443687,-3.029336316708288,-3.026260686405072,-3.0231916067244984,-3.0201317460539254,-3.0170849042457526,-3.01405650462011,-3.0110543037979554,-3.0080894161985707,-3.0051777918936944,-3.0023423444485107,-2.9996160029613903,-2.997046060637571,-2.994700303578869,-2.992675500949153,-2.9911088530511214,-2.9901927845890106
-3.5928046065475647,-3.592014941257452,-3.5906465689836287,-3.588850796539371,-3.5867373276013206,-3.584386403555178,-3.581857143850149,-3.5791933737207278,-3.576427752765483,-3.5735847328952643,-3.570682697313591,-3.5677355192701654,-3.5647537054162317,-3.5617452391684408,-3.5587162058347728,-3.5556712579849634,-3.552613963245821,-3.5495470651564376,-3.54647267946616,-3.5433924423137655,-3.5403076224156904,-3.537219206247384,-3.534127962897594,-3.5310344935789315,-3.5279392695242096,-3.5248426610679626,-3.521744960020317,-3.518646396923652,-3.515547154395606,-3.512447377471503,-3.509347181640656,-3.5062466591060124,-3.5031458836717477,-3.5000449145687753,-3.4969437994561776,-3.493842576781711,-3.4907412776426994,-3.4876399272565326,-3.484538546125442,-3.4814371509612894,-3.478335755421538,-3.4752343706963447,-3.472133005977973,-3.4690316688369953,-3.465930365524497,-3.4628291012153887,-3.4597278802047633,-3.4566267060667215,-3.453525581783132,-3.4504245098482498,-3.4473234923539304,-3.4442225310591668,-3.441121627446989,-3.438020782771112,-3.4349199980942653,-3.431819274319766,-3.4287186122175717,-3.425618012445834,-3.4225174755687746,-3.419417002071526,-3.4163165923724996,-3.4132162468337026,-3.410115965769372,-3.4070157494532047,-3.4039155981244456,-3.4008155119930055,-3.3977154912437824,-3.3946155360403227,-3.391515646527929,-3.388415822836303,-3.3853160650818,-3.382216373369363,-3.379116747794185,-3.3760171884431425,-3.3729176953960422,-3.369818268726702,-3.3667189085039095,-3.3636196147922583,-3.3605203876529064,-3.35742122714425,-3.354322133322546,-3.3512231062424833,-3.348124145957721,-3.345025252521402,-3.341926425986659,-3.338827666407106,-3.335728973837345,-3.3326303483334807,-3.329531789953669,-3.326433298758692,-3.3233348748125917,-3.320236518183353,-3.3171382289436755,-3.3140400071718252,-3.310941852952612,-3.307843766378487,-3.3047457475508195,-3.301647796581351,-3.298549913593893,-3.295452098726294,-3.2923543521327434,-3.2892566739864697,-3.2861590642109713,-3.2830615227365345,-3.279964049499609,-3.2768666444422423,-3.273769307511575,-3.270672038659394,-3.2675748378417224,-3.2644777050184577,-3.261380640153042,-3.2582836432121636,-3.255186714165491,-3.25208985298543,-3.2489930596469057,-3.24589633412716,-3.242799676405575,-3.2397030864635066,-3.2366065642841377,-3.233510109852339,-3.2304137231545496,-3.227317404178661,-3.2242211529139166,-3.22112496935082,-3.218028853481048,-3.2149328052973742,-3.2118368247936,-3.2087409119644934,-3.2056450668057317,-3.2025492893138536,-3.199453579486216,-3.1963579373209594,-3.193262362816977,-3.190166855973898,-3.187071416792069,-3.1839760452725527,-3.1808807414171403,-3.1777855052283663,-3.1746903367095505,-3.171595235864856,-3.1685002026993696,-3.165405237219219,-3.162310339431726,-3.1592155093456107,-3.1561207469712675,-3.153026052321122,-3.1499314254100987,-3.14683686625624,-3.1437423748815077,-3.140647951312838,-3.137553595583526,-3.134459307735042,-3.1313650878194195,-3.1282709359024086,-3.1251768520676357,-3.1220828364221185,-3.118988889103579,-3.1158950102901812,-3.112801200213515,-3.109707459175957,-3.1066137875739415,-3.103520185929234,-3.1004266549310624,-3.097333195493023,-3.094239808830131,-3.091146496563425,-3.088053260862328,-3.08496010463889,-3.0818670318135104,-3.0787740476793504,-3.0756811594033815,-3.0725883767170505,-3.0694957128707543,-3.0664031859562497,-3.0633108207434945,-3.060218651238533,-3.057126724254509,-3.05403510440972,-3.050943881140666,-3.047853178567234,-3.0447631694047237,-3.041674094631658,-3.03858629136335,-3.035500232451187,-3.032416582875323,-3.029336280240716,-3.0262606499389726,-3.023191570259869,-3.020131709590762,-3.017084867784051,-3.014056468159863,-3.0110542673391527,-3.0080893797411976,-3.0051777554377304,-3.0023423079939224,-2.9996159665081294,-2.9970460241855656,-2.994700267128013,-2.9926754644992912,-2.9911088166020288,-2.990192748140367
-3.592804568468443,-3.5920149031786752,-3.590646530905457,-3.5888507584619984,-3.5867372895248977,-3.5843863654798223,-3.5818571057759527,-3.5791933356477625,-3.5764277146938044,-3.573584694824916,-3.570682659244607,-3.5677354812025714,-3.5647536673500504,-3.5617452011036903,-3.558716167771465,-3.5556712199231106,-3.5526139251854327,-3.5495470270975207,-3.5464726414087218,-3.543392404257811,-3.5403075843612237,-3.537219168194408,-3.53412792484611,-3.5310344555289404,-3.527939231475714,-3.5248426230209637,-3.521744921974817,-3.518646358879654,-3.5155471163531105,-3.5124473394305094,-3.5093471436011643,-3.506246621068023,-3.5031458456352613,-3.5000448765337917,-3.4969437614226972,-3.493842538749736,-3.4907412396122295,-3.4876398892275673,-3.4845385080979825,-3.481437112935336,-3.478335717397091,-3.475234332673405,-3.4721329679565396,-3.4690316308170686,-3.4659303275060775,-3.462829063198477,-3.4597278421893587,-3.456626668052826,-3.453525543770744,-3.4504244718373704,-3.447323454344559,-3.4442224930513037,-3.441121589440634,-3.4380207447662654,-3.4349199600909284,-3.43181923631794,-3.428718574217255,-3.4256179744470283,-3.4225174375714795,-3.419416964075742,-3.4163165543782257,-3.413216208840939,-3.4101159277781186,-3.4070157114634623,-3.403915560136215,-3.4008154740062864,-3.397715453258573,-3.3946154980566243,-3.3915156085457414,-3.3884157848556264,-3.385316027102633,-3.382216335391705,-3.3791167098180375,-3.376017150468506,-3.3729176574229176,-3.3698182307550897,-3.3667188705338087,-3.36361957682367,-3.3605203496858302,-3.3574211891786874,-3.354322095358497,-3.351223068279948,-3.3481241079966995,-3.345025214561895,-3.3419263880286665,-3.338827628450628,-3.3357289358823823,-3.332630310380034,-3.3295317520017376,-3.326433260808276,-3.3233348368636895,-3.3202364802359656,-3.317138190997802,-3.3140399692274656,-3.3109418150097656,-3.3078437284371556,-3.304745709611003,-3.30164775864305,-3.298549875657108,-3.2954520607910247,-3.2923543141989913,-3.289256636054234,-3.286159026280253,-3.283061484807335,-3.279964011571928,-3.2768666065160783,-3.273769269586928,-3.2706720007362646,-3.2675747999201112,-3.264477667098365,-3.2613806022344667,-3.258283605295106,-3.2551866762499517,-3.252089815071409,-3.2489930217344023,-3.245896296216175,-3.2427996384961086,-3.23970304855556,-3.2366065263777104,-3.2335100719474315,-3.2304136852511616,-3.2273173662767936,-3.2242211150135702,-3.2211249314519943,-3.2180288155837427,-3.214932767401589,-3.2118367868993345,-3.2087408740717467,-3.205645028914505,-3.2025492514241467,-3.199453541598029,-3.196357899434293,-3.193262324931833,-3.190166818090276,-3.1870713789099683,-3.1839760073919736,-3.1808807035380826,-3.1777854673508306,-3.1746902988335375,-3.1715951979903654,-3.1685001648264026,-3.1654051993477754,-3.162310301561806,-3.1592154714772147,-3.1561207091043966,-3.153026014455775,-3.149931387546276,-3.1468368283939414,-3.143742337020732,-3.1406479134535856,-3.1375535577257976,-3.1344592698788363,-3.1313650499647387,-3.128270898049252,-3.1251768142160055,-3.122082798572014,-3.118988851255001,-3.1158949724431304,-3.1128011623679908,-3.1097074213319598,-3.106613749731471,-3.1035201480882897,-3.1004266170916455,-3.0973331576551333,-3.0942397709937675,-3.0911464587285886,-3.0880532230290183,-3.0849600668071075,-3.081866993983256,-3.0787740098506235,-3.075681121576182,-3.0725883388913773,-3.069495675046608,-3.06640314813363,-3.063310782922403,-3.0602186134189697,-3.0571266864364732,-3.054035066593211,-3.050943843325685,-3.0478531407537814,-3.0447631315928,-3.041674056821263,-3.038586253554482,-3.035500194643847,-3.0324165450695113,-3.0293362424364307,-3.026260612136213,-3.023191532458633,-3.020131671791048,-3.0170848299858526,-3.014056430363174,-3.0110542295439626,-3.0080893419474912,-3.0051777176454837,-3.0023422702031026,-2.9996159287186863,-2.9970459863974246,-2.9947002293410643,-2.9926754267133746,-2.991108778816911,-2.990192710355716
-3.592804528993548,-3.592014863704137,-3.5906464914315452,-3.5888507189889167,-3.5867372500528045,-3.584386326008837,-3.5818570663061684,-3.5791932961792514,-3.576427675226624,-3.5735846553591126,-3.570682619780216,-3.567735441739622,-3.5647536278885648,-3.5617451616436866,-3.5587161283129602,-3.555671180466116,-3.552613885729957,-3.5495469876435717,-3.546472601956304,-3.5433923648069308,-3.540307544911884,-3.5372191287466137,-3.5341278853998648,-3.5310344160842457,-3.5279391920325716,-3.5248425835793755,-3.5217448825347835,-3.518646319441175,-3.5155470769161887,-3.5124472999951446,-3.5093471041673583,-3.5062465816357764,-3.5031458062045733,-3.5000448371046637,-3.496943721995129,-3.493842499323727,-3.4907412001877804,-3.487639849804679,-3.4845384686766554,-3.4814370735155693,-3.4783356779788863,-3.4752342932567606,-3.472132928541457,-3.4690315914035477,-3.465930288094119,-3.4628290237880797,-3.4597278027805243,-3.4566266286455534,-3.4535255043650346,-3.450424432433225,-3.447323414941977,-3.444222453650285,-3.4411215500411787,-3.438020705368374,-3.434919920694602,-3.431819196923178,-3.428718534824059,-3.425617935055397,-3.4225173981814123,-3.4194169246872392,-3.416316514991288,-3.4132161694555654,-3.4101158883943103,-3.4070156720812186,-3.4039155207555356,-3.4008154346271717,-3.3977154138810253,-3.3946154586806423,-3.391515569171326,-3.388415745482777,-3.385315987731353,-3.382216296021994,-3.3791166704498945,-3.376017111101932,-3.3729176180579117,-3.3698181913916527,-3.36671883117194,-3.3636195374633697,-3.360520310327099,-3.357421149821524,-3.354322056002902,-3.351223028925921,-3.3481240686442413,-3.3450251752110063,-3.3419263486793462,-3.338827589102877,-3.335728896536199,-3.3326302710354194,-3.3295317126586923,-3.3264332214668006,-3.3233347975237852,-3.3202364408976326,-3.3171381516610405,-3.3140399298922767,-3.3109417756761492,-3.3078436891051117,-3.3047456702805307,-3.3016477193141487,-3.298549836329778,-3.2954520214652665,-3.2923542748748047,-3.2892565967316205,-3.286158986959211,-3.2830614454878653,-3.2799639722540306,-3.276866567199754,-3.2737692302721775,-3.2706719614230875,-3.267574760608507,-3.264477627788334,-3.26138056292601,-3.2582835659882234,-3.2551866369446425,-3.252089775767674,-3.248992982432241,-3.2458962569155885,-3.242799599197097,-3.2397030092581223,-3.2366064870818474,-3.2335100326531436,-3.230413645958449,-3.227317326985657,-3.2242210757240097,-3.22112489216401,-3.2180287762973343,-3.214932728116756,-3.211836747616078,-3.2087408347900666,-3.205644989634401,-3.20254921214562,-3.1994535023210804,-3.196357860158922,-3.19326228565804,-3.1901667788180608,-3.1870713396393313,-3.183975968122914,-3.1808806642706005,-3.177785428084926,-3.17469025956921,-3.1715951587276163,-3.168500125565232,-3.165405160088184,-3.162310262303793,-3.1592154322207806,-3.1561206698495416,-3.1530259752024996,-3.1499313482945808,-3.1468367891438263,-3.143742297772198,-3.1406478742066324,-3.1375535184804235,-3.134459230635044,-3.1313650107225266,-3.1282708588086208,-3.1251767749769535,-3.1220827593345417,-3.1189888120191083,-3.1158949332088177,-3.11280112313526,-3.1097073821008108,-3.1066137105019043,-3.1035201088603057,-3.100426577865243,-3.097333118430312,-3.09423973177053,-3.0911464195069347,-3.0880531838089476,-3.0849600275886204,-3.0818669547663524,-3.0787739706353032,-3.075681082362446,-3.072588299679227,-3.0694956358360423,-3.066403108924649,-3.0633107437150073,-3.0602185742131587,-3.0571266472322467,-3.0540350273905688,-3.0509438041246266,-3.047853101554308,-3.0447630923949114,-3.0416740176249593,-3.038586214359765,-3.035500155450715,-3.032416505877963,-3.029336203246465,-3.026260572947828,-3.023191493271826,-3.0201316326058163,-3.0170847908021927,-3.014056391181078,-3.01105419036342,-3.008089302768486,-3.005177678467992,-3.002342231027089,-2.9996158895440987,-2.997045947224186,-2.994700190169061,-2.99267538754244,-2.9911087396468066,-2.990192671186095
-3.592804488071732,-3.592014822782693,-3.5906464505107505,-3.588850678068983,-3.586737209133892,-3.58438628509107,-3.581857025389645,-3.579193255264048,-3.5764276343128,-3.573584614446714,-3.5706825788692815,-3.5677354008301823,-3.564753586980644,-3.561745120737303,-3.558716087408129,-3.555671139562849,-3.5526138448282643,-3.5495469467434613,-3.546472561057784,-3.5433923239100045,-3.540307504016556,-3.5372190878528866,-3.534127844507742,-3.5310343751937303,-3.527939151143664,-3.5248425426920784,-3.5217448416490966,-3.5186462785570987,-3.515547036033723,-3.5124472591142912,-3.5093470632881174,-3.5062465407581493,-3.503145765328562,-3.5000447962302688,-3.4969436811223504,-3.4938424584525656,-3.4907411593182376,-3.4876398089367546,-3.484538427810349,-3.481437032650881,-3.4783356371158156,-3.4752342523953095,-3.472132887681625,-3.4690315505453353,-3.4659302472375257,-3.4628289829331074,-3.459727761927173,-3.4566265877938234,-3.453525463514927,-3.4504243915847397,-3.447323374095114,-3.4442224128050447,-3.4411215091975613,-3.4380206645263787,-3.4349198798542284,-3.4318191560844267,-3.42871849398693,-3.425617894219892,-3.4225173573475316,-3.4194168838549817,-3.416316474160654,-3.4132161286265554,-3.4101158475669227,-3.4070156312554554,-3.4039154799313964,-3.400815393804656,-3.3977153730601337,-3.3946154178613757,-3.3915155283536853,-3.3884157046667625,-3.3853159469169616,-3.382216255209227,-3.379116629638752,-3.3760170702924137,-3.3729175772500173,-3.369818150585382,-3.3667187903672926,-3.3636194966603457,-3.3605202695256993,-3.357421109021749,-3.3543220152047524,-3.351222988129398,-3.3481240278493436,-3.3450251344177344,-3.3419263078877024,-3.33882754831286,-3.335728855747811,-3.3326302302486592,-3.3295316718735597,-3.3264331806832956,-3.323334756741907,-3.3202364001173814,-3.3171381108824165,-3.3140398891152802,-3.3109417349007804,-3.307843648331371,-3.3047456295084197,-3.301647678543668,-3.298549795560927,-3.2954519806980462,-3.2923542341092142,-3.28925655596766,-3.286158946196881,-3.283061404727165,-3.2799639314949616,-3.2768665264423156,-3.27376918951637,-3.2706719206689097,-3.2675747198559604,-3.264477587037418,-3.2613805221767245,-3.2582835252405684,-3.255186596198619,-3.252089735023282,-3.248992941689482,-3.2458962161744616,-3.242799558457603,-3.2397029685202616,-3.2366064463456192,-3.233509991918548,-3.230413605225486,-3.227317286254326,-3.224221034994311,-3.2211248514359445,-3.218028735570902,-3.2149326873919577,-3.211836706892915,-3.208740794068539,-3.2056449489145087,-3.2025491714273633,-3.1994534616044596,-3.1963578194439366,-3.1932622449446897,-3.1901667381063454,-3.187071298929251,-3.1839759274144703,-3.180880623563793,-3.177785387379755,-3.174690218865676,-3.1715951180257185,-3.1685000848649696,-3.1654051193895567,-3.1623102216068024,-3.1592153915254264,-3.156120629155824,-3.1530259345104197,-3.1499313076041378,-3.14683674845502,-3.143742257085029,-3.140647833521101,-3.1375534777965304,-3.134459189952789,-3.131364970041911,-3.1282708181296437,-3.125176734299617,-3.122082718658845,-3.118988771345052,-3.115894892536401,-3.1128010824644825,-3.1097073414316725,-3.1066136698344065,-3.1035200681944475,-3.1004265372010242,-3.097333077767734,-3.094239691109592,-3.091146378847637,-3.0880531431512908,-3.084959986932605,-3.081866914111979,-3.0787739299825723,-3.0756810417113556,-3.072588259029777,-3.069495595188232,-3.0664030682784804,-3.0633107030704796,-3.0602185335702736,-3.0571266065910043,-3.0540349867509686,-3.0509437634866705,-3.047853060917994,-3.0447630517602406,-3.0416739769919316,-3.038586173728379,-3.035500114820971,-3.0324164652498595,-3.029336162620002,-3.026260532323005,-3.0231914526486423,-3.020131591984268,-3.017084750182274,-3.0140563505627833,-3.0110541497467374,-3.008089262153398,-3.005177637854475,-3.0023421904151055,-2.999615848933595,-2.9970459066150816,-2.9947001495612375,-2.9926753469357257,-2.99110869904095,-2.99019263058074
-3.59280444564994,-3.5920147803612847,-3.5906464080900147,-3.5888506356491385,-3.586737166715106,-3.584386242673475,-3.5818569829733407,-3.579193212849114,-3.576427591899299,-3.5735845720346964,-3.570682536458784,-3.5677353584212366,-3.5647535445732728,-3.5617450783315268,-3.5587160450039628,-3.555671097160304,-3.5526138024273517,-3.549546904344189,-3.5464725186601562,-3.5433922815140275,-3.540307461622234,-3.537219045460224,-3.5341278021167417,-3.5310343328043943,-3.5279391087559953,-3.5248425003060784,-3.521744799264768,-3.518646236174444,-3.5155469936527415,-3.5124472167349836,-3.509347020910485,-3.5062464983821933,-3.5031457229542817,-3.500044753857665,-3.496943638751424,-3.493842416083317,-3.4907411169506655,-3.4876397665708607,-3.484538385446134,-3.4814369902883455,-3.47833559475496,-3.475234210036132,-3.4721328453241265,-3.469031508189516,-3.4659302048833855,-3.462828940580645,-3.4597277195763887,-3.456626545444718,-3.4535254211675004,-3.4504243492389928,-3.447323331751048,-3.4442223704626587,-3.4411214668568557,-3.438020622187354,-3.434919837516884,-3.431819113748763,-3.428718451652947,-3.425617851887589,-3.4225173150169095,-3.4194168415260413,-3.4163164318333963,-3.4132160863009804,-3.410115805243031,-3.407015588933246,-3.4039154376108702,-3.400815351485813,-3.3977153307429724,-3.3946153755458957,-3.3915154860398866,-3.3884156623546464,-3.3853159046065286,-3.3822162129004782,-3.3791165873316875,-3.3760170279870336,-3.3729175349463225,-3.3698181082833716,-3.3667187480669676,-3.363619454361706,-3.360520227228745,-3.3574210667264808,-3.3543219729111704,-3.351222945837502,-3.3481239855591345,-3.3450250921292124,-3.341926265600867,-3.338827506027712,-3.3357288134643497,-3.3326301879668847,-3.3295316295934723,-3.326433138404895,-3.323334714465195,-3.3202363578423566,-3.31713806860908,-3.3140398468436323,-3.3109416926308213,-3.307843606063101,-3.304745587241838,-3.3016476362787754,-3.2985497532977237,-3.2954519384365324,-3.2923541918493906,-3.2892565137095255,-3.2861589039404357,-3.283061362472409,-3.2799638892418943,-3.276866484190937,-3.2737691472666812,-3.270671878420912,-3.267574677609653,-3.264477544792802,-3.261380479933799,-3.2582834829993343,-3.2551865539590765,-3.252089692785431,-3.2489928994533224,-3.245896173939995,-3.242799516224829,-3.2397029262891808,-3.236606404116232,-3.233509949690854,-3.2304135629994852,-3.227317244030018,-3.2242209927716963,-3.221124809215022,-3.218028693351673,-3.214932645174423,-3.2118366646770733,-3.208740751854392,-3.2056449067020556,-3.202549129216604,-3.199453419395394,-3.196357777236566,-3.193262202739014,-3.1901666959023642,-3.187071256726965,-3.18397588521388,-3.180880581364899,-3.177785345182557,-3.174690176670173,-3.1715950758319114,-3.16850004267286,-3.165405077199145,-3.1623101794180872,-3.1592153493384085,-3.1561205869705033,-3.153025892326795,-3.1499312654222096,-3.146836706274789,-3.1437422149064944,-3.140647791344264,-3.1375534356213914,-3.1344591477793475,-3.131364927870167,-3.1282707759596,-3.125176692131271,-3.1220826764921985,-3.118988729180105,-3.1158948503731536,-3.112801040302935,-3.109707299271825,-3.1066136276762584,-3.1035200260380003,-3.1004264950462788,-3.0973330356146884,-3.094239648958248,-3.0911463366979945,-3.088053101003349,-3.084959944786365,-3.0818668719674394,-3.0787738878397333,-3.075680999570219,-3.0725882168903422,-3.0694955530505017,-3.0664030261424537,-3.0633106609361556,-3.0602184914376522,-3.0571265644600856,-3.0540349446217543,-3.0509437213591593,-3.047853018792187,-3.044763009636136,-3.0416739348695296,-3.038586131607679,-3.0355000727019736,-3.0324164231325645,-3.029336120504408,-3.026260490209111,-3.023191410536445,-3.0201315498737644,-3.0170847080734595,-3.0140563084556486,-3.0110541076412716,-3.0080892200495843,-3.005177595752288,-3.0023421483145074,-2.999615806834529,-2.997045864517466,-2.99470010746495,-2.9926753048405876,-2.9911086569467016,-2.990192588487011
-3.592804401673208,-3.592014736384952,-3.5906463641143787,-3.588850591674426,-3.586737122741494,-3.5843861987010968,-3.581856939002302,-3.579193168879497,-3.5764275479311665,-3.573584528068098,-3.5706824924937615,-3.5677353144578206,-3.56475350061149,-3.5617450343713966,-3.5587160010455006,-3.5556710532035245,-3.5526137584722632,-3.5495468603908007,-3.5464724747084757,-3.5433922375640603,-3.540307417673984,-3.537219001513694,-3.5341277581719353,-3.5310342888613144,-3.527939064814644,-3.5248424563664553,-3.5217447553268757,-3.518646192238284,-3.515546949718316,-3.512447172802294,-3.5093469769795314,-3.506246454452974,-3.5031456790267983,-3.500044709931917,-3.4969435948274117,-3.4938423721610414,-3.490741073030127,-3.4876397226520592,-3.48453834152907,-3.48143694637302,-3.4783355508413734,-3.475234166124286,-3.4721328014140207,-3.469031464281151,-3.465930160976762,-3.462828896675763,-3.459727675673249,-3.4566265015433193,-3.4535253772678423,-3.450424305341075,-3.4473232878548705,-3.444222326568223,-3.4411214229641636,-3.4380205782964057,-3.4349197936276807,-3.431819069861303,-3.42871840776723,-3.425617808003615,-3.4225172711346787,-3.419416797645555,-3.4163163879546534,-3.4132160424239815,-3.4101157613677753,-3.407015545059735,-3.403915393739104,-3.4008153076157925,-3.397715286874698,-3.3946153316793675,-3.3915154421751037,-3.3884156184916074,-3.385315860745235,-3.3822161690409294,-3.379116543473885,-3.376016984130978,-3.372917491092014,-3.369818064430811,-3.366718704216155,-3.363619410512642,-3.360520183381429,-3.357421022880913,-3.3543219290673503,-3.351222901995429,-3.348123941718809,-3.345025048290635,-3.3419262217640378,-3.3388274621926306,-3.3357287696310154,-3.332630144135299,-3.3295315857636356,-3.326433094576808,-3.3233346706388573,-3.3202363140177695,-3.317138024786243,-3.314039803022546,-3.3109416488114856,-3.3078435622455156,-3.304745543426004,-3.301647592464692,-3.2985497094853913,-3.2954518946259506,-3.2923541480405594,-3.2892564699024454,-3.2861588601351075,-3.283061318668833,-3.2799638454400695,-3.2768664403908656,-3.2737691034683616,-3.270671834624344,-3.2675746338148373,-3.2644775009997384,-3.2613804361424887,-3.2582834392097775,-3.255186510171273,-3.252089648999382,-3.2489928556690275,-3.245896130157453,-3.24279947244404,-3.239702882510145,-3.23660636033895,-3.2335099059153265,-3.2304135192257126,-3.2273172002580006,-3.2242209490014346,-3.2211247654465165,-3.2180286495849235,-3.2149326014094295,-3.211836620913836,-3.2087407080929102,-3.205644862942331,-3.202549085458636,-3.1994533756391834,-3.196357733482112,-3.1932621589863164,-3.190166652151425,-3.1870712129777843,-3.1839758414664567,-3.180880537619233,-3.1777853014386475,-3.174690132928022,-3.1715950320915183,-3.168499998934225,-3.1654050334622688,-3.162310135682971,-3.159215305605052,-3.1561205432389072,-3.1530258485969602,-3.1499312216941364,-3.146836662548477,-3.143742171181943,-3.1406477476214723,-3.13755339190036,-3.134459104060076,-3.131364884152656,-3.1282707322438488,-3.125176648417282,-3.122082632779971,-3.1189886854696387,-3.1158948066644494,-3.112800996595993,-3.1097072555666454,-3.1066135839728406,-3.1035199823363433,-3.1004264513463835,-3.0973329919165558,-3.0942396052618766,-3.0911462930033853,-3.088053057310504,-3.0849599010952833,-3.0818668282781223,-3.0787738441521806,-3.0756809558844314,-3.07258817320632,-3.069495509368244,-3.06640298246196,-3.0633106172574265,-3.060218447760687,-3.0571265207848843,-3.0540349009483165,-3.0509436776874845,-3.047852975122277,-3.0447629659679913,-3.0416738912031507,-3.038586087943066,-3.035500029039127,-3.032416379471483,-3.0293360768450905,-3.0262604465515555,-3.023191366880649,-3.020131506219725,-3.0170846644211706,-3.014056264805103,-3.0110540639924563,-3.0080891764024824,-3.005177552106873,-3.00234210467074,-2.999615763192351,-2.997045820876791,-2.9947000638256522,-2.992675261202482,-2.9911086133095197,-2.9901925448503675
-3.592804356084567,-3.5920146907967228,-3.5906463185268724,-3.5888505460878766,-3.5867370771560814,-3.5843861531169603,-3.581856893419551,-3.5791931232982166,-3.5764275023514247,-3.573584482489947,-3.5706824469172416,-3.567735268882965,-3.5647534550383257,-3.561744988799944,-3.5587159554757775,-3.5556710076355436,-3.5526137129060364,-3.549546814826337,-3.5464724291457816,-3.543392192003142,-3.5403073721148455,-3.53721895595634,-3.534127712616367,-3.5310342433075346,-3.5279390192626536,-3.5248424108162584,-3.5217447097784724,-3.5186461466916743,-3.5155469041735024,-3.5124471272592768,-3.5093469314383117,-3.5062464089135545,-3.5031456334891784,-3.500044664396097,-3.4969435492933925,-3.4938423266288225,-3.49074102749971,-3.487639677123444,-3.4845382960022557,-3.481436900848008,-3.478335505318166,-3.475234120602882,-3.4721327558944206,-3.4690314187633557,-3.4659301154607722,-3.462828851161579,-3.459727630160871,-3.4566264560327484,-3.4535253317590784,-3.450424259834119,-3.4473232423497215,-3.4442222810648815,-3.4411213774626277,-3.438020532796676,-3.4349197481297566,-3.4318190243651863,-3.4287183622729214,-3.4256177625111146,-3.4225172256439866,-3.4194167521566703,-3.4163163424675758,-3.4132159969387117,-3.4101157158843134,-3.4070154995780806,-3.4039153482592575,-3.400815262137754,-3.3977152413984677,-3.3946152862049455,-3.3915153967024905,-3.3884155730208048,-3.3853158152762433,-3.3822161235737487,-3.3791164980085147,-3.3760169386674184,-3.372917445630265,-3.3698180189708733,-3.366718658758029,-3.3636193650563277,-3.3605201379269265,-3.3574209774282218,-3.35432188361647,-3.3512228565463613,-3.348123896271553,-3.3450250028451896,-3.3419261763204036,-3.3388274167508087,-3.3357287241910067,-3.332630098697103,-3.3295315403272525,-3.3264330491422394,-3.3233346252061025,-3.3202362685868287,-3.317137979357117,-3.3140397575952334,-3.3109416033859866,-3.307843516821831,-3.3047454980041335,-3.3016475470446363,-3.29854966406715,-3.295451849209524,-3.292354102625948,-3.289256424489649,-3.2861588147241263,-3.283061273259667,-3.2799638000327196,-3.276866394985331,-3.273769058064643,-3.2706717892224417,-3.267574588414751,-3.2644774556014684,-3.2613803907460364,-3.2582833938151428,-3.255186464778456,-3.252089603608382,-3.2489928102798458,-3.2458960847700893,-3.242799427058496,-3.2397028371264205,-3.236606314957046,-3.2335098605352424,-3.2304134738474484,-3.2273171548815576,-3.224220903626812,-3.2211247200737136,-3.2180286042139414,-3.2149325560402677,-3.211836575546495,-3.2087406627273896,-3.205644817578631,-3.202549040096757,-3.1994533302791246,-3.196357688123874,-3.1932621136299004,-3.19016660679683,-3.1870711676250094,-3.1839757961155026,-3.1808804922701004,-3.177785256091339,-3.1746900875825372,-3.1715949867478574,-3.168499953592388,-3.1654049881222557,-3.1623100903447807,-3.159215260268686,-3.156120497904364,-3.1530258032642404,-3.1499311763632405,-3.146836617219405,-3.143742125854695,-3.140647702296049,-3.137553346576762,-3.1344590587383037,-3.13136483883271,-3.128270686925728,-3.1251766031009867,-3.1220825874655014,-3.1189886401569957,-3.1158947613536325,-3.1128009512870034,-3.109707210259483,-3.106613538667505,-3.1035199370328352,-3.100426406044703,-3.0973329466167026,-3.0942395599638512,-3.0911462477071874,-3.0880530120161334,-3.0849598558027407,-3.081866782987408,-3.0787737988632964,-3.0756809105973764,-3.0725881279210947,-3.069495464084847,-3.0664029371803916,-3.063310571977687,-3.0602184024827777,-3.0571264755088063,-3.0540348556740704,-3.050943632415071,-3.047852929851695,-3.044762920699241,-3.04167384593623,-3.038586042677975,-3.035499983775864,-3.032416334210048,-3.0293360315854834,-3.026260401293774,-3.023191321624691,-3.020131460965586,-3.0170846191688465,-3.0140562195545844,-3.011054018743733,-3.008089131155535,-3.0051775068616737,-3.0023420594272485,-2.9996157179505065,-2.9970457756365048,-2.994700018586793,-2.9926752159648564,-2.99110856807285,-2.9901924996142566
-3.5928043088248813,-3.5920146435374654,-3.590646271268364,-3.588850498830363,-3.5867370298997496,-3.584386105861957,-3.5818568461659863,-3.5791930760461783,-3.5764274551009816,-3.5735844352411537,-3.570682399670141,-3.5677352216375926,-3.564753407794708,-3.5617449415581026,-3.5587159082357283,-3.555670960397302,-3.552613665669613,-3.5495467675917394,-3.5464723819130173,-3.543392144772217,-3.540307324885766,-3.537218908729109,-3.5341276653909888,-3.531034196084012,-3.52793897204099,-3.524842363596454,-3.52174466256053,-3.5186460994755953,-3.5155468569592867,-3.5124470800469263,-3.5093468842278255,-3.506246361704933,-3.5031455862824226,-3.5000446171912087,-3.4969435020903727,-3.4938422794276716,-3.4907409803004272,-3.4876396299260297,-3.484538248806711,-3.481436853654332,-3.478335458126357,-3.4752340734129414,-3.4721327087063494,-3.4690313715771537,-3.46593006827644,-3.4628288039791166,-3.4597275829802796,-3.4566264088540284,-3.45352528458223,-3.4504242126591422,-3.447323195176617,-3.444222233893648,-3.4411213302932655,-3.4380204856291847,-3.434919700964137,-3.4318189772014382,-3.428718315111045,-3.4256177153511116,-3.422517178485857,-3.419416705000414,-3.4163162953131936,-3.4132159497862045,-3.410115668733681,-3.4070154524293232,-3.403915301112376,-3.4008152149927477,-3.3977151942553383,-3.394615239063694,-3.3915153495631163,-3.3884155258833073,-3.385315768140623,-3.3822160764400055,-3.379116450876648,-3.3760168915374273,-3.37291739850215,-3.369817971844635,-3.366718611633667,-3.363619317933842,-3.3605200908063178,-3.3574209303094906,-3.354321836499617,-3.3512228094313854,-3.3481238491584553,-3.3450249557339715,-3.341926129211065,-3.3388273696433495,-3.3357286770854264,-3.3326300515934015,-3.3295314932254305,-3.3264330020422963,-3.3233345781080392,-3.3202362214906453,-3.317137932262813,-3.3140397105028105,-3.3109415562954454,-3.3078434697331707,-3.3047454509173546,-3.3016474999597385,-3.2985496169841344,-3.2954518021283907,-3.2923540555466966,-3.2892563774122805,-3.28615876764864,-3.2830612261860637,-3.279963752960999,-3.276866347915493,-3.2737690109966877,-3.27067174215637,-3.267574541350563,-3.264477408539164,-3.261380343685616,-3.258283346756606,-3.2551864177218035,-3.252089556553614,-3.2489927632269624,-3.2458960377190915,-3.2427993800093824,-3.239702790079192,-3.2366062679117023,-3.233509813491784,-3.230413426805876,-3.2273171078418703,-3.224220856589011,-3.2211246730378,-3.2180285571799145,-3.2149325090081287,-3.211836528516243,-3.2087406156990257,-3.205644770552154,-3.2025489930721682,-3.199453283256424,-3.1963576411030616,-3.193262066610976,-3.1901665597797937,-3.187071120609862,-3.183975749102245,-3.180880445258733,-3.1777852090818617,-3.17469004057495,-3.1715949397421603,-3.1684999065885813,-3.1654049411203395,-3.162310043344755,-3.1592152132705498,-3.1561204509081175,-3.1530257562698836,-3.149931129370773,-3.1468365702288277,-3.1437420788660106,-3.140647655309257,-3.137553299591862,-3.1344590117552964,-3.1313647918515946,-3.1282706399465052,-3.125176556123657,-3.122082540490065,-3.118988593183452,-3.115894714381982,-3.1128009043172455,-3.109707163291619,-3.106613491701536,-3.10351989006876,-3.100426359082521,-3.0973328996564162,-3.09423951300546,-3.0911462007506905,-3.0880529650615314,-3.084959808850034,-3.081866736036597,-3.0787737519143805,-3.0756808636503554,-3.0725880809759682,-3.069495417141617,-3.0664028902390585,-3.0633105250382515,-3.06021835554524,-3.0571264285731665,-3.0540348087403273,-3.050943585483225,-3.047852882921746,-3.044762873771189,-3.0416737990100757,-3.0385859957537176,-3.035499936853503,-3.0324162872895837,-3.0293359846669143,-3.0262603543770985,-3.0231912747099075,-3.020131414052689,-3.0170845722578306,-3.014056172645441,-3.011053971836448,-3.0080890842500905,-3.00517745995804,-3.002342012525385,-2.9996156710503508,-2.997045728737964,-2.994699971689732,-2.992675169069077,-2.991108521178063,-2.9901924527200485
-3.5928042598329495,-3.592014594545978,-3.590646222277653,-3.588850449840682,-3.586736980911291,-3.5843860568748713,-3.581856797180391,-3.579193027062164,-3.5764274061186203,-3.5735843862605026,-3.570682350691246,-3.567735172660488,-3.5647533588194213,-3.5617448925846578,-3.5587158592641432,-3.5556709114275904,-3.5526136167017865,-3.549546718625807,-3.5464723329489876,-3.5433920958100957,-3.5403072759255583,-3.5372188597708187,-3.5341276164346187,-3.531034147129564,-3.5279389230884663,-3.5248423146458574,-3.521744613611861,-3.5186460505288566,-3.515546808014479,-3.5124470311040503,-3.509346835286882,-3.5062463127659234,-3.503145537345348,-3.5000445682560692,-3.496943453157168,-3.493842230496403,-3.490740931371096,-3.487639580998635,-3.484538199881255,-3.4814368047308144,-3.4783354092047776,-3.4752340244933,-3.4721326597886475,-3.4690313226613916,-3.4659300193626175,-3.462828755067234,-3.4597275340703355,-3.4566263599460223,-3.4535252356761617,-3.4504241637550117,-3.447323146274424,-3.4442221849933947,-3.441121281394953,-3.438020436732815,-3.43491965206971,-3.4318189283089544,-3.4287182662205034,-3.4256176664625113,-3.422517129599197,-3.4194166561156965,-3.416316246430419,-3.4132159009053726,-3.410115619854792,-3.4070154035523776,-3.4039152522373737,-3.400815166119689,-3.3977151453842227,-3.394615190194522,-3.3915153006958887,-3.388415477018024,-3.385315719277283,-3.3822160275786093,-3.379116402017196,-3.3760168426799217,-3.3729173496465905,-3.3698179229910212,-3.366718562781999,-3.3636192690841207,-3.360520041958543,-3.3574208814636624,-3.354321787655736,-3.3512227605894522,-3.348123800318471,-3.345024906895935,-3.3419260803749764,-3.338827320809209,-3.3357286282532352,-3.33263000276316,-3.329531444397138,-3.3264329532159524,-3.323334529283644,-3.3202361726681984,-3.317137883442315,-3.3140396616842613,-3.310941507478845,-3.30784342091852,-3.3047454021046545,-3.301647451148989,-3.2985495681753343,-3.2954517533215406,-3.2923540067417965,-3.2892563286093304,-3.2861587188476404,-3.2830611773870144,-3.2799637041639014,-3.2768662991203477,-3.273768962203496,-3.2706716933651325,-3.2675744925612795,-3.2644773597518353,-3.261380294900241,-3.2582832979731853,-3.2551863689403366,-3.252089507774101,-3.248992714449403,-3.2458959889434857,-3.2427993312357306,-3.239702741307495,-3.2366062191419593,-3.233509764723996,-3.230413378040043,-3.2273170590779925,-3.2242208078270878,-3.2211246242778317,-3.218028508421902,-3.2149324602520712,-3.2118364797621415,-3.2087405669468803,-3.2056447218019657,-3.202548944323937,-3.1994532345101505,-3.1963575923587455,-3.193262017868619,-3.190166511039395,-3.1870710718714212,-3.183975700365762,-3.1808803965242083,-3.1777851603492944,-3.1746899918443403,-3.1715948910135094,-3.168499857861889,-3.165404892395605,-3.16230999462198,-3.1592151645497344,-3.1561204021892624,-3.153025707552988,-3.1499310806558385,-3.1468365215158554,-3.143742030155,-3.140647606600208,-3.1375532508847743,-3.1344589630501716,-3.131364743148432,-3.1282705912453053,-3.1251765074244187,-3.122082491792788,-3.1189885444881376,-3.1158946656886304,-3.112800855625857,-3.1097071146021933,-3.106613443014072,-3.10351984138326,-3.1004263103989858,-3.0973328509748455,-3.094239464325854,-3.091146152073051,-3.088052916385858,-3.084959760176326,-3.0818666873648533,-3.078773703244601,-3.0756808149825416,-3.0725880323101196,-3.069495368477733,-3.066402841577139,-3.0633104763782963,-3.0602183068872493,-3.0571263799171406,-3.054034760086267,-3.0509435368311304,-3.047852834271618,-3.044762825123027,-3.041673750363881,-3.0385859471094907,-3.0354998882112434,-3.03241623864929,-3.029335936028585,-3.0262603057407316,-3.0231912260755,-3.0201313654202373,-3.0170845236273283,-3.0140561240168804,-3.011053923209816,-3.0080890356253662,-3.0051774113351946,-3.002341963904374,-2.999615622431111,-2.997045680120399,-2.9946999230737013,-2.992675120454374,-2.9911084725643877,-2.9901924041069736
-3.592804209045263,-3.592014543758751,-3.590646171491232,-3.5888503990553273,-3.586736930127206,-3.58438600609221,-3.581856746399273,-3.5791929762826857,-3.576427355340856,-3.5735843354845107,-3.5706822999170718,-3.567735121888169,-3.5647533080489873,-3.5617448418161306,-3.558715808497542,-3.55567086066293,-3.5526135659390783,-3.5495466678650613,-3.5464722821902126,-3.543392045053297,-3.5403072251707406,-3.5372188090179875,-3.5341275656837783,-3.5310340963807185,-3.5279388723416174,-3.5248422639010086,-3.5217445628690127,-3.518645999788008,-3.5155467572756334,-3.5124469803672063,-3.509346784552043,-3.5062462620330894,-3.5031454866145197,-3.5000445175272468,-3.4969434024303525,-3.4938421797715944,-3.4907408806482945,-3.4876395302778427,-3.4845381491624696,-3.4814367540140374,-3.4783353584900096,-3.475233973780542,-3.4721326090778986,-3.4690312719526513,-3.4659299686558858,-3.462828704362512,-3.4597274833676233,-3.4566263092453204,-3.453525184977472,-3.450424113058334,-3.44732309557976,-3.4442221343007433,-3.441121230704315,-3.438020386044189,-3.4349196013830974,-3.4318188776243552,-3.428718215537919,-3.425617615781942,-3.4225170789206434,-3.419416605439157,-3.416316195755894,-3.4132158502328607,-3.410115569184295,-3.407015352883895,-3.4039152015709053,-3.4008151154552353,-3.3977150947217836,-3.3946151395340975,-3.391515250037479,-3.3884154263616284,-3.385315668622903,-3.3822159769262448,-3.3791163513668465,-3.3760167920315873,-3.3729172990002727,-3.3698178723467205,-3.366718512139716,-3.363619218443856,-3.360519991320296,-3.3574208308274347,-3.354321737021526,-3.351222709957261,-3.3481237496882974,-3.3450248562677802,-3.34192602974884,-3.338827270185092,-3.3357285776311367,-3.332629952143081,-3.329531393779079,-3.3264329025999126,-3.323334478669624,-3.3202361220561984,-3.317137832832336,-3.3140396110763035,-3.3109414568729094,-3.3078433703146057,-3.304745351502761,-3.3016474005491174,-3.2985495175774844,-3.2954517027257126,-3.2923539561479913,-3.2892562780175476,-3.2861586682578814,-3.28306112679928,-3.2799636535781906,-3.2768662485366615,-3.273768911621834,-3.2706716427854947,-3.2675744419836668,-3.2644773091762467,-3.2613802443266766,-3.258283247401645,-3.255186318370821,-3.252089457206611,-3.248992663883938,-3.245895938380045,-3.242799280674316,-3.2397026907481057,-3.236606168584596,-3.233509714168659,-3.2304133274867333,-3.2273170085267098,-3.224220757277833,-3.221124573730606,-3.218028457876704,-3.2149324097089016,-3.211836429221,-3.2087405164077665,-3.2056446712648796,-3.202548893788879,-3.199453183977122,-3.196357541827747,-3.1932619673396485,-3.190166460512455,-3.1870710213465117,-3.183975649842883,-3.180880346003359,-3.1777851098304755,-3.1746899413275522,-3.1715948404987513,-3.168499807349161,-3.1654048418849077,-3.1623099441133133,-3.159215114043099,-3.1561203516846588,-3.153025657050419,-3.149931030155302,-3.1468364710173513,-3.1437419796585284,-3.14064755610577,-3.13755320039237,-3.134458912559799,-3.131364692660092,-3.1282705407589977,-3.1251764569401446,-3.122082441310548,-3.1189884940079318,-3.1158946152104594,-3.1128008051497207,-3.109707064128092,-3.106613392542007,-3.103519790913231,-3.1004262599309915,-3.0973328005088856,-3.094239413861929,-3.0911461016111614,-3.088052865926005,-3.0849597097185093,-3.081866636909074,-3.078773652790859,-3.0756807645308366,-3.0725879818604525,-3.0694953180301043,-3.066402791131549,-3.0633104259347452,-3.0602182564457374,-3.057126329477667,-3.0540347096488327,-3.050943486395735,-3.0478527838382607,-3.04476277469171,-3.0416736999346026,-3.0385858966822505,-3.035499837786041,-3.0324161882261245,-3.029335885607456,-3.0262602553216382,-3.02319117565844,-3.020131315005207,-3.017084473214321,-3.0140560736058863,-3.011053872800822,-3.008088985218352,-3.005177360930129,-3.0023419135012124,-2.9996155720297843,-2.997045629720809,-2.9946998726757004,-2.9926750700577487,-2.9911084221688284,-2.9901923537120365
-3.5928041563959927,-3.5920144911099587,-3.5906461188432757,-3.58885034640848,-3.586736877481674,-3.5843859534481535,-3.5818566937568197,-3.579192923641932,-3.5764273027018785,-3.5735842828473703,-3.570682247281817,-3.567735069254837,-3.564753255417609,-3.56174478918673,-3.558715755870139,-3.55567080803754,-3.5526135133157144,-3.5495466152437336,-3.546472229570928,-3.5433919924360637,-3.5403071725555644,-3.5372187564048714,-3.534127513072726,-3.531034043771732,-3.5279388197346995,-3.5248422112961593,-3.521744510266235,-3.518645947187305,-3.5155467046770044,-3.5124469277706547,-3.509346731957568,-3.506246209440692,-3.5031454340242005,-3.5000444649390072,-3.4969433498441926,-3.493842127187516,-3.490740828066297,-3.4876394776979267,-3.4845380965846364,-3.4814367014382865,-3.478335305916341,-3.4752339212089574,-3.4721325565083974,-3.469031219385234,-3.4659299160905532,-3.4628286517992635,-3.4597274308064594,-3.456626256686243,-3.45352513242048,-3.450424060503427,-3.447323043026938,-3.444222081750007,-3.4411211781556656,-3.438020333497626,-3.4349195488386206,-3.431818825081965,-3.428718162997614,-3.4256175632437236,-3.422517026384513,-3.4194165529051133,-3.416316143223937,-3.4132157977029918,-3.410115516656514,-3.4070153003582013,-3.4039151490472994,-3.4008150629337184,-3.3977150422023565,-3.39461508701676,-3.3915151975222306,-3.38841537384847,-3.3853156161118347,-3.382215924417268,-3.3791162988599615,-3.3760167395267935,-3.37291724649757,-3.369817819846109,-3.3667184596411963,-3.3636191659474273,-3.3605199388259592,-3.357420778335189,-3.354321684531373,-3.3512226574692,-3.348123697202328,-3.3450248037839025,-3.341925977267055,-3.3388272177054,-3.335728525153539,-3.3326298996675767,-3.329531341305669,-3.326432850128598,-3.3233344262004048,-3.3202360695890754,-3.317137780367308,-3.3140395586133695,-3.310941404412069,-3.3078433178558595,-3.3047452990461093,-3.3016473480945603,-3.2985494651250233,-3.295451650275348,-3.2923539036997242,-3.289256225571379,-3.286158615813809,-3.283061074357305,-3.2799636011383133,-3.2768661960988807,-3.2737688591861502,-3.2706715903519075,-3.267574389552177,-3.2644772567468556,-3.261380191899384,-3.258283194976451,-3.255186265947726,-3.2520894047856155,-3.2489926114650425,-3.2458958859632503,-3.242799228259621,-3.2397026383355114,-3.236606116174103,-3.233509661760267,-3.2304132750804415,-3.227316956122519,-3.2242207048757434,-3.221124521330617,-3.2180284054788175,-3.214932357313118,-3.211836376827319,-3.208740464016189,-3.205644618875407,-3.2025488414015095,-3.1994531315918553,-3.1963574894445834,-3.1932619149585877,-3.190166408133497,-3.1870709689696572,-3.1839755974681325,-3.1808802936307137,-3.1777850574599347,-3.1746898889591164,-3.171594788132421,-3.1684997549849365,-3.1654047895227895,-3.162309891753301,-3.1592150616851935,-3.1561202993288604,-3.153025604696727,-3.149930977803717,-3.1468364186678737,-3.1437419273111575,-3.1406475037605057,-3.137553148049214,-3.1344588602187518,-3.131364640321154,-3.1282704884221686,-3.125176404605424,-3.1220823889779363,-3.118988441677429,-3.1158945628820662,-3.112800752823437,-3.109707011803917,-3.106613340219942,-3.1035197385932753,-3.1004262076131472,-3.097332748193153,-3.094239361548308,-3.0911460492996516,-3.088052813616605,-3.084959657411221,-3.081866584603897,-3.078773600487794,-3.0756807122298837,-3.072587929561613,-3.0694952657333787,-3.0664027388369375,-3.0633103736422482,-3.060218204155354,-3.0571262771893983,-3.0540346573626773,-3.0509434341116943,-3.047852731556334,-3.0447627224118965,-3.0416736476569026,-3.0385858444066636,-3.0354997855125676,-3.0324161359547643,-3.029335833338207,-3.0262602030544974,-3.0231911233934032,-3.0201312627422707,-3.0170844209534793,-3.01405602134713,-3.0110538205441366,-3.0080889329637164,-3.0051773086775126,-3.002341861250567,-2.9996155197810412,-2.997045577473865,-2.9946998204304047,-2.992675017813879,-2.9911083699260637,-2.990192301469917
-3.5928041018169177,-3.5920144365313766,-3.590646064265558,-3.5888502918319074,-3.5867368229064645,-3.584385898874475,-3.581856639184802,-3.5791928690716763,-3.576427248133465,-3.5735842282808625,-3.5706821927172654,-3.56773501469228,-3.5647532008570777,-3.5617447346282507,-3.558715701313731,-3.555670753483219,-3.5526134587634934,-3.5495465606936234,-3.546472175022938,-3.543391937890199,-3.5403071180118295,-3.537218701863272,-3.5341274585332654,-3.5310339892344125,-3.5279387651995235,-3.52484215676313,-3.5217444557353548,-3.5186458926585766,-3.515546650150429,-3.512446873246233,-3.5093466774353015,-3.50624615492058,-3.5031453795062433,-3.500044410423206,-3.4969432953305493,-3.4938420726760295,-3.490740773556969,-3.4876394231907564,-3.484538042079625,-3.4814366469354345,-3.478335251415649,-3.4752338667104246,-3.4721325020120237,-3.46903116489102,-3.4659298615984984,-3.462828597309369,-3.459727376318725,-3.4566262022006686,-3.4535250779370665,-3.450424006022175,-3.4473229885478482,-3.4442220272730797,-3.4411211236808996,-3.4380202790250225,-3.4349194943681787,-3.4318187706136847,-3.4287181085314975,-3.4256175087797707,-3.4225169719227235,-3.419416498445489,-3.416316088766478,-3.4132157432476986,-3.4101154622033856,-3.40701524590724,-3.4039150945985037,-3.4008150084870876,-3.3977149877578907,-3.3946150325744595,-3.391515143082097,-3.3884153194105022,-3.3853155616760335,-3.382215869983633,-3.3791162444284946,-3.3760166850974933,-3.3729171920704366,-3.3698177654211423,-3.366718405218397,-3.363619111526796,-3.3605198844074966,-3.3574207239188945,-3.3543216301172465,-3.351222603057242,-3.3481236427925403,-3.3450247493762855,-3.3419259228616087,-3.3388271633021245,-3.3357284707524335,-3.332629845268641,-3.3295312869089018,-3.3264327957340005,-3.3233343718079764,-3.3202360151988173,-3.3171377259792205,-3.3140395042274533,-3.310941350028325,-3.3078432634742887,-3.3047452446667114,-3.3016472937173362,-3.298549410749973,-3.295451595902471,-3.2923538493290203,-3.2892561712028483,-3.2861585614474538,-3.2830610199931227,-3.2799635467763046,-3.2768661417390463,-3.27376880482849,-3.270671535996421,-3.267574335198865,-3.264477202395718,-3.261380137550422,-3.2582831406296653,-3.2551862116031174,-3.2520893504431836,-3.2489925571247884,-3.245895831625174,-3.2427991739237227,-3.2397025840017903,-3.2366060618425583,-3.2335096074308995,-3.230413220753253,-3.2273169017975096,-3.2242206505529136,-3.2211244670099664,-3.218028351160345,-3.2149323029968238,-3.211836322513205,-3.2087404097042547,-3.205644564565652,-3.2025487870939346,-3.199453077286461,-3.1963574351413695,-3.193261860657557,-3.190166353834647,-3.187070914672988,-3.1839755431736454,-3.1808802393384075,-3.1777850031698103,-3.1746898346711747,-3.1715947338466624,-3.168499700701361,-3.165404735241398,-3.162309837474094,-3.1592150074081706,-3.1561202450540216,-3.1530255504240716,-3.149930923533247,-3.146836364399588,-3.143741873045056,-3.140647449496589,-3.137553093787481,-3.1344588059592033,-3.1313645860637904,-3.1282704341669905,-3.125176350352432,-3.122082334727131,-3.11898838742881,-3.1158945086356327,-3.11280069857919,-3.109706957561857,-3.1066132859800684,-3.1035196843555894,-3.100426153377649,-3.0973326939598422,-3.0942393073171868,-3.09114599507072,-3.088052759389863,-3.0849596031866673,-3.0818665303815322,-3.078773546267618,-3.0756806580118963,-3.072587875345814,-3.0694952115197682,-3.066402684625516,-3.0633103194330165,-3.0602181499483123,-3.0571262229845466,-3.0540346031600163,-3.0509433799112236,-3.047852677358054,-3.044762668215807,-3.0416735934630044,-3.038585790214957,-3.035499731323051,-3.0324160817674377,-3.0293357791530693,-3.0262601488715473,-3.0231910692126376,-3.020131208563684,-3.017084366777066,-3.0140559671728795,-3.0110537663720334,-3.00808887879374,-3.00517725450963,-3.00234180708473,-2.999615465617177,-2.9970455233118676,-2.9946997662701156,-2.992674963655068,-2.991108315768398,-2.9901922473129194
-3.5928040452373136,-3.592014379952285,-3.5906460076873636,-3.5888502352549025,-3.5867367663308736,-3.5843858423004713,-3.5818565826125197,-3.579192812501221,-3.57642719156492,-3.573584171714292,-3.5706821361527203,-3.5677349581298023,-3.564753144296699,-3.561744678069997,-3.5587156447576245,-3.555670696929276,-3.552613402211727,-3.549546504144044,-3.546472118475553,-3.543391881345016,-3.5403070614688557,-3.5372186453225125,-3.534127401994724,-3.5310339326980933,-3.5279387086654284,-3.52484210023126,-3.5217443992057125,-3.5186458361311623,-3.5155465936252446,-3.5124468167232785,-3.5093466209145783,-3.5062460984020922,-3.5031453229899916,-3.50004435390919,-3.4969432388187687,-3.4938420161664845,-3.490740717049659,-3.487639366685683,-3.484537985576788,-3.4814365904348357,-3.478335194917289,-3.475233810214304,-3.4721324455181426,-3.4690311083993786,-3.4659298051090977,-3.4628285408222093,-3.459727319833808,-3.456626145717992,-3.45352502145663,-3.45042394954398,-3.447322932071893,-3.444221970799365,-3.441121067209426,-3.4380202225557897,-3.434919437901188,-3.431818714148936,-3.428718052068991,-3.425617452319506,-3.4225169154647013,-3.4194164419897097,-3.4163160323129422,-3.413215686796405,-3.410115405754336,-3.4070151894604335,-3.4039150381539414,-3.4008149520447697,-3.3977149313178163,-3.394614976136628,-3.391515086646509,-3.38841526297716,-3.3853155052449364,-3.3822158135547817,-3.3791161880018894,-3.376016628673137,-3.372917135648329,-3.3698177090012833,-3.366718348800786,-3.363619055111434,-3.360519827994382,-3.3574206675080283,-3.3543215737086305,-3.3512225466508756,-3.348123586388423,-3.345024692974417,-3.341925866461989,-3.338827106904754,-3.335728414357313,-3.332629788875771,-3.329531230518283,-3.3264327393456328,-3.3233343154218606,-3.3202359588149526,-3.3171376695976074,-3.3140394478480926,-3.3109412936512164,-3.3078432070994315,-3.304745188294106,-3.3016472373469816,-3.29854935438187,-3.2954515395366206,-3.2923537929654225,-3.289256114841503,-3.2861585050883613,-3.283060963636284,-3.27996349042172,-3.276866085386717,-3.2737687484784157,-3.270671479648603,-3.2675742788533033,-3.264477146052412,-3.2613800812093716,-3.2582830842908708,-3.2551861552665784,-3.2520892941089006,-3.2489925007927605,-3.245895775295402,-3.2427991175962068,-3.2397025276765317,-3.2366060055195582,-3.2335095511101577,-3.230413164434769,-3.227316845481283,-3.224220594238945,-3.2211244106982564,-3.2180282948508943,-3.214932246689632,-3.2118362662082713,-3.2087403534015797,-3.205644508265236,-3.2025487307957783,-3.199453020990564,-3.196357378847734,-3.193261804366181,-3.1901662975455323,-3.187070858386135,-3.1839754868890533,-3.1808801830560776,-3.1777849468897426,-3.1746897783933683,-3.171594677571118,-3.1684996444280786,-3.1654046789703774,-3.1623097812053356,-3.159214951141675,-3.1561201887897896,-3.1530254941621036,-3.1499308672735418,-3.146836308142146,-3.143741816789878,-3.140647393243675,-3.137553037536833,-3.1344587497108214,-3.1313645298176738,-3.12827037792314,-3.125176294110848,-3.1220822784878135,-3.1189883311917606,-3.115894452400852,-3.1128006423466763,-3.109706901331611,-3.106613229752091,-3.1035196281298805,-3.1004260971542092,-3.097332637738671,-3.094239251098282,-3.0911459388540825,-3.088052703175494,-3.084959546974567,-3.081866474171701,-3.078773490060056,-3.0756806018066043,-3.072587819142792,-3.069495155319018,-3.066402628427037,-3.063310263236808,-3.060218093754375,-3.0571261667928806,-3.0540345469706227,-3.0509433237241024,-3.0478526211732055,-3.0447626120332316,-3.041673537282701,-3.038585734036925,-3.0354996751472894,-3.032416025593945,-3.0293357229818447,-3.0262600927025884,-3.0231910130459427,-3.02013115239925,-3.0170843106148846,-3.014055911012941,-3.0110537102143224,-3.008088822638233,-3.0051771983562934,-3.0023417509335126,-2.9996154094680043,-2.997045467164627,-2.994699710124645,-2.9926749075111307,-2.991108259625648,-2.990192191170863
-3.5928039865838586,-3.5920143212993607,-3.5906459490353693,-3.588850176604141,-3.586736707681576,-3.584385783652818,-3.5818565239666507,-3.5791927538572454,-3.5764271329229227,-3.573584113074342,-3.5706820775148707,-3.5677348994940945,-3.5647530856631664,-3.561744619438667,-3.558715586128518,-3.5556706383024115,-3.5526133435871183,-3.5495464455217025,-3.5464720598554886,-3.5433918227272363,-3.5403070028533663,-3.5372185867093178,-3.5341273433838283,-3.531033874089499,-3.5279386500591396,-3.5248420416272803,-3.5217443406040427,-3.5186457775318036,-3.5155465350281982,-3.5124467581285472,-3.5093465623221616,-3.5062460398119883,-3.503145264402203,-3.500044295323719,-3.4969431802356157,-3.49384195758565,-3.4907406584711445,-3.4876393081094883,-3.4845379270029135,-3.48143653186328,-3.4783351363480537,-3.475233751647388,-3.472132386953548,-3.4690310498371066,-3.4659297465491474,-3.4628284822645807,-3.4597272612785,-3.4566260871650063,-3.4535249629059668,-3.450423890995638,-3.447322873525873,-3.444221912255668,-3.441121008668053,-3.438020164016742,-3.434919379364465,-3.431818655614538,-3.428717993536919,-3.4256173937897616,-3.4225168569372837,-3.419416383464618,-3.4163159737901756,-3.413215628275965,-3.410115347236223,-3.4070151309446475,-3.4039149796404837,-3.4008148935336395,-3.3977148728090145,-3.3946149176301557,-3.391515028142366,-3.3884152044753457,-3.3853154467454507,-3.382215755057625,-3.3791161295070595,-3.376016570180634,-3.372917077158153,-3.369817650513435,-3.3667182903152666,-3.3636189966282424,-3.360519769513521,-3.3574206090294982,-3.35432151523243,-3.351222488177005,-3.348123527916883,-3.345024634505207,-3.34192580799511,-3.3388270484402063,-3.335728355895097,-3.332629730415887,-3.329531172060732,-3.3264326808904148,-3.323334256968976,-3.320235900364402,-3.3171376111493904,-3.3140393894022098,-3.3109412352076677,-3.3078431486582187,-3.304745129855229,-3.3016471789104402,-3.2985492959476637,-3.2954514811047497,-3.2923537345358875,-3.2892560564143047,-3.2861584466634994,-3.2830609052137594,-3.2799634320015323,-3.2768660269688654,-3.2737686900629015,-3.2706714212354266,-3.267574220442464,-3.264477087643911,-3.261380022803209,-3.258283025887046,-3.255186096865091,-3.252089235709751,-3.2489924423959495,-3.2458957169009306,-3.2427990592040756,-3.23970246928674,-3.2366059471321065,-3.233509492725046,-3.230413106051998,-3.227316787100854,-3.2242205358608564,-3.2211243523225086,-3.2180282364774873,-3.214932188318566,-3.211836207839548,-3.208740295035199,-3.2056444499011976,-3.202548672434083,-3.199452962631212,-3.196357320490725,-3.1932617460115162,-3.190166239193212,-3.1870708000361585,-3.1839754285414212,-3.1808801247107885,-3.1777848885467974,-3.1746897200527675,-3.1715946192328612,-3.168499586092168,-3.1654046206368127,-3.162309722874117,-3.159214892812802,-3.1561201304632625,-3.1530254358379226,-3.1499308089517086,-3.1468362498226607,-3.1437417584727414,-3.1406473349288877,-3.1375529792243926,-3.1344586914007286,-3.13136447150993,-3.128270319617745,-3.125176235807801,-3.122082220187115,-3.1189882728934104,-3.1158943941048505,-3.112800584053026,-3.109706843040313,-3.106613171463144,-3.103519569843285,-3.1004260388699643,-3.0973325794567783,-3.094239192818742,-3.0911458805768937,-3.0880526449006567,-3.084959488702082,-3.0818664159015676,-3.0787734317922757,-3.0756805435411767,-3.0725877608797174,-3.0694950970582955,-3.066402570168668,-3.063310204980793,-3.060218035500715,-3.0571261085415764,-3.0540344887216735,-3.0509432654775073,-3.047852562928965,-3.0447625537913448,-3.041673479043168,-3.0385856757997463,-3.035499616912466,-3.0324159673614766,-3.0293356647517293,-3.0262600344748236,-3.0231909548205254,-3.020131094176175,-3.017084252394144,-3.014055852794524,-3.0110536519982136,-3.008088764424409,-3.0051771401447183,-3.0023416927241344,-2.9996153512607457,-2.9970454089593748,-2.9946996519212306,-2.9926748493093047,-2.9911082014250527,-2.9901921329709866
-3.5928039257805224,-3.592014260496576,-3.5906458882335492,-3.5888501158035995,-3.5867366468825543,-3.5843857228555014,-3.581856463171184,-3.5791926930637428,-3.5764270721314735,-3.5735840522850153,-3.5706820167277216,-3.5677348387091667,-3.5647530248804977,-3.561744558658285,-3.558715525350443,-3.5556705775266617,-3.552613282813708,-3.549546384750644,-3.5464719990867906,-3.543391761960905,-3.540306942089408,-3.537218525947738,-3.5341272826246306,-3.531033813332688,-3.527938589304719,-3.524841980875252,-3.5217442798544076,-3.5186457167845653,-3.515546474283358,-3.512446697386104,-3.509346501582119,-3.5062459790743468,-3.5031452036669615,-3.5000442345908778,-3.496943119505176,-3.4938418968576137,-3.490740597745511,-3.487639247386259,-3.4845378662820905,-3.481436471144863,-3.478335075632042,-3.475233690933782,-3.4721323262423476,-3.4690309891283118,-3.4659296858427577,-3.462828421560598,-3.459727200576924,-3.456626026465837,-3.453524902209205,-3.4504238303012844,-3.447322812833929,-3.444221851566133,-3.4411209479809264,-3.4380201033320237,-3.434919318682156,-3.43181859493464,-3.428717932859431,-3.425617333114682,-3.422516796264613,-3.4194163227943566,-3.4163159131223253,-3.4132155676105267,-3.410115286573196,-3.407015070284032,-3.403914918982278,-3.4008148328778467,-3.3977148121556344,-3.3946148569791896,-3.3915149674938143,-3.3884151438292096,-3.3853153861017296,-3.382215694416318,-3.3791160688681687,-3.3760165095441583,-3.372917016524092,-3.369817589881789,-3.3667182296860356,-3.3636189360014273,-3.36051970888912,-3.3574205484075113,-3.354321454612859,-3.351222427559851,-3.3481234673021456,-3.3450245738928874,-3.3419257473852086,-3.338826987832723,-3.3357282952900307,-3.332629669813239,-3.329531111460502,-3.3264326202926027,-3.3233341963735823,-3.3202358397714264,-3.3171375505588334,-3.314039328814072,-3.31094117462195,-3.3078430880749203,-3.3047450692743507,-3.3016471183319833,-3.2985492353716284,-3.295451420531135,-3.2923536739646937,-3.2892559958455316,-3.286158386097149,-3.28306084464983,-3.279963371440025,-3.2768659664097806,-3.2737686295062383,-3.2706713606811846,-3.267574159890645,-3.264477027094515,-3.2613799622562367,-3.258282965342498,-3.2551860363229674,-3.2520891751700525,-3.248992381858676,-3.245895656366083,-3.242798998671653,-3.239702408756743,-3.236605886604535,-3.2335094321999005,-3.230413045529278,-3.2273167265805602,-3.22422047534299,-3.22112429180707,-3.218028175964477,-3.2149321278079848,-3.211836147331395,-3.208740234529474,-3.205644389397902,-3.2025486119332154,-3.1994529021327742,-3.1963572599947163,-3.1932616855179363,-3.190166178702062,-3.1870707395474396,-3.1839753680551324,-3.1808800642269315,-3.1777848280653727,-3.174689659573775,-3.171594558756301,-3.1684995256180395,-3.1654045601651166,-3.1623096624048532,-3.1592148323459712,-3.156120069998864,-3.153025375375956,-3.1499307484921744,-3.1468361893655596,-3.1437416980180735,-3.1406472744766525,-3.137552918774593,-3.1344586309533646,-3.131364411065001,-3.1282702591752503,-3.125176175367742,-3.122082159749491,-3.1189882124582216,-3.1158943336720983,-3.1128005236227096,-3.109706782612432,-3.1066131110376984,-3.1035195094202757,-3.1004259784493913,-3.0973325190386425,-3.094239132403044,-3.0911458201636344,-3.0880525844898354,-3.0849594282936987,-3.0818663554956243,-3.0787733713887717,-3.0756804831401126,-3.072587700481093,-3.069495036662111,-3.0664025097749232,-3.0633101445894892,-3.060217975111851,-3.0571260481551517,-3.0540344283376886,-3.0509432050959635,-3.0478525025498624,-3.0447624934146833,-3.0416734186689474,-3.0385856154279653,-3.035499556543123,-3.0324159069945713,-3.0293356043872604,-3.0262599741127905,-3.0231908944609245,-3.0201310338190024,-3.017084192039393,-3.014055792442184,-3.0110535916482672,-3.008088704076831,-3.005177079799473,-3.002341632381167,-2.9996152909199756,-2.997045348620683,-2.994699591584443,-2.992674788974166,-2.9911081410911913,-2.9901920726378695
-3.592803862748541,-3.5920141974651663,-3.590645825203138,-3.588850052774513,-3.5867365838550413,-3.5843856598297554,-3.581856400147356,-3.579192630041949,-3.5764270091118076,-3.5735839892675494,-3.570681953712513,-3.5677347756962616,-3.564752961869932,-3.561744495650086,-3.5587154623446358,-3.5556705145232637,-3.5526132198127356,-3.5495463217521084,-3.546471936090702,-3.543391698967273,-3.5403068790982384,-3.5372184629590353,-3.534127219638399,-3.5310337503489295,-3.5279385263234366,-3.5248419178964485,-3.521744216878086,-3.518645653810727,-3.515546411312004,-3.5124466344172367,-3.5093464386157383,-3.5062459161104544,-3.5031451407055605,-3.500044171631967,-3.496943056548756,-3.4938418339036854,-3.4907405347940745,-3.4876391844373136,-3.484537803335635,-3.4814364082008997,-3.4783350126905703,-3.475233627994803,-3.4721322633058618,-3.4690309261943195,-3.4659296229112613,-3.462828358631596,-3.4597271376504186,-3.4566259635418284,-3.4535248392876934,-3.4504237673822713,-3.4473227499174137,-3.444221788652115,-3.441120885069405,-3.438020040423,-3.43491925577563,-3.4318185320306105,-3.428717869957898,-3.4256172702156458,-3.4225167333680746,-3.419416259900318,-3.4163158502307867,-3.4132155047214874,-3.4101152236866556,-3.407015007399991,-3.4039148561007377,-3.400814769998806,-3.397714749279094,-3.3946147941051503,-3.3915149046222757,-3.388415080960171,-3.3853153232351922,-3.382215631552283,-3.3791160060066354,-3.376016446685128,-3.372916953667565,-3.3698175270277657,-3.366718166834516,-3.3636188731524115,-3.3605196460426097,-3.3574204855635066,-3.3543213917713586,-3.3512223647208557,-3.348123404465656,-3.3450245110589036,-3.34192568455373,-3.3388269250037497,-3.3357282324635635,-3.3326296069892782,-3.3295310486390486,-3.326432557473658,-3.3233341335571454,-3.3202357769574973,-3.3171374877474125,-3.314039266005159,-3.3109411118155445,-3.3078430252710227,-3.304745006472961,-3.3016470555331026,-3.298549172575257,-3.2954513577372744,-3.2923536111733434,-3.289255933056692,-3.2861583233108194,-3.2830607818660122,-3.2799633086587185,-3.276865903630986,-3.2737685667299568,-3.270671297907416,-3.267574097119389,-3.2644769643257714,-3.261379899490005,-3.2582829025787796,-3.2551859735617636,-3.2520891124113622,-3.248992319102501,-3.245895593612422,-3.2427989359205056,-3.23970234600811,-3.2366058238584166,-3.233509369456297,-3.230412982788189,-3.227316663841985,-3.224220412606929,-3.221124229073524,-3.218028113233446,-3.21493206507947,-3.2118360846053964,-3.2087401718059922,-3.2056443266769366,-3.2025485492147694,-3.1994528394168453,-3.196357197281305,-3.193261622807043,-3.1901661159936867,-3.1870706768415835,-3.183975305351797,-3.180880001526117,-3.177784765367079,-3.1746895968780025,-3.1715944960630504,-3.16849946292731,-3.1654044974769078,-3.1623095997191646,-3.159214769662804,-3.156120007318219,-3.1530253126978347,-3.1499306858165768,-3.1468361266924854,-3.143741635347524,-3.140647211808628,-3.1375528561090924,-3.134458568290387,-3.1313643484045466,-3.1282701965173203,-3.1251761127123365,-3.12208209709661,-3.118988149807866,-3.115894271024267,-3.112800460977403,-3.10970671996965,-3.106613048397443,-3.103519446782546,-3.1004259158141876,-3.0973324564059643,-3.0942390697728928,-3.09114575753601,-3.0880525218647388,-3.0849593656711303,-3.0818662928755836,-3.0787733087712583,-3.075680420525127,-3.0725876378686356,-3.069494974052182,-3.066402447167524,-3.063310081984619,-3.0602179125095104,-3.0571259855553414,-3.0540343657404083,-3.0509431425012132,-3.047852439957642,-3.044762430824993,-3.041673356081787,-3.0385855528433354,-3.035499493961023,-3.032415844415,-3.0293355418102172,-3.0262599115382733,-3.02319083188893,-3.0201309712495243,-3.017084129472424,-3.014055729877711,-3.011053529086275,-3.0080886415172943,-3.0051770172423535,-3.0023415698264087,-2.999615228367496,-2.997045286070359,-2.994699529036091,-2.9926747264275226,-2.99110807854587,-2.99019201009332
-3.592803797406214,-3.5920141321234302,-3.5906457598624364,-3.5888499874351827,-3.586736518517343,-3.5843855944938903,-3.58185633481348,-3.5791925647101848,-3.576426943782249,-3.5735839239402716,-3.570681888387577,-3.5677347103737143,-3.56475289654981,-3.5617444303324195,-3.5587153970294483,-3.5556704492105746,-3.5526131545025597,-3.5495462564444584,-3.546471870785587,-3.5433916336647013,-3.5403068137982165,-3.5372183976615683,-3.534127154343493,-3.5310336850565887,-3.527938461033665,-3.524841852609248,-3.5217441515934573,-3.518645588528672,-3.515546346032523,-3.5124465691403324,-3.509346373341412,-3.5062458508387078,-3.503145075436392,-3.50004410636538,-3.4969429912847514,-3.4938417686422625,-3.4907404695352353,-3.4876391191810594,-3.4845377380819653,-3.4814363429498156,-3.4783349474420713,-3.4752335627488895,-3.4721321980625337,-3.4690308609535774,-3.465929557673104,-3.4628282933960244,-3.459727072417432,-3.4566258983114286,-3.4535247740598805,-3.4504237021570456,-3.447322684694775,-3.444221723432064,-3.441120819851943,-3.438019975208127,-3.4349191905633463,-3.4318184668209173,-3.4287178047507947,-3.4256172050111338,-3.422516668166154,-3.4194161947009887,-3.4163157850340475,-3.4132154395273395,-3.4101151584951004,-3.407014942211029,-3.40391479091437,-3.4008147048150317,-3.3977146840979127,-3.394614728926561,-3.3915148394462786,-3.388415015786768,-3.385315258064383,-3.3822155663840667,-3.3791159408410127,-3.3760163815220987,-3.3729168885071297,-3.369817461869925,-3.366718101679271,-3.3636188079997615,-3.360519580892555,-3.357420420416048,-3.354321326626497,-3.3512222995785894,-3.348123339325986,-3.345024445921831,-3.3419256194192544,-3.338826859871871,-3.3357281673342842,-3.3326295418625977,-3.329530983514967,-3.3264324923521746,-3.323334068438261,-3.3202357118412125,-3.3171374226337274,-3.3140392008940736,-3.3109410467070592,-3.3078429601651385,-3.304744941369678,-3.301646990432421,-3.2985491074771778,-3.295451292641798,-3.2923535460804696,-3.2892558679664203,-3.28615825822315,-3.283060716780945,-3.279963243576255,-3.2768658385511262,-3.2737685016527007,-3.2706712328327643,-3.267574032047341,-3.264476899256329,-3.261379834423169,-3.258282837514549,-3.255185908500139,-3.2520890473523436,-3.248992254046088,-3.245895528558615,-3.2427988708693065,-3.239702280959518,-3.236605758812432,-3.23350930441292,-3.2304129177474206,-3.2273165988038253,-3.224220347571378,-3.2211241640405817,-3.218028048203112,-3.214932000051744,-3.2118360195802786,-3.208740106783485,-3.205644261657039,-3.2025484841974805,-3.1994527744021664,-3.1963571322692363,-3.193261557797586,-3.190166050986841,-3.18707061183735,-3.1839752403501755,-3.180879936527106,-3.1777847003706787,-3.174689531884213,-3.1715944310718722,-3.168499397938744,-3.1654044324909547,-3.1623095347358254,-3.159214704682078,-3.1561199423401076,-3.153025247722338,-3.1499306208436946,-3.1468360617222184,-3.1437415703798703,-3.140647146843589,-3.1375527911466676,-3.134458503330577,-3.131364283447352,-3.128270131562742,-3.1251760477603745,-3.122082032147266,-3.1189880848611393,-3.1158942060801578,-3.1128003960359116,-3.1097066550307773,-3.106612983461188,-3.10351938184891,-3.100425850883172,-3.0973323914775683,-3.0942390048471164,-3.0911456926128533,-3.0880524569442023,-3.0849593007532143,-3.0818662279602886,-3.0787732438585853,-3.075680355615076,-3.0725875729612064,-3.069494909147375,-3.0664023822653386,-3.063310017085055,-3.0602178476125688,-3.057125920661022,-3.0540343008487127,-3.050943077612141,-3.047852375071193,-3.044762365941167,-3.041673291200584,-3.0385854879647547,-3.0354994290850663,-3.032415779541666,-3.029335476939504,-3.0262598466701776,-3.023190767023449,-3.0201309063866524,-3.0170840646121526,-3.01405566502003,-3.0110534642311664,-3.0080885766647314,-3.0051769523922967,-3.0023415049787996,-2.9996151635222477,-2.9970452212273435,-2.994699464195121,-2.9926746615883206,-2.991108013708039,-2.990191945256289
-3.5928037296688564,-3.592014064386688,-3.590645692126772,-3.588849919700945,-3.5867364507847985,-3.584385526763245,-3.5818562670848957,-3.5791924969837865,-3.5764268760581355,-3.573583856218521,-3.5706818206682516,-3.567734642656863,-3.5647528288354717,-3.5617443626206247,-3.558715329320222,-3.5556703815039374,-3.5526130867985275,-3.5495461887430446,-3.546471803086804,-3.5433915659685566,-3.5403067461047177,-3.5372183299707203,-3.534127086655299,-3.5310336173710546,-3.5279383933507913,-3.5248417849290377,-3.5217440839159155,-3.5186455208537986,-3.515546278360322,-3.5124465014708046,-3.509346305674559,-3.50624578317453,-3.5031450077748905,-3.5000440387065543,-3.4969429236286014,-3.4938417009887877,-3.4907404018844357,-3.4876390515329367,-3.4845376704365196,-3.481436275307046,-3.4783348798019804,-3.475233495111478,-3.4721321304278026,-3.4690307933215263,-3.4659294900437354,-3.4628282257693375,-3.4597270047934283,-3.456625830690108,-3.453524706441242,-3.4504236345410892,-3.4473226170815012,-3.4442216558214733,-3.441120752244036,-3.4380199076029037,-3.4349191229608067,-3.431818399221061,-3.4287177371536233,-3.425617137416647,-3.4225166005743515,-3.4194161271118713,-3.416315717447616,-3.413215371943594,-3.4101150909140414,-3.4070148746326567,-3.4039147233386835,-3.4008146372420325,-3.3977146165276015,-3.394614661358937,-3.3915147718813436,-3.3884149482245207,-3.385315190504825,-3.3822154988271986,-3.3791158732868354,-3.376016313970612,-3.372916820958334,-3.3698173943238197,-3.3667180341358556,-3.363618740459038,-3.3605195133545225,-3.3574203528807067,-3.3543212590938474,-3.3512222320486327,-3.348123271798722,-3.3450243783972593,-3.341925551897376,-3.338826792352686,-3.3357280998177914,-3.3326294743487983,-3.3295309160038618,-3.326432424843764,-3.3233340009325443,-3.320235644338191,-3.3171373551334016,-3.3140391333964434,-3.310940979212126,-3.3078428926729018,-3.304744873880139,-3.301646922945578,-3.2985490399930315,-3.2954512251603485,-3.2923534786017172,-3.2892558004903654,-3.2861581907497923,-3.2830606493102854,-3.279963176108294,-3.276865771085864,-3.2737684341901376,-3.270671165372901,-3.267573964590178,-3.2644768318018653,-3.2613797669714053,-3.2582827700654864,-3.2551858410537773,-3.2520889799086836,-3.248992186605129,-3.2458954611203574,-3.2427988034337503,-3.2397022135266638,-3.23660569138228,-3.23350923698547,-3.2304128503226726,-3.22731653138178,-3.2242202801520365,-3.221124096623944,-3.218027980789179,-3.2149319326405164,-3.2118359521717568,-3.208740039377667,-3.2056441942539275,-3.2025484167970744,-3.199452707004466,-3.1963570648742428,-3.1932614904052983,-3.1901659835972604,-3.187070544450475,-3.183975172966007,-3.1808798691456457,-3.177784632991927,-3.17468946450817,-3.171594363698538,-3.16849933056812,-3.165404365123041,-3.162309467370622,-3.159214637319584,-3.1561198749803236,-3.1530251803652636,-3.149930553489329,-3.1468359943705617,-3.143741503030924,-3.1406470794973522,-3.1375527238031418,-3.1344584359897625,-3.131364216109249,-3.128270064227351,-3.125175980427697,-3.1220819648173013,-3.1189880175338875,-3.11589413875562,-3.1128003287140875,-3.1097065877116665,-3.106612916144792,-3.103519314535228,-3.1004257835722044,-3.097332324169317,-3.09423893754158,-3.0911456253100322,-3.0880523896440972,-3.084959233455826,-3.0818661606656166,-3.078773176566631,-3.07568028832584,-3.072587505674689,-3.069494841863577,-3.066402314984259,-3.0633099498066954,-3.060217780336929,-3.057125853388102,-3.0540342335785113,-3.0509430103446586,-3.047852307806431,-3.0447622986791254,-3.0416732239412627,-3.0385854207081544,-3.035499361831184,-3.0324157122905,-3.0293354096910536,-3.026259779424441,-3.023190699780422,-3.0201308391463306,-3.0170839973745287,-3.0140555977850916,-3.0110533969988937,-3.0080885094350975,-3.0051768851652607,-3.0023414377543016,-2.999615096300198,-2.997045154007609,-2.9946993969775075,-2.9926745943725437,-2.9911079464936843,-2.9901918780427654
-3.5928036594486965,-3.592013994167163,-3.590645621908358,-3.5888498494840047,-3.5867363805696124,-3.5843854565500277,-3.5818561968738125,-3.5791924267749695,-3.5764268058516877,-3.5735837860145243,-3.5706817504667687,-3.567734572457946,-3.564752758639161,-3.561744292426954,-3.5587152591292166,-3.5556703113156174,-3.5526130166129093,-3.5495461185601407,-3.546471732906625,-3.5433914957911115,-3.540306675930014,-3.5372182597987654,-3.534127016486097,-3.5310335472046086,-3.5279383231871053,-3.524841714768114,-3.5217440137577554,-3.5186454506984037,-3.5155462082076943,-3.512446431320945,-3.5093462355274676,-3.5062457130302094,-3.503144937633343,-3.50004396856778,-3.4969428534926004,-3.493841630855562,-3.4907403317539867,-3.4876389814052637,-3.484537600311625,-3.481436205184931,-3.478334809682645,-3.4752334249949235,-3.4721320603140273,-3.4690307232105315,-3.4659294199355193,-3.462828155663901,-3.4597269346907713,-3.456625760590231,-3.453524636344147,-3.4504235644467753,-3.4473225469899687,-3.444221585732722,-3.441120682158066,-3.438019837519716,-3.4349190528804012,-3.4318183291434385,-3.428717667078783,-3.42561706734459,-3.4225165305050784,-3.419416057045382,-3.4163156473839114,-3.413215301882675,-3.410115020855908,-3.4070148045773085,-3.4039146532861224,-3.4008145671922585,-3.3977145464806147,-3.394614591314738,-3.3915147018399314,-3.388414878185895,-3.385315120468986,-3.382215428794147,-3.379115803256572,-3.3760162439431367,-3.3729167509336473,-3.369817324301923,-3.366717964116749,-3.363618670442721,-3.360519443340996,-3.3574202828699704,-3.3543211890859013,-3.3512221620434763,-3.348123201796355,-3.345024308397682,-3.3419254819005895,-3.338826722358691,-3.335728029826589,-3.3326294043603877,-3.3295308460182422,-3.326432354860936,-3.323333930952509,-3.3202355743609484,-3.317137285158952,-3.3140390634247874,-3.3109409092432633,-3.3078428227068337,-3.3047448039168645,-3.301646852985099,-3.2985489700353474,-3.295451155205459,-3.2923534086496242,-3.2892557305410697,-3.286158120803295,-3.283060579366586,-3.2799631061673926,-3.276865701147761,-3.2737683642548334,-3.270671095440395,-3.267573894660471,-3.264476761874958,-3.2613796970472966,-3.2582827001441763,-3.255185771135266,-3.2520889099929713,-3.248992116692216,-3.245895391210245,-3.242798733526439,-3.2397021436221545,-3.2366056214805727,-3.233509167086565,-3.230412780426571,-3.2273164614884817,-3.2242202102615423,-3.2211240267362533,-3.218027910904293,-3.214931862758435,-3.2118358822924797,-3.208739969501195,-3.2056441243802585,-3.2025483469262097,-3.199452637136406,-3.196356995008987,-3.1932614205428487,-3.1901659137376166,-3.187070474593638,-3.183975103111977,-3.1808797992944218,-3.17778456314351,-3.1746893946625603,-3.171594293855736,-3.168499260728125,-3.165404295285854,-3.1623093975362444,-3.1592145674880183,-3.156119805151567,-3.1530251105393168,-3.1499304836661928,-3.146835924550236,-3.143741433213409,-3.1406470096826484,-3.137552653991249,-3.1344583661806817,-3.1313641463029804,-3.128269994423895,-3.1251759106270525,-3.1220818950194693,-3.11898794773887,-3.1158940689634154,-3.1128002589246964,-3.1097065179250905,-3.1066128463610307,-3.103519244754281,-3.1004257137940727,-3.097332254394,-3.094238867769079,-3.0911455555403475,-3.088052319877228,-3.084959163691773,-3.0818660909043807,-3.0787731068082116,-3.0756802185702368,-3.072587435921902,-3.069494772113606,-3.0664022452371054,-3.0633098800623593,-3.06021771059541,-3.057125783649401,-3.0540341638426285,-3.0509429406115944,-3.047852238076185,-3.0447622289516993,-3.0416731542166566,-3.0385853509863665,-3.035499292112215,-3.032415642574349,-3.029335339977719,-3.0262597097139206,-3.0231906300727114,-3.020130769441423,-3.0170839276724166,-3.0140555280857617,-3.0110533273023274,-3.008088439741266,-3.005176815474122,-3.002341368065793,-2.9996150266142263,-2.997045084324038,-2.994699327296134,-2.992674524693072,-2.991107876815685,-2.990191808365625
-3.592803586654727,-3.5920139213738533,-3.590645549116203,-3.5888497766933805,-3.5867363077808063,-3.5843853837632635,-3.581856124089263,-3.579192353992771,-3.576426733071947,-3.573583713237325,-3.5706816776921775,-3.567734499686014,-3.5647526858699288,-3.5617442196604547,-3.5587151863654785,-3.555670238554662,-3.552612943854755,-3.5495460458048016,-3.546471660154112,-3.543391423041434,-3.5403066031831782,-3.5372181870547776,-3.5341269437449627,-3.5310334744663314,-3.5279382504516894,-3.524841642035563,-3.521743941028071,-3.518645377971588,-3.515546135483749,-3.5124463585998718,-3.509346162809268,-3.5062456403148823,-3.50314486492089,-3.5000438958582034,-3.4969427807859015,-3.4938415581517406,-3.4907402590530427,-3.4876389087071975,-3.4845375276164376,-3.4814361324926226,-3.4783347369932156,-3.475233352308372,-3.4721319876303554,-3.469030650529739,-3.465929347257608,-3.462828082988872,-3.459726862018625,-3.4566256879209663,-3.4535245636777643,-3.4504234917832757,-3.4473224743293533,-3.444221513074992,-3.441120609503221,-3.4380197648677546,-3.4349189802313242,-3.4318182564972464,-3.428717594435477,-3.425616994704171,-3.422516457867546,-3.419415984410737,-3.416315574752153,-3.4132152292538027,-3.410114948229921,-3.407014731954208,-3.403914580665908,-3.4008144945749312,-3.397714473866175,-3.394614518703186,-3.3915146292312675,-3.3884148055801204,-3.3853150478661007,-3.3822153561941515,-3.3791157306594655,-3.37601617134892,-3.3729166783423215,-3.3698172517134872,-3.3667178915312044,-3.363618597860067,-3.3605193707612333,-3.3574202102930997,-3.3543211165119233,-3.351222089472392,-3.348123129228165,-3.3450242358323856,-3.3419254093381867,-3.3388266497991825,-3.335727957269974,-3.3326293318066678,-3.329530773467418,-3.326432282313008,-3.323333858407478,-3.320235501818814,-3.3171372126197154,-3.3140389908884487,-3.310940836709822,-3.3078427501762895,-3.304744731389218,-3.3016467804603495,-3.2985488975134953,-3.295451082686505,-3.2923533361335684,-3.2892556580279115,-3.2861580482930357,-3.2830605068592256,-3.279963033662931,-3.276865628646199,-3.2737682917561712,-3.270671022944634,-3.2675738221676105,-3.2644766893849986,-3.26137962456024,-3.2582826276600225,-3.255185698654015,-3.2520888375146244,-3.2489920442167737,-3.2458953187377064,-3.242798661056805,-3.239702071155424,-3.236605549016747,-3.2335090946256444,-3.2304127079685547,-3.2273163890333705,-3.224220137809336,-3.221123954286952,-3.2180278384578975,-3.2149317903149455,-3.2118358098518973,-3.2087398970635195,-3.2056440519454914,-3.202548274494352,-3.199452564707457,-3.196356922582947,-3.1932613481197163,-3.1901658413173926,-3.1870704021763223,-3.1839750306975705,-3.1808797268829254,-3.177784490734923,-3.1746893222568837,-3.1715942214529695,-3.168499188328269,-3.165404222888909,-3.162309325142211,-3.159214495096896,-3.1561197327633574,-3.1530250381540204,-3.1499304112838105,-3.146835852170768,-3.143741360836856,-3.1406469373090102,-3.137552581620526,-3.1344582938128736,-3.131364073938088,-3.1282699220619183,-3.125175838267991,-3.122081822663324,-3.118987875385639,-3.1158939966131003,-3.112800186577298,-3.1097064455806076,-3.106612774019463,-3.1035191724156306,-3.100425641458339,-3.097332182061183,-3.09423879543918,-3.0911454832133667,-3.0880522475531667,-3.084959091370631,-3.081866018586158,-3.0787730344929085,-3.075680146257853,-3.0725873636124397,-3.069494699807064,-3.066402172933485,-3.063309807761659,-3.060217638297631,-3.057125711354544,-3.0540340915506934,-3.050942868322581,-3.0478521657900943,-3.0447621566685314,-3.041673081936411,-3.038585278709043,-3.035499219837812,-3.032415570302867,-3.0293352677091554,-3.0262596374482733,-3.0231905578099774,-3.020130697181597,-3.017083855415488,-3.014055455831717,-3.0110532550511477,-3.0080883674929213,-3.0051767432285694,-3.002341295822967,-2.9996149543740316,-2.997045012086331,-2.994699255060706,-2.992674452459617,-2.9911078045837582,-2.990191736134591
-3.592803511192635,-3.592013845912444,-3.5906454736559903,-3.588849701234753,-3.586736232324063,-3.5843853083086343,-3.5818560486369293,-3.5791922785428736,-3.576426657624596,-3.5735836377926073,-3.5706816022501617,-3.5677344242467557,-3.564752610433472,-3.5617441442268354,-3.5587151109347226,-3.555670163126792,-3.5526128684297893,-3.5495459703827525,-3.546471584734991,-3.543391347625249,-3.540306527769939,-3.5372181116444894,-3.5341268683376312,-3.531033399061961,-3.5279381750502843,-3.5248415666371256,-3.521743865632605,-3.5186453025790962,-3.5155460600942328,-3.5124462832133325,-3.5093460874257056,-3.5062455649342996,-3.5031447895432875,-3.50004382048358,-3.4969427054142592,-3.4938414827830813,-3.4907401836873686,-3.4876388333445094,-3.484537452256734,-3.4814360571359035,-3.4783346616394826,-3.4752332769576246,-3.4721319122825944,-3.4690305751849655,-3.465929271915821,-3.4628280076500717,-3.459726786682812,-3.456625612588141,-3.4535244883479272,-3.4504234164564274,-3.447322399005493,-3.44422143775412,-3.441120534185337,-3.4380196895528603,-3.434918904919421,-3.4318181811883335,-3.4287175191295547,-3.425616919401238,-3.422516382567604,-3.4194159091137855,-3.4163154994581943,-3.4132151539628373,-3.41011487294195,-3.4070146566692316,-3.403914505383926,-3.400814419295943,-3.39771439859018,-3.3946144434301853,-3.3915145539612612,-3.3884147303131096,-3.3853149726020844,-3.3822152809331305,-3.3791156554014408,-3.3760160960938914,-3.372916603090289,-3.3698171764644513,-3.3667178162851656,-3.3636185226170263,-3.360519295521191,-3.357420135056056,-3.354321041277878,-3.351222014241346,-3.3481230540001192,-3.3450241606073408,-3.3419253341161426,-3.3388265745801387,-3.335727882053931,-3.3326292565936253,-3.329530698257377,-3.3264322071059675,-3.3233337832034384,-3.320235426617776,-3.3171371374216796,-3.314038915693416,-3.3109407615177933,-3.3078426749872643,-3.3047446562031975,-3.3016467052773346,-3.2985488223334865,-3.295451007509502,-3.292353260959571,-3.2892555828569208,-3.2861579731250496,-3.283060431694246,-3.2799629585009575,-3.276865553487231,-3.2737682166002102,-3.27067094779168,-3.2675737470176642,-3.2644766142380597,-3.2613795494163083,-3.2582825525190984,-3.2551856235160996,-3.2520887623797172,-3.2489919690848756,-3.2458952436088175,-3.242798585930925,-3.2397019960325553,-3.2366054738968892,-3.2335090195087988,-3.230412632854721,-3.2273163139225494,-3.2242200627015265,-3.221123879182156,-3.2180277633561145,-3.214931715216175,-3.21183573475614,-3.208739821970776,-3.2056439768557623,-3.2025481994076377,-3.1994524896237584,-3.1963568475022637,-3.193261273042049,-3.1901657662427416,-3.187070327104689,-3.1839749556289534,-3.180879651817325,-3.177784415672339,-3.1746892471973167,-3.1715941463964192,-3.1684991132747364,-3.165404147838394,-3.1623092500947134,-3.1592144200524164,-3.156119657721897,-3.1530249631155796,-3.1499303362483895,-3.146835777138367,-3.143741285807474,-3.140646862282649,-3.137552506597186,-3.1344582187925543,-3.1313639989207895,-3.12826984704764,-3.125175763256734,-3.1220817476550873,-3.1189878003804234,-3.115893921610907,-3.1128001115781276,-3.1097063705844614,-3.1066126990263414,-3.1035190974255333,-3.1004255664712668,-3.0973321070771362,-3.094238720458158,-3.091145408235371,-3.0880521725781973,-3.0849590163986886,-3.0818659436172418,-3.078772959527018,-3.07568007129499,-3.072587288652605,-3.069494624850258,-3.066402097979707,-3.0633097328109105,-3.0602175633499114,-3.057125636409853,-3.054034016609033,-3.0509427933839515,-3.047852090854495,-3.0447620817359615,-3.04167300700687,-3.038585203782532,-3.0354991449143305,-3.032415495382413,-3.0293351927917285,-3.02625956253387,-3.0231904828985923,-3.020130622273224,-3.0170837805101183,-3.0140553809293373,-3.011053180151736,-3.008088292596449,-3.0051766683349914,-3.0023412209322164,-2.999614879486008,-2.997044937200888,-2.9946991801776264,-2.9926743775785813,-2.9911077297043063,-2.990191661256063
-3.5928034329646183,-3.5920137676851365,-3.5906453954299224,-3.588849623010329,-3.586736154101592,-3.584385230088358,-3.5818559704190336,-3.5791922003275034,-3.576426579411867,-3.5735835595826106,-3.5706815240429686,-3.567734346042421,-3.564752532232042,-3.561744066028344,-3.558715032739201,-3.555670084934261,-3.5526127902402656,-3.549545892196253,-3.5464715065515295,-3.543391269444836,-3.540306449592581,-3.5372180334701926,-3.5341267901664004,-3.531033320893802,-3.527938096885199,-3.5248414884751185,-3.5217437874736772,-3.518645224423249,-3.5155459819414685,-3.5124462050636533,-3.509346009279114,-3.506245486790796,-3.5031447114028724,-3.5000437423462554,-3.4969426272800237,-3.4938414046519366,-3.4907401055593135,-3.4876387552195443,-3.484537374134861,-3.4814359790171228,-3.4783345835237953,-3.4752331988450322,-3.472131834173097,-3.4690304970785624,-3.465929193812514,-3.4628279295498614,-3.459726708585698,-3.456625534494124,-3.4535244102570073,-3.450423338368605,-3.4473223209207697,-3.4442213596724964,-3.4411204561068143,-3.438019611477438,-3.434918826847099,-3.431818103119113,-3.4287174410634353,-3.4256168413382206,-3.422516304507688,-3.41941583105697,-3.4163154214044793,-3.4132150759122233,-3.410114794894438,-3.4070145786248216,-3.4039144273426194,-3.40081434125774,-3.3977143205550817,-3.394614365398193,-3.391514475932376,-3.3884146522873304,-3.385314894579412,-3.3822152029135637,-3.3791155773849795,-3.3760160180805374,-3.3729165250800417,-3.3698170984573115,-3.3667177382811326,-3.363618444616101,-3.360519217523373,-3.357420057061346,-3.3543209632862765,-3.351221936252853,-3.3481229760147344,-3.345024082625066,-3.341925256136978,-3.338826496604086,-3.3357278040809892,-3.332629178623795,-3.329530620290657,-3.3264321291423595,-3.3233337052429435,-3.3202353486603937,-3.31713705946741,-3.314038837742259,-3.3109406835697497,-3.3078425970423346,-3.3047445782613813,-3.3016466273386316,-3.298548744397897,-3.2954509295770267,-3.292353183030211,-3.2892555049306766,-3.286157895201922,-3.2830603537742356,-3.2799628805840655,-3.2768654755734574,-3.2737681386895536,-3.2706708698841407,-3.267573669113242,-3.264476536336756,-3.261379471518124,-3.258282474624033,-3.255185545624152,-3.2520886844908876,-3.248991891199165,-3.2458951657262265,-3.2427985080514543,-3.239701918156204,-3.2366053960236587,-3.233508941638688,-3.230412554987731,-3.2273162360586807,-3.2242199848407807,-3.221123801324533,-3.218027685501614,-3.2149316373647983,-3.2118356569078874,-3.2087397441256478,-3.205643899013757,-3.2025481215687552,-3.1994524117879997,-3.1963567696696304,-3.193261195212542,-3.1901656884163607,-3.1870702492814336,-3.1839748778088253,-3.180879574000324,-3.177784337858467,-3.1746891693865718,-3.1715940685888033,-3.168499035470249,-3.165404070037036,-3.162309172296483,-3.1592143422573145,-3.1561195799299235,-3.1530248853267353,-3.1499302584626734,-3.146835699355782,-3.143741208028021,-3.1406467845063273,-3.137552428823995,-3.134458141022496,-3.1313639211538637,-3.1282697692838477,-3.1251756854960746,-3.1220816698975624,-3.1189877226260334,-3.1158938438596513,-3.112800033830006,-3.1097062928394745,-3.1066126212844902,-3.1035190196868174,-3.1004254887356857,-3.097332029344691,-3.094238642728849,-3.0911453305091983,-3.0880520948551613,-3.0849589386787883,-3.08186586590048,-3.0787728818133964,-3.0756799935845085,-3.072587210945262,-3.0694945471460544,-3.0664020202786424,-3.0633096551129855,-3.060217485655126,-3.0571255587182073,-3.054033938920526,-3.0509427156985844,-3.0478520131722675,-3.044762004056874,-3.0416729293309226,-3.0385851261097243,-3.035499067244662,-3.032415417715882,-3.029335115128333,-3.026259484873607,-3.023190405241459,-3.020130544619215,-3.017083702859224,-3.014055303281544,-3.011053102507023,-3.0080882149547827,-3.0051765906963244,-3.00234114329648,-2.9996148018530993,-2.9970448595706536,-2.994699102549841,-2.992674299952916,-2.9911076520802835,-2.9901915836329986
-3.592803351869309,-3.592013686590562,-3.590645314336633,-3.5888495419187447,-3.5867360730120343,-3.584385149001075,-3.5818558893342183,-3.5791921192453064,-3.576426498332406,-3.5735834785059786,-3.5706814429692404,-3.567734264971656,-3.564752451164284,-3.56174398496363,-3.558714951677559,-3.555670003875718,-3.5526127091848423,-3.5495458111439655,-3.5464714255023884,-3.5433911883988527,-3.5403063685497638,-3.537217952430549,-3.534126709129938,-3.5310332398605233,-3.5279380158551095,-3.524841407448219,-3.521743706449969,-3.518645143402737,-3.5155459009241543,-3.512446124049538,-3.5093459282681985,-3.5062454057830825,-3.5031446303983618,-3.500043661344949,-3.4969425462819217,-3.49384132365704,-3.4907400245676223,-3.4876386742310586,-3.484537293149581,-3.481435898035051,-3.4783345025449313,-3.4752331178693763,-3.472131753200651,-3.469030416109327,-3.4659291128464895,-3.462827848587048,-3.459726627626096,-3.4566254535377334,-3.453524329303828,-3.4504232574186378,-3.4473222399740133,-3.4442212787289512,-3.4411203751664816,-3.4380195305403185,-3.4349187459131927,-3.43181802218842,-3.4287173601359564,-3.425616760413956,-3.422516223586639,-3.4194157501391387,-3.4163153404898643,-3.4132149950008235,-3.4101147139862538,-3.4070144977198544,-3.403914346440868,-3.4008142603592044,-3.397714239659763,-3.394614284506092,-3.3915143950434916,-3.3884145714016647,-3.3853148136969655,-3.3822151220343377,-3.3791154965089754,-3.3760159372077534,-3.3729164442104786,-3.3698170175909694,-3.366717657418012,-3.363618363756201,-3.3605191366666953,-3.3574199762078902,-3.3543208824360438,-3.3512218554058437,-3.3481228951709485,-3.3450240017845037,-3.341925175299639,-3.3388264157699705,-3.335727723250099,-3.3326290977961297,-3.3295305394662185,-3.3264320483211467,-3.3233336244249565,-3.3202352678456335,-3.317136978655876,-3.3140387569339516,-3.3109406027646684,-3.30784251624048,-3.3047444974627536,-3.3016465465432323,-3.298548663605727,-3.2954508487880854,-3.2923531022444976,-3.289255424148191,-3.2861578144226655,-3.283060272998209,-3.2799627998112686,-3.276865394803891,-3.273768057923219,-3.2706707891210387,-3.2675735883533727,-3.264476455580119,-3.2613793907647186,-3.258282393873861,-3.2551854648772145,-3.252088603747186,-3.2489918104586994,-3.2458950849889963,-3.2427984273174597,-3.2397018374254456,-3.236605315296136,-3.233508860914402,-3.2304124742666827,-3.2273161553408696,-3.224219904126207,-3.2211237206131966,-3.218027604793516,-3.2149315566599386,-3.2118355762062656,-3.2087396634272647,-3.205643818318615,-3.202548040876854,-3.199452331099339,-3.19635668898421,-3.193261114530361,-3.1901656077374203,-3.1870701686057337,-3.183974797136366,-3.180879493331106,-3.1777842571924904,-3.174689088723839,-3.1715939879293136,-3.1684989548140026,-3.1654039893840324,-3.1623090916467236,-3.159214261610798,-3.156119499286651,-3.153024804686707,-3.149930177825891,-3.1468356187222444,-3.1437411273977287,-3.14064670387928,-3.1375523482001935,-3.1344580604019407,-3.131363840536556,-3.128269688669787,-3.1251756048852624,-3.1220815892899987,-3.1189876420217186,-3.1158937632585864,-3.112799953232191,-3.109706212244909,-3.106612540693173,-3.10351893909875,-3.100425408150869,-3.0973319487631246,-3.0942385621505335,-3.0911452499341343,-3.088052014283349,-3.0849588581102294,-3.081865785335174,-3.0787728012513425,-3.075679913025706,-3.072587130389712,-3.069494466593758,-3.0664019397296003,-3.063309574567197,-3.0602174051125934,-3.05712547817893,-3.054033858384504,-3.0509426351658178,-3.047851932642757,-3.044761923530618,-3.041672848807922,-3.038585045589979,-3.035498986728172,-3.032415337202647,-3.0293350346183496,-3.026259404366873,-3.023190324737971,-3.0201304641189637,-3.0170836223622004,-3.0140552227877326,-3.0110530220164025,-3.0080881344673216,-3.0051765102119745,-3.002341062815168,-2.9996147213747175,-2.9970447790950434,-2.9946990220767686,-2.9926742194820406,-2.991107571611109,-2.990191503164817
-3.5928032678016284,-3.592013602523642,-3.5906452302710457,-3.588849457854924,-3.586735988950313,-3.5843850649417104,-3.5818558052774114,-3.579192035191214,-3.576426414281151,-3.5735833944576574,-3.5706813589239292,-3.5677341809294165,-3.5647523671251657,-3.5617439009276715,-3.5587148676447904,-3.555669919846164,-3.552612625158523,-3.549545727120896,-3.546471341482582,-3.543391104382319,-3.540306284536512,-3.5372178684205866,-3.53412662512327,-3.5310331558571546,-3.5279379318550435,-3.524841323451459,-3.5217436224565186,-3.5186450594125978,-3.5155458169373275,-3.5124460400660253,-3.509345844288003,-3.506245321806205,-3.5031445464248043,-3.5000435773747123,-3.496942462315008,-3.4938412396934475,-3.4907399406073543,-3.487638590274115,-3.4845372091959623,-3.4814358140847568,-3.4783344185979623,-3.4752330339257327,-3.472131669260332,-3.4690303321723333,-3.465929028912821,-3.4628277646567063,-3.4597265436990825,-3.4566253696140476,-3.453524245383471,-3.4504231735016093,-3.447322156060315,-3.4442211948185832,-3.441120291259444,-3.4380194466366123,-3.4349186620128176,-3.4318179382913763,-3.4287172762422453,-3.4256166765235783,-3.4225161396995945,-3.4194156662554267,-3.416315256609486,-3.4132149111237804,-3.4101146301125453,-3.4070144138494802,-3.403914262573829,-3.4008141764955004,-3.3977141557993953,-3.3946142006490594,-3.3915143111897947,-3.388414487551303,-3.38531472984994,-3.38221503819065,-3.379115412668625,-3.3760158533707427,-3.3729163603768066,-3.369816933760637,-3.36671757359102,-3.3636182799325507,-3.360519052846386,-3.357419892390922,-3.3543207986224166,-3.351221771595558,-3.3481228113640045,-3.3450239179809014,-3.3419250914993794,-3.3388263319730536,-3.3357276394565245,-3.3326290140059,-3.3295304556793326,-3.326431964537606,-3.3233335406447613,-3.320235184068783,-3.3171368948823705,-3.3140386731637914,-3.3109405189978545,-3.307842432477012,-3.304744413702632,-3.3016464627864566,-3.298548579852297,-3.2954507650380025,-3.2923530184977627,-3.2892553404048046,-3.2861577306826284,-3.2830601892615197,-3.2799627160779274,-3.2768653110738986,-3.2737679741965757,-3.270670705397744,-3.2675735046334284,-3.264476371863525,-3.261379307051475,-3.2582823101639677,-3.255185381170673,-3.252088520043996,-3.2489917267588617,-3.245895001292512,-3.2427983436243295,-3.2397017537356696,-3.2366052316097145,-3.233508777231336,-3.230412390586972,-3.2273160716645144,-3.2242198204532073,-3.221123636943553,-3.218027521127228,-3.214931472997006,-3.2118354925466894,-3.2087395797710454,-3.205643734665753,-3.2025479572273503,-3.1994522474531943,-3.1963566053414243,-3.1932610308909357,-3.1901655241013547,-3.1870700849730285,-3.1839747135070198,-3.1808794097051205,-3.177784173569866,-3.1746890051045753,-3.171593904313411,-3.1684988712014617,-3.1654039057748538,-3.162309008040908,-3.159214178008346,-3.1561194156875616,-3.1530247210909805,-3.1499300942335275,-3.1468355351332438,-3.1437410438120907,-3.1406466202970065,-3.137552264621285,-3.134457976826397,-3.131363756964377,-3.1282696051009746,-3.125175521319817,-3.12208150572792,-3.118987558463007,-3.115893679703243,-3.1127998696802166,-3.109706128696303,-3.106612457147937,-3.1035188555568833,-3.100425324612372,-3.0973318652279973,-3.0942384786187764,-3.091145166405748,-3.088051930758335,-3.084958774588587,-3.0818657018169024,-3.0787727177364426,-3.075679829514178,-3.0725870468815564,-3.069494383088975,-3.0664018562281914,-3.063309491069163,-3.0602173216179334,-3.0571253946876453,-3.0540337748965944,-3.050942551681284,-3.0478518491615976,-3.0447618400528342,-3.041672765333513,-3.038584962118944,-3.0354989032605104,-3.0324152537383577,-3.0293349511574323,-3.026259320909325,-3.0231902412837854,-3.020130380668136,-3.017083538914719,-3.0140551393435833,-3.011052938575563,-3.008088051029757,-3.005176426777635,-3.0023409793839786,-2.999614637946566,-2.997044695669765,-2.994698938654121,-2.99267413606167,-2.9911074881925024,-2.990191419747241
-3.592803180652629,-3.5920135153754327,-3.5906451431242172,-3.588849370709927,-3.586735901807493,-3.5843849778013346,-3.5818557181396864,-3.5791919480563026,-3.57642632714918,-3.573583307328727,-3.5706812717981187,-3.5677340938067887,-3.564752280005772,-3.5617438138115514,-3.5587147805319774,-3.5556698327366827,-3.552612538052393,-3.549545640018135,-3.5464712543832047,-3.543391017286337,-3.540306197443933,-3.5372177813314183,-3.5341265380375173,-3.5310330687748235,-3.5279378447761376,-3.5248412363759827,-3.5217435353844753,-3.518644972343989,-3.515545729872156,-3.5124459530042924,-3.5093457572297084,-3.50624523475135,-3.5031444593733903,-3.5000434903267403,-3.496942375270479,-3.493841152652363,-3.490739853569713,-3.4876385032399186,-3.484537122165211,-3.481435727057451,-3.4783343315741027,-3.475232946905321,-3.4721315822433683,-3.4690302451588195,-3.465928941902758,-3.4628276776500932,-3.4597264566959183,-3.4566252826143344,-3.4535241583872094,-3.4504230865087986,-3.447322069070956,-3.444221107832675,-3.4411202042769875,-3.4380193596576074,-3.434918575037265,-3.431817851319276,-3.4287171892735984,-3.425616589558385,-3.4225160527378553,-3.419415579297144,-3.4163151696546588,-3.4132148241724085,-3.4101145431646307,-3.407014326905023,-3.403914175632829,-3.4008140895579593,-3.3977140688653122,-3.394614113718436,-3.3915142242626315,-3.3884144006276005,-3.385314642929699,-3.3822149512738693,-3.3791153257553037,-3.3760157664608808,-3.3729162734704055,-3.369816846857697,-3.3667174866915417,-3.363618193036534,-3.360518965953831,-3.3574198055018303,-3.3543207117367877,-3.351221684713392,-3.348122724485302,-3.345023831105664,-3.341925004627607,-3.338826245104746,-3.335727552591683,-3.332628927144523,-3.329530368821421,-3.3264318776831603,-3.3233334537937798,-3.3202350972212673,-3.317136808038322,-3.314038586323211,-3.310940432160741,-3.307842345643367,-3.3047443268724566,-3.301646375959751,-3.298548493029062,-3.2954506782182373,-3.2923529316814686,-3.2892552535919815,-3.2861576438732762,-3.2830601024556394,-3.279962629275519,-3.276865224274963,-3.273767887401112,-3.2706706186057533,-3.2675734178449107,-3.2644762850784814,-3.261379220269906,-3.2582822233858746,-3.255185294396056,-3.252088433272855,-3.2489916399911962,-3.2458949145283227,-3.2427982568636153,-3.2397016669784313,-3.236605144855952,-3.23350869048105,-3.2304123038401626,-3.2273159849211828,-3.2242197337133542,-3.2211235502071784,-3.2180274343943327,-3.2149313862675903,-3.2118354058207528,-3.208739493048588,-3.205643647946775,-3.2025478705118524,-3.199452160741176,-3.196356518632887,-3.1932609441858792,-3.190165437399781,-3.1870699982749375,-3.1839746268124127,-3.180879323013997,-3.1777840868822262,-3.1746889184204194,-3.17159381763274,-3.168498784524276,-3.165403819101153,-3.162308921370693,-3.159214091341617,-3.1561193290243192,-3.153024634431225,-3.149930007577259,-3.146835448480464,-3.1437409571628003,-3.140646533651204,-3.1375521779789715,-3.134457890187573,-3.131363670329043,-3.1282695184691307,-3.1251754346914637,-3.1220814191030586,-3.1189874718416375,-3.1158935930853646,-3.112799783065829,-3.109706042085407,-3.106612370540533,-3.103518768952973,-3.1004252380119555,-3.097331778631075,-3.0942383920253493,-3.0911450798158153,-3.088051844171896,-3.0849586880056434,-3.081865615237455,-3.078772631160492,-3.0756797429417255,-3.0725869603126013,-3.069494296523517,-3.0664017696662302,-3.0633094045106994,-3.060217235062968,-3.0571253081361776,-3.0540336883486257,-3.050942465136813,-3.0478517626206254,-3.0447617535153615,-3.041672678799539,-3.038584875588468,-3.035498816733532,-3.032415167214875,-3.029334864637444,-3.0262592343928274,-3.023190154770776,-3.020130294158607,-3.01708345240866,-3.0140550528409777,-3.0110528520763866,-3.0080879645339755,-3.0051763402851948,-3.002340892894802,-2.999614551460538,-2.997044609186716,-2.9946988521738005,-2.9926740495837105,-2.991107401716373,-2.99019133327218
-3.592803090309361,-3.592013425032984,-3.5906450527832043,-3.5888492803708147,-3.5867358114706382,-3.5843848874670132,-3.5818556278081144,-3.579191857727648,-3.5764262368235746,-3.5735832170062762,-3.570681181478905,-3.567734003490878,-3.564752189693214,-3.561743723502389,-3.5587146902262434,-3.555669742434404,-3.5526124477535905,-3.5495455497228248,-3.5464711640914013,-3.543390926998051,-3.5403061071591737,-3.5372176910501922,-3.5341264477598306,-3.531032978500681,-3.5279377545055444,-3.524841146108942,-3.5217434451209906,-3.518644882084064,-3.5155456396157923,-3.5124458627514925,-3.5093456669804763,-3.5062451445056855,-3.5031443691312933,-3.500043400088211,-3.4969422850355194,-3.4938410624209744,-3.490739763341897,-3.4876384130156755,-3.484537031944541,-3.4814356368403554,-3.4783342413605816,-3.4752328566953747,-3.4721314920369974,-3.4690301549560227,-3.465928851703537,-3.462827587454448,-3.4597263665038502,-3.456625192425843,-3.4535240682022956,-3.450422996327464,-3.4473219788932012,-3.4442210176585015,-3.441120114106394,-3.4380192694905936,-3.4349184848738314,-3.431817761159424,-3.4287170991173275,-3.4256164994056957,-3.4225159625887476,-3.4194154891516164,-3.416315079512713,-3.4132147340340455,-3.4101144530298497,-3.407014236773825,-3.403914085505215,-3.400813999433929,-3.3977139787448665,-3.3946140236015747,-3.3915141341493547,-3.388414310517908,-3.3853145528235897,-3.3822148611713447,-3.379115235656365,-3.3760156763655296,-3.3729161833786425,-3.3698167567695223,-3.3667173966069552,-3.3636181029555363,-3.3605188758764233,-3.3574197154280125,-3.35432062166656,-3.3512215946467556,-3.3481226344222574,-3.345023741046209,-3.341924914571744,-3.3388261550524736,-3.3357274625430025,-3.3326288370994352,-3.329530278779926,-3.326431787645258,-3.323333363759471,-3.3202350071905524,-3.317136718011201,-3.3140384962996845,-3.3109403421408095,-3.307842255627032,-3.304744236859718,-3.3016462859506097,-3.2985484030235175,-3.2954505882162914,-3.2923528416831203,-3.289255163597232,-3.2861575538821253,-3.283060012468087,-3.2799625392915663,-3.276865134294611,-3.2737677974243606,-3.2706705286326025,-3.2675733278753616,-3.2644761951125334,-3.2613791303075597,-3.25828213342713,-3.2551852044409126,-3.252088343321314,-3.248991550043258,-3.2458948245839876,-3.2427981669228854,-3.2397015770413056,-3.236605054922432,-3.233508600551135,-3.2304122139138536,-3.2273158949984793,-3.2242196437942554,-3.221123460291685,-3.2180273444824454,-3.2149312963593095,-3.2118353159160793,-3.2087394031475234,-3.205643558049319,-3.202547780618005,-3.1994520708509393,-3.1963564287462614,-3.1932608543028644,-3.1901653475203764,-3.1870699083991427,-3.1839745369402284,-3.180879233145423,-3.1777839970172628,-3.1746888285590673,-3.171593727774999,-3.1684986946701468,-3.165403729250637,-3.16230883152379,-3.1592140014983285,-3.1561192391846453,-3.153024544595166,-3.149929917744816,-3.1468353586516358,-3.1437408673375873,-3.1406464438296084,-3.1375520881609944,-3.1344578003732146,-3.131363580518303,-3.1282694286620085,-3.125175344887959,-3.122081329303172,-3.1189873820453693,-3.1158935032927153,-3.1127996932768,-3.109705952299999,-3.1066122807587457,-3.1035186791748073,-3.1004251482374103,-3.097331688860152,-3.0942383022580477,-3.0911449900521366,-3.0880517544118407,-3.084958598249211,-3.0818655254846457,-3.0787725414113054,-3.0756796531961617,-3.072586870570661,-3.0694942067852016,-3.0664016799315403,-3.0633093147796346,-3.0602171453355282,-3.0571252184123643,-3.054033598628439,-3.050942375420253,-3.047851672907693,-3.0447616638060557,-3.0416725890938596,-3.0385847858864152,-3.035498727035105,-3.032415077520073,-3.0293347749462636,-3.026259144705267,-3.0231900650868297,-3.0201302044782685,-3.0170833627319174,-3.0140549631678146,-3.0110527624067793,-3.0080878748678868,-3.0051762506225694,-3.0023408032355605,-2.999614461804562,-2.9970445195338287,-2.994698762523742,-2.9926739599361,-2.9911073120706577,-2.990191243627571
-3.5928029966547896,-3.592013331379261,-3.5906449591309646,-3.588849186720543,-3.586735717822707,-3.5843847938217084,-3.581855534165659,-3.579191764088216,-3.5764261431873043,-3.5735831233732744,-3.5706810878492568,-3.5677339098646503,-3.564752096070462,-3.561743629883156,-3.5587145966105638,-3.5556696488223047,-3.552612354145094,-3.5495454561179502,-3.5464710704901607,-3.5433908334004576,-3.5403060135652384,-3.537217597459923,-3.534126354173233,-3.531032884917761,-3.5279376609263062,-3.524841052533388,-3.521743351549125,-3.5186447885158882,-3.5155455460513076,-3.5124457691906996,-3.5093455734233765,-3.506245050952282,-3.503144275581587,-3.5000433065422034,-3.4969421914932117,-3.4938409688823677,-3.4907396698069926,-3.487638319484474,-3.484536938417045,-3.481435543316564,-3.478334147840496,-3.475232763178995,-3.4721313985243243,-3.469030061447057,-3.4659287581982774,-3.462827493952896,-3.459726273006006,-3.4566250989317076,-3.453523974711869,-3.4504229028407467,-3.4473218854101932,-3.4442209241792034,-3.441120020630806,-3.438019176018718,-3.434918391405668,-3.431817667694973,-3.428717005656589,-3.4256164059486696,-3.422515869135433,-3.4194153957020155,-3.4163149860668267,-3.4132146405918737,-3.410114359591392,-3.407014143339082,-3.403913992074187,-3.4008139060066167,-3.3977138853212705,-3.3946139301816936,-3.39151404073319,-3.388414217105461,-3.385314459414862,-3.3822147677663352,-3.3791151422550736,-3.3760155829679563,-3.372916089984787,-3.3698166633793862,-3.3667173032205384,-3.363618009572839,-3.3605187824974467,-3.3574196220527557,-3.3543205282950246,-3.3512215012789413,-3.348122541058165,-3.345023647685841,-3.3419248212150987,-3.3388260616995535,-3.335727369193806,-3.3326287437539626,-3.3295301854381782,-3.326431694307236,-3.3233332704251763,-3.320234913859985,-3.3171366246843608,-3.3140384029765713,-3.310940248821425,-3.307842162311375,-3.304744143547789,-3.301646192642409,-3.2985483097190462,-3.2954504949155496,-3.2923527483861084,-3.2892550703039505,-3.2861574605925736,-3.283059919182266,-3.2799624460094754,-3.27686504101625,-3.2737677041497304,-3.2706704353617044,-3.267573234608195,-3.2644761018490995,-3.2613790370478593,-3.258282040171163,-3.255185111188681,-3.252088250072817,-3.2489914567984957,-3.2458947313429602,-3.242798073685593,-3.239701483807749,-3.236604961692611,-3.2335085073250505,-3.2304121206915055,-3.227315801779869,-3.224219550579384,-3.221123367080552,-3.218027251275052,-3.2149312031556567,-3.211835222716167,-3.2087393099513513,-3.2056434648568883,-3.2025476874293157,-3.19945197766599,-3.196356335565052,-3.1932607611253956,-3.1901652543466485,-3.1870698152291577,-3.183974443773987,-3.180879139982926,-3.1777839038585105,-3.17468873540406,-3.1715936346237386,-3.1684986015226317,-3.1654036361068676,-3.1623087383837665,-3.1592139083620516,-3.1561191460521156,-3.153024451466384,-3.149929824619781,-3.1468352655303504,-3.143740774220052,-3.1406463507158215,-3.137551995050956,-3.1344577072669253,-3.1313634874157636,-3.12826933556322,-3.125175251792922,-3.1220812362118857,-3.1189872889578347,-3.1158934102089333,-3.1127996001967704,-3.1097058592237214,-3.1066121876862214,-3.1035185861060355,-3.100425055172393,-3.097331595798889,-3.094238209200539,-3.0911448969983817,-3.0880516613618405,-3.0849585052029647,-3.0818654324421537,-3.078772448372569,-3.075679560161182,-3.0725867775394384,-3.0694941137577367,-3.066401586907833,-3.063309221759686,-3.060217052319339,-3.057125125399934,-3.0540335056197687,-3.050942282415343,-3.047851579906543,-3.044761570808665,-3.0416724961002295,-3.0385846928965443,-3.035498634048993,-3.032414984537719,-3.0293346819676668,-3.0262590517304218,-3.0231899721157314,-3.02013011151091,-3.0170832697682877,-3.0140548702078975,-3.011052669450548,-3.008087781915304,-3.0051761576735787,-3.002340710290078,-2.999614368862464,-2.997044426594931,-2.9946986695877764,-2.992673867002671,-2.9911072191391934,-2.990191150697253
-3.5928028995675603,-3.592013234292911,-3.5906448620461533,-3.588849089637771,-3.586735620742359,-3.584384696744081,-3.5818554370909848,-3.579191667016676,-3.5764260461190407,-3.5735830263083996,-3.570680990787859,-3.5677338128068006,-3.564751999016215,-3.5617435328325557,-3.5587144995636457,-3.555669551779099,-3.552612257105623,-3.5495453590822326,-3.5464709734582125,-3.5433907363722903,-3.5403059165408615,-3.537217500439344,-3.53412625715646,-3.531032787904799,-3.527937563917158,-3.5248409555280604,-3.521743254547619,-3.5186446915182064,-3.5155454490574534,-3.5124456722006774,-3.5093454764371868,-3.506244953969925,-3.5031441786030637,-3.5000432095675156,-3.49694209452236,-3.4938408719153538,-3.490739572843816,-3.487638222525136,-3.4845368414615447,-3.4814354463649018,-3.478334050892672,-3.47523266623501,-3.472131301584179,-3.469029964510753,-3.4659286612658162,-3.462827397024277,-3.45972617608123,-3.4566250020107763,-3.453523877794782,-3.4504228059275044,-3.447321788500796,-3.444220827273651,-3.4411199237291004,-3.4380190791208585,-3.434918294511657,-3.43181757080481,-3.428716908770276,-3.4256163090662066,-3.4225157722568214,-3.419415298827254,-3.4163148891959145,-3.4132145437248123,-3.410114262728183,-3.4070140464797243,-3.403913895218681,-3.4008138091549633,-3.3977137884734696,-3.394613833337746,-3.391513943893096,-3.3884141202692204,-3.3853143625824758,-3.382214670937803,-3.3791150454303964,-3.3760154861471343,-3.3729159931678216,-3.3698165665662767,-3.366717206411286,-3.3636179127674435,-3.360518685695908,-3.3574195252550756,-3.354320431501202,-3.351221404488977,-3.3481224442720596,-3.3450235509035933,-3.3419247244367094,-3.338825964925024,-3.335727272423136,-3.332628646987152,-3.3295300886752286,-3.3264315975481473,-3.3233331736699494,-3.3202348171086205,-3.3171365279368596,-3.3140383062329337,-3.310940152081651,-3.3078420655754646,-3.3047440468157423,-3.3016460959142266,-3.2985482129947283,-3.295450398195097,-3.2923526516695216,-3.2892549735912304,-3.286157363883721,-3.283059822477281,-3.2799623493083594,-3.276864944319002,-3.273767607456352,-3.270670338672195,-3.2675731379225557,-3.2644760051673303,-3.2613789403699602,-3.258281943497135,-3.2551850145185237,-3.252088153406531,-3.248991360136082,-3.245894634684419,-3.242797977030925,-3.239701387156954,-3.23660486504569,-3.2335084106820027,-3.2304120240523315,-3.22731570514457,-3.22421945394796,-3.2211232704530044,-3.2180271546513803,-3.214931106535861,-3.2118351261002487,-3.2087392133393102,-3.205643368248724,-3.2025475908250294,-3.199451881065582,-3.196356238968523,-3.1932606645327457,-3.1901651577578782,-3.1870697186442674,-3.1839743471929776,-3.1808790434057985,-3.1777838072852647,-3.174688638834697,-3.171593538058257,-3.1684985049610344,-3.165403539549153,-3.1623086418299358,-3.1592138118121045,-3.1561190495060525,-3.153024354924205,-3.149929728081487,-3.1468351689959406,-3.143740677689527,-3.1406462541891833,-3.137551898528205,-3.1344576107480626,-3.1313633909007894,-3.1282692390521336,-3.125175155285724,-3.1220811397085773,-3.1189871924584147,-3.1158933137134017,-3.1127995037051286,-3.1097057627359703,-3.106612091202361,-3.103518489626066,-3.1004249586963137,-3.0973314993267005,-3.0942381127322416,-3.0911448005339777,-3.088051564901329,-3.0849584087463477,-3.0818653359894315,-3.078772351923742,-3.0756794637162495,-3.0725866810984015,-3.0694940173205953,-3.0664014904745884,-3.0633091253303375,-3.060216955893887,-3.0571250289783802,-3.0540334092021113,-3.0509421860015826,-3.0478514834966797,-3.0447614744027,-3.0416723996981627,-3.0385845964983758,-3.035498537654721,-3.0324148881473434,-3.0293345855811844,-3.02625895534783,-3.023189875737025,-3.0201300151360795,-3.0170831733973222,-3.0140547738407784,-3.0110525730872504,-3.0080876855557883,-3.005176061317787,-3.0023406139379225,-2.999614272513816,-2.9970443302496017,-2.994698573245486,-2.992673770663011,-2.9911071228015715,-2.990191054360821
-3.592802798921857,-3.5920131336481202,-3.59064476140296,-3.588848988996694,-3.586735520103796,-3.584384596108341,-3.5818553364583066,-3.579191566387247,-3.5764259454930087,-3.573582925685881,-3.5706808901689455,-3.5677337121915644,-3.564751898404715,-3.561743432224837,-3.558714398959746,-3.555669451179046,-3.552612156509442,-3.5495452584899416,-3.546470872869828,-3.543390635787825,-3.540305815960326,-3.537217399862747,-3.534126156583807,-3.5310326873360958,-3.5279374633524094,-3.52484085496727,-3.5217431539907906,-3.5186445909653434,-3.5155453485085575,-3.5124455716557494,-3.5093453758962294,-3.50624485343294,-3.503144078070054,-3.5000431090384816,-3.496941993997303,-3.4938407713942734,-3.490739472326713,-3.487638122012011,-3.4845367409524006,-3.4814353458597393,-3.478333950391492,-3.4752325657378123,-3.472131201090964,-3.469029864021521,-3.4659285607805668,-3.462827296543011,-3.4597260756039483,-3.4566249015374786,-3.453523777325469,-3.4504227054621768,-3.4473216880394553,-3.4442207268162974,-3.4411198232757347,-3.4380189786714803,-3.4349181940662663,-3.431817470363408,-3.4287168083328616,-3.4256162086327806,-3.422515671827385,-3.4194151984018077,-3.4163147887744594,-3.413214443307347,-3.410114162314708,-3.407013946070241,-3.4039137948131915,-3.4008137087534682,-3.3977136880759686,-3.39461373294424,-3.3915138435035854,-3.388414019883704,-3.385314262200954,-3.382214570560277,-3.3791149450568665,-3.3760153857775994,-3.3729158928022827,-3.3698164662047345,-3.3667171060537404,-3.3636178124138962,-3.3605185853463593,-3.3574194249095255,-3.3543203311596526,-3.3512213041514283,-3.3481223439385115,-3.345023450574047,-3.3419246241111646,-3.3388258646034807,-3.3357271721055954,-3.332628546673616,-3.3295299883656955,-3.3264314972426177,-3.3233330733684228,-3.3202347168110977,-3.3171364276433404,-3.314038205943419,-3.3109400517961407,-3.30784196529396,-3.3047439465382435,-3.3016459956407345,-3.2985481127252427,-3.295450297929618,-3.29235255140805,-3.2892548733337668,-3.286157263630266,-3.2830597222278346,-3.2799622490629226,-3.276864844077575,-3.273767507218936,-3.27067023843879,-3.267573037693162,-3.264475904941949,-3.2613788401485913,-3.2582818432797787,-3.2551849143051803,-3.2520880531972014,-3.2489912599307664,-3.245894534483118,-3.2427978768336385,-3.239701286963683,-3.2366047648564344,-3.233508310496764,-3.230411923871109,-3.227315604967364,-3.224219353774772,-3.2211231702838337,-3.218027054486227,-3.2149310063747256,-3.211835025943132,-3.208739113186212,-3.2056432680996454,-3.2025474906799705,-3.1994517809245444,-3.1963561388315074,-3.1932605643997527,-3.1901650576289087,-3.1870696185193217,-3.1839742470720553,-3.1808789432888984,-3.177783707172389,-3.174688538725845,-3.171593437953429,-3.1684984048602294,-3.165403439452373,-3.162308541737182,-3.1592137117233765,-3.156118949421352,-3.153024254843532,-3.1499296280048417,-3.1468350689233233,-3.1437405776209393,-3.1406461541246244,-3.1375517984676735,-3.134457510691559,-3.131363290848314,-3.1282691390036885,-3.1251750552413085,-3.1220810396681915,-3.1189870924220604,-3.1158932136810793,-3.1127994036768385,-3.109705662711713,-3.1066119911821373,-3.103518389609877,-3.10042485868416,-3.0973313993185827,-3.094238012728161,-3.091144700533933,-3.088051464905321,-3.0849583087543753,-3.0818652360014966,-3.078772251939845,-3.07567936373639,-3.0725865811225805,-3.069493917348812,-3.066401390506842,-3.06330902536663,-3.0602168559342178,-3.0571249290227485,-3.0540333092505194,-3.0509420860540315,-3.0478513835531693,-3.0447613744632305,-3.0416722997627335,-3.0385844965669873,-3.035498437727374,-3.032414788224034,-3.02933448566191,-3.0262588554325878,-3.0231897758258084,-3.020129915228882,-3.0170830734941307,-3.0140546739415752,-3.0110524731920085,-3.0080875856644664,-3.0051759614303255,-3.0023405140542314,-2.999614172633763,-2.997044230372991,-2.994698473372026,-2.9926736707922776,-2.9911070229329497,-2.990190954493432
-3.592802694587273,-3.5920130293144794,-3.590644657070972,-3.5888488846668984,-3.5867354157766074,-3.584384491784079,-3.5818552321372197,-3.57919146206953,-3.5764258411788115,-3.5735828213753242,-3.570680785862124,-3.567733607888554,-3.564751794105577,-3.5617433279296193,-3.5587142946684867,-3.5556693468917757,-3.5526120522261833,-3.5495451542107164,-3.546470768594651,-3.543390531516709,-3.5403057116932817,-3.5372172955997843,-3.5341260523249356,-3.5310325830813203,-3.527937359101735,-3.5248407507207005,-3.5217430497483293,-3.518644486726993,-3.51554524427432,-3.5124454674256254,-3.509345271670221,-3.5062447492110507,-3.503143973852284,-3.500043004824831,-3.496941889787773,-3.493840667188867,-3.4907393681254306,-3.487638017814854,-3.484536636759368,-3.481435241670834,-3.4783338462067124,-3.475232461557161,-3.472131096914442,-3.4690297598491298,-3.465928456612307,-3.462827192378884,-3.4597259714439526,-3.456624797381615,-3.4535236731737387,-3.45042260131458,-3.447321583895991,-3.444220622676967,-3.4411197191405374,-3.4380188745404174,-3.434918089939337,-3.431817366240613,-3.4287167042142017,-3.4256161045182574,-3.422515567716998,-3.419415094295556,-3.4163146846723444,-3.4132143392093695,-3.4101140582208687,-3.40701384198054,-3.4039136907276273,-3.4008136046720416,-3.397713583998681,-3.3946136288710913,-3.3915137394345765,-3.3884139158188367,-3.3853141581402277,-3.3822144665036933,-3.379114841004426,-3.376015281729303,-3.372915788758132,-3.3698163621647277,-3.3667170020178787,-3.3636177083821797,-3.360518481318788,-3.357419320886099,-3.354320227140371,-3.351221200136292,-3.348122239927521,-3.3450233465672023,-3.341924520108467,-3.3388257606049305,-3.3357270681111935,-3.3326284426833617,-3.32952988437959,-3.3264313932606613,-3.323332969390617,-3.3202346128374427,-3.317136323673837,-3.3140381019780674,-3.3109399478349424,-3.3078418613369145,-3.3047438425853524,-3.3016458916919964,-3.2985480087806596,-3.2954501939891907,-3.2923524474717785,-3.289254769401651,-3.2861571597023054,-3.283059618304031,-3.2799621451432754,-3.276864740162085,-3.2737674033076036,-3.2706701345316156,-3.2675729337901456,-3.2644758010430914,-3.2613787362538935,-3.2582817393892407,-3.2551848104188017,-3.252087949314982,-3.2489911560527074,-3.24589443060922,-3.242797772963902,-3.2397011830981093,-3.2366046609950225,-3.2335082066395144,-3.2304118200180234,-3.227315501118442,-3.2242192499300137,-3.221123066443241,-3.2180269506498003,-3.2149309025424655,-3.211834922115038,-3.208739009362286,-3.2056431642798877,-3.202547386864381,-3.1994516771131227,-3.196356035024253,-3.193260460596668,-3.190164953829993,-3.187069514724575,-3.183974143281479,-3.1808788395024936,-3.177783603390155,-3.174688434947783,-3.17159333417954,-3.1684983010905152,-3.1654033356868343,-3.1623084379758173,-3.159213607966186,-3.1561188456683356,-3.1530241510946904,-3.149929524260176,-3.1468349651828325,-3.143740473884623,-3.1406460503924833,-3.1375516947397095,-3.134457406967771,-3.1313631871287035,-3.1282690352882563,-3.1251749515300555,-3.122080935961118,-3.118986988719167,-3.1158931099823657,-3.112799299982305,-3.1097055590213603,-3.106611887495965,-3.103518285927887,-3.1004247550063524,-3.0973312956449566,-3.0942379090587173,-3.091144596868672,-3.088051361244243,-3.0849582050974824,-3.0818651323487876,-3.0787721482913195,-3.0756792600920506,-3.072586477482426,-3.0694938137128434,-3.0664012868750605,-3.0633089217390355,-3.060216752310812,-3.0571248254035317,-3.054033205635492,-3.050941982443192,-3.0478512799465194,-3.044761270860769,-3.0416721961644595,-3.0385843929729,-3.0354983341374715,-3.0324146846383164,-3.0293343820803758,-3.026258751855233,-3.0231896722526295,-3.0201298116598694,-3.0170829699292727,-3.0140545703808517,-3.011052369635391,-3.008087482111913,-3.005175857881774,-3.002340410509589,-2.9996140690928907,-2.9970441268356844,-2.9946983698379848,-2.992673567261063,-2.991106919403925,-2.9901908509656856
-3.5928025864285997,-3.5920129211567864,-3.5906445489149927,-3.588848776513192,-3.586735307625601,-3.584384383636105,-3.581855123992536,-3.579191353928338,-3.5764257330412694,-3.5735827132415574,-3.5706806777322315,-3.567733499762613,-3.564751685983649,-3.561743219811756,-3.5587141865547274,-3.555669238782153,-3.5526119441207245,-3.5495450461094396,-3.546470660497574,-3.5433904234238454,-3.540305603604642,-3.537217187515376,-3.5341259442447646,-3.5310324750053925,-3.527937251030057,-3.524840642653275,-3.5217429416851607,-3.518644378668085,-3.5155451362196763,-3.51244535937525,-3.509345163624115,-3.506244641169214,-3.503143865814718,-3.500042896791539,-3.496941781758756,-3.4938405591641244,-3.4907392601049647,-3.4876379097986643,-3.4845365287474546,-3.4814351336631972,-3.478333738203355,-3.4752323535580825,-3.4721309889196426,-3.469029651858609,-3.465928348626066,-3.462827084396923,-3.4597258634662738,-3.4566246894082187,-3.453523565204624,-3.450422493349748,-3.4473214759354427,-3.4442205147207026,-3.4411196111885576,-3.438018766592723,-3.43491798199593,-3.4318172583014923,-3.4287165962793678,-3.4256159965877098,-3.4225154597907372,-3.4194149863735843,-3.4163145767546625,-3.4132142312959783,-3.4101139503117675,-3.4070137340757296,-3.403913582827109,-3.4008134967758155,-3.3977134761067465,-3.394613520983449,-3.3915136315512266,-3.388413807939779,-3.385314050265463,-3.382214358633223,-3.37911473313825,-3.3760151738674224,-3.3729156809005456,-3.3698162543114374,-3.366716894168884,-3.3636176005374825,-3.3605183734783877,-3.3574192130499974,-3.354320119308568,-3.351221092308788,-3.348122132104317,-3.3450232387482983,-3.341924412293864,-3.3388256527946276,-3.3357269603051916,-3.332628334881661,-3.3295297765821923,-3.3264312854675673,-3.323332861601826,-3.3202345050529556,-3.3171362158936533,-3.314037994202187,-3.3109398400633667,-3.3078417535696434,-3.3047437348223854,-3.3016457839333353,-3.2985479010263044,-3.2954500862391414,-3.292352339726036,-3.2892546616602143,-3.286157051965177,-3.2830595105712104,-3.2799620374147627,-3.2768646324378814,-3.273767295587709,-3.2706700268160303,-3.26757282607887,-3.2644756933361254,-3.2613786285512383,-3.2582816316908976,-3.2551847027247707,-3.252087841625265,-3.2489910483673046,-3.2458943229281316,-3.242797665287128,-3.23970107542565,-3.2366045533268792,-3.2335080989756877,-3.2304117123585128,-3.2273153934632473,-3.224219142279135,-3.221122958796679,-3.218026843007556,-3.2149307949045403,-3.211834814481432,-3.2087389017329992,-3.20564305665492,-3.202547279243733,-3.1994515694967958,-3.196355927412249,-3.193260352988985,-3.190164846226632,-3.1870694071255374,-3.1839740356867643,-3.180878731912102,-3.1777834958040874,-3.17468832736604,-3.1715932266021216,-3.1684981935174203,-3.1654032281180635,-3.162308330411371,-3.159213500406066,-3.156118738112543,-3.153024043543225,-3.149929416713037,-3.146834857640023,-3.1437403663461425,-3.1406459428583324,-3.1375515872098885,-3.134457299442281,-3.131363079607545,-3.128268927771428,-3.125174844017559,-3.1220808284529524,-3.1189868812153336,-3.1158930024828657,-3.112799192487139,-3.1097054515305285,-3.1066117800094686,-3.1035181784457238,-3.100424647528524,-3.0973311881714642,-3.0942378015895606,-3.0911444894038516,-3.0880512537837603,-3.0849580976413375,-3.081865024896982,-3.0787720408438535,-3.0756791526489247,-3.072586370043641,-3.0694937062784,-3.0664011794449584,-3.0633088143132747,-3.0602166448893913,-3.057124717986452,-3.0540330982227526,-3.0509418750347943,-3.0478511725424626,-3.0447611634610547,-3.0416720887690887,-3.038584285581872,-3.0354982267507857,-3.032414577255971,-3.029334274702368,-3.0262586444815587,-3.0231895648832827,-3.0201297042948414,-3.0170828625685497,-3.014054463024415,-3.011052262283211,-3.0080873747639463,-3.005175750537955,-3.0023403031698215,-2.999613961757031,-2.9970440195035213,-2.994698262509208,-2.9926734599352156,-2.991106812080346,-2.9901907436434305
-3.5928024743057003,-3.5920128090349026,-3.590644436794889,-3.5888486643954463,-3.586735195510657,-3.5843842715243044,-3.5818550118841466,-3.579191241823569,-3.576425620940286,-3.573582601144488,-3.5706805656391785,-3.567733387673658,-3.5647515738988553,-3.561743107731174,-3.558714074478398,-3.555669126710109,-3.5526118320529925,-3.549544934046042,-3.5464705484385273,-3.543390311369163,-3.540305491554336,-3.5372170754694574,-3.534125832203242,-3.5310323629682725,-3.527937138997345,-3.5248405306249753,-3.5217428296612767,-3.518644266648619,-3.51554502420463,-3.512445247364626,-3.509345051617916,-3.50624452916744,-3.5031437538173713,-3.500042784798621,-3.4969416697702664,-3.493840447180064,-3.490739148125335,-3.487637797823469,-3.484536416776694,-3.4814350216968712,-3.4783336262414646,-3.475232241600628,-3.472130876966626,-3.46902953991003,-3.465928236681924,-3.462826972457219,-3.4597257515310083,-3.456624577477392,-3.4535234532782377,-3.4504223814278014,-3.4473213640179377,-3.4442204028076393,-3.441119499279936,-3.4380186546885434,-3.4349178700961924,-3.4318171464061984,-3.4287164843885174,-3.4256158847013043,-3.422515347908778,-3.419414874496071,-3.416314464881593,-3.413214119427354,-3.4101138384475913,-3.407013622216002,-3.403913470971831,-3.400813384924986,-3.397713364260367,-3.394613409141521,-3.391513519713749,-3.3884136961067535,-3.385313938436889,-3.3822142468090997,-3.3791146213185788,-3.376015062052203,-3.372915569089778,-3.3698161425051225,-3.366716782367022,-3.363617488740072,-3.36051826168543,-3.3574191012614936,-3.354320007524518,-3.351220980529193,-3.348122020329178,-3.345023126977616,-3.341924300527639,-3.338825541032861,-3.3357268485478846,-3.3326282231288133,-3.329529664833803,-3.326431173723638,-3.3233327498623573,-3.320234393317947,-3.317136104163106,-3.314037882476102,-3.3109397283417423,-3.3078416418524816,-3.304743623109686,-3.3016456722250984,-3.29854778932253,-3.2954499745398307,-3.292352228031189,-3.289254549969833,-3.2861569402792608,-3.283059398889761,-3.279961925737781,-3.2768645207653675,-3.273767183919664,-3.2706699151524545,-3.267572714419764,-3.2644755816814905,-3.2613785169010736,-3.258281520045203,-3.255184591083548,-3.2520877299885136,-3.248990936735024,-3.245894211300322,-3.2427975536637903,-3.239700963806785,-3.2366044417124877,-3.23350798736577,-3.230411600753069,-3.227315281862279,-3.224219030682642,-3.2211228472046614,-3.2180267314200144,-3.2149306833214735,-3.211834702902842,-3.208738790158886,-3.205642945085284,-3.202547167678576,-3.199451457936117,-3.196355815856048,-3.1932602414372635,-3.1901647346793904,-3.187069295582776,-3.183973924148485,-3.1808786203783046,-3.1777833842747722,-3.174688215841208,-3.1715931150817736,-3.1684980820015576,-3.1654031166066856,-3.1623082189044793,-3.159213388903661,-3.156118626614624,-3.1530239320497926,-3.149929305224093,-3.1468347461555655,-3.143740254866173,-3.1406458313828507,-3.137551475738895,-3.1344571879757774,-3.13136296814553,-3.1282688163139034,-3.125174732564523,-3.1220807170044083,-3.11898676977128,-3.115892891043304,-3.1127990810520685,-3.1097053400999495,-3.106611668583381,-3.1035180670241296,-3.1004245361114227,-3.0973310767588575,-3.0942376901814503,-3.0911443780002377,-3.088051142384642,-3.084957986246715,-3.0818649135068554,-3.0787719294582243,-3.0756790412677923,-3.072586258667007,-3.0694935949062647,-3.066401068077322,-3.0633087029501382,-3.060216533530757,-3.057124606632319,-3.0540329868731213,-3.0509417636896647,-3.0478510612018352,-3.044761052124929,-3.0416719774374643,-3.0385841742547477,-3.0354981154281604,-3.0324144659378436,-3.029334163388737,-3.0262585331724203,-3.02318945357863,-3.020129592994667,-3.0170827512728398,-3.0140543517331495,-3.0110521509963593,-3.008087263481463,-3.005175639259773,-3.00234019189584,-2.9996138504871013,-2.9970439082374227,-2.9946981512466184,-2.992673348675665,-2.9911067008231496,-2.990190632387609
-3.5928023580733024,-3.592012692803558,-3.590644320565387,-3.588848548168387,-3.586735079286501,-3.584384155303408,-3.5818548956667864,-3.5791911256099613,-3.5764255047306013,-3.5735824849388598,-3.570680449437712,-3.567733271476438,-3.56475145770595,-3.561742991542637,-3.5587139582942724,-3.55566901053043,-3.5526117158777857,-3.5495448178753297,-3.546470432272326,-3.543390195207488,-3.5403053753971987,-3.537216959316867,-3.5341257160552058,-3.531032246824798,-3.527937022858438,-3.524840414490641,-3.521742713531518,-3.518644150523439,-3.5155449080840335,-3.5124451312486134,-3.5093449355064883,-3.5062444130606005,-3.503143637715122,-3.5000426687009627,-3.4969415536772015,-3.4938403310915933,-3.490739032041459,-3.4876376817441876,-3.4845363007020094,-3.4814349056267835,-3.4783335101759736,-3.475232125539736,-3.472130760910332,-3.4690294238583363,-3.465928120634832,-3.4628268564147286,-3.45972563549312,-3.4566244614441066,-3.453523337249556,-3.450422265403725,-3.447321247998465,-3.4442202867927705,-3.4411193832696716,-3.438018538682885,-3.434917754095139,-3.431817030409751,-3.428716368396677,-3.4256157687140707,-3.4225152319261514,-3.4194147585180525,-3.4163143489081844,-3.413214003458555,-3.4101137224834006,-3.4070135062564195,-3.403913355016856,-3.400813268974621,-3.3977132483146124,-3.3946132932003765,-3.3915134037772168,-3.388413580174834,-3.3853138225095836,-3.382214130886409,-3.3791145054005036,-3.3760149461387443,-3.3729154531809367,-3.3698160266008985,-3.366716666467416,-3.3636173728450847,-3.360518145795061,-3.3574189853757432,-3.354319891643387,-3.3512208646526815,-3.348121904457285,-3.3450230111103436,-3.3419241846649865,-3.3388254251748286,-3.3357267326944724,-3.332628107280023,-3.329529548989635,-3.3264310578840917,-3.3233326340274334,-3.320234277487646,-3.3171359883374283,-3.3140377666550487,-3.3109396125253143,-3.3078415260406793,-3.3047435073025113,-3.301645556422552,-3.2985476735246118,-3.295449858746541,-3.2923521122425288,-3.2892544341858025,-3.2861568244998614,-3.283059283114993,-3.2799618099676446,-3.2768644049998628,-3.2737670681587905,-3.270669799396213,-3.267572598668155,-3.264475465934515,-3.261378401158732,-3.258281404307495,-3.255184475350474,-3.2520876142600748,-3.2489908210112213,-3.2458940955811557,-3.24279743794926,-3.2397008480968905,-3.23660432600723,-3.2335078716651497,-3.2304114850570875,-3.2273151661709356,-3.224218914995939,-3.2211227315225974,-3.2180266157425903,-3.21493056764869,-3.211834587234699,-3.2087386744953847,-3.205642829426425,-3.202547052024359,-3.1994513422865434,-3.1963557002111185,-3.1932601257969786,-3.190164619043751,-3.1870691799517834,-3.1839738085221385,-3.180878504756606,-3.177783268657722,-3.174688100228806,-3.17159299947402,-3.168497966398452,-3.165403001008229,-3.162308103310672,-3.159213273314503,-3.1561185110301158,-3.1530238164699345,-3.1499291896488857,-3.1468346305850106,-3.1437401393002697,-3.140645715821601,-3.137551360182299,-3.1344570724238348,-3.1313628525982415,-3.128268700771269,-3.125174617026544,-3.1220806014710845,-3.1189866542426112,-3.1158927755192902,-3.1127989655327113,-3.1097052245852503,-3.1066115530733405,-3.1035179515187483,-3.1004244206107017,-3.097330961262796,-3.0942375746900472,-3.0911442625134944,-3.0880510269025594,-3.084957870769294,-3.081864798034096,-3.078771813990127,-3.0756789258043575,-3.0725861432082353,-3.069493479452156,-3.0664009526278777,-3.063308587505358,-3.060216418090641,-3.057124491196868,-3.0540328714423364,-3.050941648263546,-3.0478509457803824,-3.0447609367081427,-3.0416718620253445,-3.0385840588472948,-3.035498000025373,-3.03241435053972,-3.0293340479952726,-3.0262584177836125,-3.0231893381944723,-3.0201294776151495,-3.0170826358979497,-3.0140542363628655,-3.01105203563065,-3.008087148120281,-3.0051755239030475,-3.0023400765434682,-2.999613735138931,-2.997043792893228,-2.994698035906063,-2.9926732333382584,-2.991106585488182,-2.990190517054065
-3.5928022375807998,-3.592012572312147,-3.590644200075885,-3.588848427681418,-3.586734958802541,-3.5843840348228277,-3.5818547751898717,-3.5791910051369378,-3.5764253842616447,-3.5735823644741096,-3.57068032897728,-3.5677331510204113,-3.5647513372543966,-3.5617428710956114,-3.5587138378518173,-3.5556688900925795,-3.5526115954445703,-3.5495446974467706,-3.5464703118484446,-3.5433900747882987,-3.540305254982713,-3.537216838907096,-3.5341255956501576,-3.531032126424478,-3.5279369024628506,-3.5248402940997923,-3.5217425931454134,-3.5186440301420814,-3.515544787707425,-3.5124450108767578,-3.5093448151393885,-3.506244292698258,-3.503143517357538,-3.5000425483481368,-3.496941433329136,-3.4938402107482904,-3.4907389117029193,-3.487637561410411,-3.4845361803729964,-3.4814347853025365,-3.478333389856494,-3.475232005225023,-3.4721306406003873,-3.46902930355316,-3.465928000334424,-3.4628267361190885,-3.459725515202249,-3.456624341158005,-3.4535232169682244,-3.4504221451271633,-3.4473211277266746,-3.444220166525753,-3.4411192630074274,-3.4380184184254152,-3.434917633842445,-3.4318169101618325,-3.4287162481535356,-3.4256156484757065,-3.422515111692564,-3.419414638289242,-3.4163142286841524,-3.4132138832393015,-3.410113602268927,-3.407013386046727,-3.4039132348119465,-3.400813148774493,-3.397713128119266,-3.3946131730098115,-3.3915132835914337,-3.388413459993833,-3.385313702333366,-3.3822140107149745,-3.3791143852338523,-3.3760148259768776,-3.372915333023854,-3.3698159064485997,-3.3667165463199025,-3.3636172527023573,-3.3605180256571208,-3.3574188652425905,-3.3543197715150224,-3.351220744529105,-3.3481217843384976,-3.345022890996345,-3.341924064555778,-3.338825305070411,-3.335726612594846,-3.3326279871851883,-3.3295294288995927,-3.3264309377988424,-3.323332513946977,-3.3202341574119845,-3.317135868266562,-3.3140376465889783,-3.310939492464039,-3.3078414059842,-3.3047433872508276,-3.3016454363756647,-3.2985475534825217,-3.295449738709247,-3.292351992210031,-3.289254314158102,-3.286156704476958,-3.2830591630968873,-3.279961689954338,-3.2768642849913565,-3.2737669481550857,-3.2706696793973107,-3.2675724786740568,-3.264475345945219,-3.26137828117424,-3.2582812843278073,-3.2551843553755906,-3.252087494289995,-3.2489907010459453,-3.2458939756206857,-3.242797317993597,-3.2397007281460355,-3.236604206061184,-3.233507751723913,-3.23041136512066,-3.2273150462393176,-3.2242187950691306,-3.2211226116006,-3.2180264958254043,-3.2149304477363163,-3.211834467327138,-3.208738554592636,-3.2056427095284894,-3.202546932131236,-3.1994512223982348,-3.196355580327625,-3.193260005918301,-3.1901644991698888,-3.1870690600827345,-3.183973688657904,-3.180878384897187,-3.1777831488031194,-3.1746879803790193,-3.1715928796290496,-3.1684978465582994,-3.165402881172896,-3.1623079834801575,-3.1592131534888077,-3.1561183912092403,-3.153023696653881,-3.1499290698376536,-3.1468345107786,-3.143740019498681,-3.140645596024834,-3.137551240390355,-3.134456952636714,-3.131362732815946,-3.1282685809937987,-3.1251744972538997,-3.1220804817032666,-3.1189865344796215,-3.115892655761128,-3.1127988457793765,-3.1097051048367432,-3.106611433329662,-3.103517831779899,-3.100424300876682,-3.097330841533607,-3.09423745496569,-3.0911441427939703,-3.0880509071878675,-3.084957751059435,-3.0818646783290693,-3.0787716942899332,-3.075678806108998,-3.07258602351771,-3.069493359766465,-3.066400832947022,-3.063308467829338,-3.060216298419457,-3.0571243715305214,-3.0540327517808277,-3.050941528606875,-3.0478508261285486,-3.0447608170611455,-3.0416717423831843,-3.038583939209971,-3.0354978803928843,-3.0324142309120647,-3.02933392837245,-3.026258298165618,-3.0231892185812996,-3.020129358006789,-3.0170825162943853,-3.0140541167640755,-3.0110519160366014,-3.0080870285309262,-3.005175404318315,-3.00233995696325,-2.9996136155630677,-2.997043673321483,-2.9946979163380907,-2.9926731137735505,-2.991106465926002,-2.9901903974933606
-3.592802112672066,-3.5920124474045454,-3.590644075170265,-3.5888483027784224,-3.586734833902667,-3.584383909926456,-3.5818546502973003,-3.579190880248398,-3.5764252593773187,-3.5735822395941415,-3.570680204101783,-3.5677330261494755,-3.564751212388094,-3.561742746234,-3.5587137129949444,-3.5556687652404824,-3.552611470597278,-3.5495445726043084,-3.5464701870108306,-3.54338994995555,-3.5403051301548416,-3.5372167140841113,-3.5341254708320697,-3.5310320016112944,-3.5279367776545785,-3.524840169296435,-3.5217424683469742,-3.518643905348564,-3.515544662918832,-3.5124448860930912,-3.5093446903606504,-3.5062441679244505,-3.5031433925886635,-3.500042423584199,-3.496941308570135,-3.4938400859942265,-3.490738786953794,-3.4876374366662253,-3.484536055633751,-3.48143466056823,-3.4783332651271266,-3.4752318805005964,-3.472130515880902,-3.469029178838617,-3.465927875624825,-3.4628266114144353,-3.4597253905025416,-3.4566242164632444,-3.4535230922784104,-3.4504220204422964,-3.447321003046756,-3.444220041850783,-3.4411191383374073,-3.4380182937603423,-3.4349175091823207,-3.4318167855066584,-3.4287161235033112,-3.4256155238304333,-3.4225149870522436,-3.4194145136538743,-3.4163141040537366,-3.41321375861384,-3.4101134776484194,-3.4070132614311732,-3.4039131102013473,-3.40081302416885,-3.397713003518579,-3.3946130484140826,-3.3915131590006617,-3.3884133354080195,-3.3853135777525103,-3.382213886139078,-3.3791142606629148,-3.376014701410898,-3.372915208462834,-3.369815781892541,-3.366716421768805,-3.363617128156221,-3.360517901115946,-3.357418740706378,-3.354319646983773,-3.3512206200028203,-3.348121659817178,-3.3450227664799908,-3.3419239400443894,-3.338825180563989,-3.33572648809339,-3.3326278626886983,-3.32952930440807,-3.326430813312287,-3.323332389465391,-3.3202340329353675,-3.317135743794914,-3.3140375221223,-3.310939368002332,-3.307841281527465,-3.3047432627990654,-3.3016453119288753,-3.2985474290407057,-3.2954496142724055,-3.292351867778164,-3.2892541897312095,-3.2861565800550414,-3.2830590386799465,-3.2799615655423726,-3.2768641605843682,-3.2737668237530744,-3.270669555000277,-3.267572354282,-3.2644752215581403,-3.26137815679214,-3.2582811599506867,-3.2551842310034496,-3.2520873699228354,-3.248990576683767,-3.245893851263489,-3.2427971936413837,-3.2397006037988065,-3.236604081718938,-3.233507627386652,-3.2304112407883845,-3.2273149219120283,-3.224218670746828,-3.2211224872832838,-3.218026371513075,-3.2149303234289746,-3.2118343430247838,-3.2087384302952713,-3.205642585236114,-3.2025468078438517,-3.1994510981158415,-3.196355456050222,-3.193259881645889,-3.1901643749024684,-3.1870689358203084,-3.1839735644004707,-3.1808782606447465,-3.17778302455567,-3.174687856136563,-3.171592755391588,-3.1684977223258333,-3.1654027569454244,-3.1623078592576834,-3.1592130292713305,-3.156118266996761,-3.153023572446398,-3.149928945635169,-3.146834386581114,-3.1437398953061946,-3.140645471837347,-3.137551116207868,-3.134456828459228,-3.1313626086434607,-3.1282684568263153,-3.12517437309142,-3.12208035754579,-3.1189864103271487,-3.1158925316136603,-3.1127987216369144,-3.1097049806992865,-3.1066113091972105,-3.1035177076524523,-3.1004241767542413,-3.097330717416172,-3.094237330853262,-3.0911440186865486,-3.0880507830854556,-3.084957626962032,-3.081864554236677,-3.078771570202552,-3.075678682026628,-3.072585899440352,-3.06949323569412,-3.06640070887969,-3.0633083437670185,-3.06021617436215,-3.057124247478228,-3.0540326277335477,-3.0509414045646093,-3.0478507020912984,-3.0447606930289104,-3.0416716183559633,-3.0385838151877644,-3.0354977563756917,-3.0324141068998833,-3.0293338043652773,-3.0262581741634484,-3.023189094584128,-3.020129234014605,-3.0170823923071746,-3.0140539927818146,-3.011051792059257,-3.0080869045584477,-3.0051752803506266,-3.002339833000241,-2.999613491604572,-2.997043549367257,-2.9946977923877753,-2.99267298982662,-2.9911063419816935,-2.9901902735505828
-3.5928019831852716,-3.5920123179189236,-3.5906439456866965,-3.5888481732975763,-3.586734704425056,-3.5843837804524767,-3.581854520827261,-3.57919075078254,-3.5764251299158314,-3.573582110137174,-3.570680074649453,-3.567732896701876,-3.5647510829453006,-3.5617426167960713,-3.558713583561927,-3.555668635812415,-3.5526113411741913,-3.5495444431862277,-3.5464700575977774,-3.5433898205475396,-3.540305000751888,-3.537216584686225,-3.5341253414392577,-3.5310318722235654,-3.527936648271937,-3.524840039918886,-3.521742338974523,-3.518643775981214,-3.515544533556586,-3.5124447567359534,-3.5093445610086214,-3.5062440385775338,-3.503143263246858,-3.500042294247506,-3.4969411792385565,-3.493839956667763,-3.4907386576324475,-3.487637307349996,-3.4845359263226405,-3.4814345312622414,-3.4783331358262624,-3.475231751204856,-3.4721303865902855,-3.469029049553125,-3.4659277463444584,-3.462826482139194,-3.4597252612324274,-3.4566240871982576,-3.453522963018552,-3.4504218911875673,-3.4473208737971555,-3.4442199126063118,-3.4411190090980655,-3.4380181645261323,-3.434917379953242,-3.4318166562827113,-3.4287159942844974,-3.425615394616752,-3.4225148578436952,-3.41941438445046,-3.4163139748554574,-3.413213629420696,-3.41011334846041,-3.407013132248299,-3.403912981023609,-3.400812894996248,-3.397712874351115,-3.3946129192517573,-3.3915130298434764,-3.388413206255974,-3.3853134486056056,-3.382213756997314,-3.379114131526291,-3.3760145722794155,-3.3729150793364933,-3.369815652771343,-3.36671629265275,-3.3636169990453104,-3.3605177720101818,-3.35741861160576,-3.3543195178883005,-3.351220490912494,-3.3481215307319987,-3.3450226373999588,-3.3419238109695057,-3.3388250514942537,-3.3357263590288038,-3.332627733629262,-3.329529175353783,-3.326430684263151,-3.3233322604214055,-3.3202339038965336,-3.3171356147612325,-3.3140373930937703,-3.3109392389789547,-3.30784115250924,-3.3047431337859936,-3.301645182920957,-3.2985473000379426,-3.295449485274799,-3.292351738785715,-3.289254060743917,-3.2861564510729067,-3.283058909702969,-3.279961436570554,-3.276864031617709,-3.273766694791575,-3.2706694260439377,-3.2675722253308206,-3.2644750926121224,-3.261378027851283,-3.2582810310149926,-3.2551841020729193,-3.252087240997469,-3.248990447763566,-3.245893722348453,-3.2427970647315116,-3.2397004748940987,-3.236603952819396,-3.233507498492275,-3.2304111118991736,-3.2273147930279853,-3.224218541867953,-3.221122358409579,-3.2180262426445396,-3.214930194565609,-3.211834214166589,-3.2087383014422475,-3.205642456388262,-3.2025466790011716,-3.1994509692783333,-3.1963553272178866,-3.193259752818727,-3.1901642460804807,-3.187068807003494,-3.183973435588831,-3.1808781318382837,-3.1777828957543846,-3.1746877273404555,-3.171592626600659,-3.168497593540081,-3.1654026281648506,-3.1623077304822886,-3.1592129005011174,-3.1561181382317285,-3.1530234436865476,-3.1499288168804993,-3.1468342578316264,-3.143739766561891,-3.1406453430982277,-3.1375509874739325,-3.1344566997304764,-3.131362479919894,-3.1282683281079353,-3.125174244378225,-3.122080228837781,-3.118986281624327,-3.115892402916025,-3.1127985929444666,-3.1097048520120274,-3.1066111805151415,-3.1035175789755747,-3.1004240480825542,-3.0973305887496765,-3.094237202191957,-3.0911438900304353,-3.0880506544345336,-3.0849574983163026,-3.081864425596141,-3.0787714415672087,-3.0756785533964774,-3.0725857708153947,-3.069493107074358,-3.0664005802651224,-3.0633082151576474,-3.0602160457579766,-3.0571241188792517,-3.054032499139769,-3.0509412759760286,-3.0478505735079158,-3.0447605644507267,-3.0416714897829786,-3.0385836866199774,-3.035497627813102,-3.0324139783424897,-3.029333675813076,-3.026258045616435,-3.0231889660422953,-3.0201291054779418,-3.017082263775666,-3.0140538642554375,-3.0110516635379754,-3.008086776042209,-3.0051751518393544,-3.002339704493818,-2.9996133631028283,-2.9970434208699395,-2.9946976638945104,-2.992672861336863,-2.9911062134946538,-2.9901901450651294
-3.592801848952635,-3.592012183687502,-3.5906438114574026,-3.588848039071103,-3.586734570201933,-3.5843836462331153,-3.581854386611982,-3.5791906165715943,-3.5764249957094165,-3.573581975935445,-3.5706799404525316,-3.56773276250986,-3.5647509487582667,-3.561742482614081,-3.5587134493850296,-3.5556685016406493,-3.552611207007589,-3.549544309024814,-3.5464699234415717,-3.5433896863965595,-3.540304866606147,-3.537216450545736,-3.53412520730403,-3.5310317380936063,-3.5279365141472536,-3.524839905799484,-3.521742204860406,-3.518643641872387,-3.5155443994530517,-3.512444622637713,-3.5093444269156784,-3.5062439044898883,-3.5031431291645134,-3.5000421601704645,-3.4969410451668184,-3.4938398226013305,-3.490738523571321,-3.487637173294179,-3.484535792272133,-3.4814343972170434,-3.478333001786373,-3.475231617170277,-3.472130252561018,-3.4690289155291687,-3.465927612325814,-3.4628263481258625,-3.45972512722441,-3.456623953195555,-3.4535228290211646,-3.450421757195496,-3.447320739810402,-3.444219778624877,-3.4411188751219495,-3.438018030555336,-3.434917245987766,-3.431816522322556,-3.4287158603296626,-3.425615260667238,-3.4225147238995026,-3.4194142505115894,-3.416313840921909,-3.4132134954924704,-3.410113214537508,-3.4070129983307225,-3.403912847111357,-3.400812761089321,-3.397712740449513,-3.394612785355481,-3.3915128959525274,-3.3884130723703514,-3.38531331472531,-3.3822136231223463,-3.379113997656653,-3.3760144384151083,-3.3729149454775174,-3.369815518917698,-3.366716158804437,-3.3636168652023297,-3.3605176381725337,-3.3574184777734457,-3.3543193840613212,-3.3512203570908494,-3.3481213969156887,-3.345022503588985,-3.3419236771638676,-3.338824917693952,-3.33572622523384,-3.332627599839637,-3.329529041569497,-3.326430550484204,-3.323332126647798,-3.320233770128266,-3.317135480998306,-3.314037259336185,-3.3109391052267116,-3.3078410187623395,-3.304743000044436,-3.3016450491847444,-3.2985471663070745,-3.295449351549276,-3.2923516050655377,-3.2892539270290873,-3.2861563173634236,-3.2830587759988337,-3.2799613028717665,-3.2768638979242684,-3.273766561103483,-3.270669292361195,-3.267572091653429,-3.264474958940082,-3.2613778941845943,-3.2582808973536554,-3.2551839684169344,-3.252087107346837,-3.248990314118288,-3.245893588708529,-3.2427969310969424,-3.239700341264885,-3.236603819195538,-3.2335073648737733,-3.2304109782860286,-3.2273146594201974,-3.2242184082655223,-3.221122224812506,-3.218026109052826,-3.2149300609792544,-3.2118340805855947,-3.2087381678666143,-3.2056423228179898,-3.202546545436261,-3.199450835718785,-3.196355193663701,-3.193259619269904,-3.1901641125370213,-3.187068673465398,-3.1839733020561005,-3.180877998310918,-3.1777827622323853,-3.1746875938238235,-3.171592493089394,-3.1684974600341844,-3.1654024946643227,-3.1623075969871297,-3.1592127670113266,-3.156118004747307,-3.153023310207496,-3.1499286834068183,-3.146834124363317,-3.1437396330989538,-3.1406452096406645,-3.137550854021743,-3.1344565662836614,-3.1313623464784532,-3.1282681946718687,-3.1251741109475346,-3.1220800954124672,-3.1189861482043906,-3.1158922695014675,-3.112798459535288,-3.1097047186082283,-3.106611047116722,-3.1035174455825345,-3.100423914694894,-3.0973304553673975,-3.09423706881506,-3.091143756658921,-3.0880505210684013,-3.084957364955553,-3.0818642922407746,-3.078771308217226,-3.07567842005188,-3.072585637476183,-3.069492973740532,-3.066400446936683,-3.0633080818345957,-3.0602159124403117,-3.0571239855669745,-3.0540323658328785,-3.050941142674526,-3.0478504402118016,-3.0447604311600007,-3.0416713564976416,-3.038583553340029,-3.0354974945385402,-3.032413845073314,-3.0293335425492827,-3.02625791235802,-3.0231888327892507,-3.020128972230257,-3.017082130533325,-3.014053731018416,-3.0110515303062373,-3.008086642815701,-3.005175018617995,-3.002339571277488,-2.9996132298913496,-2.997043287663049,-2.9946975306918224,-2.992672728137812,-2.99110608029842,-2.99019001187054
-3.5928017098002303,-3.5920120445363586,-3.590643672308465,-3.5888478999250895,-3.5867344310593974,-3.584383507094484,-3.5818542474775863,-3.5791904774416925,-3.5764248565842114,-3.5735818368150967,-3.5706798013371674,-3.5677326233995794,-3.5647508096531495,-3.5617423435141924,-3.558713310290422,-3.5556683625513625,-3.5526110679236544,-3.5495441699462584,-3.546469784368416,-3.5433895473288217,-3.5403047275438415,-3.537216311488874,-3.534125068252622,-3.5310315990476617,-3.527936375106777,-3.524839766764481,-3.521742065830881,-3.5186435028483443,-3.5155442604344938,-3.5124444836246433,-3.5093442879081,-3.5062437654878047,-3.5031429901679267,-3.500042021179375,-3.4969409061812278,-3.493839683621239,-3.49073838459673,-3.487637034325088,-3.484535653308544,-3.4814342582589566,-3.47833286283379,-3.4752314782231988,-3.472130113619446,-3.469028776593104,-3.465927473395256,-3.4628262092008133,-3.459724988304869,-3.4566238142815235,-3.453522690112644,-3.450421618292486,-3.447320600912904,-3.444219639732891,-3.4411187362354765,-3.438017891674375,-3.4349171071123186,-3.4318163834526225,-3.428715721465244,-3.425615121808335,-3.422514585046116,-3.4194141116637202,-3.4163137020795578,-3.413213356655637,-3.4101130757061924,-3.4070128595049254,-3.40391270829108,-3.400812622274565,-3.3977126016402797,-3.39461264655177,-3.391512757154339,-3.3884129335776865,-3.385313175938169,-3.3822134843407294,-3.379113858880561,-3.376014299644542,-3.3729148067124783,-3.3698153801581867,-3.366716020050455,-3.363616726453876,-3.3605174994296085,-3.3574183390360486,-3.3543192453294535,-3.3512202183645123,-3.3481212581948845,-3.345022364873713,-3.341923538454129,-3.3388247789897467,-3.335726086535168,-3.3326274611464988,-3.329528902881894,-3.326430411802136,-3.3233319879712666,-3.320233631457271,-3.3171353423328473,-3.314037120676263,-3.3109389665723277,-3.307840880113493,-3.3047428614011283,-3.3016449105469747,-3.2985470276748443,-3.295449212922585,-3.292351466444387,-3.289253788413479,-3.2861561787533584,-3.2830586373943134,-3.279961164272792,-3.2768637593308405,-3.2737664225156013,-3.2706691537788597,-3.2675719530766396,-3.264474820368838,-3.261377755618897,-3.2582807587935063,-3.255183829862333,-3.252086968797783,-3.2489901755747814,-3.2458934501705707,-3.2427967925645333,-3.239700202738026,-3.2366036806742304,-3.233507226358018,-3.230410839775827,-3.2273145209155496,-3.224218269766429,-3.221122086318968,-3.2180259705648435,-3.214929922496829,-3.211833942108726,-3.208738029395301,-3.2056421843522345,-3.202546406976064,-3.199450697264147,-3.1963550552146223,-3.1932594808263848,-3.190163974099061,-3.1870685350329993,-3.183973163629263,-3.180877859889642,-3.1777826238166713,-3.1746874554136713,-3.171592354684804,-3.168497321635159,-3.165402356270863,-3.1623074585992357,-3.1592126286289997,-3.1561178663705483,-3.1530231718363053,-3.149928545041197,-3.1468339860032644,-3.14373949474447,-3.14064507129175,-3.1375507156783993,-3.1344564279458886,-3.1313622081462524,-3.1282680563452403,-3.125173972626479,-3.122079957096985,-3.118986009894482,-3.1158921311971333,-3.112798321236529,-3.1097045803150443,-3.1066109088291136,-3.103517307300503,-3.1004237764184404,-3.097330317096522,-3.094236930549763,-3.0911436183992023,-3.088050382814263,-3.0849572267069947,-3.0818641539977976,-3.0787711699798317,-3.075678281820069,-3.072585499249955,-3.0694928355198874,-3.0664003087216236,-3.063307943625121,-3.0602157742364233,-3.057123847368672,-3.0540322276401626,-3.050941004487396,-3.047850302030257,-3.044760292984043,-3.0416712183272696,-3.038583415175241,-3.035497356379337,-3.032413706919692,-3.02933340440124,-3.0262577742155514,-3.0231886946523496,-3.0201288340989128,-3.0170819924075203,-3.0140535928981254,-3.011051392191423,-3.0080865047063066,-3.0051748805139376,-3.0023394331786437,-2.999613091797534,-2.9970431495739915,-2.9946973926071223,-2.992672590056883,-2.9911059422204116,-2.990189873794236
-3.5928015655477816,-3.5920119002852173,-3.5906435280596116,-3.5888477556792693,-3.5867342868171805,-3.5843833628563124,-3.581854103243804,-3.579190333212567,-3.576424712359954,-3.573581692595873,-3.57067965712311,-3.5677324791907927,-3.5647506654497167,-3.5617421993161797,-3.5587131660978817,-3.555668218364338,-3.55261092374218,-3.5495440257703623,-3.5464696401981204,-3.5433894031641433,-3.540304583384797,-3.5372161673354743,-3.5341249241048764,-3.5310314549055777,-3.5279362309703632,-3.524839622633742,-3.5217419217058215,-3.5186433587289674,-3.5155441163208025,-3.5124443395166414,-3.5093441438057886,-3.5062436213911865,-3.5031428460770044,-3.500041877094149,-3.4969407621016995,-3.4938395395474116,-3.490738240528603,-3.487636890262664,-3.4845355092518235,-3.4814341142079432,-3.4783327187884843,-3.475231334183601,-3.4721299695855574,-3.469028632564925,-3.4659273293727884,-3.4628260651840566,-3.459724844293822,-3.456623670276187,-3.4535225461130183,-3.450421474298573,-3.447320456924703,-3.444219495750403,-3.4411185922587033,-3.438017747703318,-3.434916963146977,-3.4318162394929974,-3.428715577511336,-3.4256149778601452,-3.422514441103645,-3.419413967726969,-3.416313558148527,-3.4132132127303283,-3.4101129317866063,-3.4070127155910623,-3.4039125643829395,-3.400812478372148,-3.3977124577435855,-3.3946125026608,-3.391512613269093,-3.3884127896981653,-3.3853130320643743,-3.3822133404726626,-3.3791137150182236,-3.376014155787933,-3.372914662861597,-3.369815236313034,-3.3667158762110305,-3.363616582620182,-3.360517355601645,-3.3574181952138167,-3.3543191015129543,-3.351220074553746,-3.3481211143898504,-3.345022221074412,-3.341923394660562,-3.3388246352019144,-3.3357259427530703,-3.3326273173701373,-3.32952875911127,-3.3264302680372504,-3.3233318442121194,-3.3202334877038626,-3.317135198585179,-3.3140369769343363,-3.3109388228361416,-3.3078407363830493,-3.3047427176764272,-3.3016447668280167,-3.298546883961629,-3.2954490692151146,-3.292351322742662,-3.2892536447174985,-3.2861560350631236,-3.2830584937098237,-3.279961020594047,-3.276863615657841,-3.273766278848348,-3.2706690101173543,-3.267571809420884,-3.264474676718833,-3.2613776119746425,-3.258280615155003,-3.2551836862295827,-3.252086825170786,-3.248990031953539,-3.245893306555084,-3.242796648954802,-3.23970005913405,-3.2366035370760105,-3.2335070827655543,-3.2304106961891197,-3.227314377334599,-3.2242181261912357,-3.221121942749533,-3.2180258270011666,-3.2149297789389113,-3.211833798556568,-3.2087378858489046,-3.2056420408115986,-3.2025462634411896,-3.1994505537350344,-3.1963549116912726,-3.193259337308798,-3.190163830587239,-3.1870683915269424,-3.183973020128972,-3.180877716395117,-3.1777824803279144,-3.174687311930684,-3.171592211207586,-3.1684971781637103,-3.165402212805182,-3.162307315139324,-3.159212485174857,-3.156117722922175,-3.153023028393703,-3.149928401604366,-3.1468338425722067,-3.1437393513191854,-3.14064492787224,-3.1375505722646646,-3.1344562845379302,-3.131362064744071,-3.1282679129488353,-3.1251738292358513,-3.1220798137121357,-3.1189858665154113,-3.1158919878238414,-3.1127981778690157,-3.1097044369533116,-3.106610765473161,-3.1035171639503307,-3.100423633074049,-3.097330173757913,-3.0942367872169374,-3.091143475072161,-3.088050239493006,-3.0849570833915236,-3.081864010688112,-3.078771026675932,-3.0756781385219547,-3.072585355957628,-3.0694926922333488,-3.0664001654408732,-3.063307800350159,-3.0602156309672495,-3.057123704105288,-3.0540320843825706,-3.050940861235597,-3.047850158784251,-3.0447601497438295,-3.0416710750928475,-3.038583271946611,-3.035497213156497,-3.0324135637026406,-3.029333261189974,-3.0262576310100666,-3.023188551452638,-3.0201286909049614,-3.017081849219312,-3.0140534497156337,-3.0110512490146086,-3.0080863615351103,-3.005174737348272,-3.0023392900183814,-2.9996129486424836,-2.99704300642387,-2.994697249461516,-2.9926724469151833,-2.9911057990817382,-2.9901897306573293
-3.5928014160083883,-3.592011750747179,-3.590643378523944,-3.5888476061467447,-3.5867341372883916,-3.584383213331717,-3.5818539537237575,-3.5791901836973485,-3.5764245628497813,-3.5735815430909192,-3.5706795076235114,-3.5677323296966574,-3.564750515961131,-3.561742049833212,-3.5587130166205876,-3.5556680688927607,-3.552610774276356,-3.5495438763103206,-3.5464694907438847,-3.5433892537157328,-3.540304433942225,-3.5372160178987535,-3.5341247746740163,-3.5310313054805857,-3.527936081551246,-3.5248394732205077,-3.5217417722984745,-3.5186432093275126,-3.5155439669252457,-3.512444190126983,-3.5093439944220313,-3.506243472013332,-3.5031426967050536,-3.5000417277281057,-3.496940612741564,-3.4938393901931866,-3.490738091180291,-3.4876367409202658,-3.48453535991534,-3.4814339648773736,-3.4783325694638303,-3.475231184864864,-3.472129820272736,-3.469028483258021,-3.465927180071802,-3.4628259158889896,-3.459724695004676,-3.456623520992962,-3.453522396835716,-3.4504213250271927,-3.4473203076592456,-3.4442193464908692,-3.441118443005093,-3.4380175984556325,-3.434916813905218,-3.4318160902571653,-3.4287154282814307,-3.4256148286361667,-3.422514291885594,-3.4194138185148457,-3.416313408942333,-3.4132130635300637,-3.410112782592274,-3.407012566402662,-3.4039124152004714,-3.400812329195613,-3.3977123085729852,-3.3946123534961345,-3.3915124641103636,-3.3884126405453716,-3.385312882917516,-3.38221319133174,-3.3791135658832365,-3.3760140066588833,-3.3729145137384857,-3.369815087195862,-3.3667157270997983,-3.3636164335148897,-3.3605172065022937,-3.357418046120407,-3.3543189524254866,-3.35121992547222,-3.348120965314267,-3.3450220720047716,-3.341923245596866,-3.3388244861441643,-3.335725793701267,-3.3326271683242803,-3.329528610071359,-3.326430119003287,-3.323331695184104,-3.3202333386817964,-3.3171350495690626,-3.3140368279241703,-3.3109386738319273,-3.3078405873847867,-3.3047425686841176,-3.3016446178416605,-3.2985467349812274,-3.295448920240667,-3.2923511737741693,-3.289253495754962,-3.286155886106543,-3.283058344759201,-3.2799608716493824,-3.276863466719135,-3.2737661299156016,-3.270668861190567,-3.267571660500056,-3.264474527803967,-3.261377463065739,-3.258280466252062,-3.255183537332605,-3.2520866762797724,-3.2489898830684893,-3.245893157675998,-3.242796500081681,-3.2396999102668946,-3.2366033882148204,-3.23350693391033,-3.2304105473398628,-3.2273142284913106,-3.224217977353917,-3.2211217939181833,-3.2180256781757874,-3.214929630119503,-3.2118336497431312,-3.20873773704144,-3.2056418920101075,-3.202546114645673,-3.199450404945491,-3.1963547629077036,-3.1932591885312047,-3.1901636818156223,-3.187068242761302,-3.1839728713693085,-3.1808775676414314,-3.1777823315802065,-3.174687163188953,-3.171592062471835,-3.1684970294339387,-3.1654020640813925,-3.1623071664215154,-3.1592123364630313,-3.1561175742163328,-3.1530228796938444,-3.149928252910492,-3.146833693884318,-3.143739202637283,-3.1406447791963235,-3.1375504235947345,-3.134456135873987,-3.1313619160861146,-3.1282677642968673,-3.1251736805898718,-3.1220796650721447,-3.1189857178814093,-3.1158918391958297,-3.1127980292469952,-3.109704288337281,-3.1066106168631227,-3.1035170153462857,-3.1004234844759986,-3.0973300251658573,-3.094236638630877,-3.091143326492096,-3.0880500909189377,-3.084956934823453,-3.081863862126039,-3.078770878119857,-3.0756779899718785,-3.0725852074135513,-3.069492543695271,-3.066400016908795,-3.0633076518240805,-3.060215482447172,-3.057123555591212,-3.0540319358744963,-3.0509407127335253,-3.047850010288184,-3.0447600012537657,-3.0416709266087874,-3.0385831234685536,-3.0354970646844417,-3.032413415236585,-3.029333112729915,-3.0262574825559985,-3.0231884030045526,-3.0201285424628477,-3.017081700783151,-3.0140533012853985,-3.0110511005902594,-3.008086213116586,-3.0051745889354837,-3.002339141611195,-2.999612800240702,-2.9970428580272013,-2.994697101069528,-2.9926722985272467,-2.99110565069694,-2.990189582274363
-3.5928012609883235,-3.592011595728517,-3.59064322350774,-3.5888474511337995,-3.586733982279319,-3.5843830583269916,-3.5818537987237478,-3.5791900287023437,-3.576424407860009,-3.5735813881065583,-3.570679352644702,-3.567732174723512,-3.564750360993739,-3.5617418948716435,-3.5587128616648984,-3.555667913942997,-3.5526106193325537,-3.5495437213725087,-3.5464693358120876,-3.5433890987899708,-3.5403042790225134,-3.5372158629851067,-3.5341246197664464,-3.531031150579102,-3.5279359266558568,-3.5248393183312174,-3.521741617415289,-3.518643054450434,-3.5155438120542772,-3.5124440352621296,-3.509343839563295,-3.5062433171607155,-3.503142541858559,-3.500041572887734,-3.4969404579073187,-3.4938392353650674,-3.4907379363582995,-3.487636586104402,-3.4845352051056055,-3.481433810073769,-3.4783324146663563,-3.4752310300735223,-3.472129665487528,-3.469028328478948,-3.465927025298866,-3.46282576112219,-3.4597245402440144,-3.456623366238439,-3.453522242087331,-3.4504211702849465,-3.4473201529231385,-3.444219191760902,-3.441118288281267,-3.438017443737949,-3.4349166591936786,-3.431815935551771,-3.4287152735821818,-3.4256146739430644,-3.422514137198639,-3.4194136638340393,-3.4163132542676746,-3.4132129088615524,-3.4101126279299088,-3.407012411746445,-3.403912260550404,-3.400812174551695,-3.3977121539352164,-3.3946121988645164,-3.391512309484896,-3.3884124859260565,-3.3853127283043554,-3.3822130367247336,-3.3791134112823857,-3.3760138520641885,-3.3729143591499473,-3.3698149326134805,-3.3667155725235736,-3.3636162789448236,-3.360517051938387,-3.35741789156266,-3.3543187978738995,-3.3512197709267944,-3.348120810775004,-3.3450219174716715,-3.341923091069929,-3.3388243316233894,-3.335725639186657,-3.332627013815836,-3.3295284555690805,-3.3264299645071738,-3.3233315406941566,-3.3202331841980155,-3.317134895091449,-3.3140366734527253,-3.310938519366651,-3.307840432925682,-3.3047424142311836,-3.3016444633948985,-3.2985465805406378,-3.29544876580625,-3.2923510193459253,-3.2892533413328913,-3.2861557316906467,-3.2830581903494784,-3.2799607172458356,-3.2768633123217645,-3.273765975524408,-3.270668706805552,-3.26757150612122,-3.2644743734313084,-3.261377308699259,-3.2582803118917614,-3.2551833829784838,-3.2520865219318322,-3.248989728726731,-3.245893003340423,-3.2427963457522906,-3.2396997559436893,-3.2366032338978012,-3.233506779599497,-3.230410393035216,-3.2273140741928503,-3.2242178230616427,-3.2211216396320967,-3.2180255238958884,-3.214929475845793,-3.211833495475611,-3.208737582780111,-3.20564173775497,-3.2025459603967272,-3.1994502507027387,-3.196354608671146,-3.193259034300843,-3.190163527591455,-3.1870680885433296,-3.183972717157532,-3.18087741343585,-3.177782177380822,-3.1746870089957677,-3.1715919082848485,-3.168496875253152,-3.1654019099068056,-3.1623070122531294,-3.159212182300846,-3.156117420060349,-3.153022725544063,-3.1499280987669143,-3.1468335397469436,-3.143739048506112,-3.140644625071357,-3.137550269475974,-3.1344559817614335,-3.131361761979769,-3.12826761019673,-3.125173526495943,-3.1220795109844257,-3.118985563799901,-3.115891685120532,-3.1127978751779084,-3.109704134274406,-3.1066104628064615,-3.1035168612958377,-3.100423330431764,-3.097329871127836,-3.09423648459907,-3.0911431724665053,-3.0880499368995626,-3.0849567808102942,-3.081863708119098,-3.0787707241191353,-3.0756778359773773,-3.07258505342527,-3.0694923897132105,-3.0663998629329554,-3.0633074978544643,-3.0602153284837783,-3.057123401634042,-3.0540317819235496,-3.0509405587888017,-3.047849856349683,-3.0447598473214876,-3.0416707726827323,-3.038582969548721,-3.03549691077083,-3.0324132613291925,-3.0293329588287374,-3.0262573286610306,-3.023188249115786,-3.02012838858027,-3.017081546906744,-3.0140531474151344,-3.0110509467260953,-3.0080860592584613,-3.0051744350833043,-3.0023389877648223,-2.9996126463999313,-2.9970427041917294,-2.994696947238909,-2.9926721447008275,-2.991105496873774,-2.990189428453096
-3.5928011002867315,-3.592011435028382,-3.590643062810153,-3.588847290439589,-3.586733821589122,-3.5843828976413,-3.5818536380429453,-3.57918986802673,-3.5764242471898187,-3.5735812274419754,-3.570679191985873,-3.5677320140705544,-3.5647502003467455,-3.5617417342306883,-3.5587127010300406,-3.555667753314283,-3.552610458710024,-3.549543560756194,-3.546469175202012,-3.5433889381861534,-3.540304118424972,-3.5372157023938535,-3.534124459181493,-3.531030990000458,-3.5279357660835275,-3.5248391577652094,-3.5217414568556062,-3.518642893897082,-3.51554365150726,-3.5124438747214497,-3.5093436790289565,-3.5062431566327206,-3.5031423813369083,-3.50004141237243,-3.496940297398363,-3.493839074862461,-3.4907377758620446,-3.487636425614501,-3.4845350446220595,-3.4814336495965787,-3.4783322541955224,-3.4752308696090455,-3.47212950502941,-3.4690281680271893,-3.465926864853467,-3.4628256006831535,-3.4597243798113397,-3.456623205812128,-3.4535220816673835,-3.450421009871365,-3.447319992515923,-3.4442190313600536,-3.441118127886786,-3.438017283349836,-3.4349164988119334,-3.4318157751763945,-3.4287151132131735,-3.4256145135804266,-3.4225139768423722,-3.419413503484143,-3.41631309392415,-3.413212748524401,-3.4101124675991326,-3.4070122514220444,-3.403912100232379,-3.4008120142400466,-3.397711993629946,-3.394612038565623,-3.3915121491923808,-3.38841232563992,-3.385312568024597,-3.382212876451355,-3.379113251015387,-3.3760136918035686,-3.372914198895709,-3.369814772365624,-3.3667154122821006,-3.3636161187097335,-3.360516891709681,-3.3574177313403384,-3.354318637657963,-3.3512196107172443,-3.34812065057184,-3.3450217572748957,-3.341922930879541,-3.338824171439392,-3.3357254790090494,-3.3326268536446184,-3.3295282954042547,-3.3264298043487406,-3.3233313805421165,-3.3202330240523694,-3.3171347349521976,-3.3140365133198677,-3.3109383592401893,-3.307840272805615,-3.3047422541175124,-3.301644303287624,-3.2985464204397608,-3.2954486057117713,-3.2923508592578457,-3.289253181251211,-3.2861555716153665,-3.2830580302806003,-3.27996055718336,-3.276863152265692,-3.27376581547474,-3.2706685467622885,-3.267571346084362,-3.264474213400856,-3.261377148675213,-3.258280151874122,-3.255183222967252,-3.252086361927009,-3.248989568728317,-3.2458928433484178,-3.242796185766695,-3.239699595964505,-3.2366030739250284,-3.2335066196331366,-3.2304102330752675,-3.227313914239314,-3.224217663114521,-3.2211214796913894,-3.218025363961597,-3.2149293159179178,-3.211833335554153,-3.2087374228650694,-3.2056415778463463,-3.2025458004945224,-3.199450090806954,-3.1963544487817805,-3.193258874417897,-3.19016336771493,-3.187067928673228,-3.1839725572938544,-3.1808772535785974,-3.1777820175299936,-3.1746868491513633,-3.1715917484468696,-3.1684967154216004,-3.1654017500816813,-3.1623068524344338,-3.159212022488579,-3.1561172602545113,-3.153022565744656,-3.1499279389739376,-3.146833379960398,-3.143738888725998,-3.140644465297676,-3.1375501097087266,-3.13445582200062,-3.13136160222539,-3.128267450448785,-3.1251733667544337,-3.122079351249352,-3.1189854040712643,-3.1158915253983337,-3.112797715462149,-3.109703974565087,-3.106610303103582,-3.103516701599399,-3.100423170741767,-3.097329711444282,-3.094236324921958,-3.0911430127958366,-3.088049777235338,-3.084956621152514,-3.081863548467763,-3.0787705644742456,-3.0756776763389344,-3.0725848937932745,-3.0694922300876635,-3.0663997033138584,-3.0633073382418163,-3.0602151688775816,-3.0571232420342955,-3.0540316223302546,-3.0509403992019584,-3.0478496967692914,-3.044759687747548,-3.0416706131152433,-3.0385828099876817,-3.0354967512162396,-3.032413101781049,-3.0293327992870385,-3.02625716912577,-3.0231880895869554,-3.020128229057857,-3.01708138739073,-3.014052987905489,-3.0110507872227745,-3.0080858997614,-3.0051742755924065,-3.0023388282799446,-2.9996124869208614,-2.9970425447181532,-2.9946967877703634,-2.9926719852366364,-2.991105337412955,-2.9901892689942464
-3.5928009336954188,-3.592011268438578,-3.5906428962229886,-3.588847123855924,-3.586733655009618,-3.584382731066468,-3.581853471473184,-3.5791897014623486,-3.5764240806310608,-3.573581060889034,-3.5706790254389005,-3.5677318475296707,-3.5647500338120457,-3.5617415677022493,-3.5587125345079227,-3.555667586798537,-3.5526102922006872,-3.5495433942532983,-3.5464690087055835,-3.5433887716962125,-3.5403039519415356,-3.5372155359169346,-3.5341242927111014,-3.531030823536602,-3.527935599626216,-3.52483899131445,-3.521741290411406,-3.5186427274594454,-3.5155434850761895,-3.5124437082969497,-3.5093435126110304,-3.50624299022137,-3.503142214932137,-3.5000412459742396,-3.496940131006755,-3.4938389084774375,-3.4907376094836065,-3.4876362592426493,-3.4845348782567958,-3.481433483237905,-3.478332087843438,-3.4752307032635508,-3.4721293386905066,-3.469028001694878,-3.4659266985277473,-3.462825434364026,-3.4597242134988067,-3.4566230395061903,-3.453521915368044,-3.450420843578624,-3.447319826229784,-3.4442188650805154,-3.4411179616138488,-3.4380171170834988,-3.434916332552198,-3.4318156089232605,-3.428714946966643,-3.4256143473404994,-3.4225138106090487,-3.4194133372574247,-3.4163129277040376,-3.4132125823108956,-3.410112301392234,-3.407012085221753,-3.403911934038695,-3.4008118480529705,-3.3977118274494784,-3.3946118723917653,-3.391511983025133,-3.3884121594792838,-3.3853124018705736,-3.382212710303945,-3.3791130848745903,-3.376013525669388,-3.3729140327681435,-3.369814606244675,-3.3667152461677685,-3.36361595260202,-3.3605167256085866,-3.357417565245864,-3.3543184715701093,-3.3512194446360115,-3.348120484497229,-3.3450215912069075,-3.341922764818176,-3.33882400538465,-3.33572531296093,-3.332626687603123,-3.3295281293693835,-3.3264296383204948,-3.3233312145204974,-3.3202328580373774,-3.3171345689438345,-3.314036347318135,-3.3109381932450868,-3.3078401068171432,-3.304742088135672,-3.3016441373124157,-3.2985462544711845,-3.2954484397498285,-3.292350693302536,-3.289253015302536,-3.2861554056733278,-3.283057864345197,-3.2799603912545936,-3.2768629863435628,-3.273765649559248,-3.2706683808534347,-3.2675711801821463,-3.2644740475052805,-3.2613769827862784,-3.258279985991829,-3.255183057091601,-3.2520861960580003,-3.2489894028659516,-3.2458926774926975,-3.2427960199176202,-3.239699430122075,-3.236602908089245,-3.233506453804001,-3.230410067252781,-3.2273137484234784,-3.2242174973053355,-3.221121313888855,-3.218025198165714,-3.214929150128687,-3.2118331697715745,-3.208737257089144,-3.2056414120770738,-3.2025456347319037,-3.199449925050989,-3.196354283032471,-3.1932587086752444,-3.190163201978935,-3.1870677629438897,-3.1839723915711735,-3.1808770878625756,-3.177781851820632,-3.174686683448664,-3.1715915827508323,-3.168496549732225,-3.1654015843989685,-3.162306686758384,-3.159211856819194,-3.1561170945917927,-3.153022400088604,-3.1499277733245523,-3.146833214317681,-3.14373872308995,-3.1406442996682964,-3.1375499440860155,-3.134455656384578,-3.131361436616017,-3.128267284846083,-3.125173201158403,-3.1220791856599943,-3.118985238488579,-3.115891359822321,-3.112797549892811,-3.1097038090024243,-3.106610137547595,-3.1035165360500887,-3.1004230051991333,-3.0973295459083254,-3.0942361593926817,-3.091142847273239,-3.088049611719422,-3.08495645564328,-3.081863382965212,-3.0787703989783775,-3.0756775108497494,-3.0725847283107734,-3.069492064611846,-3.066399537844725,-3.063307172779368,-3.060215003421819,-3.0571230765852198,-3.054031456887866,-3.050940233766257,-3.047849531340277,-3.0447595223252213,-3.0416704476996053,-3.038582644578731,-3.0354965858139744,-3.0324129363854673,-3.029332633898136,-3.0262570037435417,-3.023187924211393,-3.020128063688947,-3.0170812220284517,-3.0140528225498127,-3.0110506218736557,-3.008085734418771,-3.0051741102561667,-3.0023386629499456,-2.999612321596882,-2.9970423793998684,-2.9946966224572935,-2.9926718199280793,-2.9911051721078947,-2.9901891036912267
-3.5928007609985815,-3.5920110957433056,-3.590642723530454,-3.588846951167021,-3.5867334823250276,-3.5843825583867193,-3.5818532987986877,-3.5791895287934277,-3.5764239079679685,-3.573580888231969,-3.57067885278802,-3.567731674885099,-3.564749861173882,-3.5617413950705723,-3.5587123618827965,-3.555667414180012,-3.552610119588805,-3.5495432216480918,-3.5464688361070795,-3.543388599104432,-3.5403037793564955,-3.537215363338651,-3.534124120139586,-3.531030650971866,-3.527935427068267,-3.5248388187632944,-3.521741117867049,-3.5186425549218927,-3.515543312545446,-3.5124435357730173,-3.5093433400939116,-3.5062428177110676,-3.5031420424286543,-3.500041073477579,-3.4969399585169176,-3.493838735994425,-3.49073743700742,-3.4876360867732887,-3.484534705794263,-3.4814333107822018,-3.478331915394567,-3.4752305308215132,-3.4721291662553035,-3.4690278292665093,-3.465926526106216,-3.462825261949332,-3.45972404109095,-3.4566228671051715,-3.4535217429738636,-3.450420671191282,-3.4473196538492794,-3.44421869270685,-3.441117789247024,-3.4380169447235174,-3.434916160199059,-3.431815436576965,-3.4287147746271915,-3.4256141750078926,-3.4225136382832875,-3.419413164938511,-3.4163127553919717,-3.413212410005679,-3.4101121290938674,-3.407011912930238,-3.403911761754032,-3.4008116757751616,-3.397711655178523,-3.3946117001276654,-3.391511810767889,-3.3884119872288965,-3.3853122296270426,-3.382212538067271,-3.3791129126447754,-3.3760133534464325,-3.3729138605520474,-3.3698144340354377,-3.3667150739653917,-3.363615780406503,-3.3605165534199304,-3.35741739306407,-3.354318299395178,-3.3512192724679424,-3.3481203123360235,-3.3450214190525647,-3.3419225926706977,-3.338823833244037,-3.3357251408271837,-3.332626515476245,-3.3295279572493746,-3.326429466207355,-3.323331042414228,-3.3202326859379796,-3.3171343968513067,-3.314036175232477,-3.310938021166301,-3.307839934745229,-3.3047419160706317,-3.3016439652542493,-3.2985460824198936,-3.295448267705413,-3.292350521264997,-3.2892528432718735,-3.286155233649543,-3.2830576923282915,-3.2799602192445674,-3.2768628143404177,-3.2737654775629847,-3.2706682088640537,-3.267571008199649,-3.264473875529667,-3.2613768108175494,-3.2582798140299856,-3.2551828851366444,-3.252086024109931,-3.2489892309247694,-3.245892505558403,-3.242795847990214,-3.2396992582015587,-3.2366027361756182,-3.2335062818972644,-3.230409895352936,-3.227313576530525,-3.2242173254192763,-3.22112114200969,-3.218025026293444,-3.214928978263312,-3.2118329979130955,-3.2087370852375616,-3.2056412402323895,-3.202545462894117,-3.1994497532201036,-3.196354111208487,-3.193258536858161,-3.190163030168753,-3.1870675911406092,-3.183972219774795,-3.1808769160730996,-3.17778168003806,-3.1746865116729954,-3.171591410982068,-3.168496377970367,-3.1654014126440178,-3.1623065150103415,-3.1592116850780596,-3.1561169228575654,-3.153022228361286,-3.1499276016041446,-3.1468330426041833,-3.1437385513833638,-3.140644127968623,-3.137549772393256,-3.1344554846987323,-3.131361264937087,-3.1282671131740694,-3.1251730294933067,-3.122079014001815,-3.118985066837318,-3.115891188177979,-3.112797378255389,-3.109703637371923,-3.1066099659240156,-3.1035163644334314,-3.100422833589399,-3.097329374305514,-3.094235987796793,-3.091142675684275,-3.0880494401373815,-3.0849562840681646,-3.081863211397021,-3.0787702274171127,-3.075677339295412,-3.0725845567633634,-3.0694918930713655,-3.066399366311175,-3.0633070012527495,-3.0602148319021327,-3.0571229050724655,-3.054031285382043,-3.050940062267367,-3.0478493598483203,-3.044759350840198,-3.0416702762215153,-3.038582473107575,-3.035496414349751,-3.0324127649281736,-3.029332462447769,-3.0262568323000942,-3.0231877527748554,-3.020127892259305,-3.0170810506056847,-3.0140526511338894,-3.01105045046453,-3.0080855630163734,-3.005173938860393,-3.0023384915606415,-2.9996121502138196,-2.9970422080227075,-2.9946964510855376,-2.992671648561001,-2.9911050007444384,-2.9901889323298856
-3.592800581972465,-3.592010916718811,-3.590642544508799,-3.5888467721491275,-3.5867333033116053,-3.584382379378316,-3.5818531197957286,-3.5791893497962475,-3.57642372897683,-3.573580709247078,-3.57067867380954,-3.567731495913161,-3.5647496822085887,-3.5617412161120066,-3.558712182931023,-3.5556672352350835,-3.552609940650764,-3.5495430427169703,-3.5464686571829054,-3.5433884201872283,-3.540303600446282,-3.5372151844354414,-3.534123941243393,-3.5310304720827004,-3.5279352481861377,-3.524838639888208,-3.5217409389990113,-3.5186423760609093,-3.515543133691521,-3.5124433569261555,-3.5093431612541153,-3.506242638878339,-3.503141863602995,-3.500040894658992,-3.4969397797054054,-3.4938385571899877,-3.49073725821006,-3.487635907983009,-3.4845345270110633,-3.4814331320060825,-3.4783317366255297,-3.475230352059558,-3.4721289875004318,-3.469027650518723,-3.465926347365515,-3.4628250832157175,-3.4597238623644246,-3.4566226883857354,-3.4535215642615165,-3.450420492486025,-3.447319475151114,-3.4442185140157773,-3.4411176105630448,-3.4380167660466308,-3.434915981529266,-3.431815257914267,-3.428714595971591,-3.4256139963593895,-3.4225134596418827,-3.419412986304204,-3.416312576764764,-3.413212231385571,-3.410111950480859,-3.407011734324329,-3.403911583155225,-3.4008114971834558,-3.3977114765939196,-3.3946115215501647,-3.391511632197493,-3.388411808665606,-3.3853120510708585,-3.382212359518194,-3.3791127341028044,-3.3760131749115683,-3.3729136820242926,-3.3698142555147945,-3.3667148954518593,-3.363615601900082,-3.360516374920621,-3.357417214571872,-3.3543181209100936,-3.351219093989973,-3.3481201338651694,-3.3450212405888275,-3.341922414214078,-3.3388236547945356,-3.335724962384801,-3.332626337040981,-3.32952777882123,-3.326429287786331,-3.323330864000324,-3.3202325075311974,-3.3171342184516472,-3.314035996839942,-3.3109378427808904,-3.307839756366946,-3.304741737699475,-3.3016437868902213,-3.298545904062994,-3.2954480893556433,-3.292350342922358,-3.289252664936366,-3.286155055321166,-3.2830575140070457,-3.279960040930453,-3.2768626360334356,-3.273765299263135,-3.270668030571338,-3.2675708299140687,-3.2644736972512227,-3.2613766325462414,-3.2582796357658146,-3.255182706879611,-3.2520858458600355,-3.2489890526820124,-3.245892327322786,-3.2427956697617377,-3.2396990799802245,-3.236602557961428,-3.2335061036902184,-3.230409717153035,-3.2273133983377695,-3.224217147233665,-3.2211209638312255,-3.2180248481221265,-3.2149288000991416,-3.2118328197560735,-3.20873690708769,-3.205641062089667,-3.202545284758545,-3.1994495750916814,-3.1963539330872157,-3.1932583587440435,-3.19016285206179,-3.187067413040803,-3.183972041682146,-3.180876737987608,-3.1777815019597258,-3.174686333601819,-3.171591232918051,-3.168496199913508,-3.165401234594318,-3.1623063369678017,-3.159211507042681,-3.15611674482935,-3.153022050340233,-3.1499274235902552,-3.1468328645974593,-3.143738373383806,-3.1406439499762318,-3.137549594408031,-3.1344553067206746,-3.131361086966198,-3.1282669352103483,-3.125172851536755,-3.122078836052434,-3.118984888895109,-3.1158910102429425,-3.1127972003275257,-3.1097034594512336,-3.1066097880105,-3.103516186527091,-3.1004226556902346,-3.0973291964135274,-3.0942358099119858,-3.0911424978066457,-3.088049262266931,-3.084956106204893,-3.08186303354093,-3.0787700495682033,-3.0756771614536835,-3.0725843789288168,-3.069491715244002,-3.066399188490996,-3.0633068234397545,-3.060214654096322,-3.057122727273841,-3.054031107590606,-3.050939884483117,-3.047849182071258,-3.0447591730703234,-3.0416700984588285,-3.0385822953520747,-3.035496236601436,-3.0324125871870415,-3.0293322847138158,-3.0262566545733143,-3.02318757505524,-3.020127714546838,-3.0170808729003444,-3.0140524734356435,-3.0110502727733293,-3.0080853853321443,-3.0051737611830287,-3.002338313889982,-2.999611972549629,-2.997042030364638,-2.9946962734330738,-2.9926714709133893,-2.9911048231005855,-2.990188754688226
-3.59280039638515,-3.5920107311331777,-3.5906423589261083,-3.5888465865703387,-3.5867331177374537,-3.584382193809371,-3.581852934232433,-3.5791891642389455,-3.576423543425791,-3.5735805237025176,-3.570678488271627,-3.5677313103820283,-3.5647494966843434,-3.561741030594733,-3.5587119974207897,-3.5556670497319454,-3.552609755154765,-3.549542857228147,-3.5464684717012864,-3.5433882347128383,-3.5403034149791393,-3.5372149989755615,-3.534123755790789,-3.5310302866373813,-3.5279350627481123,-3.5248384544574844,-3.5217407535755942,-3.518642190644804,-3.515542948282731,-3.5124431715246853,-3.509342975859969,-3.5062424534915198,-3.503141678223505,-3.5000407092868318,-3.496939594340576,-3.493838371832493,-3.4907370728599005,-3.4876357226401855,-3.4845343416755767,-3.4814329466779346,-3.478331551304722,-3.475230166746093,-3.472128802194309,-3.469027465219944,-3.4659261620740813,-3.4628248979316303,-3.459723677087684,-3.4566225031163422,-3.4535213789994725,-3.4504203072313313,-3.44731928990377,-3.4442183287757846,-3.441117425330405,-3.4380165808213445,-3.434915796311335,-3.4318150727036922,-3.428714410768371,-3.4256138111635264,-3.4225132744533773,-3.4194128011230562,-3.4163123915909743,-3.413212046219139,-3.410111765321788,-3.407011549172619,-3.4039113980108766,-3.40081131204647,-3.3977112914642973,-3.3946113364279062,-3.391511447082599,-3.3884116235580763,-3.385311865970695,-3.3822121744253977,-3.3791125490173766,-3.376012989833511,-3.372913496953605,-3.3698140704514774,-3.3667147103959136,-3.3636154168515104,-3.360516189879423,-3.357417029538049,-3.3543179358836452,-3.3512189089708997,-3.348119948853472,-3.3450210555845072,-3.3419222292171358,-3.3388234698049724,-3.335724777402617,-3.332626152066177,-3.3295275938538067,-3.3264291028262902,-3.323330679047667,-3.320232322585923,-3.317134033513757,-3.314035811909437,-3.3109376578577714,-3.307839571451214,-3.30474155279113,-3.301643601989263,-3.2985457191694243,-3.295447904469463,-3.292350158043569,-3.2892524800649685,-3.286154870457161,-3.283057329150433,-3.279959856081234,-3.2768624511916107,-3.2737651144287057,-3.270667845744304,-3.2675706450944295,-3.26447351243898,-3.2613764477413962,-3.258279450968368,-3.2551825220895636,-3.252085661077389,-3.2489888679067684,-3.2458921425549447,-3.2427954850013,-3.23969889522719,-3.236602373215796,-3.233505918951991,-3.2304095324222133,-3.2273132136143543,-3.2242169625176578,-3.221120779122626,-3.2180246634209366,-3.214928615405363,-3.2118326350697073,-3.208736722408736,-3.2056408774181278,-3.2025451000944205,-3.199449390434972,-3.1963537484379216,-3.193258174102164,-3.190162667427326,-3.187067228413756,-3.183971857062516,-3.180876553375396,-3.177781317354933,-3.174686149004447,-3.1715910483280996,-3.1684960153309785,-3.1654010500192107,-3.162306152400118,-3.1592113224824208,-3.156116560276514,-3.1530218657948224,-3.149927239052271,-3.146832680066901,-3.1437381888606746,-3.140643765460528,-3.137549409899757,-3.1344551222198325,-3.131360902472787,-3.1282667507243707,-3.125172667058211,-3.122078651581325,-3.118984704431434,-3.1158908257867033,-3.1127970158787215,-3.109703275009865,-3.106609603576568,-3.1035160021005956,-3.100422471271177,-3.0973290120019077,-3.094235625507804,-3.0911423134099043,-3.0880490778776313,-3.0849559218230365,-3.081862849166518,-3.0787698652012363,-3.0756769770941625,-3.0725841945767427,-3.0694915308993744,-3.0663990041538147,-3.063306639110023,-3.06021446977404,-3.057122542959008,-3.0540309232832232,-3.0509397001831857,-3.0478489977787784,-3.0447589887852953,-3.0416699141812513,-3.0385821110819466,-3.0354960523387544,-3.0324124029318056,-3.029332100466021,-3.0262564703329544,-3.023187390822305,-3.0201275303213135,-3.0170806886822077,-3.014052289224861,-3.0110500885698506,-3.008085201135895,-3.005173576993897,-3.0023381297078027,-2.999611788374156,-2.997041846195508,-2.994696089269754,-2.992671286755098,-2.991104638946189,-2.990188570536103
-3.5928002039962266,-3.5920105387459964,-3.5906421665419788,-3.5888463941902535,-3.5867329253621754,-3.584382001439488,-3.5818527418684023,-3.5791889718811247,-3.5764233510744634,-3.5735803313579044,-3.5706782959339023,-3.5677311180513316,-3.5647493043607863,-3.5617408382784044,-3.5587118051117606,-3.5556668574302717,-3.5526095628604932,-3.549542664941314,-3.5464682794219216,-3.5433880424409656,-3.540303222714778,-3.537214806718728,-3.5341235635414967,-3.5310300943956414,-3.5279348705139335,-3.524838262230873,-3.5217405613565593,-3.518641998433349,-3.5155427560788612,-3.5124429793284038,-3.5093427836712787,-3.506242261310424,-3.503141486050005,-3.5000405171209303,-3.496939402182276,-3.493838179681795,-3.4907368807168075,-3.4876355305046984,-3.4845341495476982,-3.481432754557665,-3.478331359192062,-3.4752299746410444,-3.4721286100968736,-3.469027273130122,-3.4659259699918734,-3.4628247058570376,-3.4597234850207075,-3.4566223110569836,-3.4535211869477322,-3.450420115187211,-3.4473190978672714,-3.4442181367469074,-3.44111723330915,-3.438016388807713,-3.4349156043053273,-3.431814880705309,-3.4287142187776123,-3.4256136191803934,-3.4225130824778707,-3.419412609155177,-3.4163121996307235,-3.413211854266519,-3.4101115733767973,-3.407011357235259,-3.4039112060811485,-3.400811120124375,-3.3977110995498365,-3.3946111445210803,-3.391511255183408,-3.388411431666522,-3.3853116740867786,-3.3822119825491193,-3.379112357148738,-3.3760127979725123,-3.372913305100247,-3.3698138786057608,-3.366714518557839,-3.3636152250210776,-3.360515998056634,-3.357416837722905,-3.3543177440761465,-3.3512187171710472,-3.348119757061266,-3.3450208637999483,-3.341922037440224,-3.3388232780357083,-3.335724585641002,-3.3326259603122117,-3.3295274021074923,-3.326428911087627,-3.323330487316657,-3.3202321308625677,-3.3171338417980576,-3.314035620201394,-3.310937466157385,-3.307839379758484,-3.304741361106059,-3.301643410311851,-3.2985455274996722,-3.2954477128073707,-3.2923499663891374,-3.289252288418198,-3.2861546788180527,-3.283057137518989,-3.2799596644574547,-3.2768622595754957,-3.2737649228202566,-3.270667654143521,-3.2675704535013153,-3.2644733208535346,-3.261376256163621,-3.2582792593982632,-3.2551823305271306,-3.252085469522628,-3.2489886763596805,-3.2458919510155306,-3.24279529346956,-3.2396987037031253,-3.236602181699408,-3.2335057274432795,-3.2304093409211787,-3.2273130221209976,-3.2242167710319802,-3.221120587644629,-3.21802447195062,-3.2149284239427276,-3.2118324436147536,-3.2087365309614646,-3.2056406859785396,-3.202544908662517,-3.1994491990107536,-3.1963535570213897,-3.193257982693319,-3.190162476026169,-3.1870670370202876,-3.183971665676737,-3.1808763619973077,-3.1777811259845357,-3.174685957641741,-3.171590856973086,-3.1684958239836574,-3.1654008586795843,-3.162305961068187,-3.159211131158188,-3.1561163689599785,-3.153021674485986,-3.1499270477511345,-3.146832488773464,-3.1437379975749384,-3.1406435741824934,-3.1375492186294243,-3.134454930957202,-3.1313607112178605,-3.1282665594771495,-3.1251724758186943,-3.122078460349513,-3.118984513207329,-3.115890634570305,-3.1127968246700317,-3.109703083808885,-3.106609412383298,-3.103515810915037,-3.100422280093331,-3.097328820831775,-3.0942354343453857,-3.0911421222552002,-3.088048886730642,-3.084955730683762,-3.0818626580349586,-3.078769674077393,-3.075676785978037,-3.072584003468336,-3.069491339798688,-3.066398813060849,-3.0633064480247763,-3.0602142786965136,-3.057122351889204,-3.054030732221142,-3.0509395091288267,-3.047848806732142,-3.0447587977463826,-3.041669723150062,-3.0385819200584807,-3.0354958613230116,-3.032412211923782,-3.029331909465712,-3.0262562793403536,-3.0231871998374023,-3.0201273393440946,-3.017080497712648,-3.014052098262926,-3.011049897615488,-3.008085010189027,-3.005173386054408,-3.0023379387755216,-2.999611597448828,-2.997041655276757,-2.994695898357024,-2.9926710958475793,-2.991104448042707,-2.990188379634977
-3.5928000045564823,-3.5920103393080582,-3.5906419671072007,-3.5888461947596673,-3.5867327259365696,-3.584381802019472,-3.5818525424544516,-3.5791887724736124,-3.576423151673682,-3.573580131964083,-3.5706780965472245,-3.5677309186719417,-3.5647491049887976,-3.5617406389139066,-3.558711605754828,-3.5556666580809635,-3.5526093635188563,-3.549542465607386,-3.546468080095734,-3.543387843122543,-3.5403030234041415,-3.537214607415895,-3.53412336424648,-3.531029895108453,-3.5279346712345827,-3.524838062959368,-3.5217403620929044,-3.518641799177552,-3.5155425568309258,-3.512442780088333,-3.509342584439077,-3.506242062086093,-3.5031412868335483,-3.5000403179123514,-3.4969392029815785,-3.4938379804889803,-3.4907366815318768,-3.4876353313276542,-3.484533950378542,-3.481432555396399,-3.4783311600386875,-3.475229775495562,-3.4721284109592836,-3.4690270740004254,-3.465925770870072,-3.4628245067431327,-3.4597232859146985,-3.456622111958872,-3.453520987857519,-3.4504199161048965,-3.447318898792857,-3.4442179376803934,-3.4411170342505364,-3.4380161897570014,-3.4349154052625184,-3.4318146816704025,-3.4287140197506107,-3.425613420161297,-3.4225128834666814,-3.4194124101518972,-3.416312000635353,-3.4132116552790577,-3.4101113743972467,-3.4070111582636193,-3.4039110071174195,-3.4008109211685573,-3.3977109006019317,-3.394610945581089,-3.391511056251333,-3.3884112327423628,-3.3853114751705355,-3.3822117836407943,-3.3791121582483314,-3.3760125990800245,-3.372913106215679,-3.3698136797291123,-3.3667143196891125,-3.3636150261602746,-3.360515799203756,-3.357416638877951,-3.3543175452391183,-3.3512185183419465,-3.3481195582400933,-3.345020664986704,-3.3419218386349088,-3.338823079238324,-3.33572438685155,-3.332625761530692,-3.3295272033339054,-3.326428712321974,-3.323330288558936,-3.3202319321127804,-3.317133643056205,-3.314035421467477,-3.3109372674314037,-3.3078391810404395,-3.3047411623959517,-3.3016432116096825,-3.2985453288054423,-3.295447514121081,-3.292349767710788,-3.2892520897477913,-3.2861544801555893,-3.28305693886447,-3.279959465810881,-3.2768620609368697,-3.2737647241895784,-3.270667455520792,-3.267570254886535,-3.264473122246704,-3.261376057564741,-3.258279060807334,-3.255182131944153,-3.252085270947603,-3.2489884777926092,-3.245891752456414,-3.2427950949183995,-3.239698505159921,-3.2366019831641615,-3.233505528915992,-3.2304091424018506,-3.22731282360963,-3.224216572528573,-3.221120389149183,-3.218024273463137,-3.214928225463208,-3.211832245143198,-3.2087363324978737,-3.205640487522914,-3.2025447102148576,-3.199449000571062,-3.1963533585896666,-3.1932577842695657,-3.1901622776103857,-3.1870668386124743,-3.183971467276895,-3.1808761636054386,-3.17778092760064,-3.1746857592658198,-3.1715906586051394,-3.1684956256236867,-3.1654006603275895,-3.1623057627241686,-3.1592109328221456,-3.1561161706319147,-3.153021476165901,-3.1499268494390287,-3.146832290469341,-3.143737799278797,-3.140643375894335,-3.1375490203492507,-3.1344547326850125,-3.131360512953657,-3.128266361220931,-3.125172277570464,-3.1220782621092704,-3.1189843149750747,-3.1158904363460405,-3.1127966264537577,-3.1097028856006026,-3.106609214183009,-3.103515612722742,-3.1004220819090302,-3.097328622655469,-3.0942352361770755,-3.091141924094887,-3.088048688578327,-3.0849555325394453,-3.081862459898642,-3.0787694759490765,-3.075676587857721,-3.0725838053560213,-3.069491141694375,-3.066398614964539,-3.0633062499364705,-3.0602140806162135,-3.057122153816909,-3.054030534156853,-3.0509393110725442,-3.047848608683867,-3.044758599706115,-3.0416695251178,-3.038581722034224,-3.035495663306758,-3.032412013915529,-3.029331711465456,-3.026256081348088,-3.0231870018531155,-3.0201271413677717,-3.0170802997442645,-3.0140519003024457,-3.0110496996628573,-3.0080848122441646,-3.0051731881171944,-3.0023377408457783,-2.999611399526292,-2.9970414573610378,-2.9946957004475494,-2.992670897943508,-2.9911042501428216,-2.990188181737535
-3.5927997978075368,-3.592010132560985,-3.5906417603634067,-3.5888459880202177,-3.5867325192022856,-3.584381595290987,-3.5818523357322585,-3.579188565758096,-3.576422944965142,-3.57357992526276,-3.570677889853306,-3.5677307119855763,-3.564748898310105,-3.561740432242984,-3.5587113990917505,-3.555666451425792,-3.5526091568716374,-3.5495422589681596,-3.546467873464532,-3.5433876364993924,-3.5403028167890622,-3.5372144008089044,-3.534123157647592,-3.531029688517679,-3.527934464651932,-3.5248378563848495,-3.521740155526526,-3.518641592619318,-3.515542350280843,-3.512442573546405,-3.5093423779053063,-3.506241855560485,-3.5031410803161065,-3.500040111403078,-3.496938996480474,-3.493837773996046,-3.4907364750471133,-3.4876351248510638,-3.484533743910127,-3.481432348936161,-3.478330953586628,-3.4752295690516815,-3.4721282045235835,-3.469026867572907,-3.4659255644507345,-3.4628243003319765,-3.4597230795117273,-3.4566219055640857,-3.453520781470919,-3.450419709726484,-3.4473186924226327,-3.4442177313183597,-3.4411168278966944,-3.438015983411351,-3.4349151989250615,-3.4318144753411404,-3.4287138134295443,-3.4256132138484268,-3.4225126771620076,-3.4194122038554196,-3.4163117943470733,-3.4132114489989767,-3.4101111681253657,-3.4070109519999408,-3.403910800861944,-3.400810714921285,-3.3977106943628628,-3.3946107393502247,-3.391510850028673,-3.3884110265279084,-3.385311268964288,-3.382211577442754,-3.3791119520584996,-3.3760123928984016,-3.372912900042266,-3.3698134735639114,-3.3667141135321232,-3.3636148200114975,-3.3605155930631914,-3.3574164327456013,-3.354317339114984,-3.351218312226028,-3.3481193521323926,-3.345020458887222,-3.341921632543647,-3.338822873155282,-3.335724180776728,-3.332625555464092,-3.329526997275527,-3.3264285062718177,-3.323330082517005,-3.3202317260790757,-3.317133437030726,-3.3140352154502244,-3.310937061422379,-3.3078389750396444,-3.304740956403386,-3.301643005625347,-3.2985451228293385,-3.2954473081532094,-3.2923495617511507,-3.2892518837963887,-3.286154274212422,-3.283056732929538,-3.279959259884186,-3.2768618550184123,-3.2737645182793593,-3.2706672496188127,-3.2675700489927966,-3.2644729163612074,-3.261375851687487,-3.258278854938323,-3.2551819260833854,-3.25208506509508,-3.2489882719483316,-3.245891546620383,-3.2427948890906158,-3.2396982993403847,-3.236601777352874,-3.2335053231129542,-3.2304089366070636,-3.2273126178230944,-3.2242163667502903,-3.2211201833791536,-3.2180240677013607,-3.214928019709686,-3.211832039397932,-3.2087361267608636,-3.205640281794162,-3.202544504494364,-3.199448794858826,-3.19635315288569,-3.1932575785738497,-3.1901620719229324,-3.187066632933284,-3.1839712616059694,-3.1808759579427783,-3.1777807219462453,-3.1746855536196903,-3.1715904529672767,-3.1684954199940925,-3.165400454706264,-3.162305557111113,-3.1592107272173613,-3.1561159650354016,-3.1530212705776597,-3.149926643859061,-3.1468320848976457,-3.143737593715377,-3.140643170339191,-3.1375488148023827,-3.134454527146422,-3.1313603074233436,-3.1282661556988973,-3.12517207205671,-3.1220780566037982,-3.118984109477884,-3.115890230857132,-3.112796420973132,-3.10970268012826,-3.10660900871895,-3.103515407266968,-3.1004218764615423,-3.0973284172162683,-3.094235030746162,-3.091141718672262,-3.0880484831639916,-3.084955327133401,-3.081862254500889,-3.078769270559617,-3.0756763824765554,-3.072583599983151,-3.0694909363298004,-3.0663984096082606,-3.0633060445884905,-3.0602138752765327,-3.0571219484855283,-3.0540303288337722,-3.0509391057577644,-3.0478484033773876,-3.044758394407935,-3.0416693198279203,-3.038581516752644,-3.0354954580334765,-3.032411808650543,-3.0293315062087607,-3.026255876099677,-3.0231867966129777,-3.020126936135889,-3.017080094520612,-3.0140516950869856,-3.0110494944555337,-3.0080846070448946,-3.005172982925854,-3.0023375356621838,-2.9996111943501695,-2.9970412521919845,-2.994695495284969,-2.9926706927865303,-2.9911040449901827,-2.9901879765874293
-3.5927995834815736,-3.5920099182369634,-3.5906415460427823,-3.5888457737040986,-3.5867323048915205,-3.5843813809862324,-3.5818521214340255,-3.579188351466784,-3.576422730681064,-3.573579710986163,-3.570677675584386,-3.567730497724489,-3.5647486840569726,-3.5617402179979036,-3.5587111848548,-3.555666237197035,-3.5526089426511254,-3.5495420447559343,-3.546467659260626,-3.543387422303833,-3.540302602601871,-3.5372141866301003,-3.5341229434771897,-3.53102947435569,-3.527934250498366,-3.5248376422397136,-3.521739941389828,-3.5186413784910635,-3.515542136161036,-3.5124423594350516,-3.50934216380241,-3.506241641466048,-3.5031408662301327,-3.5000398973255695,-3.4969387824114326,-3.493837559935475,-3.490736260995015,-3.4876349108074405,-3.484533529874979,-3.481432134909489,-3.4783307395684337,-3.475229355041966,-3.472127990522348,-3.4690266535801535,-3.4659253504664655,-3.4628240863561937,-3.4597228655444296,-3.4566216916052745,-3.453520567520595,-3.450419495784648,-3.447318478489286,-3.4442175173935032,-3.4411166139803284,-3.438015769503476,-3.434914985025678,-3.43181426145025,-3.4287135995471485,-3.4256129999745273,-3.422512463296605,-3.4194119899985154,-3.4163115804986686,-3.4132112351590718,-3.410110954293961,-3.4070107381770365,-3.403910587047541,-3.400810501115385,-3.397710480565467,-3.3946105255613346,-3.3915106362482894,-3.388410812756033,-3.385311055200921,-3.382211363687896,-3.3791117383121523,-3.3760121791605653,-3.3729126863129415,-3.3698132598430988,-3.3667138998198243,-3.363614606307713,-3.360515379367922,-3.357416219058847,-3.354317125436745,-3.351218098556306,-3.348119138471187,-3.345020245234535,-3.3419214188994792,-3.3388226595196353,-3.335723967149604,-3.332625341845491,-3.3295267836654516,-3.326428292670268,-3.323329868923981,-3.320231512494577,-3.317133223454755,-3.314035001882782,-3.3109368478634664,-3.3078387614892613,-3.304740742861534,-3.3016427920920277,-3.2985449093045527,-3.2954470946369585,-3.2923493482434343,-3.2892516702972077,-3.286154060721777,-3.2830565194474306,-3.2799590464106165,-3.2768616415533818,-3.273764304822868,-3.2706670361708614,-3.2675698355533864,-3.2644727029303398,-3.261375638265163,-3.2582786415245453,-3.2551817126781546,-3.252084851698397,-3.248988058560196,-3.245891333240795,-3.2427946757195767,-3.239698085977897,-3.236601563998938,-3.23350510976757,-3.230408723270232,-3.227312404494816,-3.224216153430566,-3.221119970067984,-3.2180238543987483,-3.2149278064156315,-3.211831826112435,-3.2087359134839266,-3.2056400685257844,-3.202544291234548,-3.199448581607574,-3.1963529396430026,-3.193257365339727,-3.1901618586973752,-3.187066419716292,-3.183971048397543,-3.1808757447429183,-3.1777805087549535,-3.1746853404369686,-3.1715902397931255,-3.1684952068285126,-3.165400241549257,-3.162305343962679,-3.1592105140775013,-3.156115751904117,-3.153021057454951,-3.149926430744928,-3.14683187179209,-3.143737380618398,-3.1406429572507903,-3.137548601722561,-3.134454314075181,-3.131360094360685,-3.1282659426448216,-3.125171859011218,-3.122077843566891,-3.1189838964495626,-3.115890017837397,-3.1127962079619844,-3.109702467125701,-3.106608795724982,-3.1035151942815906,-3.100421663484756,-3.097328204248073,-3.0942348177865595,-3.0911415057212537,-3.0880482702215772,-3.0849551141995812,-3.0818620415756652,-3.07876905764299,-3.0756761695685255,-3.0725833870837196,-3.0694907234389683,-3.0663981967260283,-3.063305831714858,-3.0602136624115013,-3.0571217356290985,-3.054030115985945,-3.05093889291854,-3.0478481905467665,-3.044758181585918,-3.0416691070145077,-3.038581303947835,-3.0354952452372688,-3.0324115958629343,-3.0293312934297454,-3.026255663329248,-3.023186583851124,-3.020126723382593,-3.017079881775849,-3.014051482350716,-3.011049281727699,-3.008084394325409,-3.00517277021459,-3.0023373229589487,-2.99961098165468,-2.997041039503821,-2.9946952826035145,-2.9926704801108825,-2.9911038323190327,-2.9901877639189043
-3.592799361300976,-3.5920096960583794,-3.5906413238677217,-3.588845551533708,-3.5867320827266798,-3.5843811588276213,-3.581851899282174,-3.5791881293221053,-3.576422508543885,-3.573579488856739,-3.570677453462918,-3.567730275611139,-3.5647484619518686,-3.5617399959011484,-3.5587109627664746,-3.5556660151172044,-3.5526087205798427,-3.549541822693241,-3.546467437206557,-3.543387200258414,-3.540302380565126,-3.537213964602047,-3.5341227214578446,-3.5310292523450655,-3.527934028496474,-3.524837420246562,-3.521739719405424,-3.518641156515412,-3.515541914194144,-3.5124421374769232,-3.50934194185305,-3.506241419525459,-3.503140644298316,-3.500039675402528,-3.496938560497169,-3.4938373380299907,-3.490736039098313,-3.4876346889195218,-3.4845333079958465,-3.4814319130391453,-3.4783305177068797,-3.4752291331892033,-3.4721277686783782,-3.469026431744977,-3.4659251286400825,-3.4628238645386045,-3.4597226437356356,-3.4566214698052775,-3.453520345729397,-3.45041927400225,-3.447318256715689,-3.4442172956287083,-3.4411163922243366,-3.4380155477562897,-3.4349147632872974,-3.431814039720675,-3.4287133778263796,-3.425612778262565,-3.4225122415934512,-3.4194117683041703,-3.4163113588131324,-3.413211013482347,-3.4101107326260482,-3.4070105165179374,-3.4039103653972567,-3.400810279473915,-3.397710258932813,-3.394610303937497,-3.3915104146332697,-3.388410591149832,-3.385310833603539,-3.382211142099334,-3.37911151673241,-3.3760119575896446,-3.3729124647508426,-3.369813038289824,-3.366713678275374,-3.363614384772088,-3.360515157841124,-3.357415997540878,-3.3543169039276064,-3.3512178770559977,-3.348118916979711,-3.345020023751891,-3.341921197425668,-3.3388224380546574,-3.33572374569346,-3.332625120398183,-3.3295265622269796,-3.326428071240633,-3.323329647503184,-3.32023129108262,-3.3171330020516385,-3.3140347804885075,-3.3109366264780347,-3.307838540112672,-3.3047405214937893,-3.3016425707331276,-3.2985446879544984,-3.295446873295751,-3.2923491269110747,-3.289251448973697,-3.2861538394071164,-3.28305629814162,-3.279958825113657,-3.276861420265275,-3.2737640835436146,-3.270666814900463,-3.2675696142918436,-3.264472481677652,-3.261375417021331,-3.2582784202895696,-3.2551814914520367,-3.2520846304811384,-3.2489878373517986,-3.2458911120412597,-3.2427944545289042,-3.239697864796088,-3.236601342825992,-3.2335048886034885,-3.2304085021150164,-3.227312183348468,-3.2242159322930863,-3.2211197489393744,-3.2180236332790084,-3.2149275853047623,-3.2118316050104374,-3.2087356923908015,-3.205639847441533,-3.202544070159171,-3.1994483605410715,-3.1963527185853757,-3.193257144290977,-3.1901616376575017,-3.1870661986852977,-3.1839708273754304,-3.180875523729688,-3.1777802877506063,-3.1746851194415044,-3.171590018806546,-3.1684949858508173,-3.165400020580448,-3.162305123002757,-3.1592102931264665,-3.156115530961971,-3.1530208365216943,-3.149926209820563,-3.1468316508766176,-3.14373715971182,-3.140642736353106,-3.137548380833772,-3.134454093195287,-3.131359873489686,-3.1282657217827188,-3.125171638158012,-3.1220776227225837,-3.1189836756141562,-3.115889797010892,-3.112795987144382,-3.109702246317002,-3.1066085749251857,-3.103514973490698,-3.1004214427027676,-3.097327983474991,-3.0942345970223855,-3.0911412849659885,-3.088048049475222,-3.084954893462137,-3.0818618208471324,-3.078768836923369,-3.075675948857817,-3.072583166381925,-3.0694905027460893,-3.066397976042066,-3.0633056110398136,-3.060213441745375,-3.0571215149718904,-3.054029895337656,-3.05093867227917,-3.047847969916317,-3.0447579609643887,-3.041668886401898,-3.038581083344144,-3.0354950246424943,-3.032411375277073,-3.0293310728527945,-3.0262554427611987,-3.0231863632919653,-3.0201265028323063,-3.017079661234407,-3.0140512618180795,-3.011049061203807,-3.0080841738101727,-3.005172549707874,-3.002337102460555,-2.999610761164315,-2.99704081902105,-2.9946950621276978,-2.992670259641084,-2.991103611853896,-2.9901875434564897
-3.5927991309779577,-3.592009465737447,-3.59064109355044,-3.588845321221265,-3.586731852419989,-3.5843809285273895,-3.5818516689889486,-3.5791878990363153,-3.5764222782658672,-3.5735792585867583,-3.5706772232011876,-3.567730045357824,-3.5647482317071013,-3.5617397656650343,-3.558710732539099,-3.5556657848986344,-3.5526084903701327,-3.5495415924924347,-3.54646720701469,-3.543386970075517,-3.5403021503912235,-3.5372137344371573,-3.5341224913019826,-3.5310290221982448,-3.5279337983587045,-3.5248371901178537,-3.521739489285783,-3.5186409264048466,-3.5155416840926588,-3.5124419073845217,-3.509341711769737,-3.506241189451238,-3.5031404142331914,-3.500039445346502,-3.4969383304502437,-3.4938371079921704,-3.4907358090695975,-3.487634458899913,-3.4845330779853447,-3.4814316830377514,-3.4783302877145945,-3.4752289032060295,-3.472127538704317,-3.469026201780031,-3.465924898684253,-3.462823634591893,-3.459722413798045,-3.4566212398768075,-3.4535201158100475,-3.4504190440920217,-3.447318026814582,-3.444217065736724,-3.4411161623414768,-3.4380153178825554,-3.434914533422691,-3.4318138098651976,-3.428713147980032,-3.425612548425347,-3.4225120117653636,-3.419411538485215,-3.4163111290033106,-3.4132107836816585,-3.410110502834495,-3.407010286735519,-3.4039101356239754,-3.400810049709772,-3.3977100291778095,-3.394610074191634,-3.3915101848965477,-3.388410361422252,-3.3853106038851015,-3.38221091239004,-3.3791112870322615,-3.3760117278986415,-3.3729122350689873,-3.369812808617116,-3.3667134486118147,-3.3636141551176775,-3.3605149281958635,-3.357415767904768,-3.3543166743006476,-3.351217647438191,-3.3481186873710573,-3.345019794152392,-3.3419209678353248,-3.3388222084734713,-3.3357235161214325,-3.3326248908353144,-3.329526332673271,-3.326427841696087,-3.3233294179678015,-3.320231061556401,-3.3171327725345834,-3.314034550980617,-3.31093639697931,-3.3078383106231155,-3.3047402920134012,-3.301642341261909,-3.2985444584924495,-3.295446643842873,-3.292348897467369,-3.289251219539164,-3.2861536099817577,-3.2830560687254366,-3.27995859570665,-3.2768611908674443,-3.273763854154962,-3.270666585520989,-3.267569384921549,-3.2644722523165384,-3.2613751876693993,-3.258278190946821,-3.2551812621184713,-3.2520844011567576,-3.248987608036602,-3.245890882735249,-3.2427942252320805,-3.2396976355084517,-3.236601113547545,-3.2335046593342325,-3.230408272854952,-3.2273119540975963,-3.2242157030514083,-3.221119519706891,-3.218023404055721,-3.214927356090672,-3.2118313758055446,-3.208735463195107,-3.205639618255038,-3.2025438409818765,-3.199448131372979,-3.1963524894264843,-3.1932569151412884,-3.1901614085170165,-3.187065969554017,-3.1839705982533544,-3.180875294616817,-3.177780058646942,-3.1746848903470477,-3.1715897897212986,-3.1684947567747823,-3.1653997915136247,-3.162304893945146,-3.1592100640780694,-3.156115301922788,-3.1530206074917264,-3.1499259807998112,-3.1468314218650826,-3.143736930709503,-3.140642507360009,-3.1375481518498947,-3.134453864220631,-3.1313596445242537,-3.1282654928265092,-3.1251714092110268,-3.122077393784824,-3.118983446685622,-3.115889568091585,-3.1127957582343035,-3.1097020174161543,-3.106608346033569,-3.1035147446083133,-3.1004212138296166,-3.0973277546110745,-3.0942343681677027,-3.09114105612054,-3.088047820639009,-3.0849546646351604,-3.081861592029393,-3.0787686081148684,-3.0756757200585576,-3.072582937591906,-3.069490273965311,-3.0663977472705297,-3.06330538227752,-3.0602132129923234,-3.057121286228083,-3.0540296666030935,-3.050938443553854,-3.047847741200248,-3.0447577322575667,-3.0416686577043235,-3.0385808546558155,-3.035494795963411,-3.0324111466072323,-3.02933084419219,-3.026255214109821,-3.0231861346498023,-3.02012627419934,-3.01707943261061,-3.0140510332034096,-3.011048832598203,-3.0080839452135395,-3.005172321120073,-3.002336873881382,-2.999610532593465,-2.997040590458074,-2.9946948335719346,-2.9926700310915617,-2.9911033833092078,-2.9901873149146234
-3.592798892214172,-3.592009226975825,-3.5906408547926034,-3.5888450824684495,-3.5867316136731393,-3.5843806897872357,-3.581851430256059,-3.5791876603111348,-3.5764220395487456,-3.57357901987797,-3.570676984500948,-3.5677298066663066,-3.5647479930244437,-3.561739526991346,-3.558710493874468,-3.555665546243132,-3.552608251723815,-3.5495413538553486,-3.5464669683868726,-3.5433867314569967,-3.5403019117820245,-3.537213495837301,-3.5341222527114855,-3.53102878361712,-3.5279335597869634,-3.524836951555506,-3.521739250732838,-3.51864068786131,-3.5155414455585356,-3.5124416688598177,-3.5093414732544557,-3.506240950945383,-3.503140175736765,-3.500039206859506,-3.4969380919726816,-3.4938368695240425,-3.4907355706109073,-3.4876342204506607,-3.4845328395455324,-3.4814314446073817,-3.47833004929367,-3.4752286647945505,-3.472127300302285,-3.469025963387446,-3.4659246603011176,-3.4628233962182087,-3.4597221754338126,-3.456621001522029,-3.453519877464723,-3.450418805756154,-3.447317788488172,-3.444216827419773,-3.4411159240339857,-3.438015079584523,-3.434914295134119,-3.4318135715860865,-3.4287129097103843,-3.4256123101651648,-3.422511773514647,-3.4194113002439654,-3.416310890771529,-3.413210545459347,-3.4101102646216543,-3.40701004853215,-3.403909897430078,-3.4008098115253493,-3.39770979100286,-3.3946098360261594,-3.3915099467405496,-3.388410123275731,-3.3853103657480585,-3.3822106742624762,-3.3791110489141776,-3.376011489790039,-3.3729119969698655,-3.3698125705274773,-3.366713210531659,-3.363613917047007,-3.360514690134678,-3.3574155298530695,-3.3543164362584372,-3.351217409405469,-3.3481184493478255,-3.3450195561386504,-3.3419207298310747,-3.338821970478713,-3.335723278136168,-3.3326246528595442,-3.3295260947069965,-3.3264276037393077,-3.323329180020519,-3.320230823618617,-3.3171325346062988,-3.314034313061833,-3.3109361590700273,-3.3078380727233356,-3.304740054123126,-3.30164210338114,-3.298544220621188,-3.2954464059811195,-3.292348659615124,-3.2892509816964295,-3.286153372148534,-3.2830558309017253,-3.279958357892451,-3.2768609530627577,-3.2737636163597887,-3.27066634773533,-3.267569147145405,-3.264472014549911,-3.26137494991229,-3.258277953199231,-3.2551810243804025,-3.2520841634282096,-3.2489873703175762,-3.2458906450257463,-3.242793987532102,-3.2396973978179986,-3.236600875866619,-3.2335044216628352,-3.2304080351930837,-3.227311716445257,-3.2242154654085993,-3.221119282073613,-3.2180231664319754,-3.214927118476459,-3.2118311382008655,-3.208735225599964,-3.2056393806694317,-3.2025436034058083,-3.199447893806449,-3.196352251869495,-3.19325667759384,-3.1901611709791102,-3.187065732025653,-3.183970360734533,-3.18087505710754,-3.17777982114721,-3.174684652856863,-3.171589552240661,-3.1684945193036924,-3.165399554052083,-3.1623046564931534,-3.1592098266356263,-3.1561150644898963,-3.1530203700683876,-3.149925743386026,-3.1468311844608525,-3.1437366933148283,-3.1406422699748906,-3.1375479144743337,-3.1344536268546284,-3.1313594071678104,-3.128265255479627,-3.125171171873707,-3.122077156457067,-3.1189832093674297,-3.115889330782958,-3.112795520935243,-3.1097017801266595,-3.1066081087536417,-3.1035145073379553,-3.100420976568829,-3.0973275173598576,-3.0942341309260586,-3.09114081888847,-3.088047583416515,-3.084954427422243,-3.0818613548260534,-3.078768370921106,-3.0756754828743724,-3.072582700417299,-3.0694900368002838,-3.066397510115082,-3.063305145131654,-3.0602129758560412,-3.057121049101385,-3.054029429485981,-3.0509382064463275,-3.047847504102307,-3.0447574951692125,-3.0416684206255553,-3.038580617586632,-3.0354945589038103,-3.03241090955721,-3.029330607151741,-3.0262549770789393,-3.023185897628474,-3.0201260371875467,-3.017079195608322,-3.014050796210583,-3.0110485956147732,-3.0080837082394103,-3.0051720841551024,-3.0023366369253566,-2.999610295646069,-2.99704035351884,-2.994694596640174,-2.99266979416627,-2.991103146388927,-2.990187077997268
-3.5927986447003812,-3.5920089794642767,-3.5906406072849806,-3.5888448349660274,-3.5867313661768976,-3.584380442297934,-3.5818511827742885,-3.579187412837356,-3.5764217920833206,-3.573578772421184,-3.570676737053028,-3.5677295592274305,-3.564747745594754,-3.561739279570956,-3.558710246463469,-3.5556652988415958,-3.552608004331801,-3.5495411064729034,-3.546466721014035,-3.543386484093798,-3.54030166442849,-3.5372132484934493,-3.534122005377334,-3.531028536292684,-3.5279333124722543,-3.5248367042505335,-3.521739003437609,-3.518640440575832,-3.515541198282814,-3.512441421593857,-3.509341225998261,-3.506240703698958,-3.503139928500112,-3.500038959632629,-3.4969378447555832,-3.493836622316727,-3.490735323413375,-3.4876339732629154,-3.484532592367575,-3.481431197439214,-3.4783298021352924,-3.475228417645965,-3.4721270531634927,-3.4690257162584492,-3.4659244131819165,-3.462823149108804,-3.459721928334206,-3.456620754432221,-3.4535196303847164,-3.450418558685948,-3.447317541427769,-3.4442165803691727,-3.4411156769931908,-3.438014832553536,-3.43491404811294,-3.431813324574718,-3.4287126627088265,-3.425612063173418,-3.422511526532713,-3.4194110532718445,-3.416310643809222,-3.4132102985068546,-3.4101100176789783,-3.407009801599291,-3.4039096505070376,-3.400809564612128,-3.39770954409946,-3.394609589132581,-3.391509699856793,-3.3884098764017967,-3.3853101188839485,-3.3822104274081926,-3.3791108020697207,-3.37601124295541,-3.372911750145067,-3.36981232371251,-3.3667129637265245,-3.363613670251706,-3.3605144433492113,-3.357415283077438,-3.354316189492642,-3.3512171626495113,-3.3481182026017065,-3.3450193094023715,-3.341920483104637,-3.338821723762118,-3.335723031429414,-3.332624406162633,-3.329525848019929,-3.3264273570620855,-3.3233289333531424,-3.320230576961087,-3.3171322879586165,-3.3140340664239996,-3.3109359124420434,-3.307837826105203,-3.3047398075148444,-3.30164185678271,-3.2985439740326115,-3.2954461594023976,-3.292348413046258,-3.2892507351374207,-3.286153125599384,-3.2830555843624345,-3.279958111363021,-3.2768607065431907,-3.2737633698500854,-3.2706661012354914,-3.267568900655432,-3.2644717680698045,-3.2613747034420504,-3.2582777067388595,-3.2551807779299002,-3.252083916987578,-3.248987123886817,-3.24589039860486,-3.2427937411210883,-3.2396971514168604,-3.2366006294753564,-3.2335041752814484,-3.230407788821574,-3.2273114700836265,-3.2242152190568483,-3.2211190357317427,-3.218022920099986,-3.2149268721543516,-3.2118308918886425,-3.2087349792976245,-3.2056391343769777,-3.2025433571232393,-3.1994476475337668,-3.1963520056066996,-3.1932564313409335,-3.1901609247360945,-3.187065485792529,-3.1839701145113017,-3.180874810894203,-3.177779574943768,-3.1746844066633173,-3.171589306057013,-3.168494273129942,-3.165399307888232,-3.162304410339203,-3.1592095804915776,-3.15611481835575,-3.153020123944145,-3.149925497271688,-3.1468309383564206,-3.143736447220304,-3.140642023890274,-3.137547668399626,-3.1344533807898314,-3.131359161112924,-3.1282650094346534,-3.1251709258386455,-3.122076910431918,-3.118982963352194,-3.115889084777637,-3.112795274939837,-3.1097015341411702,-3.106607862778071,-3.1035142613723052,-3.1004207306131,-3.0973272714140516,-3.0942338849901763,-3.0911405729625123,-3.0880473375004813,-3.084954181516135,-3.081861108929872,-3.0787681250348538,-3.07567523699805,-3.0725824545509077,-3.069489790943824,-3.0663972642685566,-3.063304899295061,-3.0602127300293813,-3.0571208032846595,-3.0540291836791904,-3.0509379606494726,-3.0478472583153877,-3.0447572493922292,-3.0416681748585077,-3.03858037182952,-3.035494313156632,-3.0324106638199626,-3.029330361424419,-3.0262547313615333,-3.023185651920971,-3.0201257914899275,-3.0170789499205566,-3.0140505505326263,-3.0110483499465577,-3.008083462580837,-3.005171838506021,-3.002336391285547,-2.999610050015204,-2.9970401078964346,-2.994694351025517,-2.9926695485583186,-2.9911029007861694,-2.9901868323975416
-3.5927983881159657,-3.5920087228821846,-3.5906403507069564,-3.588844578393396,-3.5867311096106764,-3.5843801857389073,-3.5818509262230678,-3.5791871562944206,-3.576421535549046,-3.5735785158958655,-3.5706764805368993,-3.567729302720677,-3.5647474890975226,-3.5617390230833643,-3.558709989985611,-3.5556650423735485,-3.5526077478736258,-3.5495408500246484,-3.5464664645757384,-3.5433862276654913,-3.5403014080101993,-3.5372129920851973,-3.534121748979138,-3.5310282799045574,-3.527933056094211,-3.5248364478825827,-3.5217387470797608,-3.5186401842280928,-3.515540941945189,-3.5124411652663525,-3.509340969680881,-3.506240447391707,-3.503139672202994,-3.5000387033456466,-3.496937588478739,-3.4938363660500227,-3.490735067156815,-3.4876337170164997,-3.484532336131307,-3.481430941213094,-3.478329545919323,-3.4752281614401483,-3.472126796967831,-3.4690254600729418,-3.465924157006565,-3.46282289294361,-3.4597216721791693,-3.456620498287344,-3.453519374250001,-3.450418302561396,-3.4473172853133813,-3.4442163242649504,-3.4411154208991346,-3.4380145764696466,-3.4349137920392177,-3.431813068511164,-3.4287124066554413,-3.4256118071302035,-3.4225112704996694,-3.419410797248972,-3.416310387796524,-3.413210042504332,-3.410109761686632,-3.4070095456171234,-3.4039093945350496,-3.4008093086503193,-3.3977092881478335,-3.3946093331911364,-3.3915094439255316,-3.3884096204807204,-3.3853098629730587,-3.382210171507489,-3.3791105461792035,-3.3760109870750825,-3.3729114942749283,-3.369812067852561,-3.366712707876766,-3.3636134144121392,-3.3605141875198377,-3.3574150272582584,-3.354315933683658,-3.3512169068507247,-3.348117946813118,-3.3450190536239814,-3.341920227336446,-3.3388214680041273,-3.335722775681626,-3.332624150425049,-3.3295255922925495,-3.3264271013449123,-3.3233286776461766,-3.3202303212643294,-3.3171320322720677,-3.31403381074766,-3.3109356567759147,-3.307837570449285,-3.3047395518691394,-3.301641601147219,-3.298543718407336,-3.295445903787338,-3.2923481574414155,-3.289250479542796,-3.2861528700149787,-3.283055328788251,-3.2799578557990605,-3.2768604509894534,-3.273763114306573,-3.270665845702204,-3.2675686451323713,-3.2644715125569714,-3.2613744479394464,-3.258277451246485,-3.255180522447756,-3.252083661515665,-3.248986868425136,-3.245890143153413,-3.242793485679877,-3.2396968959858845,-3.2366003740546163,-3.233503919870945,-3.230407533421309,-3.2273112146936,-3.2242149636770625,-3.2211187803621986,-3.218022664740685,-3.214926616805295,-3.2118306365498315,-3.208734723969061,-3.205638879058662,-3.202543101815173,-3.199447392235952,-3.196351750319137,-3.193256176063624,-3.1901606694690394,-3.187065230535731,-3.183969859264761,-3.1808745556579194,-3.1777793197177435,-3.1746841514475515,-3.171589050851507,-3.168494017934697,-3.1653990527032487,-3.162304155164484,-3.159209325327124,-3.156114563201563,-3.1530198688002247,-3.1499252421380355,-3.1468306832330355,-3.1437361921071867,-3.1406417687874266,-3.1375474133070504,-3.134453125707528,-3.1313589060408944,-3.1282647543728976,-3.125170670787166,-3.1220766553907158,-3.1189827083212696,-3.1158888297569924,-3.1127950199294734,-3.1097012791410887,-3.1066076077882734,-3.103514006392791,-3.1004204756438707,-3.0973270164551083,-3.09423363004152,-3.0911403180241437,-3.0880470825724013,-3.0849539265983457,-3.081860854022373,-3.0787678701376455,-3.0756749821111344,-3.0725821996742866,-3.069489536077498,-3.0663970094125257,-3.063304644449329,-3.0602124751939495,-3.0571205484595283,-3.05402892886436,-3.0509377058449427,-3.047847003521159,-3.0447569946083015,-3.04166792008488,-3.038580117066192,-3.0354940584036005,-3.0324104090772255,-3.0293301066919707,-3.026254476639366,-3.023185397209071,-3.020125536788273,-3.017078695229116,-3.0140502958513538,-3.0110480952753838,-3.0080832079196576,-3.0051715838546835,-3.0023361366438204,-2.9996097953827494,-2.997039853272752,-2.994694096409866,-2.9926692939496187,-2.9911026461828545,-2.99018657779737
-3.59279812212862,-3.592008456897249,-3.5906400847262385,-3.5888443124182694,-3.586730843642194,-3.5843799197778843,-3.581850660270137,-3.5791868903500768,-3.5764212696136783,-3.5735782499697826,-3.5706762146203426,-3.5677290368138386,-3.564747223200557,-3.5617387571963937,-3.558709724108732,-3.555664776506837,-3.552607482017145,-3.54954058417845,-3.5464661987398642,-3.5433859618399755,-3.5403011421950685,-3.537212726280474,-3.534121483184842,-3.5310280141207038,-3.527932790320811,-3.5248361821196466,-3.5217384813272963,-3.5186399184861075,-3.5155406762136905,-3.512440899545345,-3.5093407039703695,-3.5062401816916955,-3.503139406513487,-3.5000384376666465,-3.4969373228102483,-3.493836100392044,-3.49073480150935,-3.48763345137955,-3.4845320705048755,-3.481430675597182,-3.4783292803139325,-3.47522789584528,-3.4721265313834855,-3.4690251944991215,-3.465923891443272,-3.4628226273908465,-3.4597214066369366,-3.4566202327556423,-3.453519108728831,-3.4504180370507593,-3.4473170198132794,-3.4442160587753854,-3.4411151554201065,-3.438014311001158,-3.4349135265812705,-3.4318128030637585,-3.428712141218579,-3.4256115417038853,-3.422511005083897,-3.419410531843747,-3.4163101224018453,-3.4132097771202017,-3.410109496313051,-3.407009280254092,-3.4039091291825687,-3.4008090433083904,-3.3977090228164566,-3.394609067870314,-3.391509178615265,-3.388409355181011,-3.385309597683908,-3.3822099062288973,-3.379110280911173,-3.3760107218176127,-3.3729112290280225,-3.36981180261622,-3.366712442650992,-3.3636131491969326,-3.360513922315199,-3.357414762064189,-3.3543156685001585,-3.3512166416777966,-3.3481176816507623,-3.3450187884721987,-3.341919962195238,-3.3388212028734947,-3.33572251056157,-3.33262388531557,-3.3295253271936494,-3.3264268362565907,-3.3233284125684355,-3.32023005619717,-3.3171317672154927,-3.3140335457016703,-3.3109353917405104,-3.3078373054244676,-3.3047392868549093,-3.3016413361435775,-3.2985434534142835,-3.2954456388048756,-3.2923478924695444,-3.2892502145815175,-3.2861526050642924,-3.283055063848157,-3.2799575908695613,-3.2768601860705515,-3.2737628493982696,-3.2706655808045,-3.267568380245268,-3.2644712476804703,-3.261374183073548,-3.2582771863911906,-3.2551802576030666,-3.252083396681582,-3.248986603601662,-3.2458898783405483,-3.242793220877623,-3.239696631194242,-3.2366001092735877,-3.233503655100531,-3.23040726866151,-3.2273109499444184,-3.2242146989384985,-3.2211185156342523,-3.218022400023357,-3.2149263520985882,-3.2118303718537464,-3.208734459283598,-3.2056386143838225,-3.2025428371509586,-3.199447127582363,-3.1963514856761757,-3.1932559114312906,-3.190160404847335,-3.187064965924655,-3.183969594664316,-3.1808742910681076,-3.177779055138565,-3.174683886879008,-3.1715887862935994,-3.1684937533874264,-3.1653987881666157,-3.1623038906384893,-3.159209060811769,-3.156114298696849,-3.153019604306153,-3.1499249776546066,-3.146830418760251,-3.143735927645049,-3.140641504335936,-3.1375471488662074,-3.1344528612773352,-3.1313586416213517,-3.128264489964007,-3.1251704063889267,-3.1220763910031297,-3.1189824439443385,-3.115888565390717,-3.1127947555738555,-3.10970101479613,-3.106607343453974,-3.103513742069152,-3.1004202113308934,-3.0973267521527936,-3.094233365749869,-3.0911400537431573,-3.0880468183020806,-3.0849536623386915,-3.0818605897733886,-3.0787676058993316,-3.0756747178834916,-3.072581935457315,-3.0694892718711992,-3.0663967452169008,-3.0633043802643782,-3.0602122110196732,-3.0571202842959275,-3.054028664711436,-3.0509374417026973,-3.0478467393895934,-3.044756730487415,-3.0416676559746723,-3.0385798529666617,-3.0354937943147458,-3.032410144999041,-3.02932984262445,-3.0262542125825,-3.023185133162846,-3.0201252727526673,-3.0170784312040984,-3.014050031836877,-3.0110478312713753,-3.0080829439260106,-3.005171319871238,-3.0023358726703413,-2.999609531418884,-2.99703958931798,-2.994693832463422,-2.9926690300103824,-2.9911023822491996,-2.9901863138669738
-3.5927978463938612,-3.592008181164988,-3.5906398089983487,-3.5888440366961727,-3.586730567926983,-3.5843796440704034,-3.581850384571044,-3.579186614659886,-3.5764209939327927,-3.57357797429852,-3.5706759389589546,-3.5677287611625257,-3.564746947559479,-3.5617384815656763,-3.5587094484884774,-3.5556645008971266,-3.552607206418043,-3.549540308590009,-3.5464659231621254,-3.543385686272973,-3.5403008666388307,-3.5372124507350233,-3.5341212076501973,-3.53102773859688,-3.5279325148078216,-3.5248359066175037,-3.521738205836009,-3.5186396430056837,-3.515540400744136,-3.512440624086666,-3.50934042852257,-3.5062399062547795,-3.503139131087457,-3.5000381622515064,-3.4969370474060018,-3.4938358249986927,-3.4907345261268983,-3.4876331760080013,-3.4845317951442296,-3.481430400247442,-3.478329004975099,-3.4752276205173542,-3.47212625606647,-3.4690249191930183,-3.4659236161480824,-3.4628223521065715,-3.4597211313635783,-3.456619957493203,-3.4535188334773115,-3.4504177618101606,-3.4473167445836017,-3.4442157835566305,-3.441114880212275,-3.438014035804251,-3.4349132513952894,-3.431812527888705,-3.4287118660544547,-3.4256112665506917,-3.4225107299416355,-3.4194102567124194,-3.416309847281454,-3.4132095020107465,-3.410109221214532,-3.407009005166511,-3.403908854105928,-3.400808768242691,-3.3977087477616985,-3.3946087928264976,-3.3915089035823915,-3.388409080159082,-3.3853093226729234,-3.3822096312288594,-3.379110005922084,-3.3760104468394734,-3.3729109540608326,-3.369811527659981,-3.366712167705704,-3.363612874262598,-3.36051364739182,-3.3574144871517655,-3.354315393598691,-3.3512163667872867,-3.3481174067712107,-3.3450185136036077,-3.341919687337609,-3.3388209280268284,-3.335722235725868,-3.332623610490832,-3.329525052379877,-3.326426561453786,-3.3233281377765986,-3.3202297814163013,-3.3171314924455935,-3.3140332709427422,-3.310935116992556,-3.307837030687488,-3.3047390121289055,-3.3016410614285507,-3.2985431787102346,-3.2954453641118064,-3.292347617787456,-3.289249939910411,-3.28615233040417,-3.28305478919902,-3.2799573162314095,-3.276859911443385,-3.27376257478209,-3.270665306199309,-3.2675681056510673,-3.264470973097261,-3.2613739085013327,-3.2582769118299693,-3.255179983052841,-3.2520831221423525,-3.2489863290734284,-3.245889603823312,-3.242792946371384,-3.239696356699003,-3.2365998347893483,-3.2335033806272935,-3.230406994199276,-3.2273106754931886,-3.224214424498275,-3.2211182412050365,-3.2180221256051498,-3.2149260776913895,-3.211830097457558,-3.208734184898421,-3.2056383400096573,-3.202542562787806,-3.1994468532302234,-3.19635121133505,-3.193255637101181,-3.1901601305282434,-3.187064691616583,-3.1839693203672654,-3.1808740167820786,-3.177778780863559,-3.1746836126150257,-3.1715885120406426,-3.1684934791454964,-3.165398513935715,-3.1623036164186185,-3.1592087866029286,-3.1561140244990393,-3.153019330119376,-3.149924703478863,-3.146830144595543,-3.1437356534913774,-3.1406412301933027,-3.1375468747346136,-3.134452587156781,-3.1313583675118393,-3.1282642158655376,-3.1251701323015015,-3.1220761169267495,-3.1189821698790037,-3.1158882913364274,-3.1127944815306123,-3.1097007407639334,-3.1066070694328256,-3.1035134680590533,-3.100419937331846,-3.0973264781647987,-3.0942330917729284,-3.0911397797772726,-3.0880465443472547,-3.0849533883949247,-3.081860315840681,-3.0787673319776845,-3.0756744439729062,-3.0725816615577926,-3.06948899798274,-3.0663964713395067,-3.06330410639805,-3.060211937164411,-3.0571200104517335,-3.0540283908783112,-3.050937167880642,-3.0478464655786075,-3.0447564566874985,-3.041667382185824,-3.038579579188881,-3.035493520548033,-3.032409871243393,-3.0293295688798603,-3.026253938848958,-3.0231848594403377,-3.0201249990411707,-3.0170781575035805,-3.014049758147286,-3.0110475575926365,-3.008082670258012,-3.005171046213814,-3.0023355990232443,-2.999609257781751,-2.9970393156902717,-2.994693558844346,-2.9926687563987766,-2.9911021086433807,-2.990186040264533
-3.592797560554558,-3.5920078953282744,-3.5906395231661663,-3.5888437508700006,-3.5867302821079523,-3.5843793582593895,-3.5818500987687267,-3.5791863288667978,-3.5764207081493504,-3.5735776885250528,-3.570675653195724,-3.567728475409739,-3.5647466618172996,-3.5617381958342365,-3.5587091627678804,-3.555664215187457,-3.5526069207193696,-3.5495400229023852,-3.546465637485597,-3.5433854006075762,-3.540300580984595,-3.537212165091973,-3.5341209220183507,-3.5310274529762538,-3.527932229198428,-3.5248356210193528,-3.5217379202491093,-3.518639357430044,-3.515540115179764,-3.512440338533567,-3.509340142980748,-3.506239620724241,-3.503138845568206,-3.5000378767435465,-3.4969367619093363,-3.4938355395133254,-3.490734240652829,-3.4876328905452323,-3.484531509692764,-3.4814301148072815,-3.478328719546247,-3.4752273350998113,-3.472125970660237,-3.4690246337980977,-3.4659233307644746,-3.4628220667342786,-3.4597208460026025,-3.4566196721435447,-3.4535185481389727,-3.4504174764831417,-3.4473164592679053,-3.4442154982522575,-3.4411145949192274,-3.43801375052253,-3.434912966124896,-3.43181224262964,-3.4287115808067186,-3.425610981314286,-3.4225104447165613,-3.4194099714986774,-3.4163095620790442,-3.4132092168196713,-3.4101089360347934,-3.40700871999811,-3.403908568948865,-3.4008084830969674,-3.397708462627316,-3.394608507703459,-3.391508618470698,-3.3884087950587345,-3.3853090375839234,-3.3822093461512077,-3.379109720855781,-3.376010161784521,-3.3729106690172324,-3.369811242627734,-3.36671188268481,-3.3636125892530577,-3.360513362393634,-3.357414202164936,-3.35431510862322,-3.351216081823174,-3.3481171218184587,-3.345018228662218,-3.3419194024075822,-3.338820643108166,-3.33572195081857,-3.3326233255949016,-3.329524767495314,-3.326426276580592,-3.3233278529147756,-3.320229496565851,-3.317131207606516,-3.314032986115039,-3.3109348321762275,-3.3078367458825357,-3.3047387273353306,-3.301640776646355,-3.2985428939394192,-3.2954450793523726,-3.2923473330394053,-3.2892496551737436,-3.2861520456788873,-3.2830545044851234,-3.2799570315289013,-3.2768596267522665,-3.2737622901023617,-3.2706650215309723,-3.267567820994123,-3.2644706884517105,-3.2613736238671764,-3.2582766272072097,-3.2551796984414785,-3.2520828375423885,-3.2489860444848637,-3.2458893192461478,-3.242792661805623,-3.2396960721446457,-3.236599550246397,-3.2335030960957476,-3.230406709679137,-3.2273103909844574,-3.2242141400009516,-3.2211179567191226,-3.218021841130648,-3.214925793228301,-3.211829813005883,-3.2087339004581614,-3.205638055580815,-3.2025422783703816,-3.1994465688242193,-3.1963509269404677,-3.19325535271802,-3.190159846156504,-3.187064407256267,-3.1839690360183734,-3.180873732444613,-3.17777849653752,-3.174683328300416,-3.1715882277374625,-3.1684931948537485,-3.1653982296554006,-3.162303332149738,-3.159208502345484,-3.156113740253031,-3.153019045884804,-3.149924419255729,-3.146829860383848,-3.143735369291122,-3.1406409460044893,-3.1375465905572435,-3.1344523029908555,-3.1313580833573593,-3.128263931722503,-3.1251698481699153,-3.122075832806612,-3.118981885770316,-3.115888007239191,-3.1127941974448285,-3.109700456689604,-3.1066067853699506,-3.103513184007634,-3.1004196532918837,-3.0973261941362944,-3.0942328077558834,-3.0911394957716873,-3.088046260353131,-3.084953104412263,-3.0818600318694833,-3.0787670480179523,-3.0756741600246396,-3.072581377620993,-3.069488714057409,-3.0663961874256445,-3.063303822495658,-3.060211653273492,-3.0571197265722874,-3.054028107010338,-3.0509368840241438,-3.0478461817335853,-3.0447561728539525,-3.0416670983637553,-3.038579295378287,-3.03549323674891,-3.032409587455737,-3.029329285103666,-3.0262536550842163,-3.023184575687033,-3.0201247152992803,-3.0170778737730695,-3.014049474428103,-3.011047273884704,-3.0080823865612145,-3.005170762527979,-3.002335315348118,-2.999608974116953,-2.9970390320352442,-2.9946932751982644,-2.992668472760439,-2.9911018250110413,-2.9901857566356953
-3.5927972642405273,-3.5920075990169273,-3.590639226859517,-3.5888434545695787,-3.5867299858149306,-3.5843790619746763,-3.5818498024930303,-3.579186032600669,-3.576420411893224,-3.57357739227927,-3.570675356960555,-3.5677281791853956,-3.564746365603952,-3.5617378996320204,-3.5587088665769055,-3.555663919007812,-3.5526066245511227,-3.5495397267455946,-3.546465341340308,-3.543385104473826,-3.5403002848624134,-3.5372118689813843,-3.534120625919375,-3.5310271568889084,-3.527931933122728,-3.524835324955311,-3.5217376241967355,-3.5186390613893455,-3.515539819150748,-3.5124400425162405,-3.509339846975116,-3.506239324730306,-3.503138549585973,-3.50003758077302,-3.496936465950517,-3.493835243566215,-3.490733944717432,-3.487632594621552,-3.4845312137808016,-3.481429818907038,-3.4783284236577243,-3.4752270392230122,-3.4721256747951643,-3.4690243379447514,-3.465923034922857,-3.462821770904391,-3.4597205501844446,-3.4566193763371187,-3.45351825234428,-3.450417180700185,-3.447316163496685,-3.444215202492775,-3.441114299171484,-3.4380134547865278,-3.4349126704006347,-3.4318119469171213,-3.4287112851059454,-3.425610685625259,-3.4225101490392817,-3.419409675833147,-3.416309266425264,-3.4132089211776413,-3.410108640404516,-3.407008424379586,-3.4039082733420956,-3.4008081875019545,-3.397708167044061,-3.394608212131962,-3.3915083229109597,-3.388408499510755,-3.3853087420477057,-3.382209050626752,-3.379109425343089,-3.3760098662835927,-3.37291037352807,-3.3698109471503392,-3.366711587219186,-3.363612293799205,-3.360513066951554,-3.35741390673463,-3.3543148132046894,-3.3512157864164207,-3.3481168264234813,-3.3450179332790184,-3.3419191070361616,-3.338820347748526,-3.3357216554707128,-3.3326230302588287,-3.329524472171027,-3.326425981268091,-3.3233275576140615,-3.3202292012769243,-3.317130912329379,-3.314032690849692,-3.3109345369226735,-3.3078364506407754,-3.304738432105365,-3.3016404814281852,-3.298542598733047,-3.295444784157799,-3.292347037856632,-3.2892493600027723,-3.2861517505197186,-3.283054209337759,-3.2799567363933413,-3.2768593316285126,-3.2737619949904153,-3.270664726430836,-3.2675675259057972,-3.264470393375196,-3.2613733288024744,-3.2582763321543204,-3.2551794034004033,-3.2520825425131283,-3.2489857494674204,-3.245889024240523,-3.2427923668118184,-3.2396957771626615,-3.2365992552762353,-3.2335028011374103,-3.230406414732624,-3.2273100960497714,-3.224213845078094,-3.2211176618080937,-3.2180215462314488,-3.214925498340932,-3.211829518130346,-3.2087336055944577,-3.2056377607289455,-3.202541983530348,-3.1994462739960214,-3.1963506321241075,-3.1932550579134995,-3.1901595513638252,-3.187064112475431,-3.1839687412493802,-3.1808734376874637,-3.1777782017922167,-3.17468303356696,-3.1715879330158545,-3.1684929001439888,-3.16539793495749,-3.1623030374636794,-3.1592082076712784,-3.1561134455906807,-3.153018751234311,-3.1499241246170944,-3.146829565757072,-3.1437350746762065,-3.1406406514014336,-3.1375462959660503,-3.134452008411525,-3.131357788789893,-3.1282636371669024,-3.12516955362618,-3.1220755382747436,-3.118981591250317,-3.1158877127310625,-3.1127939029485714,-3.10970016220522,-3.1066064908974416,-3.103512889547002,-3.100419358843129,-3.0973258996994177,-3.0942325133308857,-3.0911392013585703,-3.088045965951896,-3.0849528100229113,-3.081859737492016,-3.0787667536523697,-3.0756738656709435,-3.072581083279185,-3.069488419727491,-3.066395893107619,-3.063303528189526,-3.0602113589792532,-3.0571194322899435,-3.05402781273989,-3.0509365897655916,-3.047845887486929,-3.044755878619192,-3.0416668041408896,-3.0385790011673164,-3.0354929425498325,-3.032409293268548,-3.029328990928358,-3.0262533609207796,-3.023184281535453,-3.020124421159532,-3.0170775796451172,-3.0140491803118934,-3.0110469797801565,-3.008082092468209,-3.0051704684463383,-3.002335021277577,-2.999608680057121,-2.9970387379855405,-2.9946929811578373,-2.9926681787280396,-2.99110153098486,-2.9901854626131437
-3.5927969570680527,-3.592007291847236,-3.5906389196946966,-3.5888431474112137,-3.586729678664241,-3.5843787548326014,-3.581849495360301,-3.579185725477858,-3.5764201047807793,-3.5735770851775457,-3.57067504986983,-3.5677278721058934,-3.564746058535849,-3.561737592575458,-3.5587085595319965,-3.5556636119746456,-3.5526063175297726,-3.5495394197361194,-3.5464650343427553,-3.5433847974882333,-3.540299977888813,-3.5372115620198024,-3.5341203189698334,-3.5310268499514237,-3.527931626197315,-3.524835018041981,-3.5217373172955004,-3.518638754500213,-3.5155395122737247,-3.5124397356513315,-3.509339540122327,-3.5062390178896425,-3.503138242757439,-3.500037273956618,-3.496936159146252,-3.4938349367740904,-3.490733637937449,-3.4876322878537134,-3.484530907025109,-3.481429512163495,-3.478328116926331,-3.475226732503772,-3.472125368088078,-3.4690240312498215,-3.465922728240086,-3.462821464233779,-3.4597202435259944,-3.4566190696908317,-3.453517945710156,-3.450416874078226,-3.4473158568868927,-3.4442148958951497,-3.4411139925860272,-3.4380131482132406,-3.434912363839519,-3.431811640368179,-3.4287109785691765,-3.4256103791006653,-3.4225098425268654,-3.4194093693329086,-3.4163089599372065,-3.4132086147017664,-3.4101083339408236,-3.407008117928078,-3.403907966902772,-3.400807881074817,-3.397707860629111,-3.394607905729202,-3.3915080165203926,-3.3884081931323813,-3.385308435681525,-3.382208744272766,-3.3791091190012983,-3.376009559954,-3.3729100672106753,-3.369810640845144,-3.3667112809261917,-3.3636119875184134,-3.360512760682966,-3.3574136004782464,-3.3543145069605114,-3.3512154801844507,-3.348116520203721,-3.3450176270714684,-3.3419188008408236,-3.3388200415654015,-3.335721349299803,-3.3326227241001334,-3.3295241660245485,-3.32642567513383,-3.32332725149202,-3.3202288951671046,-3.317130606231782,-3.3140323847643196,-3.310934230849525,-3.307836144579853,-3.3047381260566713,-3.3016401753917206,-3.2985422927088126,-3.295444478145796,-3.29234673185686,-3.289249054015233,-3.2861514445444135,-3.2830539033746895,-3.279956430442508,-3.2768590256899177,-3.2737616890640604,-3.2706644205167215,-3.267567220003924,-3.264470087485566,-3.2613730229250892,-3.258276026289182,-3.255179097547513,-3.252082236672487,-3.24898544363903,-3.2458887184243848,-3.2427920610079326,-3.2396954713710295,-3.236598949496858,-3.2335024953702893,-3.2304061089777614,-3.227309790307167,-3.22421353934775,-3.2211173560900117,-3.21802124052563,-3.2149251926473785,-3.2118292124490586,-3.208733299925438,-3.205637455072195,-3.2025416778858675,-3.1994459683638117,-3.1963503265041693,-3.1932547523058346,-3.190159245768436,-3.1870638068923185,-3.1839684356785463,-3.1808731321289097,-3.177777896245944,-3.174682728032969,-3.171587627494146,-3.168492594634565,-3.1653976294603505,-3.1623027319788246,-3.1592079021987107,-3.1561131401304015,-3.1530184457863215,-3.1499238191813963,-3.146829260333667,-3.143734769265095,-3.1406403460026175,-3.1375459905795293,-3.1344517030373016,-3.131357483427968,-3.1282633318172772,-3.1251692482888576,-3.122075232949725,-3.118981285937603,-3.1158874074306553,-3.112793597660472,-3.109699856929429,-3.10660618563396,-3.1035125842958307,-3.100419053604269,-3.097325594472872,-3.094232208116655,-3.0911388961566564,-3.0880456607622984,-3.084952504845632,-3.0818594323270565,-3.078766448499732,-3.0756735605306287,-3.072580778151194,-3.069488114611825,-3.0663955880042786,-3.063303223098512,-3.0602110539005682,-3.0571191272235887,-3.0540275076858663,-3.0509362847238988,-3.0478455824575685,-3.044755573602164,-3.041666499136194,-3.0385786961749517,-3.0354926375697953,-3.0324089883008347,-3.029328685972963,-3.0262530559776906,-3.0231839766046527,-3.0201241162409973,-3.01707727473881,-3.0140488754177572,-3.011046674898109,-3.0080817875981265,-3.0051701635880366,-3.0023347164307825,-2.999608375221428,-2.9970384331603492,-2.994692676342263,-2.992667873920788,-2.991101226184056,-2.9901851578161023
-3.592796638639319,-3.592006973421387,-3.590638601273897,-3.588842828997108,-3.5867293602580874,-3.584378436435377,-3.5818491769727627,-3.579185407100599,-3.5764197864142666,-3.573576766822147,-3.570674731525837,-3.5677275537735356,-3.5647457402153093,-3.561737274266881,-3.5587082412355002,-3.5556632936903236,-3.5526059992577004,-3.5495391014763573,-3.5464647160953526,-3.5433844792532323,-3.540299659666245,-3.5372112438096948,-3.5341200007722087,-3.5310265317663005,-3.5279313080247072,-3.524834699881901,-3.521736999147957,-3.5186384363652152,-3.5155391941512795,-3.5124394175414455,-3.5093392220250075,-3.506238699804894,-3.5031379246852667,-3.500036955897025,-3.496935841099241,-3.493834618739664,-3.490733319915611,-3.4876319698444647,-3.484530589028453,-3.4814291941794324,-3.478327798954865,-3.4752264145449034,-3.472125050141809,-3.469023713316153,-3.4659224103190187,-3.462821146325316,-3.459719925630136,-3.4566187518075804,-3.453517627839515,-3.4504165562201963,-3.447315539041475,-3.4442145780623465,-3.44111367476584,-3.43801283040567,-3.434912046044566,-3.4318113225858453,-3.4287106607994633,-3.425610061343573,-3.422509524782396,-3.419409051601063,-3.416308642217986,-3.4132082969951725,-3.410108016246859,-3.407007800246745,-3.4039076492340734,-3.400807563418753,-3.3977075429856822,-3.3946075880984083,-3.391507698902236,-3.3884078755268647,-3.38530811808865,-3.3822084266925336,-3.3791088014337096,-3.3760092423990558,-3.372909749668377,-3.3698103233154924,-3.3667109634091874,-3.363611670014058,-3.3605124431912614,-3.3574132829991936,-3.3543141894941115,-3.3512151627307043,-3.3481162027626303,-3.3450173096430342,-3.341918483425048,-3.3388197241622843,-3.3357210319093467,-3.332622406722341,-3.3295238486594205,-3.3264253577813676,-3.3233269341522247,-3.320228577839978,-3.317130288917325,-3.314032067462534,-3.3109339135604126,-3.307835827303414,-3.3047378087929067,-3.3016398581406317,-3.298541975470401,-3.2954441609200633,-3.2923464146438084,-3.2892487368148635,-3.2861511273567277,-3.283053586199689,-3.279956113280195,-3.2768587085402916,-3.2737613719271224,-3.270664103392472,-3.267566902892366,-3.2644697703867003,-3.2613727058389164,-3.2582757092157033,-3.2551787804867303,-3.2520819196244024,-3.248985126603645,-3.2458884014017,-3.2427917439979503,-3.239695154373751,-3.2365986325122833,-3.23350217839842,-3.2304057920186,-3.2273094733607137,-3.2242132224140065,-3.22111703916898,-3.218020923617311,-3.214924875751774,-3.2118288955661702,-3.2087329830552664,-3.2056371382147417,-3.2025413610411357,-3.199445651531803,-3.1963500096848834,-3.193254435499273,-3.1901589289745975,-3.187063490111205,-3.18396811891016,-3.1808728153732515,-3.1777775795030143,-3.1746824113027694,-3.171587310776679,-3.168492277929832,-3.1653973127683543,-3.162302415299567,-3.1592075855321915,-3.156112823476621,-3.1530181291452806,-3.1499235025530963,-3.1468289437181096,-3.1437344526622812,-3.140640029412549,-3.137545674002209,-3.1344513864727297,-3.1313571668761457,-3.128263015278207,-3.1251689317625404,-3.122074916436163,-3.1189809694367976,-3.1158870909426084,-3.1127932811851844,-3.1096995404669014,-3.1066058691841936,-3.1035122678588265,-3.1004187371800302,-3.097325278061399,-3.0942318917179485,-3.0911385797707167,-3.0880453443891276,-3.0849521884852313,-3.081859115979426,-3.078766132164874,-3.0756732442085455,-3.0725804618418877,-3.069487798315296,-3.0663952717205283,-3.0633029068275404,-3.060210737642376,-3.0571188109781766,-3.054027191453236,-3.050935968504052,-3.0478452662505053,-3.0447552574078847,-3.0416661829546983,-3.0385783800062383,-3.035492321413862,-3.0324086721576777,-3.029328369842575,-3.0262527398600625,-3.0231836604997673,-3.020123800148828,-3.017076958659318,-3.0140485593508846,-3.0110463588437684,-3.00808147155619,-3.0051698475583106,-3.002334400412984,-2.999608059215136,-2.997038117164941,-2.9946923603568236,-2.9926675579439754,-2.9911009102139254,-2.990184841849872
-3.5927963085419816,-3.5920066433270406,-3.5906382711847846,-3.588842498914934,-3.5867290301841606,-3.584378106370708,-3.5818488469181378,-3.5791850770566325,-3.576419456381441,-3.573576436800844,-3.570674401516355,-3.567727223776113,-3.564745410230136,-3.5617369442941103,-3.5587079112752527,-3.555662963742697,-3.5526056693227743,-3.5495387715541935,-3.5464643861860017,-3.5433841493567355,-3.540299329782636,-3.537210913939001,-3.5341196709144524,-3.5310262019215,-3.527930978192879,-3.5248343700630573,-3.52173666934211,-3.518638106572374,-3.515538864371452,-3.5124390877746383,-3.509338892271225,-3.506238370064141,-3.5031375949575465,-3.5000366261823426,-3.4969355113975995,-3.4938342890510667,-3.4907329902400606,-3.487631640181965,-3.4845302593790066,-3.4814288645430422,-3.478327469331534,-3.4752260849346324,-3.4721247205446013,-3.469023383732011,-3.4659220807479443,-3.46282081676731,-3.4597195960851996,-3.4566184222757146,-3.4535172983207203,-3.450416226714475,-3.4473152095488286,-3.444214248582776,-3.441113345299346,-3.4380125009522553,-3.4349117166042324,-3.4318109931585936,-3.4287103313852962,-3.4256097319424925,-3.4225091953944027,-3.419408722226158,-3.416308312856171,-3.4132079676464486,-3.4101076869112275,-3.4070074709242064,-3.4039073199246292,-3.4008072341224054,-3.397707213702433,-3.3946072588282608,-3.391507369645189,-3.388407546282919,-3.3853077888578063,-3.3822080974747935,-3.379108472229074,-3.3760089132075266,-3.3729094204899575,-3.3698099941501836,-3.3667106342569904,-3.363611340874974,-3.360512114065291,-3.3574129538863393,-3.3543138603943747,-3.3512148336440863,-3.3481158736891334,-3.34501698058266,-3.3419181543777974,-3.3388193951281595,-3.335720702888348,-3.3326220777144684,-3.329523519664676,-3.3264250287997528,-3.32332660518374,-3.3202282488846246,-3.3171299599751056,-3.3140317385334495,-3.3109335846444643,-3.3078354984006038,-3.3047374799032347,-3.3016395292641008,-3.2985416466070125,-3.295443832069819,-3.292346085806708,-3.2892484079909092,-3.2861507985459206,-3.2830532574020297,-3.279955784495686,-3.2768583797689352,-3.2737610431689195,-3.2706637746474247,-3.2675665741604747,-3.264469441667967,-3.2613723771333425,-3.2582753805232905,-3.2551784518074793,-3.2520815909583147,-3.2489847979507216,-3.2458880727619426,-3.24279141537136,-3.2396948257603295,-3.2365983039120327,-3.233501849811341,-3.2304054634446926,-3.227309144799981,-3.224212893866449,-3.2211167106345995,-3.218020595096108,-3.21492454724375,-3.211828567071327,-3.208732654573606,-3.205636809746266,-3.2025410325858457,-3.1994453230897,-3.19634968125597,-3.19325410708355,-3.1901586005720666,-3.187063161721867,-3.1839677905340156,-3.1808724870103005,-3.1777772511532603,-3.174682082966213,-3.171586982453321,-3.1684919496196735,-3.1653969844713967,-3.162302087015812,-3.1592072572616403,-3.1561124952192756,-3.1530178009011434,-3.149923174322168,-3.1468286155003913,-3.1437341244577763,-3.140639701221259,-3.1375453458241336,-3.1344510583078713,-3.1313568387245057,-3.1282626871397876,-3.1251686036373423,-3.1220745883241876,-3.1189806413380454,-3.1158867628570794,-3.112792953112881,-3.1096992124078247,-3.106605541138345,-3.1035119398262068,-3.10041840916064,-3.0973249500552402,-3.0942315637250237,-3.091138251791029,-3.088045016422677,-3.0849518605320196,-3.081858788039456,-3.0787658042381456,-3.0756729162950607,-3.072580133941646,-3.0694874704283,-3.066394943846778,-3.0633025789670376,-3.0602104097951224,-3.057118483144173,-3.054026863632483,-3.0509356406965504,-3.047844938456255,-3.044754929626886,-3.0416658551869515,-3.0385780522517414,-3.0354919936726135,-3.0324083444296734,-3.0293280421278066,-3.026252412158518,-3.023183332811429,-3.0201234724736703,-3.0170766309973014,-3.014048231701949,-3.011046031207825,-3.008081143933105,-3.0051695199478874,-3.002334072814926,-2.9996077316290073,-2.997037789590096,-2.9946920327923126,-2.9926672303884074,-2.9911005826652834,-2.990184514305275
-3.592795966348617,-3.5920063011367747,-3.5906379289999424,-3.5888421567372815,-3.5867286880150537,-3.5843777642111956,-3.581848504769036,-3.579184734918579,-3.5764191142549375,-3.573576094686284,-3.570674059414051,-3.567726881686312,-3.564745068153036,-3.561736602229867,-3.558707569223992,-3.55566262170452,-3.552605327297761,-3.549538429542411,-3.5464640441875024,-3.5433838073715607,-3.5402989878108206,-3.537210571980574,-3.534119328969437,-3.5310258599899154,-3.527930636274742,-3.524834028158381,-3.521736327450905,-3.5186377646946516,-3.5155385225072204,-3.5124387459239044,-3.509338550433993,-3.5062380282404177,-3.5031372531473353,-3.5000362843856467,-3.4969351696144235,-3.4938339472814137,-3.4907326484839323,-3.487631298439364,-3.4845299176499362,-3.481428522827505,-3.4783271276295316,-3.4752257432461686,-3.4721243788696765,-3.4690230420706274,-3.465921739100104,-3.4628204751330145,-3.459719254464453,-3.4566180806685174,-3.4535169567270754,-3.4504158851343827,-3.4473148679822914,-3.4442139070297952,-3.441113003759924,-3.438012159426392,-3.4349113750919305,-3.4318106516598545,-3.4287099899001205,-3.4256093904708815,-3.4225088539363577,-3.4194083807816815,-3.4163079714252635,-3.4132076262291124,-3.4101073455074635,-3.407007129534015,-3.4039069785480125,-3.4008068927593644,-3.3977068723529693,-3.3946069174923745,-3.3915070283228825,-3.3884072049741927,-3.3853074475626626,-3.3822077561932353,-3.3791081309611033,-3.3760085719531445,-3.3729090792491636,-3.3698096529229806,-3.3667102930433797,-3.363610999674957,-3.3605117728788696,-3.357412612713514,-3.354313519235147,-3.3512144924984577,-3.3481155325571046,-3.345016639464233,-3.3419178132729734,-3.3388190540369407,-3.335720361810736,-3.3326217366504634,-3.3295231786142803,-3.3264246877629686,-3.323326264160569,-3.3202279078750676,-3.317129618979163,-3.314031397551123,-3.310933243675755,-3.3078351574455134,-3.3047371389617655,-3.3016391883362544,-3.2985413056927895,-3.295443491169221,-3.292345744919738,-3.2892480671175677,-3.2861504576862095,-3.28305291655595,-3.2799554436632383,-3.2768580389501207,-3.2737607023637403,-3.270663433855882,-3.2675662333825706,-3.2644691009037023,-3.261372036382719,-3.2582750397863096,-3.2551781110841427,-3.2520812502486236,-3.2489844572546773,-3.2458877320795465,-3.2427910747026134,-3.2396944851052343,-3.2365979632705897,-3.2335015091835526,-3.230405122830561,-3.2273088041995064,-3.2242125532796337,-3.221116370061444,-3.2180202545366146,-3.214924206697919,-3.2118282265391604,-3.2087323140551045,-3.2056364692414308,-3.202540692094677,-3.199444982612201,-3.1963493407921413,-3.193253766633394,-3.1901582601355845,-3.1870628212990617,-3.1839674501248876,-3.1808721466148526,-3.177776910771492,-3.1746817425981257,-3.1715866420989176,-3.1684916092789543,-3.1653966441443635,-3.1623017467024668,-3.159206916961984,-3.15611215493331,-3.153017460628869,-3.1499228340635868,-3.1468282752555043,-3.143733784226585,-3.140639361003765,-3.1375450056203387,-3.134450718117776,-3.1313564985481124,-3.1282623469770967,-3.125168263488356,-3.122074248188907,-3.1189803012164723,-3.115886422749216,-3.112792613018727,-3.1096988723273826,-3.1066052010716163,-3.1035115997731944,-3.1004180691213445,-3.097324610029662,-3.094231223713164,-3.091137911792889,-3.0880446764382588,-3.0849515205613245,-3.081858448082484,-3.0787654642948996,-3.0756725763655415,-3.072579794025856,-3.06948713052624,-3.066394603958451,-3.063302239092445,-3.0602100699342647,-3.0571181432970502,-3.054026523799097,-3.0509353008769016,-3.047844598650344,-3.044754589834714,-3.0416655154085177,-3.0385777124870454,-3.0354916539216514,-3.03240800469244,-3.0293277024042955,-3.0262520724487163,-3.023182993115319,-3.020123132791224,-3.017076291328477,-3.014047892046685,-3.011045691566029,-3.0080808043046385,-3.0051691803325458,-3.0023337332124047,-2.9996073920388526,-2.9970374500116392,-2.994691693224568,-2.9926668908299345,-2.9911002431139924,-2.9901841747581757
-3.5927956116160997,-3.592005946407472,-3.5906375742762644,-3.58884180202106,-3.5867283333076942,-3.584377409513783,-3.581848150082415,-3.5791843802434116,-3.576418759591742,-3.573575740035469,-3.5706737047759405,-3.567726527061164,-3.564744713541053,-3.5617362476312118,-3.558707214638795,-3.555662267132884,-3.552604972739771,-3.549538074998133,-3.5464636896569925,-3.5433834528548642,-3.540298633307975,-3.5372102174916082,-3.5341189744943753,-3.531025505528778,-3.527930281827544,-3.5248336737251362,-3.521735973031626,-3.518637410289347,-3.515538168115899,-3.512438391546573,-3.509338196070659,-3.506237673891085,-3.50313689881201,-3.5000359300643336,-3.4969348153071254,-3.493833592988135,-3.4907322942046775,-3.487630944174135,-3.4845295633987363,-3.481428168590337,-3.4783267734063967,-3.475225389037068,-3.472124024674613,-3.469022687889603,-3.4659213849331194,-3.462820120980072,-3.4597189003255533,-3.456617726543663,-3.453516602616268,-3.4504155310376237,-3.447314513899582,-3.444213552961137,-3.441112649705319,-3.4380118053858424,-3.4349110210654374,-3.4318102976474196,-3.4287096359017455,-3.4256090364865686,-3.422508499966108,-3.4194080268254976,-3.4163076174831457,-3.4132072723010616,-3.4101069915934796,-3.4070067756341014,-3.40390662466217,-3.4008065388875957,-3.3977065184952746,-3.394606563648755,-3.39150667449334,-3.3884068511587304,-3.385307093761283,-3.3822074024059394,-3.379107777187892,-3.3760082181940194,-3.3729087255041272,-3.369809299192034,-3.3667099393265243,-3.3636106459721944,-3.360511419190201,-3.357412259038941,-3.354313165574672,-3.351214138852081,-3.3481151789248282,-3.3450162858460577,-3.3419174596689007,-3.3388187004469714,-3.3357200082348717,-3.332621383088708,-3.329522825066634,-3.3264243342294324,-3.323325910641144,-3.320227554369755,-3.3171292654879645,-3.3140310440740404,-3.31093289021279,-3.3078348039966667,-3.3047367855270395,-3.3016388349156487,-3.2985409522863067,-3.2954431377768616,-3.2923453915415033,-3.2892477137534595,-3.2861501043362287,-3.2830525632200986,-3.2799550903415184,-3.276857685642534,-3.2737603490702867,-3.270663080576564,-3.267565880117389,-3.2644687476526597,-3.261371683145817,-3.2582746865635497,-3.255177757875527,-3.252080897054154,-3.2489841040743546,-3.245887378913373,-3.2427907215505907,-3.239694131967363,-3.2365976101468727,-3.233501156073991,-3.2304047697351552,-3.227308451118258,-3.2242122002125444,-3.2211160170085162,-3.21801990149785,-3.214923853673319,-3.2118278735287253,-3.2087319610588367,-3.205636116259331,-3.202540339126748,-3.1994446296584433,-3.1963489878525575,-3.193253413707985,-3.1901579072243518,-3.187062468402005,-3.183967097242009,-3.1808717937461544,-3.1777765579169754,-3.1746813897577932,-3.1715862892727693,-3.1684912564669916,-3.1653962913465885,-3.16230139391888,-3.1592065641925875,-3.156111802178106,-3.153017107887859,-3.149922481336772,-3.146827922542886,-3.143733431528164,-3.1406390083195426,-3.137544652950316,-3.1344503654619555,-3.131356145906495,-3.1282619943496837,-3.1251679108751484,-3.122073895589907,-3.1189799486316816,-3.1158860701786355,-3.11279226046236,-3.1096985197852307,-3.1066048485436806,-3.1035112472594757,-3.100417716621844,-3.0973242575443813,-3.0942308712421047,-3.0911375593360515,-3.0880443239956445,-3.084951168132935,-3.0818580956683217,-3.078765111894966,-3.0756722239798377,-3.0725794416543843,-3.0694867781690025,-3.066394251615448,-3.0633018867636785,-3.0602097176197365,-3.0571177909967626,-3.0540261715130503,-3.050934948605097,-3.0478442463927826,-3.044754237591395,-3.041665163179441,-3.038577360272208,-3.035491301721051,-3.032407652506071,-3.02932735023215,-3.026251720290783,-3.0231826409715796,-3.0201227806616493,-3.017075939213024,-3.014047539945289,-3.011045339478594,-3.008080452231021,-3.005168828272532,-3.0023333811656783,-2.9996070400049444,-2.9970370979898555,-2.994691341213888,-2.9926665388288636,-2.9910998911203643,-2.990183822768893
-3.592795243885118,-3.5920055786798213,-3.5906372065544443,-3.58884143430697,-3.586727965602791,-3.584377041819192,-3.5818477823990125,-3.579184012571883,-3.5764183919326245,-3.5735753723891865,-3.5706733371428285,-3.5677261594414875,-3.564744345935024,-3.5617358800389987,-3.558706847060532,-3.555661899568681,-3.552604605189714,-3.549537707462294,-3.5464633221354274,-3.543383085347619,-3.5402982658150877,-3.5372098500131095,-3.53411860703029,-3.531025138079128,-3.5279299143923475,-3.5248333063044077,-3.521735605625377,-3.5186370428975877,-3.5155378007386373,-3.5124380241838162,-3.509337828722414,-3.506237306557357,-3.503136531492802,-3.50003556275965,-3.496934448016971,-3.493833225712514,-3.490731926943592,-3.4876305769275895,-3.4845291961667315,-3.481427801372874,-3.478326406203477,-3.4752250218486944,-3.472123657500787,-3.4690223207303275,-3.465921017788397,-3.4628197538499044,-3.459718533209942,-3.4566173594426104,-3.4535162355297753,-3.450415163965694,-3.447314146842218,-3.4442131859183402,-3.4411122826770915,-3.4380114383721847,-3.4349106540663517,-3.4318099306629075,-3.4287092689318093,-3.425608669531209,-3.4225081330253264,-3.4194076598992953,-3.416307250571525,-3.413206905404024,-3.4101066247110268,-3.407006408766235,-3.4039062578088917,-3.4008061720489065,-3.3977061516711777,-3.394606196839253,-3.391506307698435,-3.388406484378422,-3.3853067269955717,-3.382207035654827,-3.3791074104513816,-3.3760078514721115,-3.3729083587968236,-3.3698089324993363,-3.3667095726484333,-3.3636102793087113,-3.360511052541329,-3.3574118924046807,-3.354312798955024,-3.3512137722470476,-3.3481148123344107,-3.3450159192702564,-3.341917093107718,-3.338818333900409,-3.335719641702931,-3.332621016571389,-3.3295224585639387,-3.326423967741363,-3.3233255441677034,-3.3202271879109446,-3.317128899043786,-3.3140306776444937,-3.3109325237978773,-3.3078344375963904,-3.3047364191414,-3.301638468544648,-3.2985405859299464,-3.2954427714351437,-3.29234502521443,-3.2892473474410333,-3.286149738038451,-3.2830521969369704,-3.279954724073041,-3.2768573193887085,-3.2737599828311152,-3.270662714352048,-3.2675655139075306,-3.2644683814574593,-3.2613713169652763,-3.2582743203976703,-3.255177391724309,-3.2520805309176,-3.2489837379524658,-3.245887012806151,-3.242790355458037,-3.2396937658894793,-3.2365972440836597,-3.2335007900254507,-3.23040440370129,-3.22730808509907,-3.2242118342080346,-3.2211156510186862,-3.218019535522701,-3.214923487712852,-3.2118275075829428,-3.20873159512774,-3.2056357503429216,-3.2025399732250266,-3.199444263771411,-3.1963486219802153,-3.1932530478503347,-3.190157541381395,-3.1870621025737442,-3.1839667314284466,-3.1808714279472907,-3.1777761921328134,-3.174681023988334,-3.1715859235180144,-3.1684908907269422,-3.1653959256212456,-3.162301028208245,-3.1592061984966633,-3.1561114364968934,-3.1530167422213604,-3.149922115684988,-3.146827556905819,-3.1437330659058147,-3.1406386427119126,-3.1375442873574073,-3.1344499998837687,-3.131355780343032,-3.1282616288009475,-3.12516754534114,-3.1220735300706273,-3.1189795831271314,-3.115885704688817,-3.1127918949872755,-3.1096981543248807,-3.1066044830980664,-3.103510881828598,-3.100417351205705,-3.0973238921429838,-3.09423050585545,-3.0911371939641406,-3.08804395863848,-3.0849508027905186,-3.0818577303406536,-3.078764746582048,-3.075671858681672,-3.072579076370971,-3.069486412900343,-3.066393886361545,-3.0633015215245334,-3.0602093523953493,-3.0571174257871343,-3.0540258063181827,-3.0509345834249904,-3.047843881227438,-3.044753872440813,-3.041664798043621,-3.038576995151149,-3.0354909366147513,-3.0324072874145265,-3.029326985155352,-3.0262513552287187,-3.0231822759242286,-3.0201224156289825,-3.0170755741949975,-3.014047174941836,-3.0110449744896144,-3.008080087256367,-3.0051684633119815,-3.0023330162189024,-2.9996066750714574,-2.9970367330689385,-2.994690976304483,-2.992666173929422,-2.9910995262286417,-2.9901834578816753
-3.5927948626795465,-3.5920051974777034,-3.590636825358371,-3.5888410531189088,-3.586727584424252,-3.5843766606513436,-3.5818474012427637,-3.5791836314279424,-3.5764180108015493,-3.5735749912714168,-3.5706729560387123,-3.5677257783512997,-3.5647439648589847,-3.5617354989772827,-3.558706466013279,-3.555661518536002,-3.5526042241716995,-3.5495373264590167,-3.5464629411469466,-3.543382704373983,-3.5402978848563347,-3.5372094690692713,-3.534118226101395,-3.531024757165197,-3.5279295334933973,-3.524832925420453,-3.5217352247564313,-3.5186366620436607,-3.515537419899739,-3.5124376433599545,-3.509337447913595,-3.5062369257635857,-3.5031361507140857,-3.500035181995993,-3.4969340672683766,-3.4938328449789844,-3.49073154622513,-3.4876301962241962,-3.48452881547841,-3.4814274206996276,-3.47832602554531,-3.4752246412056103,-3.472123276872788,-3.4690219401174147,-3.465920637190572,-3.4628193732671697,-3.4597181526423006,-3.4566169788900645,-3.4535158549923257,-3.4504147834433416,-3.4473137663349642,-3.444212805426188,-3.441111902200041,-3.438011057910239,-3.4349102736195127,-3.431809550231176,-3.428708888515186,-3.425608289129696,-3.422507752638926,-3.419407279528009,-3.416306870215355,-3.413206525062972,-3.410106244385096,-3.4070060284554256,-3.403905877513205,-3.4008057917683443,-3.3977057714057413,-3.3946058165889434,-3.391505927463253,-3.388406104158371,-3.385306346790652,-3.38220665546504,-3.379107030276728,-3.3760074713125943,-3.3729079786524436,-3.3698085523700945,-3.3667091925343327,-3.363609899209754,-3.3605106724575156,-3.3574115123360144,-3.354312418901506,-3.3512133922086793,-3.3481144323111938,-3.3450155392621936,-3.3419167131148093,-3.3388179539226566,-3.335719261740337,-3.3326206366239552,-3.3295220786316664,-3.3264235878242534,-3.3233251642657566,-3.320226808024164,-3.3171285191721718,-3.3140302977880487,-3.3109321439566024,-3.307834057770287,-3.30473603933047,-3.301638088748893,-3.2985402061493683,-3.2954423916697437,-3.2923446454642096,-3.289246967705994,-3.286149358318595,-3.2830518172323,-3.279954344383557,-3.276856939714413,-3.2737596031720106,-3.2706623347081356,-3.2675651342788115,-3.264468001843935,-3.261370937366948,-3.25827394081454,-3.255177012156379,-3.2520801513648703,-3.2489833584149395,-3.2458866332838294,-3.242789975950922,-3.2396933863975725,-3.2365968646069625,-3.2335004105639653,-3.230404024255017,-3.2273077056680117,-3.2242114547921923,-3.2211152716180607,-3.2180191561372937,-3.2149231083426653,-3.211827128227978,-3.208731215787999,-3.205635371018405,-3.2025395939157364,-3.1994438844773505,-3.1963482427013856,-3.193252668586737,-3.1901571621330316,-3.187061723340616,-3.183966352210555,-3.180871048744636,-3.1777758129453977,-3.1746806448161586,-3.1715855443610823,-3.1684905115852557,-3.165395546494806,-3.162300649097054,-3.159205819400721,-3.1561110574162012,-3.1530163631559196,-3.149921736634801,-3.146827177870887,-3.1437326868861395,-3.1406382637074954,-3.1375439083682504,-3.1344496209098733,-3.1313554013844,-3.12826124985758,-3.125167166413039,-3.1220731511577946,-3.118979204229569,-3.1158853258065276,-3.1127915161202577,-3.1096977754731365,-3.106604104261599,-3.10351050300741,-3.100416972399797,-3.0973235133523582,-3.094230127080107,-3.091136815204084,-3.08804357989371,-3.0849504240610357,-3.081857351626461,-3.0787643678831467,-3.075671479998063,-3.0725786977026566,-3.069486034247323,-3.066393507723821,-3.063301142902106,-3.060208973788222,-3.0571170471953075,-3.0540254277416583,-3.05093420486377,-3.047843502681522,-3.044753493910202,-3.0416644195283147,-3.038576616651145,-3.0354905581300464,-3.0324069089451156,-3.029326606701227,-3.0262509767898664,-3.0231818975006304,-3.020122037220608,-3.0170751958018,-3.0140467965637465,-3.0110445961265286,-3.0080797089081304,-3.005168084978366,-3.002332637899568,-2.9996062967658994,-2.9970363547764123,-2.99469059802389,-2.992665795659157,-2.9910991479663758,-2.990183079624079
-3.592794467505848,-3.5920048023075846,-3.5906364301945173,-3.5888406579633614,-3.5867271892785744,-3.5843762655167453,-3.5818470061201872,-3.579183236318124,-3.5764176157050676,-3.5735745961887266,-3.570672560970174,-3.5677253832972005,-3.564743569819551,-3.561735103952697,-3.558706071003686,-3.555661123541519,-3.5526038291924187,-3.549536931495014,-3.5464625461982813,-3.5433823094407053,-3.5402974899384856,-3.537209074166884,-3.5341178312144956,-3.5310243622938073,-3.5279291386375364,-3.524832530580138,-3.521734829931673,-3.5186362672344704,-3.5155370251061253,-3.512437248581926,-3.5093370531511594,-3.5062365310167496,-3.503135755982854,-3.500034787280371,-3.4969336725683684,-3.493832450294593,-3.4907311515563593,-3.4876298015710496,-3.4845284208408915,-3.48142702607774,-3.478325630939055,-3.4752242466149905,-3.472122882297805,-3.4690215455580713,-3.4659202426468707,-3.4628189787391124,-3.4597177581298877,-3.4566165843932968,-3.453515460511207,-3.450414388977874,-3.4473133718851496,-3.444212410992028,-3.441111507781538,-3.438010663507395,-3.4349098792323285,-3.4318091558596535,-3.4287084941593267,-3.425607894789502,-3.422507358314399,-3.4194068852191495,-3.416306475922165,-3.413206130785453,-3.410105850123249,-3.4070056342092525,-3.4039054832827085,-3.4008053975535257,-3.397705377206602,-3.394605422405485,-3.391505533295478,-3.38840571000628,-3.385305952654248,-3.3822062613443244,-3.3791066361717026,-3.3760070772232598,-3.3729075845788015,-3.3698081583121464,-3.3667087984920805,-3.3636095051831996,-3.3605102784466605,-3.3574111183408597,-3.354312024922054,-3.3512129982449315,-3.348114038363152,-3.34501514532986,-3.3419163191981873,-3.3388175600217473,-3.3357188678551415,-3.332620242754475,-3.3295216847779026,-3.3264231939862086,-3.323324770443432,-3.3202264142175606,-3.317128125381292,-3.314029904012893,-3.310931750197173,-3.3078336640265844,-3.3047356456024963,-3.3016376950366513,-3.2985398124528595,-3.2954419979889704,-3.292344251799173,-3.289246574056696,-3.2861489646850357,-3.2830514236144817,-3.27995395078148,-3.27685654612808,-3.273759209601423,-3.270661941153296,-3.2675647407397217,-3.2644676083205977,-3.261370543859365,-3.258273547322712,-3.2551766186803084,-3.2520797579045593,-3.2489829649703887,-3.245886239855041,-3.242789582537897,-3.2396929930003124,-3.2365964712254702,-3.23350001719824,-3.230403630905061,-3.2273073123338265,-3.2242110614737802,-3.2211148783154235,-3.2180187628504338,-3.2149227150715842,-3.211826734972677,-3.2087308225484783,-3.205634977794668,-3.2025392007077844,-3.1994434912851837,-3.1963478495250066,-3.193252275426147,-3.1901567689882326,-3.1870613302116095,-3.183965959097343,-3.1808706556472215,-3.177775419863781,-3.1746802517503423,-3.171585151311066,-3.1684901185510426,-3.165395153476398,-3.162300256094452,-3.1592054264139264,-3.156110664445217,-3.1530159702007468,-3.149921343695441,-3.146826784947342,-3.143732293978412,-3.1406378708155853,-3.137543515492161,-3.134449228049607,-3.1313550085399577,-3.128260857028962,-3.125166773600248,-3.122072758360832,-3.1189788114484376,-3.1158849330412277,-3.112791123370793,-3.109697382739507,-3.1066037115438054,-3.103510110305454,-3.1004165797136816,-3.0973231206820833,-3.094229734425675,-3.0911364225654956,-3.0880431872709666,-3.0849500314541403,-3.0818569590354152,-3.078763975307951,-3.0756710874387196,-3.0725783051591673,-3.069485641719691,-3.0663931152120467,-3.0633007504061927,-3.0602085813081703,-3.0571166547311197,-3.0540250352933342,-3.0509338124313112,-3.047843110264928,-3.044753101509473,-3.04166402714345,-3.0385762242821444,-3.035490165776906,-3.03240651660783,-3.0293262143797883,-3.0262505844842607,-3.023181505210836,-3.0201216449465926,-3.0170748035435158,-3.0140464043211215,-3.0110442038994565,-3.0080793166964512,-3.0051676927818423,-3.0023322457178465,-2.9996059045984587,-2.99703596262248,-2.994690205882329,-2.9926654035283033,-2.9910987558438156,-2.9901826875063597
-3.5927940578523696,-3.592004392657817,-3.590636020551246,-3.5888402483287014,-3.586726779654149,-3.5843758559038084,-3.581846596519713,-3.5791828267308756,-3.5764172061316444,-3.573574186629601,-3.57067215142572,-3.5677249737677137,-3.5647431603052673,-3.5617346944538033,-3.558705661520334,-3.5556607140738286,-3.5526034197404868,-3.549536522058919,-3.546462136778089,-3.543381900036466,-3.5402970805502396,-3.5372086647946643,-3.5341174218583307,-3.531023952953721,-3.527928729313549,-3.5248321212722646,-3.521734420639928,-3.518635857958865,-3.5155366158466697,-3.5124368393386285,-3.509336643924027,-3.5062361218057876,-3.503135346788068,-3.5000343781017653,-3.496933263405947,-3.493832041148362,-3.490730742426322,-3.4876293924572095,-3.48452801174325,-3.4814266169963,-3.478325221873821,-3.4752238375659625,-3.4721224732649865,-3.4690211365414636,-3.4659198336464767,-3.4628185697549343,-3.459717349161928,-3.456616175441558,-3.4535150515756907,-3.450413980058581,-3.4473129629820822,-3.4442120021051874,-3.4411110989109273,-3.438010254653016,-3.434909470394183,-3.431808747037744,-3.428708085353655,-3.42560748600007,-3.422506949541208,-3.4194064764622016,-3.416306067181462,-3.4132057220609955,-3.4101054414150394,-3.407005225517292,-3.4039050746069983,-3.400804988894067,-3.3977049685633984,-3.394605013778538,-3.3915051246847883,-3.3884053014118494,-3.385305544076078,-3.382205852782418,-3.379106227626061,-3.376006668693885,-3.3729071760656955,-3.369807749815311,-3.3667083900115164,-3.3636090967189087,-3.3605098699986446,-3.35741070990912,-3.3543116165065925,-3.3512125898457503,-3.3481136299802534,-3.3450147369632446,-3.3419159108478556,-3.338817151687702,-3.3357184595373837,-3.332619834453007,-3.3295212764927262,-3.326422785717325,-3.323324362190844,-3.3202260059812687,-3.317127717161299,-3.314029495809202,-3.310931342009785,-3.3078332558555035,-3.3047352374477232,-3.301637286898187,-3.2985394043307052,-3.2954415898831284,-3.292343843709645,-3.2892461659834837,-3.286148556628142,-3.283051015573908,-3.2799535427572297,-3.276856138120153,-3.273758801609821,-3.2706615331780196,-3.2675643327807724,-3.2644672003779753,-3.261370135933072,-3.2582731394127507,-3.25517621078668,-3.252079350027266,-3.2489825571094326,-3.245885832010423,-3.24278917470962,-3.2396925851883775,-3.2365960634298787,-3.233499609418995,-3.230403223142164,-3.2273069045872793,-3.2242106537435844,-3.221114470601581,-3.2180183551529447,-3.2149223073904514,-3.211826327307902,-3.2087304149000646,-3.2056345701626157,-3.202538793092096,-3.199443083685861,-3.1963474419420503,-3.19325186785956,-3.190156361438016,-3.1870609226777664,-3.1839655515798735,-3.1808702481461273,-3.177775012379064,-3.1746798442820032,-3.1715847438591087,-3.1684897111154675,-3.1653947460572063,-3.1622998486916463,-3.159205019027509,-3.156110257075189,-3.15301556284711,-3.149920936358198,-3.1468263776264944,-3.14373188667396,-3.1406374635275314,-3.137543108220505,-3.134448820794351,-3.1313546013011044,-3.128260449806513,-3.1251663663942044,-3.122072351171196,-3.1189784042752096,-3.1158845258844092,-3.1127907162303856,-3.109696975615514,-3.1066033044362293,-3.103509703214296,-3.100416172638943,-3.0973227136237664,-3.094229327383782,-3.0911360155400276,-3.0880427802619264,-3.084949624461529,-3.081856552059235,-3.078763568348205,-3.0756706804954086,-3.072577898232293,-3.0694852348092545,-3.06639270831805,-3.063300343528637,-3.060208174447056,-3.057116247886449,-3.0540246284651085,-3.050933405619531,-3.0478427034695947,-3.0447526947305854,-3.041663620381007,-3.0385758175361435,-3.035489759047345,-3.032406109894703,-3.0293258076830867,-3.02625017780397,-3.0231810985469347,-3.020121238299049,-3.0170743969122795,-3.014045997706118,-3.011043797300575,-3.008078910113527,-3.005167286214629,-3.002331839165981,-2.999605498061398,-2.997035556099423,-2.9946897993720967,-2.99266499702917,-2.991098349353279,-2.990182281020841
-3.592793633188789,-3.5920039679980826,-3.5906355958982443,-3.5888398236846233,-3.586726355020676,-3.5843754312822425,-3.5818461719110672,-3.579182402135941,-3.5764167815510417,-3.5735737620638206,-3.5706717268751484,-3.5677245492326577,-3.564742735785971,-3.561734269950462,-3.5587052370331023,-3.555660289602832,-3.5526029952858273,-3.549536097620678,-3.5464617123563302,-3.5433814756312425,-3.540296656161596,-3.537208240422638,-3.5341169975029505,-3.5310235286150116,-3.5279283049915278,-3.5248316969669484,-3.52173399635133,-3.5186354336869985,-3.5155361915915444,-3.5124364151002534,-3.5093362197024094,-3.5062356976009346,-3.5031349225999837,-3.500033953930454,-3.496932839251414,-3.4938316170106085,-3.4907303183053537,-3.48762896835303,-3.4845275876558635,-3.48142619292571,-3.4783247978200285,-3.4752234135289712,-3.4721220492447986,-3.4690207125380823,-3.4659194096599033,-3.462818145785171,-3.4597169252089772,-3.456615751505421,-3.4535146276563706,-3.4504135561560796,-3.4473125390964015,-3.444211578236329,-3.441110675058893,-3.4380098308178066,-3.4349090465758008,-3.431808323236191,-3.428707661568933,-3.42560706223218,-3.4225065257901517,-3.4194060527279824,-3.416305643464082,-3.413205298360458,-3.4101050177313468,-3.407004801850447,-3.403904650957003,-3.400804565260923,-3.3977045449471057,-3.394604590179097,-3.391504701102201,-3.3884048778461184,-3.3853051205272053,-3.382205429250404,-3.3791058041109086,-3.376006245195595,-3.372906752584269,-3.3698073263507498,-3.366707966563823,-3.3636086732880837,-3.3605094465846905,-3.3574102865120388,-3.354311193126385,-3.3512121664824197,-3.3481132066338004,-3.345014313633672,-3.3419154875351653,-3.3388167283918952,-3.335718036258463,-3.332619411190974,-3.329520853247583,-3.3264223624890743,-3.3233239389794864,-3.320225582786807,-3.317127293983735,-3.3140290726485366,-3.3109309188660205,-3.3078328327286406,-3.304734814337764,-3.3016368638051334,-3.2985389812545587,-3.29544116682389,-3.292343420667317,-3.2892457429580673,-3.286148133619639,-3.28305059258232,-3.279953119782557,-3.2768557151623994,-3.273758378668989,-3.2706611102541108,-3.267563909873789,-3.2644667774879204,-3.261369713059947,-3.2582727165565575,-3.25517578794742,-3.2520789272049413,-3.248982134304044,-3.2458854092219718,-3.2427887519381073,-3.239692162433805,-3.2365956406922485,-3.233499186698308,-3.2304028004384233,-3.2273064819004866,-3.2242102310737413,-3.2211140479486895,-3.2180179325170077,-3.2149218847714702,-3.2118259047058784,-3.2087299923149994,-3.205634147594512,-3.2025383705409554,-3.1994426611516853,-3.196347019424842,-3.1932514453593197,-3.1901559389547454,-3.1870605002114676,-3.183965129130549,-3.1808698257137786,-3.177774589963693,-3.1746794218836127,-3.1715843214776998,-3.168489288751042,-3.1653943237097666,-3.1622994263611925,-3.1592045967140443,-3.156109834778714,-3.1530151405676268,-3.1499205140957085,-3.146825955381,-3.1437314644454624,-3.140637041316034,-3.1375426860260096,-3.134448398616858,-3.131354179140614,-3.1282600276630284,-3.1251659442677266,-3.122071929061727,-3.118977982182751,-3.1158841038089644,-3.1127902941719547,-3.1096965535740995,-3.1066028824118326,-3.1035092812069185,-3.1004157506485868,-3.097322291650434,-3.0942289054274745,-3.091135593600747,-3.088042358339675,-3.084949202556308,-3.0818561301710456,-3.078763146477048,-3.075670258641286,-3.0725774763952067,-3.069484812989207,-3.0663922865150433,-3.0632999217426717,-3.0602077526781346,-3.0571158261345732,-3.0540242067302796,-3.0509329839017485,-3.04784228176886,-3.044752273046899,-3.041663198714369,-3.038575395886554,-3.0354893374147998,-3.032405688279197,-3.0293253860846097,-3.0262497562225072,-3.0231806769824634,-3.0201208167515343,-3.0170739753816704,-3.014045576192338,-3.01104337580351,-3.0080784886330045,-3.0051668647503944,-3.0023314177176545,-2.9996050766284177,-2.997035134680959,-2.994689377966927,-2.9926645756355046,-2.991097927968524,-2.9901818596412895
-3.5927931929653365,-3.592003527778619,-3.5906351556857605,-3.588839383481392,-3.5867259148284423,-3.5843749911023535,-3.58184573174457,-3.5791819619836573,-3.576416341413615,-3.5735733219417583,-3.5706712867688513,-3.567724109142446,-3.564742295712097,-3.5617338298931283,-3.558704796992469,-3.5556598495790293,-3.5526025552789595,-3.5495356576308286,-3.546461272383567,-3.543381035675622,-3.5402962162231617,-3.537207800501426,-3.5341165575989915,-3.53102308872833,-3.5279278651221464,-3.5248312571148848,-3.5217335565165993,-3.518634993869612,-3.5155357517915125,-3.512435975317585,-3.5093357799371123,-3.5062352578530156,-3.503134482869449,-3.5000335142173102,-3.496932399555666,-3.493831177332262,-3.49072987864441,-3.487628528709493,-3.4845271480297364,-3.4814257533169943,-3.4783243582287278,-3.475222973955088,-3.472121609688336,-3.4690202729990407,-3.465918970138286,-3.462817706280979,-3.459716485722213,-3.4566153120360865,-3.453514188204467,-3.45041311672161,-3.4473120996793676,-3.4442111388367334,-3.4411102356767374,-3.4380093914530936,-3.434908607228533,-3.4318078839063704,-3.428707222256562,-3.42560662293726,-3.4225060865126853,-3.4194056134679713,-3.4163052042215276,-3.4132048591353614,-3.4101045785237094,-3.40700436266027,-3.403904211784287,-3.40080412610567,-3.397704105809318,-3.3946041510587786,-3.3915042619993536,-3.3884044387607433,-3.385304681459304,-3.3822049901999804,-3.3791053650779634,-3.3760058061801312,-3.3729063135862885,-3.369806887370254,-3.3667075276008136,-3.363608234342563,-3.36050900765666,-3.357409847601501,-3.3543107542333424,-3.3512117276068722,-3.348112767775751,-3.3450138747931213,-3.341915048712116,-3.338816289586349,-3.3357175974704214,-3.3326189724204394,-3.3295204144945574,-3.326421923753558,-3.3233235002614823,-3.320225144086316,-3.3171268553007582,-3.314028633983076,-3.310930480218078,-3.307832394098218,-3.304734375724864,-3.3016364252097574,-3.29853854267671,-3.2954407282635714,-3.2923429821245294,-3.289245304432812,-3.2861476951119184,-3.2830501540921357,-3.279952681309912,-3.2768552767072947,-3.2737579402314263,-3.2706606718340923,-3.2675634714713153,-3.2644663391029947,-3.26136927469257,-3.2582722782067313,-3.2551753496151457,-3.2520784888902194,-3.248981696006877,-3.2458849709423623,-3.242788313676057,-3.2396917241893175,-3.2365952024653253,-3.2334987484889526,-3.2304023622466373,-3.227306043726271,-3.2242097929170974,-3.2211136098096196,-3.218017494395514,-3.2149214466675535,-3.21182546661954,-3.208729554246242,-3.205633709543337,-3.2025379325073637,-3.199442223135679,-3.196346581426424,-3.193251007378492,-3.19015550099151,-3.1870600622658247,-3.1839646912025,-3.1808693878033276,-3.1777741520708416,-3.1746789840083616,-3.171583883620051,-3.168488850910997,-3.165393885887327,-3.162298988556363,-3.159204158926824,-3.156109397009105,-3.1530147028156312,-3.1499200763613278,-3.1468255176642357,-3.143731026746318,-3.1406366036345106,-3.137542248362108,-3.1344479609705824,-3.131353741511968,-3.1282595900520125,-3.1251655066743425,-3.1220714914859746,-3.1189775446246335,-3.1158836662684823,-3.1127898566491115,-3.109696116068896,-3.1066024449242695,-3.1035088437369986,-3.1004153131963132,-3.097321854215807,-3.0942284680104972,-3.09113515620142,-3.088041920958,-3.084948765192288,-3.0818556928246816,-3.0787627091483425,-3.0756698213302416,-3.0725770391018243,-3.0694843757134884,-3.06639184925699,-3.063299484502286,-3.0602073154554184,-3.0571153889295277,-3.0540237695429058,-3.050932546732048,-3.047841844616833,-3.0447518359125447,-3.0416627615976877,-3.0385749587875437,-3.0354889003334575,-3.032405251215517,-3.0293249490385823,-3.0262493191941178,-3.0231802399716883,-3.0201203797583385,-3.017073538406,-3.0140451392341134,-3.011042938862611,-3.008078051709254,-3.0051664278435286,-3.00233098082728,-2.999604639753952,-2.9970346978215416,-2.9946889411212907,-2.9926641388017963,-2.991097491144056,-2.9901814228222134
-3.592792736612143,-3.592003071429559,-3.590634699343936,-3.58883892714916,-3.5867254585076083,-3.5843745347943163,-3.581845275450418,-3.5791815057042387,-3.576415885149599,-3.57357286569367,-3.570670830537108,-3.5677236529273775,-3.5647418395139665,-3.561733373712144,-3.5587043408288,-3.5556593934328085,-3.552602099150294,-3.5495352015198054,-3.5464608162902582,-3.543380579600083,-3.540295760165441,-3.5372073444615606,-3.534116101577012,-3.531022632724263,-3.5279274091360127,-3.5248308011467038,-3.5217331005663866,-3.518634537937379,-3.515535295877271,-3.5124355194213432,-3.5093353240588776,-3.506234801992796,-3.50313402702725,-3.5000330583931363,-3.4969319437495225,-3.493830721544152,-3.4907294228743377,-3.487628072957462,-3.484526692295749,-3.481425297601055,-3.47832390253084,-3.475222518275254,-3.4721211540265577,-3.4690198173553224,-3.4659185145126292,-3.462817250673387,-3.4597160301326877,-3.4566148564646313,-3.4535137326510825,-3.4504126611862995,-3.447311644162134,-3.444210683337579,-3.441109780195663,-3.4380089359901014,-3.4349081517836244,-3.4318074284795483,-3.428706766847827,-3.4256061675466154,-3.4225056311401323,-3.419405158113511,-3.4163047488851634,-3.4132044038170952,-3.4101041232235434,-3.4070039073782072,-3.4039037565203287,-3.400803670859818,-3.397703650581574,-3.394603695849144,-3.3915038068078314,-3.3884039835873367,-3.385304226304014,-3.3822045350628067,-3.3791049099589086,-3.376005351079197,-3.372905858503477,-3.3698064323055674,-3.3667070725542536,-3.363607779314132,-3.3605085526463596,-3.3574093926093322,-3.3543102992593066,-3.3512112726509717,-3.348112312837988,-3.3450134198734984,-3.3419145938106345,-3.3388158347030115,-3.3357171426052297,-3.3326185175733953,-3.3295199596656637,-3.3264214689428164,-3.3233230454688942,-3.320224689311884,-3.3171264005444834,-3.314028179244961,-3.3109300254981244,-3.3078319393964284,-3.3047339210412394,-3.3016359705443,-3.298538088029421,-3.295440273634451,-3.292342527513581,-3.2892448498400384,-3.2861472405373213,-3.283049699535718,-3.2799522267716754,-3.2768548221872407,-3.273757485729556,-3.270660217350408,-3.2675630170058194,-3.264465884655688,-3.2613688202634563,-3.2582718237958117,-3.255174895222423,-3.252078034515696,-3.248981241650555,-3.2458845166042427,-3.2427878593561417,-3.239691269887608,-3.2365947481818234,-3.233498294223659,-3.230401907999554,-3.2273055894974,-3.224209338706441,-3.2211131556171795,-3.2180170402212913,-3.214920992511551,-3.211825012481761,-3.2087291001266887,-3.205633255442011,-3.2025374784242677,-3.1994417690708143,-3.1963461273797917,-3.1932505533500932,-3.1901550469813476,-3.1870596082739002,-3.183964237228816,-3.180868933847886,-3.177773698133644,-3.1746785300894107,-3.1715834297193473,-3.1684883970285433,-3.165393432023124,-3.1622985347104113,-3.1592037050991277,-3.1561089431996665,-3.153014249024453,-3.149919622588412,-3.146825063909584,-3.143730573009931,-3.140636149916391,-3.1375417946622584,-3.134447507289003,-3.1313532878486607,-3.128259136406979,-3.125165053047585,-3.122071037877496,-3.1189770910344348,-3.115883212696566,-3.112789403095479,-3.10969566253355,-3.1066019914072127,-3.1035083902382326,-3.1004148597158383,-3.0973214007536263,-3.0942280145666126,-3.091134702775834,-3.0880414675507133,-3.0849483118033016,-3.081855239453999,-3.0787622557959655,-3.0756693679961717,-3.0725765857860643,-3.069483922416039,-3.0663913959778526,-3.0632990312414625,-3.06020686221291,-3.0571149357053353,-3.0540233163370316,-3.050932093544494,-3.0478413914475997,-3.0447513827616346,-3.0416623084650984,-3.038574505673274,-3.035488447237504,-3.0324047981378737,-3.02932449597924,-3.0262488661530593,-3.0231797869488894,-3.0201199267537615,-3.017073085419591,-3.0140446862657884,-3.011042485912247,-3.008077598776666,-3.0051659749284423,-3.002330527929289,-2.9996041868724537,-2.997034244955643,-2.994688488269678,-2.992663685962548,-2.9910970383143844,-2.9901809699981334
-3.592792263538487,-3.592002598360189,-3.5906342262820647,-3.588838454097231,-3.5867249854674963,-3.5843740617674698,-3.5818448024379648,-3.5791810327070603,-3.576415412168388,-3.5735723927289715,-3.570670357589353,-3.5677231799969067,-3.5647413666010515,-3.5617329008170033,-3.558703867951607,-3.5556589205737037,-3.552601626309389,-3.5495347286971906,-3.5464603434860065,-3.543380106814254,-3.540295287398081,-3.5372068717127103,-3.534115628846704,-3.531022160012524,-3.527926936442864,-3.5248303284721634,-3.521732627910471,-3.518634065300102,-3.5155348232586436,-3.5124350468213748,-3.509334851477577,-3.506234329430169,-3.5031335544833038,-3.5000325858678765,-3.4969314712429527,-3.493830249056279,-3.490728950405166,-3.4876276005069933,-3.4845262198639886,-3.4814248251880056,-3.478323430136503,-3.4752220458996326,-3.472120681669654,-3.469019345017139,-3.4659180421931715,-3.4628167783726567,-3.4597155578506875,-3.4566143842013637,-3.4535132604065506,-3.450412188960504,-3.447311171955076,-3.4442102111492607,-3.4411093080260873,-3.4380084638392705,-3.4349076796515408,-3.4318069563662124,-3.428706294753242,-3.425605695470784,-3.4225051590830566,-3.4194046860751928,-3.416304276865604,-3.4132039318162977,-3.410103651241508,-3.4070034354149357,-3.4039032845758244,-3.4008031989340823,-3.39770317867461,-3.394603223960953,-3.3915033349384145,-3.388403511736694,-3.385303754472149,-3.3822040632497226,-3.3791044381646067,-3.3760048793036797,-3.3729053867467464,-3.3698059605676254,-3.3667066008351028,-3.363607307613774,-3.360508080964796,-3.357408920946566,-3.3543098276153405,-3.3512108010258075,-3.3481118412316264,-3.345012948285941,-3.3419141222418838,-3.338815363153068,-3.335716671074096,-3.332618046061073,-3.3295194881721537,-3.3264209974681216,-3.3233225740130177,-3.3202242178748276,-3.3171259291262505,-3.314027707845553,-3.310929554117544,-3.307831468034677,-3.304733449698319,-3.3016354992202124,-3.2985376167241682,-3.295439802348036,-3.2923420562460053,-3.2892443785913037,-3.2861467693074293,-3.2830492283246695,-3.2799517555794733,-3.2768543510138874,-3.273757014575054,-3.270659746214759,-3.2675625458890263,-3.2644654135577524,-3.261368349184379,-3.2582713527355938,-3.255174424181068,-3.2520775634932053,-3.2489807706469316,-3.2458840456194893,-3.24278738839026,-3.2396907989405994,-3.23659427725369,-3.2334978233144027,-3.230401437109176,-3.2273051186259027,-3.2242088678538257,-3.2211126847834484,-3.218016569406447,-3.2149205217155954,-3.211824541704695,-3.2087286293685136,-3.2056327847027295,-3.202537007703882,-3.199441298369327,-3.1963456566972046,-3.193250082686409,-3.190154576336568,-3.1870591376480277,-3.183963766621853,-3.1808684632598343,-3.1777732275645048,-3.1746780595391866,-3.1715829591880405,-3.1684879265161556,-3.165392961529658,-3.1622980642358685,-3.1592032346435093,-3.156108472762975,-3.15301377860669,-3.149919152189579,-3.146824593529683,-3.143730102648964,-3.140635679574359,-3.137541324339164,-3.1344470369848483,-3.131352817563447,-3.1282586661407086,-3.1251645828002608,-3.12207056764912,-3.1189766208250096,-3.1158827425060918,-3.1127889329239586,-3.109695192380985,-3.106601521273606,-3.1035079201235862,-3.1004143896201546,-3.0973209306769065,-3.0942275445088585,-3.091134232737049,-3.088040997530899,-3.0849478418024603,-3.0818547694721317,-3.078761785833074,-3.0756688980522577,-3.0725761158611298,-3.0694834525100863,-3.066390926090883,-3.063298561373478,-3.060206392363913,-3.057114465875328,-3.0540228465260153,-3.0509316237524695,-3.0478409216745685,-3.0447509130075963,-3.0416618387300534,-3.038574035957219,-3.035487977540435,-3.0324043284597835,-3.0293240263201175,-3.02624839651289,-3.0231793173276484,-3.0201194571514116,-3.0170726158360752,-3.0140442167010204,-3.0110420163660976,-3.008077129248946,-3.0051655054188653,-3.0023300584374333,-2.9996037173976937,-2.997033775497054,-2.9946880188258986,-2.9926632165315854,-2.9910965688933495,-2.990180500582893
-3.5927917731320336,-3.5920021079581783,-3.5906337358878315,-3.5888379637133063,-3.5867244950958237,-3.584373571409551,-3.5818443120949652,-3.579180542379895,-3.5764149218577725,-3.5735719024354724,-3.570669867313417,-3.5677226897388894,-3.5647408763612356,-3.561732410595612,-3.5587033777488206,-3.5556584303896654,-3.5526011361442142,-3.5495342385509727,-3.5464598533588223,-3.543379616706166,-3.5402947973091408,-3.5372063816429584,-3.534115138796174,-3.531021669981244,-3.5279264464308575,-3.524829838479449,-3.5217321379370623,-3.5186335753460134,-3.5155343333238864,-3.51243455690596,-3.5093343615815127,-3.5062338395534645,-3.5031330646259646,-3.500032096029909,-3.496930981424362,-3.493829759257068,-3.4907284606253386,-3.4876271107465553,-3.484525730122942,-3.4814243354663557,-3.4783229404342526,-3.475221556216785,-3.4721201920062117,-3.469018855373105,-3.4659175525685466,-3.4628162887674443,-3.45971506826489,-3.4566138946349825,-3.4535127708595885,-3.4504116994329643,-3.4473106824469615,-3.444209721660573,-3.441108818556827,-3.4380079743894405,-3.4349071902211437,-3.4318064669552513,-3.428705805361719,-3.425605206098701,-3.4225046697304147,-3.4194041967419944,-3.4163037875518505,-3.4132034425219917,-3.410103161966653,-3.4070029461595337,-3.403902795339876,-3.400802709717591,-3.3977026894775766,-3.3946027347833803,-3.391502845780305,-3.3884030225980504,-3.385303265352974,-3.3822035741500165,-3.3791039490843717,-3.376004390242918,-3.37290489770546,-3.369805471545816,-3.3667061118327726,-3.363606818630926,-3.360507592001433,-3.3574084320026896,-3.354309338690951,-3.351210312120908,-3.3481113523462187,-3.345012459420028,-3.3419136333954667,-3.338814874326149,-3.335716182266676,-3.3326175572731542,-3.329518999403739,-3.3264205087192127,-3.323322085283616,-3.3202237291649355,-3.3171254404358703,-3.3140272191746867,-3.3109290654661936,-3.307830979402845,-3.304732961086007,-3.301635010627422,-3.298537128150903,-3.2954393137942977,-3.2923415677117958,-3.289243890076625,-3.286146280812283,-3.283048739849059,-3.2799512671234003,-3.276853862577353,-3.2737565261580612,-3.2706592578173095,-3.2675620575111215,-3.2644649251993956,-3.261367860845571,-3.2582708644163394,-3.2551739358813667,-3.2520770752130606,-3.2489802823863454,-3.245883557378463,-3.242786900168795,-3.2396903107386983,-3.2365937890713554,-3.2334973351516374,-3.230400948965982,-3.2273046305022817,-3.2242083797497805,-3.221112196698981,-3.218016081341559,-3.2149200336702886,-3.2118240536789715,-3.2087281413623754,-3.2056322967161788,-3.20253651973692,-3.199440810421955,-3.196345168769425,-3.1932495947782256,-3.190154088447982,-3.1870586497790407,-3.1839632787724663,-3.180867975430048,-3.1777727397543227,-3.1746775717486093,-3.171582471417071,-3.1684874387647968,-3.1653924737979127,-3.162297576523739,-3.1592027469509985,-3.156107985090085,-3.153013290953422,-3.149918664555935,-3.146824105915666,-3.1437296150545757,-3.140635191999601,-3.137540836784039,-3.1344465494493576,-3.131352330047591,-3.1282581786444905,-3.125164095323682,-3.1220700801921835,-3.118976133387717,-3.1158822550884464,-3.112788445525963,-3.1096947050026413,-3.1066010339149157,-3.103507432784551,-3.1004139023007755,-3.0973204433771864,-3.094227057228799,-3.0911337454766525,-3.088040510290168,-3.0849473545813964,-3.0818542822707378,-3.0787612986513526,-3.0756684108902106,-3.0725756287187584,-3.0694829653873925,-3.0663904389878702,-3.063298074290148,-3.0602059053002666,-3.0571139788313673,-3.054022359501742,-3.050931136747885,-3.0478404346896726,-3.044750426042389,-3.0416613517845335,-3.038573549031385,-3.0354874906342832,-3.0324038415733074,-3.0293235394533062,-3.0262479096657264,-3.0231788305001075,-3.0201189703434537,-3.0170721290476394,-3.014043729932019,-3.0110415296163975,-3.008076642518348,-3.0051650187070758,-3.002329571744014,-2.999603230721997,-2.9970332888381215,-2.9946875321823185,-2.9926627299012907,-2.991096082273346,-2.990180013968897
-3.5927912647580396,-3.5920015995887886,-3.590633227526501,-3.5888374553626603,-3.5867239867578746,-3.584373063085857,-3.5818438037867386,-3.579180034088082,-3.576414413583117,-3.5735713941785594,-3.5706693590747096,-3.5677221815187554,-3.564740368159967,-3.5617319024134435,-3.5587028695859377,-3.5556579222462186,-3.552600628020325,-3.5495337304467385,-3.5464593452743207,-3.543379108641461,-3.5402942892642844,-3.537205873617993,-3.5341146307911355,-3.5310211619961605,-3.527925938465753,-3.5248293305343417,-3.5217316300119714,-3.5186330674409536,-3.5155338254388697,-3.512434049040996,-3.5093338537366106,-3.5062333317286303,-3.5031325568212037,-3.5000315882452266,-3.4969304736597637,-3.493829251512559,-3.490727952900925,-3.4876266030422403,-3.4845252224387315,-3.48142382780225,-3.478322432790256,-3.4752210485929007,-3.472119684402444,-3.4690183477894543,-3.4659170450050167,-3.4628157812240383,-3.459714560741611,-3.456613387131834,-3.4535122633765725,-3.4504111919700824,-3.447310175004216,-3.4442092142379663,-3.4411083111543634,-3.4380074670071203,-3.434906682858969,-3.431805959613224,-3.4287052980398425,-3.425604698796976,-3.422504162448845,-3.4194036894805824,-3.4163032803105975,-3.413202935300899,-3.410102654765723,-3.407002438978767,-3.4039022881792764,-3.4008022025771605,-3.397702182357318,-3.394602227683295,-3.391502338700394,-3.3884025155383157,-3.3853027583134185,-3.382203067130644,-3.3791034420851833,-3.376003883263915,-3.3729043907466454,-3.369804964607192,-3.366705604914342,-3.36360631173269,-3.3605070851233934,-3.3574079251448485,-3.354308831853312,-3.3512098053034727,-3.3481108455489887,-3.3450119526430058,-3.3419131266386546,-3.338814367589549,-3.3357156755502912,-3.332617050576987,-3.3295184927277903,-3.3264200020634855,-3.3233215786481125,-3.3202232225496577,-3.3171249338408195,-3.3140267125998655,-3.310928558911604,-3.307830472868488,-3.304732454571886,-3.3016345041335393,-3.2985366216772594,-3.295438807340896,-3.292341061278638,-3.2892433836637145,-3.286145774419623,-3.2830482334766504,-3.279950760771246,-3.276853356245456,-3.2737560198464224,-3.2706587515259313,-3.267561551240006,-3.264464418948544,-3.2613673546149866,-3.258270358206022,-3.25517342969132,-3.2520765690432865,-3.2489797762368458,-3.24588305124924,-3.2427863940598516,-3.239689804650037,-3.2365932830029767,-3.2334968291035433,-3.2304004429381745,-3.2273041244947627,-3.2242078737625524,-3.2211116907320454,-3.2180155753949182,-3.2149195277439455,-3.2118235477729282,-3.208727635476633,-3.2056317908507395,-3.2025360138917867,-3.1994403045971316,-3.196344662964913,-3.1932490889940266,-3.1901535826840974,-3.1870581440354733,-3.1839627730492186,-3.1808674697271226,-3.1777722340717203,-3.1746770660863333,-3.1715819657751245,-3.1684869331431815,-3.16539196819663,-3.1622970709427918,-3.159202241390388,-3.1561074795498123,-3.1530127854334897,-3.1499181590563454,-3.1468236004364205,-3.1437291095956783,-3.140634686561054,-3.1375403313658428,-3.134446044051515,-3.1313518246701055,-3.128257673287363,-3.125163589986914,-3.122069574875777,-3.1189756280916754,-3.1158817498127713,-3.1127879402706546,-3.109694199767703,-3.1066005287003504,-3.10350692759036,-3.100413397126962,-3.097319938223753,-3.094226552095748,-3.0911332403639844,-3.0880400051978847,-3.0849468495095005,-3.081853777219231,-3.078760793620236,-3.075667905879487,-3.0725751237284302,-3.0694824604174626,-3.0663899340383405,-3.0632975693610205,-3.0602054003915438,-3.0571134739430503,-3.054021854633832,-3.0509306319003833,-3.047839929862581,-3.044749921235708,-3.0416608469982624,-3.0385730442655223,-3.035486985888825,-3.032403336848246,-3.029323034748631,-3.02624740498142,-3.0231783258361418,-3.020118465699787,-3.0170716244242106,-3.014043225328735,-3.0110410250331205,-3.0080761379548733,-3.005164514163097,-3.0023290672190788,-2.9996027262154334,-2.9970327843489355,-2.9946870277090474,-2.9926622254417934,-2.9910955778245176,-2.9901795095262966
-3.5927907377585244,-3.5920010725940474,-3.590632700540116,-3.5888369283873534,-3.5867234597957327,-3.5843725361384933,-3.581843276855408,-3.579179507173767,-3.576413886686587,-3.573570867300424,-3.5706688322154494,-3.567721654678751,-3.56473984133952,-3.561731375612797,-3.5587023428052866,-3.5556573954857176,-3.5526001012800985,-3.5495332037268867,-3.5464588185749246,-3.5433785819625863,-3.5402937626059843,-3.5372053469803117,-3.5341141041741087,-3.531020635399818,-3.5279254118901218,-3.5248288039794433,-3.5217311034778214,-3.5186325409275665,-3.515533298946257,-3.512433522569169,-3.5093333272855776,-3.5062328052983998,-3.5031320304117854,-3.500031061856627,-3.496929947291988,-3.493828725165612,-3.4907274265748103,-3.487626076736962,-3.4845246961542906,-3.4814233015386518,-3.4783219065475053,-3.4752205223709995,-3.472119158201396,-3.4690178216092638,-3.4659165188456846,-3.462815255085567,-3.4597140346240027,-3.456612861035091,-3.453511737300698,-3.450410665915079,-3.4473096489700854,-3.4442086882247125,-3.441107785161988,-3.438006941035627,-3.4349061569083585,-3.4318054336834987,-3.4287047721310038,-3.4256041729090265,-3.4225036365817867,-3.4194031636344175,-3.416302754485329,-3.413202409496529,-3.4101021289822535,-3.407001913216202,-3.4039017624376173,-3.4008016768564095,-3.3977016566574783,-3.394601702004368,-3.391501813042383,-3.388401989901223,-3.3853022326972453,-3.382202541535391,-3.379102916510855,-3.3760033577105135,-3.372903865214172,-3.3698044390956494,-3.3667050794237317,-3.3636057862630144,-3.3605065596746546,-3.3574073997170486,-3.3543083064464527,-3.3512092799175566,-3.348110320184019,-3.3450114272989846,-3.3419126013155847,-3.3388138422874327,-3.3357151502691305,-3.332616525316784,-3.329517967488548,-3.3264194768452056,-3.323321053450797,-3.3202226973733087,-3.31712440868544,-3.314026187465456,-3.3109280337981675,-3.307829947776027,-3.304731929500402,-3.301633979083035,-3.298536096647737,-3.2954382823323574,-3.292340536291086,-3.28924285869715,-3.286145249474049,-3.283047708552069,-3.279950235867659,-3.276852831362865,-3.273755494984831,-3.2706582266853412,-3.2675610264204193,-3.264463894149963,-3.261366829837413,-3.2582698334494586,-3.255172904955769,-3.2520760443287497,-3.248979251543326,-3.245882526576739,-3.2427858694083724,-3.2396892800195807,-3.236592758393547,-3.233496304515142,-3.2303999183708054,-3.2273035999484283,-3.224207349237254,-3.221111166227785,-3.2180150509116983,-3.2149190032817683,-3.2118230233317964,-3.208727111056549,-3.205631266451706,-3.2025354895138043,-3.1994397802402017,-3.1963441386290383,-3.193248564679209,-3.190153058390339,-3.187057619762776,-3.183962248797586,-3.180866945496557,-3.1777717098622245,-3.1746765418979086,-3.1715814416077723,-3.168486408996904,-3.16539144407143,-3.16229654683867,-3.1592017173073472,-3.1561069554878545,-3.1530122613926164,-3.1499176350365596,-3.1468230764377254,-3.143728585618075,-3.140634162604545,-3.1375398074304304,-3.1344455201372026,-3.1313513007768954,-3.1282571494152576,-3.1251630661359173,-3.12206905104589,-3.118975104282899,-3.115881226025108,-3.112787416504107,-3.109693676022272,-3.106600004976037,-3.103506403887168,-3.100412873444893,-3.097319414562808,-3.094226028455929,-3.0911327167452955,-3.0880394816003287,-3.0849463259330796,-3.0818532536639465,-3.0787602700860903,-3.075667382366483,-3.072574600236569,-3.069481936946745,-3.0663894105887697,-3.063297045932598,-3.060204876984273,-3.057112950556932,-3.054021331268868,-3.0509301085565754,-3.04783940653993,-3.044749397934214,-3.0416603237179256,-3.0385725210063415,-3.035486462650795,-3.0324028136313603,-3.029322511552878,-3.026246881806781,-3.0231778026825884,-3.020117942567277,-3.0170711013126814,-3.0140427022380916,-3.01104050196322,-3.008075614905502,-3.0051639911339403,-3.0023285442096657,-2.9996022032250664,-2.9970322613765843,-2.994686504753194,-2.9926617025002185,-2.9910950548940027,-2.990178986602237
-3.5927901914514675,-3.59200052629194,-3.5906321542466695,-3.5888363821053875,-3.586722913527414,-3.584371989885494,-3.58184273061903,-3.5791789609550273,-3.576413340486286,-3.5735703211191896,-3.5706682860537797,-3.567721108537042,-3.564739295218088,-3.5617308295118906,-3.5587017967251064,-3.555656849426424,-3.5525995552418212,-3.54953265770973,-3.546458272578973,-3.5433780359879092,-3.5402932166526377,-3.5372048010483423,-3.5341135582635537,-3.5310200895107076,-3.5279248660224787,-3.524828258133291,-3.521730557653178,-3.5186319951244465,-3.5155327531646736,-3.512432976809132,-3.5093327815470965,-3.506232259581483,-3.50313148471644,-3.5000305161828598,-3.4969294016398047,-3.4938281795350177,-3.4907268809658105,-3.4876255311495603,-3.4845241505884923,-3.48142275599446,-3.4783213610249235,-3.4752199768700316,-3.4721186127220443,-3.469017276151532,-3.465915973409576,-3.4628147096710844,-3.4597134892311487,-3.456612315663868,-3.4535111919511086,-3.4504101205871254,-3.4473091036637706,-3.4442081429400386,-3.4411072398989573,-3.4380063957942424,-3.434905611688623,-3.4318048884854147,-3.428704226954573,-3.425603627754251,-3.4225030914486694,-3.4194026185229607,-3.4163022093955346,-3.4132018644284,-3.4101015839357927,-3.4070013681914113,-3.4039012174344982,-3.4008011318749647,-3.3977011116977085,-3.3946011570662784,-3.3915012681259746,-3.388401445006498,-3.385301687824206,-3.3822019966840413,-3.3791023716811956,-3.376002812902548,-3.3729033204279033,-3.36980389433108,-3.366704534680863,-3.363605241541849,-3.3605060149751944,-3.357406855039296,-3.3543077617904102,-3.3512087352832265,-3.3481097755714027,-3.3450108827080838,-3.341912056746401,-3.3388132977399687,-3.335714605743389,-3.332615980812767,-3.329517423006258,-3.3264189323846445,-3.323320509011967,-3.320222152956213,-3.3171238642900795,-3.314025643091835,-3.3109274894462875,-3.307829403445891,-3.304731385192013,-3.3016334347963947,-3.2985355523828472,-3.29543773808922,-3.292339992069703,-3.2892423144975247,-3.2861447052961825,-3.2830471643959642,-3.2799496917333175,-3.2768522872502897,-3.273754950894023,-3.270657682616303,-3.267560482373154,-3.264463350124473,-3.261366285833701,-3.2582692894675276,-3.255172360995622,-3.2520755003903887,-3.248978707626753,-3.2458819826819565,-3.242785325535382,-3.239688736168385,-3.236592214564149,-3.2334957607075436,-3.2303993745850077,-3.2273030561844336,-3.2242068054950654,-3.221110622507404,-3.218014507213127,-3.2149184596050087,-3.2118224796768504,-3.2087265674234198,-3.2056307228403953,-3.202534945924316,-3.1994392366725393,-3.196343595083203,-3.1932480211552017,-3.1901525148881635,-3.187057076282434,-3.1839617053390787,-3.1808664020598876,-3.1777711664473953,-3.1746759985049233,-3.1715808982366323,-3.168485865647611,-3.1653909007439864,-3.1622960035330787,-3.1592011740236097,-3.1561064122259737,-3.1530117181525954,-3.1499170918184003,-3.1468225332414295,-3.143728042443644,-3.140633619451981,-3.1375392642997366,-3.13444497702838,-3.131350757689946,-3.1282566063501855,-3.125162523092724,-3.1220685080245785,-3.1189745612834714,-3.115880683047567,-3.1127868735484556,-3.1096931330885123,-3.1065994620641706,-3.1035058609971973,-3.10041233057682,-3.0973188717166353,-3.0942254856316596,-3.0911321739429294,-3.0880389388198686,-3.084945783174528,-3.081852710927306,-3.0787597273713634,-3.0756668396736706,-3.0725740575656744,-3.0694813942977714,-3.0663888679617184,-3.063296503327472,-3.0602043344010736,-3.057112407995662,-3.0540207887295283,-3.0509295660391667,-3.047838864044453,-3.0447488554606688,-3.0416597812663118,-3.0385719785766563,-3.0354859202430347,-3.032402271245518,-3.029321969188942,-3.0262463394647328,-3.023177260362399,-3.020117400268903,-3.0170705590360547,-3.0140421599831138,-3.011039959729742,-3.0080750726933037,-3.005163448942693,-3.0023280020388823,-2.999601661074024,-2.9970317192442155,-2.9946859626379267,-2.9926611603997517,-2.9910945128049993,-2.9901784445199264
-3.5927896251298903,-3.5919999599754937,-3.5906315879392037,-3.588835815809825,-3.586722347245998,-3.584371423619958,-3.581842164370724,-3.5791783947250067,-3.5764127742753793,-3.5735697549280503,-3.5706677198829233,-3.567720542386877,-3.564738729088939,-3.561730263404019,-3.5587012306387193,-3.5556562833616887,-3.5525989891988714,-3.5495320916886746,-3.546457706579899,-3.5433774700108867,-3.540292650697725,-3.5372042351155866,-3.534112992352995,-3.531019523622377,-3.5279243001564047,-3.5248276922894948,-3.5217299918316787,-3.51863142932526,-3.5155321873878123,-3.5124324110546086,-3.509332215814921,-3.5062316938716647,-3.503130919028986,-3.500029950517775,-3.4969288359970965,-3.4938276139146924,-3.4907263153678705,-3.4876249655740112,-3.484523585035339,-3.481422190463706,-3.478320795516572,-3.4752194113840864,-3.4721180472585087,-3.469016710710408,-3.465915407990867,-3.4628141442747933,-3.459712923857278,-3.4566117503124194,-3.453510626622085,-3.45040955528053,-3.4473085383796067,-3.4442075776783083,-3.4411066746596632,-3.4380058305773855,-3.4349050464942064,-3.4318043233134405,-3.4287036618050455,-3.4256030626271734,-3.4225025263440436,-3.419402053440789,-3.41630164433582,-3.4132012993911447,-3.410101018920998,-3.4070008031990793,-3.403900652464633,-3.4008005669275687,-3.3977005467727848,-3.3946005921638274,-3.391500703246,-3.3884008801490024,-3.385301122989191,-3.3822014318715086,-3.3791018068911476,-3.3760022481349865,-3.372902755682831,-3.369803329608499,-3.366703969980776,-3.3636046768642576,-3.3605054503201024,-3.357406290406706,-3.3543071971803244,-3.351208170695647,-3.3481092110063333,-3.345010318165526,-3.341911492226358,-3.338812733242443,-3.335714041268382,-3.332615416360281,-3.3295168585762958,-3.326418367977208,-3.323319944627059,-3.320221588593834,-3.317123299950233,-3.3140250787745233,-3.3109269251515125,-3.307828839173655,-3.3047308209423174,-3.3016328705692426,-3.2985349881782424,-3.2954371739071653,-3.2923394279102,-3.289241750360576,-3.2861441411817913,-3.283046600304132,-3.279949127664047,-3.276851723203583,-3.2737543868698826,-3.2706571186147313,-3.267559918394154,-3.2644627861680475,-3.261365721899853,-3.258268725556259,-3.2551717971069336,-3.252074936524284,-3.2489781437832335,-3.245881418861025,-3.2427847617370413,-3.239688172392638,-3.236591650810997,-3.2334951969769885,-3.2303988108770523,-3.2273024924990805,-3.2242062418323156,-3.221110058867261,-3.218013943595594,-3.214917896010088,-3.2118219161045447,-3.2087260038737306,-3.2056301593133254,-3.202534382419867,-3.1994386731907127,-3.1963430316240027,-3.193247457718631,-3.1901519514742245,-3.1870565128911292,-3.18396114197041,-3.1808658387138573,-3.1777706031240056,-3.1746754352041746,-3.1715803349585276,-3.168485302392153,-3.1653903375111767,-3.16229544032292,-3.159200610836104,-3.1561058490611242,-3.153011155010404,-3.1499165286988697,-3.146821970144562,-3.143727479369444,-3.1406330564004508,-3.1375387012708775,-3.1344444140221954,-3.131350194706438,-3.1282560433893556,-3.125161960154575,-3.122067945109112,-3.1189739983906897,-3.115880120177473,-3.1127863107010514,-3.109692570263801,-3.106598899262155,-3.1035052982178786,-3.100411767820201,-3.0973183089827185,-3.094224922920447,-3.091131611254425,-3.088038376154075,-3.0849452205314467,-3.081852148306939,-3.078759164773714,-3.0756662770987413,-3.0725734950134673,-3.0694808317682876,-3.0663883054549603,-3.063295940843442,-3.060203771939773,-3.0571118455570927,-3.0540202263136926,-3.050929003646066,-3.047838301674089,-3.0447482931130425,-3.0416592189414215,-3.0385714162744986,-3.035485357963606,-3.0324017089888105,-3.0293214069549426,-3.026245777253422,-3.0231766981737476,-3.0201168381028656,-3.017069996892564,-3.0140415978620663,-3.011039397630985,-3.0080745106166074,-3.005162886887717,-3.002327440005121,-2.9996010990607287,-2.9970311572502784,-2.9946854006617176,-2.9926605984388863,-2.9910939508560186,-2.9901778825778833
-3.592789038060932,-3.5919993729118542,-3.5906310008848714,-3.5888352287678327,-3.58672176021867,-3.5843708366090934,-3.581841577377721,-3.5791778077509577,-3.576412187321144,-3.5735691679943047,-3.5706671329702044,-3.5677199554956087,-3.5647381422194604,-3.561729676556598,-3.5587006438135718,-3.5556556965589867,-3.552598402418754,-3.5495315049312537,-3.546457119845266,-3.543376883299115,-3.5402920640088764,-3.5372036484497094,-3.5341124057101276,-3.5310189370025546,-3.527923713559655,-3.5248271057158385,-3.5217294052811345,-3.5186308427978448,-3.5155316008835413,-3.5124318245734933,-3.509331629356972,-3.5062311074368906,-3.503130332617394,-3.5000293641293743,-3.4969282496318916,-3.4938270275726877,-3.4907257290490707,-3.487624379278421,-3.4845229987629613,-3.4814216042145465,-3.478320209290635,-3.4752188251813756,-3.4721174610790277,-3.4690161245541606,-3.4659148218578557,-3.4628135581650206,-3.4597123377707466,-3.456611164249133,-3.4535100405820462,-3.4504089692637403,-3.447307952386069,-3.444206991708025,-3.4411060887126372,-3.438005244653622,-3.434904460593707,-3.4318037374362085,-3.428703075951083,-3.4256024767964828,-3.4225019405366277,-3.419401467656649,-3.416301058574959,-3.413200713653565,-3.410100433206702,-3.4070002175080707,-3.4039000667969135,-3.400799981283141,-3.3976999611516505,-3.39460000656599,-3.391500117671461,-3.3884002945977647,-3.3853005374612573,-3.382200846366882,-3.3791012214098313,-3.376001662676982,-3.3729021702481417,-3.3698027441971257,-3.3667033845927214,-3.3636040914995253,-3.3605048649786933,-3.3574057050886226,-3.3543066118855696,-3.3512075854242234,-3.348108625758242,-3.345009732940771,-3.34191090702494,-3.3388121480643655,-3.335713456113648,-3.332614831228893,-3.329516273468256,-3.326417782892519,-3.323319359565723,-3.3202210035558553,-3.317122714935613,-3.314024493783264,-3.3109263401836175,-3.3078282542291264,-3.3047302360211583,-3.301632285671455,-3.2985344033038273,-3.295436589056125,-3.292338843082538,-3.2892411655562936,-3.2861435564008916,-3.283046015546618,-3.279948542929921,-3.2768511384928494,-3.273753802182543,-3.270656533950789,-3.2675593337536104,-3.264462201550905,-3.2613651373061137,-3.2582681409859244,-3.2551712125600063,-3.252074352000766,-3.2489775592831283,-3.2458808343843346,-3.2427841772837684,-3.239687587962784,-3.236591066404565,-3.2334946125939825,-3.2303982265174733,-3.2273019081629313,-3.2242056575195988,-3.221109474577979,-3.2180133593297495,-3.214917311767683,-3.2118213318855826,-3.2087254196782133,-3.2056295751412556,-3.2025337982712467,-3.199438089065545,-3.1963424475222895,-3.1932468736403745,-3.190151367419427,-3.1870559288597944,-3.1839605579625405,-3.180865254729455,-3.1777700191630744,-3.1746748512667176,-3.171579751044547,-3.16848471850165,-3.1653897536441544,-3.1622948564793805,-3.159200027016051,-3.1561052652645594,-3.1530105712373295,-3.1499159449492886,-3.1468213864184764,-3.1437268956668545,-3.14063247272136,-3.137538117615288,-3.13444383039011,-3.1313496110978587,-3.128255459804285,-3.125161376593015,-3.122067361571066,-3.118973414876161,-3.115879536686464,-3.1127857272335646,-3.109691986819839,-3.1065983158417194,-3.1035047148209727,-3.1004111844468274,-3.0973177256328785,-3.094224339594143,-3.0911310279516595,-3.0880377928748497,-3.0849446372757647,-3.0818515650748033,-3.0787585815651264,-3.0756656939137055,-3.072572911851985,-3.069480248630362,-3.0663877223405938,-3.063295357752635,-3.0602031888725283,-3.0571112625134127,-3.0540196432935782,-3.05092842064952,-3.047837718701112,-3.0447477101636333,-3.04165863601558,-3.0385708333722237,-3.0354847750848926,-3.032401126133651,-3.029320824123325,-3.0262451944453255,-3.023176115389141,-3.0201162553417022,-3.0170694141547716,-3.014041015147538,-3.011038814939562,-3.0080739279480535,-3.0051623042416793,-3.002326857381075,-2.9996005164578996,-2.9970305746675185,-2.9946848180973364,-2.99266001589041,-2.9910933683198637,-2.990177300048921
-3.592788429484977,-3.591998764341412,-3.590630392324078,-3.588834620219828,-3.5867211516858637,-3.5843702280933516,-3.581840968880494,-3.579177199273381,-3.576411578864107,-3.573568559558509,-3.570666524556204,-3.567719347103844,-3.5647375338502822,-3.5617290682102842,-3.5587000354903453,-3.5556550882590274,-3.5525977941422067,-3.549530896678235,-3.546456511615869,-3.543376275093417,-3.5402914558269387,-3.537203040291582,-3.5341117975758536,-3.5310183288921686,-3.5279231054731843,-3.5248264976533084,-3.5217287972425644,-3.5186302347832505,-3.515530992892937,-3.512431216606891,-3.5093310214143836,-3.506230499518324,-3.503129724722859,-3.500028756258877,-3.4969276417854394,-3.4938264197502864,-3.4907251212507275,-3.4876237715041407,-3.484522391012749,-3.4814209964884046,-3.478319601588566,-3.4752182175033832,-3.472116853425115,-3.469015516924331,-3.4659142142521144,-3.462812950583371,-3.4597117302131917,-3.456610556715676,-3.4535094330726896,-3.450408361778487,-3.4473073449249205,-3.4442063842709847,-3.4411054812997093,-3.4380046372648074,-3.4349038532290086,-3.431803130095628,-3.428702468634623,-3.425601869504146,-3.4225013332684155,-3.419400860412566,-3.416300451355007,-3.413200106457746,-3.4100998260350206,-3.406999610360529,-3.4038994596735144,-3.400799374183887,-3.3976993540765448,-3.394599399515035,-3.391499510644659,-3.3883996875951183,-3.385299930482769,-3.3822002394125543,-3.3791006144796656,-3.376001055770982,-3.372901563366308,-3.3698021373394624,-3.366702777759231,-3.363603484690211,-3.360504258193558,-3.3574050983276678,-3.354306005148798,-3.351206978711637,-3.3481080190698433,-3.345009126276562,-3.341910300384925,-3.338811541448546,-3.3357128495220274,-3.332614224661474,-3.3295156669250403,-3.3264171763735093,-3.3233187530709225,-3.3202203970852655,-3.317122108489237,-3.3140238873611048,-3.310925733785677,-3.307827647855406,-3.304729629671662,-3.301631679346185,-3.2985337970027877,-3.2954359827793174,-3.292338236829965,-3.2892405593279586,-3.2861429501967967,-3.283045409366766,-3.2799479367743145,-3.2768505323614896,-3.2737531960754334,-3.2706559278679315,-3.267558727695009,-3.264461595516561,-3.2613645312960298,-3.258267535000104,-3.255170606598453,-3.252073746063482,-3.248976953370115,-3.2458802284955954,-3.242783571419305,-3.239686982122599,-3.2365904605886606,-3.2334940068023617,-3.2303976207501397,-3.227301302419887,-3.2242050518008476,-3.2211088688835225,-3.218012753659589,-3.214916706121821,-3.2118207262640213,-3.208724814080956,-3.2056289695683047,-3.202533192722606,-3.1994374835412165,-3.1963418420222753,-3.1932462681646783,-3.1901507619680514,-3.187055323432742,-3.1839599525598126,-3.1808646493510535,-3.177769413809001,-3.174674245936975,-3.171579145739137,-3.1684841132205768,-3.16538914838742,-3.1622942512469883,-3.1591994218080033,-3.156104660080859,-3.1530099660779785,-3.1499153398142883,-3.146820781307831,-3.143726290580567,-3.1406318676594336,-3.137537512577725,-3.1344432253769137,-3.131349006109032,-3.128254854839829,-3.125160771652933,-3.122066756655359,-3.118972809984832,-3.115878931819515,-3.1127851223909975,-3.1096913820016554,-3.106597711047923,-3.103504110051566,-3.1004105797018138,-3.097317120912261,-3.094223734897924,-3.0911304232798402,-3.0880371882274336,-3.084944032652755,-3.0818509604762023,-3.0787579769909375,-3.0756650893639303,-3.0725723073266265,-3.069479644129422,-3.0663871178640743,-3.063294753300539,-3.0602025844448577,-3.0571106581101697,-3.0540190389147663,-3.05092781629514,-3.0478371143711667,-3.044747105858123,-3.041658031734503,-3.0385702291155767,-3.035484170852672,-3.0324005219258474,-3.0293202199399243,-3.026244590286308,-3.0231755112544745,-3.020115651231337,-3.017068810068634,-3.0140404110855172,-3.011038210901493,-3.00807332393369,-3.0051617002506568,-3.0023262534128508,-2.999599912511668,-2.9970299707420893,-2.9946842141909586,-2.992659412000521,-2.9910927644427443,-2.990176696179256
-3.5927877986145758,-3.5919981334767264,-3.590629761469395,-3.588833989378407,-3.586720520860204,-3.584369597285382,-3.5818403380917183,-3.5791765685049723,-3.576410948116988,-3.573567928833409,-3.5706658938536973,-3.567718716424387,-3.5647369031942366,-3.561728437577941,-3.5586994048819363,-3.555654457674738,-3.5525971635821865,-3.549530266142603,-3.5464558811047238,-3.5433756446068374,-3.540290825364989,-3.537202409854317,-3.5341111671633176,-3.5310176985043964,-3.527922475110206,-3.524825867315149,-3.521728166929246,-3.518629604494791,-3.5155303626293497,-3.5124305863681893,-3.5093303912005767,-3.5062298693294203,-3.503129094558865,-3.500028126119801,-3.496927011671287,-3.4938257896610634,-3.4907244911864383,-3.4876231414647916,-3.4845217609983448,-3.481420366498951,-3.478318971624067,-3.4752175875638422,-3.4721162235105365,-3.4690148870347195,-3.465913584387472,-3.462812320743702,-3.4597111003984984,-3.4566099269259616,-3.4535088033079573,-3.4504077320387405,-3.4473067152101637,-3.4442057545812195,-3.441104851634937,-3.4380040076250316,-3.4349032236142323,-3.4318025005058543,-3.4287018390698547,-3.4256012399643856,-3.422500703753667,-3.419400230922832,-3.416299821890291,-3.4131994770180505,-3.4100991966203478,-3.40699898097088,-3.4038988303088917,-3.4007987448442933,-3.397698724761983,-3.394598770225508,-3.39149888138017,-3.3883990583556702,-3.3852993012683643,-3.3821996102231946,-3.379099985315354,-3.3760004266317214,-3.372900934252101,-3.3698015082503114,-3.366702148695139,-3.3636028556511794,-3.36050362917959,-3.357404469338767,-3.354305376184966,-3.3512063497728772,-3.3481073901561595,-3.345008497387957,-3.341909671521401,-3.3388109126101044,-3.33571222070867,-3.3326135958732035,-3.32951503816186,-3.3264165476354224,-3.323318124357931,-3.3202197683973718,-3.3171214798264437,-3.314023258723415,-3.310925105173094,-3.3078270192679335,-3.304729001109301,-3.301631050808939,-3.298533168490657,-3.2954353542923065,-3.292337608368077,-3.2892399308911955,-3.286142321785161,-3.2830447809802608,-3.2799473084129422,-3.2768499040252537,-3.2737525677643364,-3.2706552995819766,-3.2675580994341966,-3.2644609672808946,-3.2613639030855124,-3.2582669068147383,-3.2551699784382406,-3.252073117928426,-3.248976325260218,-3.245879600410861,-3.2427829433597357,-3.239686354088199,-3.236589832579432,-3.2334933788183067,-3.23039699279126,-3.2273006744861856,-3.224204423892327,-3.2211082410001857,-3.21801212580144,-3.2149160782888626,-3.211820098456256,-3.208724186298387,-3.2056283418109324,-3.2025325649904333,-3.1994368558342448,-3.1963412143405083,-3.193245640508117,-3.1901501343366983,-3.1870546958266,-3.1839593249788862,-3.1808640217953457,-3.1777687862785147,-3.1746736184317133,-3.171578518259103,-3.1684834857657718,-3.1653885209578476,-3.162293623842651,-3.159198794428902,-3.1561040327269967,-3.15300933874936,-3.149914712510915,-3.1468201540297054,-3.1437256633276918,-3.1406312404318113,-3.1375368853753587,-3.1344425981998043,-3.131348378957182,-3.128254227713242,-3.1251601445516113,-3.1220661295793066,-3.118972182934051,-3.115878304794007,-3.1127844953907657,-3.1096907550267034,-3.106597084098254,-3.1035034831271826,-3.1004099528027185,-3.0973164940384565,-3.0942231080494125,-3.0911297964566256,-3.0880365614295173,-3.08494340588014,-3.0818503337288914,-3.0787573502689316,-3.0756644626672323,-3.0725716806552383,-3.0694790174833484,-3.0663864912433163,-3.0632941267051,-3.0602019578747406,-3.057110031565376,-3.0540184123952963,-3.050927189800996,-3.0478364879023476,-3.0447464794146297,-3.041657405316336,-3.0385696027227342,-3.0354835444851487,-3.032399895583636,-3.029319593623011,-3.0262439639946703,-3.0231748849880784,-3.0201150249901314,-3.017068183852543,-3.014039784894427,-3.0110375847352318,-3.008072697792003,-3.0051610741331656,-3.002325627318993,-2.9995992864406085,-2.9970293446925957,-2.994683588161215,-2.9926587859878695,-2.9910921384433324,-2.9901760701875726
-3.5927871446335056,-3.59199747950158,-3.5906291075046175,-3.588833335427373,-3.5867198669255047,-3.5843689433690216,-3.5818396841952547,-3.579175914629626,-3.5764102942637166,-3.573567275002964,-3.570665240046676,-3.5677180626412612,-3.5647362494353825,-3.561727783843658,-3.5586987511724635,-3.5556538039902685,-3.552596509922876,-3.5495296125085765,-3.546455227496083,-3.5433749910236645,-3.5402901718073494,-3.537201756322264,-3.5341105136568953,-3.5310170450236433,-3.527921821655153,-3.524825213885822,-3.5217275135256654,-3.5186289511169746,-3.5155297092773146,-3.5124299330419477,-3.5093297379001416,-3.506229216054803,-3.503128441310075,-3.500027472896845,-3.4969263584741723,-3.4938251364897956,-3.490723838041023,-3.4876224883452323,-3.484521107904646,-3.481419713431118,-3.478318318582104,-3.475216934547755,-3.4721155705203266,-3.4690142340703902,-3.4659129314490262,-3.4628116678311422,-3.45971044751183,-3.456609274065188,-3.453508150473081,-3.4504070792297643,-3.4473060624270895,-3.444205101824051,-3.441104198903678,-3.438003354919685,-3.4349025709348004,-3.43180184785234,-3.428701186442261,-3.425600587362716,-3.4225000511779244,-3.419399578373018,-3.416299169366408,-3.413198824520103,-3.4100985441483376,-3.4069983285248115,-3.4038981778887685,-3.4007980924501178,-3.3976980723937573,-3.3945981178832345,-3.3914982290638513,-3.388398406065308,-3.3852986490039605,-3.382198957984753,-3.379099333102878,-3.375999774445213,-3.372900282091564,-3.369800856115748,-3.366701496586552,-3.363602203568572,-3.360502977122965,-3.357403817308127,-3.354304724180315,-3.3512056977942164,-3.348106738203492,-3.3450078454612853,-3.3419090196207275,-3.338810260735433,-3.335711568860003,-3.332612944050544,-3.329514386365211,-3.3264158958647863,-3.32331747261331,-3.32021911667877,-3.3171208281338638,-3.3140226070568586,-3.310924453532563,-3.307826367653431,-3.3047283495208317,-3.3016303992465046,-3.2985325169542605,-3.2954347027819497,-3.2923369568837626,-3.2892392794329264,-3.2861416703529405,-3.283044129574091,-3.2799466570328257,-3.2768492526711936,-3.273751916436335,-3.2706546482800367,-3.2675574481583216,-3.264460316031088,-3.2613632518617757,-3.2582662556170736,-3.2551693272666524,-3.252072466782917,-3.248975674140792,-3.24587894931752,-3.242782292292483,-3.2396857030470363,-3.2365891815643613,-3.23349272782933,-3.230396341828382,-3.227300023549408,-3.2242037729816526,-3.221107590115618,-3.218011474942982,-3.214915427456517,-3.2118194476500244,-3.208723535518273,-3.205627691056939,-3.2025319142625635,-3.199436205132502,-3.196340563664894,-3.193244989858634,-3.1901494837133493,-3.1870540452293867,-3.183958674407812,-3.180863371250413,-3.1777681357597256,-3.1746729679390704,-3.1715778677926094,-3.1684828353254324,-3.1653878705436638,-3.1622929734546257,-3.1591981440670387,-3.156103382391297,-3.1530086884398267,-3.1499140622275523,-3.1468195037725155,-3.143725013096678,-3.1406305902269755,-3.1375362351967033,-3.1344419480473316,-3.131347728830895,-3.1282535776131435,-3.1251594944777037,-3.1220654795315923,-3.118971532912533,-3.1158776547986884,-3.1127838454216508,-3.1096901050837946,-3.106596434181553,-3.103502833236692,-3.1004093029384405,-3.0973158442003936,-3.094222458237568,-3.091129146671002,-3.0880359116701173,-3.0849427561469667,-3.0818496840219476,-3.0787567005882206,-3.075663813012756,-3.072571031027,-3.0694783678813504,-3.066385841667561,-3.06329347715559,-3.0602013083514787,-3.057109382068365,-3.0540177629245404,-3.0509265403564956,-3.047835838484104,-3.044745830022643,-3.041656755950605,-3.038568953383257,-3.0354828951719184,-3.0323992462966434,-3.0293189443622417,-3.026243314760102,-3.0231742357796767,-3.0201143758078444,-3.0170675346962903,-3.01403913576409,-3.0110369356306337,-3.0080720487128807,-3.0051604250791253,-3.0023249782894514,-2.9995986374347003,-2.9970286957090417,-2.9946829391981336,-2.9926581370425054,-2.991091489511693,-2.990175421263944
-3.5927864666957148,-3.591996801569931,-3.5906284295837154,-3.5888326575207197,-3.586719189035787,-3.5843682654983167,-3.581839006345177,-3.579175236801436,-3.5764096164584065,-3.5735665972213155,-3.5706645622893065,-3.5677173849086623,-3.564735571727943,-3.5617271061616904,-3.5586980735162173,-3.555653126359944,-3.5525958323186306,-3.5495289349305414,-3.5464545499443614,-3.5433743134983415,-3.540289494308496,-3.5372010788499373,-3.534109836211141,-3.5310163676044994,-3.527921144262651,-3.524824536519988,-3.5217268361865237,-3.5186282738045422,-3.515529031991607,-3.51242925578298,-3.509329060667925,-3.5062285388493475,-3.50312776413139,-3.500026795744937,-3.4969256813490484,-3.4938244593914636,-3.49072316096949,-3.4876218113005035,-3.484520430886727,-3.4814190364400104,-3.478317641617813,-3.475216257610284,-3.472114893609681,-3.4690135571865732,-3.4659122545920416,-3.4628109910009934,-3.45970977070852,-3.456608597288719,-3.4535074737234575,-3.450406402506991,-3.4473053857311697,-3.4442044251549877,-3.441103522261474,-3.438002678304343,-3.434901894346324,-3.4318011712907324,-3.428700509907524,-3.4255999108548525,-3.4224993746969377,-3.4193989019189117,-3.4162984929391844,-3.413198148119765,-3.4100978677748883,-3.4069976521782532,-3.403897501569104,-3.4007974161573493,-3.3976973961278882,-3.3945974416442675,-3.3914975528517894,-3.3883977298801553,-3.38529797284572,-3.3821982818534266,-3.379098656998469,-3.375999098367724,-3.3728996060409973,-3.3698001800921062,-3.366700820589838,-3.3636015275987887,-3.3605023011801154,-3.357403141392214,-3.354304048291341,-3.351205021932185,-3.3481060623684065,-3.3450071696531483,-3.3419083438395423,-3.3388095849812025,-3.3357108931327306,-3.3326122683502315,-3.329513710691861,-3.326415220218402,-3.323316796993895,-3.320218441086326,-3.3171201525683935,-3.314021931518365,-3.310923778021049,-3.3078256921688998,-3.304727674063284,-3.3016297238159438,-3.298531841550691,-3.2954340274053746,-3.292336281534184,-3.2892386041103476,-3.2861409950573637,-3.2830434543055196,-3.2799459817912635,-3.2768485774566427,-3.2737512412487977,-3.2706539731195163,-3.2675567730248227,-3.264459640924612,-3.261362576782326,-3.2582655805646534,-3.255168652241263,-3.2520717917845614,-3.248974999169473,-3.2458782743732404,-3.2427816173752455,-3.2396850281568437,-3.2365885067012172,-3.2334920529932374,-3.230395667019343,-3.2272993487674264,-3.2242030982267313,-3.2211069153877587,-3.218010800242187,-3.2149147527827897,-3.2118187730033676,-3.208722860898689,-3.2056270164644323,-3.2025312396971355,-3.199435530594156,-3.1963398891536334,-3.193244315374462,-3.1901488092562693,-3.1870533707994015,-3.1839580000049237,-3.1808626968746254,-3.1777674614110416,-3.1746722936174923,-3.17157719349814,-3.1684821610580727,-3.1653871963034184,-3.1622922992414972,-3.1591974698810303,-3.1561027082324125,-3.153008014308068,-3.149913388122921,-3.1468188296950146,-3.14372433904631,-3.1406299162037437,-3.1375355612006106,-3.1344412740783807,-3.1313470548890896,-3.1282529036984856,-3.125158820590197,-3.12206480567124,-3.1189708590793366,-3.115876980992653,-3.112783171642777,-3.109689431332086,-3.1065957604570134,-3.1035021595393233,-3.100408629268246,-3.0973151705573767,-3.094221784621731,-3.0911284730823474,-3.088035238108649,-3.084942082612686,-3.081849010514858,-3.078756027108325,-3.0756631395600573,-3.072570357601501,-3.0694776944830537,-3.066385168296469,-3.063292803811706,-3.0602006350348043,-3.057108708778903,-3.054017089662292,-3.0509258671214625,-3.047835165276286,-3.0447451568420423,-3.0416560827972208,-3.038568280257085,-3.0354822220729547,-3.0323985732248797,-3.029318271317664,-3.026242641742687,-3.0231735627893874,-3.0201137028446263,-3.017066861760062,-3.0140384628547277,-3.0110362627479534,-3.0080713758566078,-3.005159752248852,-3.002324305484574,-2.9995979646543236,-2.997028022951841,-2.9946822664621573,-2.992657464324898,-2.9910908168083137,-2.9901747485688706
-3.592785763924201,-3.5919960988047825,-3.5906277268297098,-3.5888319547814858,-3.5867184863141084,-3.5843675627963445,-3.581838303664585,-3.5791745341435344,-3.5764089138242228,-3.57356589461166,-3.5706638597048204,-3.567716682349853,-3.564734869195216,-3.5617264036553657,-3.5586973710365544,-3.5556524239071488,-3.552595129892871,-3.5495282325319497,-3.546453847573047,-3.5433736111543936,-3.5402887919919865,-3.537200376560925,-3.534109133949674,-3.5310156653706186,-3.527920442056389,-3.5248238343413725,-3.521726134035575,-3.518627571681283,-3.5155283298960547,-3.512428553715147,-3.509328358627823,-3.5062278368369877,-3.503127062146781,-3.5000260937880885,-3.496924979419969,-3.49382375749016,-3.490722459095966,-3.487621109454766,-3.4845197290687797,-3.4814183346498604,-3.4783169398554628,-3.475215555875738,-3.4721141919029423,-3.4690128555076463,-3.4659115529409306,-3.4628102893777033,-3.459709069113053,-3.4566078957210804,-3.45350677218365,-3.4504057009950166,-3.4473046842470323,-3.4442037236986898,-3.4411028208330188,-3.438001976903733,-3.434901192973562,-3.431800469945821,-3.428699808590467,-3.425599209565654,-3.4224986734355993,-3.419398200685437,-3.4162977917335775,-3.413197446942028,-3.4100971666250244,-3.4069969510562657,-3.4038968004749943,-3.400796715091121,-3.397696695089543,-3.394596740633809,-3.391496851869221,-3.3883970289254797,-3.3852972719189416,-3.3821975809545486,-3.3790979561274934,-3.375998397524655,-3.3728989052258385,-3.369799479304861,-3.3667001198305093,-3.363600826867378,-3.360501600476625,-3.3574024407166463,-3.3543033476436994,-3.351204321312473,-3.3481053617766263,-3.3450064690893027,-3.3419076433036334,-3.3388088844732344,-3.3357101926527064,-3.3326115678981543,-3.3295130102677337,-3.326414519822228,-3.323316096625677,-3.3202177407460667,-3.317119452256095,-3.314021231234032,-3.3109230777646843,-3.3078249919405063,-3.304726973862866,-3.3016290236435037,-3.2985311414062317,-3.295433327288899,-3.2923355814456956,-3.289237904049849,-3.286140295024858,-3.283042754301009,-3.2799452818147503,-3.27684787750813,-3.2737505413282886,-3.2706532732270137,-3.267556073160329,-3.2644589410881304,-3.2613618769738597,-3.258264880784206,-3.255167952488838,-3.2520710920601617,-3.2489742994731,-3.245877574704898,-3.2427809177349354,-3.2396843285445702,-3.236587807116983,-3.233491353437047,-3.2303949674911987,-3.22729864926733,-3.2242023987546853,-3.221106215943767,-3.2180101008262523,-3.2149140533949145,-3.2118180736435553,-3.208722161566943,-3.2056263171607546,-3.2025305404215296,-3.1994348313466245,-3.196339189934179,-3.193243616183087,-3.190148110092977,-3.187052671664196,-3.1839573008978075,-3.1808619977956014,-3.177766762360114,-3.1746715945946646,-3.171576494503415,-3.1684814620914525,-3.165386497364906,-3.1622916003310952,-3.159196770998743,-3.156102009378241,-3.153007315482015,-3.14991268932499,-3.1468181309252077,-3.1437236403046294,-3.1406292174901926,-3.137534862515193,-3.1344405754211007,-3.1313463562599497,-3.128252205097489,-3.125158122017346,-3.122064107126537,-3.1189701605627858,-3.115876282504257,-3.112782473182539,-3.1096887329000085,-3.1065950620530987,-3.103501461163575,-3.100407930920667,-3.0973144722379695,-3.0942210863304997,-3.091127774819295,-3.0880345398737767,-3.084941384405996,-3.0818483123363527,-3.078755328958008,-3.075662441437932,-3.0725696595075704,-3.0694769964173214,-3.066384470258939,-3.06329210580238,-3.0601999370536848,-3.0571080108259916,-3.0540163917375907,-3.0509251692249744,-3.0478344674080136,-3.044744459001985,-3.0416553849853774,-3.0385675824734544,-3.035481524317532,-3.0323978754976544,-3.02931757361862,-3.0262419440717987,-3.0231728651466185,-3.020113005229919,-3.0170661641733316,-3.014037765295847,-3.011035565216733,-3.0080706783527638,-3.005159054771962,-3.0023236080340103,-2.9995972672291558,-2.997027325550696,-2.994681569083012,-2.9926567669647928,-2.9910901194629558,-2.9901740512321213
-3.592785035409921,-3.5919953702971026,-3.590626998333582,-3.5888312263006696,-3.5867177578514893,-3.584366834354152,-3.5818375752445557,-3.5791738057470255,-3.576408185452299,-3.5735651662651637,-3.570663131384415,-3.5677159540560655,-3.5647341409284654,-3.5617256754159876,-3.5586966428248146,-3.5556516957232613,-3.5525944017370086,-3.5495275044042534,-3.5464531194736293,-3.5433728830833453,-3.540288063949381,-3.5371996485468236,-3.5341084059641275,-3.531014937413668,-3.5279197141280685,-3.5248231064417115,-3.521725406164599,-3.518626843839011,-3.515527602082503,-3.512427825930331,-3.5093276308717543,-3.5062271091096764,-3.5031263344482375,-3.500025366118322,-3.496924251778986,-3.4938230298779676,-3.4907217315125703,-3.487620381900173,-3.4845190015429943,-3.4814176071528866,-3.4783162123873064,-3.475214828436403,-3.472113464492433,-3.4690121281259674,-3.4659108255880864,-3.4628095620536956,-3.4597083418178864,-3.456607168454758,-3.453506044946176,-3.450404973786395,-3.447303957067266,-3.444202996547783,-3.4411020937109744,-3.4380012498105543,-3.434900465909253,-3.4317997429103855,-3.428699081583908,-3.4255984825879735,-3.4224979464868013,-3.4193974737655237,-3.416297064842551,-3.4131967200798927,-3.4100964397917837,-3.406996224251922,-3.403896073699551,-3.4007959883445813,-3.3976959683719117,-3.3945960139450877,-3.391496125209413,-3.3883963022945878,-3.385296545316968,-3.3821968543814966,-3.3790972295833672,-3.3759976710094564,-3.3728981787395704,-3.369798752847527,-3.3666993934021128,-3.363600100467922,-3.360500874106113,-3.3574017143750816,-3.354302621331085,-3.351203595028811,-3.3481046355219197,-3.345005742863556,-3.341906917106849,-3.3388081583054148,-3.3357094665138547,-3.3326108417882736,-3.3295122841868263,-3.3264137937702967,-3.3233153706027245,-3.3202170147520964,-3.317118726291112,-3.3140205052980374,-3.310922351857682,-3.307824266062499,-3.3047262480138566,-3.301628297823496,-3.2985304156152293,-3.2954326015269055,-3.292334855712714,-3.289237178345882,-3.286139569349908,-3.283042028655079,-3.279944556197845,-3.2768471519202516,-3.2737498157694405,-3.2706525476971984,-3.2675553476595494,-3.26445821561639,-3.261361151531161,-3.2582641553705516,-3.2551672271042302,-3.252070366704604,-3.2489735741465964,-3.245876849407451,-3.2427801924665487,-3.239683603305246,-3.2365870819067246,-3.233490628255857,-3.2303942423390803,-3.2272979241442874,-3.2242016736607213,-3.2211054908788848,-3.218009375790455,-3.2149133283882056,-3.211817348665938,-3.2087214366184185,-3.2056255922413275,-3.2025298155312028,-3.1994341064854006,-3.1963384651020617,-3.19324289138008,-3.1901473853190834,-3.1870519469194165,-3.1839565761821467,-3.1808612731090617,-3.1777660377026984,-3.174670869966376,-3.1715757699042566,-3.1684807375214272,-3.1653857728240156,-3.162290875819343,-3.159196046516131,-3.156101284924773,-3.1530065910576948,-3.149911964929822,-3.1468174065591956,-3.143722915967777,-3.140628493182503,-3.137534138236669,-3.1344398511717446,-3.1313456320397637,-3.128251480906476,-3.125157397855509,-3.122063382993881,-3.1189694364593135,-3.11587555842997,-3.112781749137441,-3.109688008884102,-3.1065943380663876,-3.1035007372060632,-3.100407206992356,-3.0973137483388617,-3.0942203624605975,-3.0911270509786015,-3.0880338160622967,-3.0849406606237344,-3.081847588583311,-3.0787546052341894,-3.07566171774334,-3.0725689358422086,-3.0694762727811913,-3.066383746652044,-3.063291382224723,-3.060199213505268,-3.057107287306818,-3.0540156682476622,-3.050924445764293,-3.0478337439765792,-3.044743735599799,-3.0416546616124376,-3.0385668591297583,-3.035480801003073,-3.032397152212423,-3.0293168503626,-3.026241220844966,-3.023172141948935,-3.0201122820613264,-3.0170654410337416,-3.014037042185126,-3.0110348421346833,-3.008069955299091,-3.00515833174623,-3.0023228850355688,-2.999596544257043,-2.997026602603487,-2.9946808461586087,-2.9926560440601273,-2.991089396573579,-2.9901733283516694
-3.5927842802105547,-3.5919946151045776,-3.5906262431530296,-3.588830471135991,-3.5867170027056763,-3.5843660792295178,-3.5818368201429007,-3.579173050669755,-3.576407430400518,-3.5735644112397416,-3.5706623763860414,-3.5677151990852862,-3.5647333859857144,-3.5617249205016117,-3.5586958879390918,-3.555650940866413,-3.5525936469092136,-3.5495267496056555,-3.546452364704345,-3.543372128343469,-3.5402873092389897,-3.53719889386598,-3.534107651312884,-3.5310141827920667,-3.527918959536146,-3.524822351879497,-3.5217246516321166,-3.5186260893362817,-3.515526847609544,-3.512427071487157,-3.5093268764583794,-3.506226354726113,-3.5031255800944963,-3.50002461179441,-3.496923497484912,-3.4938222756137387,-3.490720977278194,-3.487619627695654,-3.48451824736834,-3.481416853008102,-3.4783154582723967,-3.4752140743513724,-3.472112710437287,-3.469011374100709,-3.465910071592719,-3.462808808088224,-3.459707587882314,-3.4566064145490873,-3.4535052910704103,-3.4504042199405385,-3.4473032032513227,-3.444202242761755,-3.4411013399548653,-3.4380004960843684,-3.4348997122129936,-3.431798989244057,-3.428698327947514,-3.4255977289815163,-3.4224971929102836,-3.4193967202189497,-3.4162963113259233,-3.4131959665932134,-3.4100956863350564,-3.4069954708251506,-3.4038953203027402,-3.4007952349777337,-3.3976952150350295,-3.394595260638175,-3.3914953719324714,-3.3883955490476207,-3.3852957920999796,-3.3821961011944888,-3.379096476426343,-3.37599691788242,-3.3728974256425244,-3.369797999780475,-3.3666986403650574,-3.363599347460867,-3.3605001211290615,-3.3574009614280365,-3.3543018684140495,-3.3512028421417894,-3.348103882664914,-3.3450049900365686,-3.341906164309884,-3.3388074055384753,-3.3357087137769437,-3.332610089081395,-3.329511531509983,-3.3264130411234913,-3.3233146179859614,-3.320216262165379,-3.317117973734443,-3.3140197527714204,-3.31092159936112,-3.3078235135959946,-3.3047254955774124,-3.3016275454171153,-3.2985296632389143,-3.2954318491806585,-3.2923341033965388,-3.2892364260597815,-3.286138817093886,-3.2830412764291403,-3.2799438040019915,-3.276846399754487,-3.27374906363377,-3.270651795591624,-3.2675545955840746,-3.2644574635710177,-3.2613603995158957,-3.258263403385396,-3.2551664751491876,-3.2520696147796766,-3.2489728222517886,-3.2458760975427654,-3.242779440631988,-3.239682851500813,-3.236586330132423,-3.2334898765116895,-3.2303934906250493,-3.2272971724603963,-3.224200922006974,-3.221104739255284,-3.2180086241970036,-3.2149125768249065,-3.211816597132795,-3.208720685115436,-3.2056248407685075,-3.2025290640885484,-3.199433355072916,-3.1963377137197497,-3.193242140027944,-3.1901466339971263,-3.187051195627642,-3.1839558249205573,-3.1808605218776607,-3.177765286501488,-3.174670118795359,-3.1715750187634373,-3.1684799864108095,-3.165385021743603,-3.1622901247691386,-3.1591952954961378,-3.1561005339349943,-3.1530058400981336,-3.14991121400048,-3.1468166556600754,-3.1437221650988825,-3.140627742343838,-3.137533387428237,-3.134439100393549,-3.131344881291808,-3.128250730188763,-3.1251566471680423,-3.122062632336662,-3.1189686858323453,-3.1158748078332565,-3.1127809985709844,-3.1096872583479063,-3.1065935875604556,-3.1034999867303976,-3.1004064565469616,-3.097312997923742,-3.0942196120757552,-3.0911263006240404,-3.088033065738019,-3.0849399103297417,-3.081846838319609,-3.07875385500078,-3.075660967540227,-3.072568185669395,-3.0694755226386796,-3.066382996539837,-3.0632906321428233,-3.060198463453679,-3.0571065372855424,-3.054014918256702,-3.0509236958036494,-3.0478329940462556,-3.0447429856997936,-3.041653911742751,-3.0385661092903864,-3.0354800511940105,-3.0323964024336596,-3.02931610061412,-3.026240471126744,-3.023171392260931,-3.020111532403479,-3.017064691405959,-3.014036292587273,-3.0110340925665544,-3.008069205760381,-3.005157582236484,-3.002322135554113,-2.9995957948028784,-2.997025853175137,-2.994680096753901,-2.99265529467588,-2.9910886472051796,-2.9901725789925213
-3.592783497349428,-3.5919938322505427,-3.5906254603114065,-3.5888296883108213,-3.586716219900058,-3.5843652964458506,-3.5818360373830496,-3.579172267935179,-3.576406647692363,-3.5735636285589094,-3.5706615937332464,-3.5677144164610937,-3.564732603390576,-3.5617241379358875,-3.558695105403067,-3.555650158360318,-3.5525928644332345,-3.549525967159941,-3.546451582289017,-3.5433713459586245,-3.5402865268847106,-3.5371981115423328,-3.534106869019922,-3.5310134005298344,-3.527918177304679,-3.524821569678826,-3.521723869462267,-3.5186253071972744,-3.5155260655013985,-3.51242628940989,-3.5093260944120046,-3.5062255727106413,-3.5031247981099374,-3.5000238298407735,-3.4969227155622065,-3.4938214937219714,-3.4907201954173734,-3.487618845865786,-3.48451746556943,-3.481416071240155,-3.478314676535417,-3.4752132926453663,-3.472111928762257,-3.4690105924566597,-3.4659092899796544,-3.4628080265061483,-3.4597068063312326,-3.456605633029004,-3.4535045095813297,-3.450403438482463,-3.447302421824255,-3.4442014613657004,-3.4411005585898273,-3.437999714750349,-3.434898930909997,-3.4317982079720872,-3.4286975467065735,-3.425596947771608,-3.4224964117314114,-3.4193959390711166,-3.4162955302091333,-3.4131951855074703,-3.410094905280362,-3.406994689801509,-3.403894539310154,-3.400794454016207,-3.3976944341045665,-3.3945944797387786,-3.391494591064147,-3.3883947682103717,-3.3852950112938074,-3.3821953204193975,-3.3790956956823357,-3.375996137169498,-3.3728966449606914,-3.3697972191297336,-3.3666978597454107,-3.3635985668723194,-3.3604993405716157,-3.3574001809016965,-3.3543010879188184,-3.35120206167767,-3.3481031022319105,-3.3450042096346833,-3.341905383939121,-3.338806625198838,-3.335707933468435,-3.332609308804019,-3.329510751263743,-3.326412260908391,-3.323313837802002,-3.3202154820125642,-3.3171171936127752,-3.314018972680903,-3.3109208193017565,-3.3078227335677894,-3.304724715580368,-3.3016267654512355,-3.298528883304203,-3.29543106927712,-3.2923333235241756,-3.2892356462185974,-3.2861380372838846,-3.2830404966503246,-3.2799430242543646,-3.2768456200380514,-3.2737482839485286,-3.2706510159375815,-3.267553815961234,-3.2644566839793825,-3.261359619955468,-3.2582626238561794,-3.255165695651185,-3.252068835312892,-3.248972042816224,-3.245875318138425,-3.2427786612588756,-3.2396820721589323,-3.2365855508217773,-3.233489097232282,-3.2303927113768833,-3.2272963932434755,-3.224200142821301,-3.221103960100863,-3.2180078450738376,-3.214911797732999,-3.2118158180721483,-3.208719906086054,-3.2056240617703944,-3.2025282851217063,-3.1994325761373483,-3.19633693481546,-3.1932413611549357,-3.190145855155402,-3.1870504168172054,-3.1839550461414112,-3.1808597431298087,-3.177764507784934,-3.1746693401101065,-3.1715742401094884,-3.1684792077881676,-3.1653842431522707,-3.16228934620912,-3.159194516967437,-3.1560997554376145,-3.153005061632078,-3.149910435565753,-3.1468158772566808,-3.143721386726822,-3.1406269640031135,-3.137532609118851,-3.1344383221155048,-3.1313441030451097,-3.128249951973415,-3.125155868984047,-3.122061854184023,-3.118967907711066,-3.11587402974334,-3.1127802205124344,-3.1096864803207263,-3.1065928095646482,-3.103499208765965,-3.1004056786139076,-3.0973122200220704,-3.0942188342054706,-3.0911255227851457,-3.0880322879305178,-3.084939132553638,-3.081846060574905,-3.07875307728748,-3.0756601898583322,-3.0725674080189087,-3.069474745019605,-3.066382218952178,-3.063289854586583,-3.06019768592886,-3.057105759792148,-3.054014140794734,-3.05092291837311,-3.0478322166471457,-3.0447422083321145,-3.0416531344065008,-3.038565331985563,-3.0354792739206067,-3.032395625191665,-3.029315323403517,-3.026239693947505,-3.0231706151130155,-3.020110755286824,-3.0170639143204707,-3.0140355155328087,-3.0110333155429014,-3.0080684287672246,-3.0051568052733533,-3.00232135862031,-2.999595017897368,-2.997025076296387,-2.994679319899658,-2.9926545178428463,-2.9910878703885753,-2.990171802185508
-3.5927826858140604,-3.591993020722527,-3.5906246487962585,-3.5888288768127303,-3.586715408422241,-3.584364484990791,-3.58183522595268,-3.579171456531013,-3.5764058363155864,-3.5735628172104588,-3.5706607824138605,-3.5677136051713605,-3.564731792130961,-3.561723326706762,-3.5586942942047295,-3.555649347193009,-3.5525920532971447,-3.5495251560552252,-3.5464507712158,-3.543370534917011,-3.540285715874783,-3.5371973005641584,-3.5341060580735557,-3.5310125896153224,-3.5279173664220607,-3.524820758828132,-3.521723058643525,-3.518624496410507,-3.515525254746624,-3.5124254786871254,-3.509325283721264,-3.506224762051937,-3.5031239874832805,-3.5000230192461745,-3.496921904999672,-3.493820683191509,-3.4907193849189886,-3.4876180353994863,-3.4845166551352196,-3.4814152608380398,-3.4783138661654034,-3.475212482307458,-3.472111118456461,-3.4690097821829804,-3.4659084797380952,-3.462807216296714,-3.4597059961539265,-3.4566048228838295,-3.453503699468291,-3.450402628401565,-3.447301611775501,-3.4442006513490937,-3.4410997486053723,-3.4379989047980506,-3.434898120989857,-3.431797398084107,-3.4286967368507573,-3.4255961379479607,-3.4224956019399366,-3.419395129311818,-3.4162947204820147,-3.413194375812535,-3.4100940956176156,-3.4069938801709547,-3.403893729711795,-3.4007936444500455,-3.397693624570605,-3.3945936702370205,-3.391493781594596,-3.38839395877303,-3.38529420188868,-3.3821945110464884,-3.3790948863416475,-3.3759953278610357,-3.372895835684458,-3.369796409885732,-3.366697050533645,-3.363597757692792,-3.3604985314243296,-3.3573993717866553,-3.3543002788360248,-3.3512012526271278,-3.348102293213623,-3.345003400648655,-3.341904574985354,-3.338805816277336,-3.335707124579201,-3.332608499947056,-3.3295099424390564,-3.326411452115983,-3.323313029041878,-3.320214673284727,-3.3171163849172287,-3.3140181640176514,-3.310920010670802,-3.307821924969135,-3.304723907014018,-3.301625956917193,-3.2985280748024706,-3.2954302608077,-3.2923325150870717,-3.289234837813814,-3.286137228911425,-3.2830396883101924,-3.2799422159465634,-3.276844811762585,-3.2737474757053997,-3.270650207726794,-3.2675530077827903,-3.2644558758332867,-3.2613588118417245,-3.2582618157747913,-3.2551648876021564,-3.2520680272962257,-3.2489712348319237,-3.245874510186493,-3.2427778533393163,-3.2396812642717485,-3.2365847429669725,-3.233488289409859,-3.230391903586847,-3.2272955854858285,-3.224199335096046,-3.2211031524080034,-3.218007037413378,-3.2149109901049413,-3.2118150104764975,-3.208719098522812,-3.2056232542395646,-3.202527477623293,-3.199431768671354,-3.1963361273818873,-3.1932405537537885,-3.1901450477866846,-3.1870496094809218,-3.1839542388375635,-3.1808589358583994,-3.1777637005459676,-3.174668532903586,-3.1715734329354186,-3.1684784006465514,-3.165383436043113,-3.162288539132424,-3.1591937099232053,-3.156098948425852,-3.153004254652787,-3.149909628618937,-3.1468150703423414,-3.143720579844964,-3.1406261571537404,-3.137531802301967,-3.1344375153311135,-3.1313432962932133,-3.128249145254016,-3.1251550622971505,-3.1220610475296318,-3.1189671010891837,-3.11587322315397,-3.11277941395558,-3.109685673796389,-3.106592003072833,-3.1034984023066756,-3.100404872187147,-3.097311413627843,-3.094218027843779,-3.0911247164559925,-3.0880314816339065,-3.0849383262895724,-3.081845254343388,-3.0787522710885145,-3.075659383691923,-3.0725666018850593,-3.0694739389183185,-3.0663814128834574,-3.063289048550431,-3.06019687992528,-3.057104953821142,-3.0540133348563048,-3.0509221124672594,-3.0478314107738753,-3.044741402491425,-3.041652328598392,-3.0385645262100307,-3.035478468177646,-3.032394819481264,-3.029314517725658,-3.026238888302161,-3.023169809500142,-3.0201099497063573,-3.017063108772311,-3.014034710016808,-3.0110325100588415,-3.008067623314776,-3.00515599985203,-3.0023205532293873,-2.999594212535772,-2.997024270962534,-2.994678514591212,-2.9926537125563883,-2.991087065119149,-2.990170996926023
-3.59278184455505,-3.5919921794711374,-3.5906238075582078,-3.588828035592363,-3.586714567222888,-3.5843636438150304,-3.5818343848025163,-3.5791706154080116,-3.5764049952209787,-3.5735619761452146,-3.5706599413787456,-3.5677127641669837,-3.5647309511578062,-3.5617224857652143,-3.5586934532950982,-3.555648506315541,-3.5525912124520413,-3.549524315242647,-3.5464499304358776,-3.5433696941698467,-3.540284875160463,-3.537196459882754,-3.534105217425124,-3.5310117489999104,-3.527916525839709,-3.5248199182788746,-3.5217222181273895,-3.518623655927518,-3.5155244142967996,-3.512424638270481,-3.509324443337815,-3.5062239217016975,-3.5031231471662596,-3.5000221789623827,-3.496921064749118,-3.493819842974201,-3.490718544734935,-3.4876171952486925,-3.4845158150176925,-3.4814144207537865,-3.478313026114428,-3.475211642289765,-3.472110278472056,-3.4690089422318673,-3.465907639820279,-3.4628063764121992,-3.4597051563027175,-3.456603983065932,-3.4535028596837063,-3.4504017886502973,-3.4473007720575555,-3.4441998116644745,-3.441098908954082,-3.437998065180092,-3.434897281405235,-3.4317965585328265,-3.4286958973328217,-3.4255952984633744,-3.4224947624887028,-3.4193942898939396,-3.416293881097496,-3.413193536461379,-3.4100932562998243,-3.4069930408865305,-3.4038928904607415,-3.4007928052323675,-3.3976927853863064,-3.3945928310861055,-3.391492942477066,-3.388393119688891,-3.3852933628379347,-3.3821936720291403,-3.3790940473577007,-3.3759944889104934,-3.372894996767325,-3.3697955710020127,-3.3666962116833408,-3.3635969188759067,-3.360497692640867,-3.3573985330366187,-3.3542994401194184,-3.351200413943955,-3.348101454563887,-3.34500256203236,-3.3419037364025037,-3.338804977727934,-3.335706286063251,-3.3326076614645608,-3.329509103990018,-3.326410613700406,-3.323312190659765,-3.3202138349360824,-3.3171155466020554,-3.314017325735952,-3.3109191724225817,-3.3078210867543967,-3.304723068832766,-3.3016251187694308,-3.2985272366882024,-3.29542942272693,-3.2923316770398032,-3.28923399980005,-3.2861363909311687,-3.283038850363447,-3.279941378033333,-3.276843973882874,-3.2737466378592117,-3.2706493699141315,-3.2675521700036585,-3.2644550380876884,-3.261357974129663,-3.258260978096271,-3.2551640499571812,-3.2520671896847984,-3.248970397254048,-3.245873672642172,-3.242777015828554,-3.2396804267945485,-3.2365839055233385,-3.2334874519997947,-3.230391066210356,-3.2272947481429135,-3.224198497786711,-3.221102315132251,-3.218006200171212,-3.2149101528963655,-3.2118141733015144,-3.208718261381426,-3.2056224171317784,-3.20252664054911,-3.1994309316307783,-3.1963352903749236,-3.193239716780441,-3.190144210846955,-3.1870487725748142,-3.183953401965083,-3.1808580990195487,-3.177762863740749,-3.174667696132003,-3.1715725961974726,-3.1684775639422473,-3.1653825993724536,-3.1622877024954126,-3.159192873319846,-3.1560981118561475,-3.1530034181167412,-3.1499087921165536,-3.146814233873626,-3.143719743409919,-3.140625320752369,-3.137530965934273,-3.1344366789971003,-3.131342459992885,-3.1282483089873763,-3.125154226064203,-3.122060211330381,-3.118966264923633,-3.1158723870221228,-3.11277857785744,-3.109684837731961,-3.1065911670421182,-3.1034975663096787,-3.1004040362238707,-3.09731057769829,-3.0942171919479526,-3.0911238805938974,-3.088030645805546,-3.0849374904949496,-3.0818444185825062,-3.0787514353613763,-3.0756585479985326,-3.0725657662254195,-3.069473103292433,-3.0663805772913295,-3.0632882129920644,-3.0601960444006786,-3.0571041183303076,-3.0540124993992412,-3.050921277043968,-3.0478305753843578,-3.0447405671356815,-3.041651493276422,-3.0385636909218308,-3.03547763292321,-3.0323939842605814,-3.0293136825387106,-3.0262380531489184,-3.0231689743805603,-3.020109114620368,-3.0170622737198127,-3.014033874997649,-3.011031675072792,-3.0080667883614978,-3.0051551649310158,-3.002319718339888,-2.9995933776766748,-2.997023436132192,-2.994677679787204,-2.9926528777751717,-2.9910862303555863,-2.990170162172766
-3.592780972484653,-3.5919913074086405,-3.5906229355095367,-3.5888271635620197,-3.586713695214329,-3.5843627718309263,-3.581833512844944,-3.5791697434785954,-3.576404123320994,-3.5735611042756674,-3.5706590695404317,-3.567711892360533,-3.5647300793837196,-3.561721614023894,-3.5586925815868646,-3.5556476346406507,-3.5525903408106982,-3.5495234436350187,-3.5464490588620987,-3.543368822630029,-3.540284003654695,-3.5371955884111066,-3.534104345987659,-3.531010877596676,-3.527915654470745,-3.524819046944214,-3.5217213468270616,-3.5186227846615465,-3.515523543065208,-3.5124237670732876,-3.509323572175034,-3.506223050573342,-3.503122276072342,-3.500021307902912,-3.496920193724104,-3.4938189719836523,-3.4907176737788594,-3.487616324327097,-3.4845149441305843,-3.4814135499011694,-3.478312155296308,-3.4752107715061475,-3.472109407722944,-3.4690080715172673,-3.465906769140196,-3.462805505766637,-3.45970428569168,-3.456603112489423,-3.453501989141731,-3.450400918142859,-3.447299901584659,-3.444198941226124,-3.4410980385502823,-3.437997194810847,-3.434896411070549,-3.431795688232702,-3.428695027067263,-3.425594428232385,-3.422493892292285,-3.419393419732098,-3.416293010970233,-3.4131926663686993,-3.410092386241732,-3.4069921708630293,-3.403892020471836,-3.4007919352780616,-3.3976919154666034,-3.3945919612010087,-3.3914920726265794,-3.388392249873017,-3.3852924930566766,-3.3821928022825016,-3.3790931776456867,-3.375993619233108,-3.37289412712457,-3.369794701393893,-3.366695342109861,-3.3635960493370702,-3.3604968231366783,-3.3573976635670806,-3.3542985706845343,-3.3511995445437286,-3.3481005851983223,-3.34500169270146,-3.3419028671062727,-3.3388041084663755,-3.3357054168363685,-3.3326067922723577,-3.3295082348324994,-3.3264097445775755,-3.323311321571627,-3.32021296588264,-3.3171146775833122,-3.314016456751913,-3.310918303473248,-3.3078202178397724,-3.3047221999528538,-3.301624249924235,-3.298526367877727,-3.295428553951178,-3.2923308082987783,-3.289233131093756,-3.28613552225961,-3.2830379817266273,-3.279940509431256,-3.2768431053155433,-3.27374576932663,-3.2706485014163027,-3.2675513015405855,-3.264454169659376,-3.261357105736115,-3.2582601097374906,-3.2551631816331725,-3.2520663213955654,-3.2489695289995946,-3.2458728044225027,-3.2427761476436707,-3.2396795586444553,-3.236583037408039,-3.2334865839192926,-3.2303901981646552,-3.227293880132018,-3.2241976298106247,-3.221101447190978,-3.2180053322647546,-3.2149092850247283,-3.211813305464701,-3.2087173935794393,-3.205621549364623,-3.20252577281679,-3.199430063933298,-3.196334422712286,-3.1932388491526478,-3.1901433432540114,-3.1870479050167226,-3.183952534441847,-3.180857231531172,-3.1777619962872357,-3.1746668287133577,-3.1715717288136998,-3.16847669659335,-3.1653817320584356,-3.162286835216276,-3.1591920060755956,-3.1560972446467854,-3.1530025509422717,-3.1499079249769797,-3.1468133667689515,-3.1437188763401474,-3.140624453717505,-3.1375300989343198,-3.1344358120320623,-3.1313415930627664,-3.1282474420921806,-3.125153359203933,-3.1220593445050397,-3.118965398133224,-3.115871520266649,-3.1127777111369057,-3.1096839710463695,-3.106590300391475,-3.1034966996939866,-3.100403169643134,-3.0973097111525125,-3.0942163254371384,-3.091123014118049,-3.0880297793646676,-3.084936624089045,-3.0818435522115797,-3.078750569025433,-3.075657681697574,-3.07256489995945,-3.069472237061456,-3.066379711095348,-3.063287346831081,-3.0601951782746952,-3.0571032522393287,-3.0540116333432694,-3.0509204110230064,-3.0478297093984072,-3.0447397011847435,-3.0416506273604944,-3.0385628250409105,-3.0354767670772893,-3.0323931184496495,-3.029312816762748,-3.026237187407896,-3.023168108674431,-3.020108248949062,-3.017061408083224,-3.0140330093956176,-3.0110308095050824,-3.0080659228277575,-3.005154299430722,-3.002318852872262,-2.9995925122405644,-2.9970225707258935,-2.9946768144082063,-2.9926520124198017,-2.9910853650185167,-2.9901692968463793
-3.5927800684753506,-3.5919904034075287,-3.5906220315227584,-3.588826259594243,-3.5867127912691337,-3.5843618679110794,-3.5818326089525994,-3.579168839615438,-3.5764032194883466,-3.5735602004745717,-3.5706581657717127,-3.5677109886248446,-3.5647291756815833,-3.5617207103557234,-3.55869167795299,-3.555646731041338,-3.552589437246162,-3.549522540105431,-3.5464481553675986,-3.5433679191707297,-3.5402831002306896,-3.5371946850224725,-3.5341034426344575,-3.5310099742789594,-3.5279147511885554,-3.524818143697589,-3.521720443616029,-3.518621881486131,-3.51552263992543,-3.5124228639691637,-3.509322669106581,-3.5062221475405737,-3.5031213730752704,-3.5000204049415493,-3.49691929079846,-3.493818069093736,-3.4907167709246787,-3.487615421508657,-3.484514041347893,-3.4814126471542335,-3.4783112525851325,-3.4752098688307376,-3.472108505083306,-3.4690071689134045,-3.4659058665721134,-3.4628046032343396,-3.4597033831951722,-3.4566022100287097,-3.4535010867168165,-3.4504000157537487,-3.4472989992313554,-3.444198038908631,-3.441097136268604,-3.4379962925649883,-3.434895508860513,-3.4317947860584934,-3.4286941249288865,-3.425593526129844,-3.422492990225584,-3.4193925177012403,-3.4162921089752234,-3.41319176440954,-3.4100914843184276,-3.4069912689755837,-3.403891118620252,-3.4007910334623426,-3.397691013686755,-3.394591059457035,-3.391491170918484,-3.3883913482008046,-3.385291591420351,-3.3821919006820655,-3.3790922760811437,-3.375992717704462,-3.3728932256318256,-3.3697937999370517,-3.366694440688928,-3.3635951479520494,-3.360495921787573,-3.3573967622538956,-3.3542976694072726,-3.351198643302394,-3.348099683992919,-3.3450007915319926,-3.3419019659727445,-3.3388032073687883,-3.3357045157747276,-3.332605891246667,-3.3295073338427614,-3.326408843623794,-3.323310420653806,-3.3202120650007836,-3.317113776737425,-3.314015555941998,-3.3109174026993102,-3.307819317101816,-3.3047212992508825,-3.301623349258252,-3.2985254672477353,-3.2954276533571822,-3.292329907740783,-3.2892322305717654,-3.2861346217736274,-3.283037081276656,-3.2799396090173003,-3.2768422049376067,-3.273744868984717,-3.270647601110417,-3.2675504012707304,-3.264453269425555,-3.261356205538332,-3.258259209575749,-3.255162281507476,-3.252065421305918,-3.2489686289460007,-3.245871904404965,-3.242775247662194,-3.2396786586990434,-3.236582137498695,-3.2334856840460193,-3.2303892983274567,-3.2272929803308994,-3.2241967300455903,-3.221100547462031,-3.2180044325718993,-3.2149083853679685,-3.2118124058440403,-3.208716493994882,-3.2056206498161717,-3.2025248733044482,-3.1994291644570696,-3.196333523272174,-3.1932379497486574,-3.190142443886147,-3.1870470056849887,-3.1839516351462454,-3.180856332271708,-3.1777610970639123,-3.174665929526179,-3.1715708296626697,-3.168475797478472,-3.165380832979712,-3.1622859361737117,-3.1591911070691934,-3.156096345676551,-3.1530016520082094,-3.1499070260790933,-3.146812467907245,-3.1437179775146253,-3.1406235549281702,-3.1375292001811763,-3.1344349133151126,-3.131340694382015,-3.1282465434476308,-3.1251524605955887,-3.122058445932904,-3.1189644995973005,-3.115870621766942,-3.1127768126734194,-3.1096830726191067,-3.106589402000439,-3.1034958013391813,-3.100402271324564,-3.0973088128701813,-3.0942154271910485,-3.0911221159082056,-3.088028881191074,-3.084935725951705,-3.081842654110498,-3.078749670960614,-3.075656783669021,-3.0725640019671663,-3.069471339105445,-3.0663788131756147,-3.0632864489476286,-3.060194280427527,-3.0571023544284475,-3.054010735568677,-3.0509195132847053,-3.0478288116964,-3.0447388035190293,-3.041649729731073,-3.0385619274477786,-3.03547586952044,-3.0323922209290712,-3.0293119192784204,-3.026236289959788,-3.0231672112624945,-3.0201073515732237,-3.017060510743374,-3.0140321120915936,-3.0110299122366397,-3.0080650255945303,-3.005153402232166,-3.0023179557075714,-2.9995916151085433,-2.997021673624775,-2.9946759173353885,-2.992651115371477,-2.991084467989165,-2.990168399828103
-3.5927791313584416,-3.591989466299109,-3.590621094429198,-3.5888253225203797,-3.5867118542186796,-3.5843609308869064,-3.5818316719569396,-3.5791679026500383,-3.576402282554576,-3.57355926357351,-3.5706572289042136,-3.5677100517915847,-3.564728238883101,-3.561719773592448,-3.558690741225267,-3.555645794349444,-3.552588500590319,-3.5495216034858186,-3.546447218784362,-3.543366982623986,-3.5402821637205344,-3.5371937485489826,-3.534102506197698,-3.5310090378789836,-3.5279138148254074,-3.5248172073713047,-3.5217195073266407,-3.518620945233666,-3.5155217037099096,-3.5124219277906086,-3.509321732965006,-3.506221211435993,-3.5031204370076963,-3.500019468910991,-3.4969183548049263,-3.493817133137235,-3.4907158350052185,-3.487614485626246,-3.484513105502536,-3.4814117113459373,-3.478310316813906,-3.475208933096586,-3.4721075693862353,-3.4690062332534204,-3.46590493094922,-3.462803667648542,-3.4597024476464746,-3.4566012745171175,-3.4535001512423333,-3.450399080316379,-3.4472980638311035,-3.444197103545501,-3.441096200942601,-3.4379953572761157,-3.434894573608776,-3.431793850843896,-3.428693189751433,-3.4255925909895377,-3.4224920551224307,-3.4193915826352437,-3.4162911739463873,-3.413190829417869,-3.4100905493639257,-3.4069903340582544,-3.403890183740099,-3.400790098619371,-3.3976900788809665,-3.3945901246884334,-3.391490236187074,-3.388390413506589,-3.385290656763336,-3.3821909660622547,-3.3790913414985404,-3.375991783159071,-3.3728922911236494,-3.369792865466095,-3.3666935062551953,-3.363594213555544,-3.3604949874282988,-3.3573958279318554,-3.3542967351224715,-3.351197709054836,-3.3480987497826082,-3.344999857358932,-3.341901031836939,-3.3388022732702427,-3.3357035817134455,-3.3326049572226526,-3.329506399856018,-3.326407909674326,-3.323309486741616,-3.320211131125876,-3.3171128428998036,-3.314014622141667,-3.3109164689362736,-3.307818383376077,-3.3047203655624457,-3.301622415607122,-3.2985245336339166,-3.2954267197806786,-3.292328974201598,-3.289231297069902,-3.2861336883090897,-3.2830361478494487,-3.279938675627427,-3.2768412715850705,-3.2737439356695224,-3.270646667832569,-3.267549468030233,-3.264452336222411,-3.261355272372545,-3.2582582764473234,-3.2551613484164155,-3.2520644882522274,-3.2489676959296827,-3.245870971426025,-3.242774314720636,-3.2396777257948717,-3.2365812046319133,-3.233484751216633,-3.230388365535469,-3.227292047576313,-3.2241957973284086,-3.2210996147822586,-3.21800349992954,-3.2149074527630264,-3.2118114732765197,-3.208715561464786,-3.2056197173235046,-3.2025239408492148,-3.199428232039272,-3.1963325908918168,-3.1932370174057434,-3.19014151158068,-3.187046073416973,-3.183950702915687,-3.18085540007861,-3.1777601649082787,-3.174664997408012,-3.1715698975819744,-3.1684748654352526,-3.1653799009739743,-3.1622850042054593,-3.15919017513843,-3.15609541378328,-3.1530007201524355,-3.1499060942608192,-3.146811536126474,-3.1437170457713615,-3.1406226232224186,-3.1375282685129395,-3.134433981684395,-3.1313397627888198,-3.1282456118919617,-3.125151529077449,-3.122057514452299,-3.1189635681542334,-3.115869690361417,-3.1127758813054403,-3.1096821412886784,-3.1065884707075666,-3.1034948700838676,-3.100401340106812,-3.0973078816899937,-3.0942144960484317,-3.0911211848031632,-3.0880279501236103,-3.084934794921823,-3.081841723118201,-3.0787487400059046,-3.0756558527519045,-3.0725630710876466,-3.069470408263526,-3.0663778823712997,-3.0632855181809227,-3.060193349698435,-3.0571014237369725,-3.054009804914823,-3.0509185826684737,-3.0478278811177915,-3.044737872978046,-3.0416487992277137,-3.0385609969820386,-3.0354749390923126,-3.032391290538542,-3.0293109889254684,-3.0262353596443803,-3.023166280984582,-3.0201064213327315,-3.0170595805401894,-3.0140311819255454,-3.011028982107473,-3.008064095501868,-3.0051524721754457,-3.0023170256859557,-2.999590685120794,-2.997020743669059,-2.994674987409009,-2.992650185470487,-2.9910835381078407,-2.9901674699582577
-3.5927781599225765,-3.591988494872044,-3.5906201230175343,-3.588824351129133,-3.586710882851697,-3.584359959547163,-3.581830700646751,-3.5791669313712133,-3.576401311308538,-3.573558292361378,-3.570656257726874,-3.567709080649741,-3.564727267777311,-3.5617188025231576,-3.5586897701928315,-3.5556448233541484,-3.5525875296323943,-3.5495206325654505,-3.5464462479017,-3.543366011779152,-3.540281192913627,-3.5371927777800836,-3.534101535466874,-3.5310080671862893,-3.5279128441708907,-3.524816236755003,-3.521718536748586,-3.518619974693884,-3.5155207332084237,-3.512420957327438,-3.5093207625401677,-3.5062202410495003,-3.503119466659563,-3.5000184986012295,-3.4969173845335475,-3.4938161629042477,-3.49071486481063,-3.4876135154700645,-3.4845121353847697,-3.4814107412665933,-3.478309346772989,-3.4752079630941037,-3.4721065994221925,-3.4690052633278228,-3.4659039610620743,-3.462802697799852,-3.459701477836245,-3.456600304745352,-3.4534991815090383,-3.450398110621557,-3.44729709417476,-3.4441961339276395,-3.4410952313632257,-3.4379943877352317,-3.4348936041063878,-3.431792881380008,-3.4286922203260475,-3.4255916216026607,-3.4224910857740656,-3.419390613325395,-3.4162902046750583,-3.4131898601850645,-3.4100895801696494,-3.4069893649025103,-3.4038892146228923,-3.4007891295407044,-3.3976891098408455,-3.394589155686862,-3.3914892672240566,-3.388389444582129,-3.3852896878774366,-3.382189997214921,-3.3790903726897765,-3.3759908143888797,-3.3728913223920363,-3.369791896773065,-3.366692537600751,-3.3635932449396906,-3.3604940188510395,-3.357394859393196,-3.354295766622416,-3.3511967405933873,-3.3480977813597708,-3.3449988889747098,-3.3419000634913356,-3.338801304963263,-3.3357026134450933,-3.332603988992932,-3.3295054316649337,-3.3264069415218818,-3.3233085186278175,-3.3202101630507252,-3.3171118748633055,-3.3140136541438254,-3.3109155009770923,-3.30781741545556,-3.3047193976805977,-3.3016214477639467,-3.2985235658294174,-3.2954257520148595,-3.2923280064744636,-3.2892303293814567,-3.2861327206593374,-3.283035180238392,-3.279937708055071,-3.27684030405142,-3.2737429681745813,-3.27064570037634,-3.2675485006127216,-3.2644513688436225,-3.2613543050324827,-3.2582573091459923,-3.2551603811538197,-3.2520635210283704,-3.2489667287445676,-3.2458700042796558,-3.242773347613016,-3.239676758726006,-3.236580237601806,-3.233483784225288,-3.2303873985828897,-3.227291080662504,-3.2241948304533734,-3.221098647946002,-3.2180025331320663,-3.21490648600434,-3.2118105065566245,-3.2087145947836873,-3.2056187506812064,-3.202522974245721,-3.1994272654745872,-3.1963316243659454,-3.1932360509186903,-3.190140545132448,-3.1870451070075654,-3.1839497365451064,-3.180854433746862,-3.1777591986153673,-3.1746640311539425,-3.1715689313667483,-3.1684738992588746,-3.1653789348364487,-3.1622840381067903,-3.159189209078621,-3.1560944477623356,-3.152999754170359,-3.149905128317615,-3.1468105702221467,-3.143716079905914,-3.140621657395854,-3.1375273027252635,-3.1344330159356115,-3.1313387970789326,-3.1282446462209754,-3.1251505634453687,-3.1220565488591294,-3.118962602599979,-3.115868724846082,-3.1127749158290285,-3.1096811758511933,-3.1065875053090117,-3.1034939047242482,-3.1004003747861315,-3.097306916408258,-3.0942135308056433,-3.0911202195993255,-3.088026984958727,-3.0849338297958995,-3.0818407580312406,-3.0787477749579106,-3.0756548877428815,-3.0725621061175974,-3.069469443332455,-3.0663769174792104,-3.0632845533278186,-3.0601923848843198,-3.057100458961849,-3.0540088401786942,-3.0509176179713426,-3.04782691645966,-3.0447369083589133,-3.0416478346475793,-3.0385600324408997,-3.0354739745901615,-3.0323903260753657,-3.0293100245012465,-3.0262343952590802,-3.0231653166381522,-3.0201054570250934,-3.0170586162712247,-3.0140302176950784,-3.0110280179152396,-3.0080631313474755,-3.005151508058311,-3.002316061605213,-2.999589721075158,-2.9970197796566325,-2.994674023426995,-2.992649221514793,-2.9910825741725335,-2.9901665060348517
-3.592777152912108,-3.591987487870697,-3.590619116032152,-3.5888233441649158,-3.5867098759126352,-3.5843589526363404,-3.5818296937665663,-3.579165924523542,-3.576400304494852,-3.5735572855828397,-3.570655250984402,-3.5677080739440634,-3.5647262611090076,-3.56171779589269,-3.5586887636005695,-3.555643816800388,-3.5525865231173746,-3.549519626089363,-3.546445241464702,-3.5433650053813697,-3.5402801865551643,-3.5371917714610244,-3.5341005291872865,-3.531007060946231,-3.527911837970407,-3.5248152305941325,-3.521717530627361,-3.518618968612333,-3.51551972716657,-3.512419951325302,-3.5093197565777676,-3.506219235126853,-3.5031184607766814,-3.5000174927581256,-3.496916378730233,-3.4938151571407317,-3.49071385908692,-3.4876125097861683,-3.484511129740694,-3.481409735662345,-3.4783083412085745,-3.475206957569528,-3.4721055939374623,-3.469004257882944,-3.4659029556570524,-3.462801692434692,-3.4597004725109537,-3.4565992994599344,-3.453498176263499,-3.4503971054159015,-3.4472960890089928,-3.4441951288017654,-3.4410942262772477,-3.4379933826891538,-3.4348925991002144,-3.431791876413744,-3.4286912153996982,-3.42559061671623,-3.4224900809275587,-3.419389608518816,-3.4162891999084124,-3.4131888554583556,-3.410088575482881,-3.406988360255687,-3.403888210016019,-3.4007881249737855,-3.3976881053138843,-3.3945881511998617,-3.3914882627770204,-3.3883884401750635,-3.385288683510345,-3.3821889928878077,-3.379089368402645,-3.3759898101417343,-3.372890318184881,-3.3697908926059035,-3.366691533473588,-3.3635922408525305,-3.360493014803887,-3.3573938553860554,-3.354294762655291,-3.3511957366662832,-3.348096777472692,-3.3449978851276603,-3.3418990596843194,-3.3388003011962843,-3.3357016097181558,-3.332602985306041,-3.3295044280180934,-3.326405937915096,-3.323307515061089,-3.3202091595240595,-3.3171108713767063,-3.314012650697298,-3.3109144975706406,-3.3078164120891893,-3.3047183943543113,-3.3016204444777486,-3.298522562583312,-3.2954247488088524,-3.292327003308557,-3.2892293262556564,-3.2861317175736473,-3.283034177192818,-3.2799367050496153,-3.276839301086087,-3.2737419652493758,-3.2706446974912664,-3.267547497767784,-3.264450366038824,-3.2613533022678287,-3.2582563064214867,-3.255159378469466,-3.2520625183841725,-3.2489657261405314,-3.2458690017157847,-3.2427723450893144,-3.2396757562424776,-3.2365792351584557,-3.23348278182212,-3.230386396219909,-3.227290078339715,-3.2241938281707814,-3.2210976457036105,-3.218001530929879,-3.2149054838423603,-3.2118095044348562,-3.2087135927021344,-3.2056177486398734,-3.2025219722446114,-3.199426263513706,-3.1963306224452963,-3.193235049038277,-3.190139543292276,-3.1870441052076393,-3.1839487347854316,-3.1808534320274413,-3.1777581969362045,-3.174663029515042,-3.1715679297681163,-3.168472897700516,-3.165377933318367,-3.1622830366289896,-3.159188207641105,-3.156093446365108,-3.1529987528134225,-3.1499041270009744,-3.146809568945806,-3.143715078669879,-3.140620656200128,-3.137526301569851,-3.134432014820517,-3.1313377960041606,-3.1282436451865303,-3.1251495624512535,-3.1220555479053473,-3.1189616016865354,-3.1158677239729813,-3.112773914996274,-3.1096801750587897,-3.106586504556964,-3.1034929040125605,-3.100399374114809,-3.0973059157773033,-3.0942125302150605,-3.091119219049119,-3.088025984448901,-3.084932829326458,-3.0818397576021885,-3.078746774569253,-3.0756538873946218,-3.07256110580974,-3.069468443065005,-3.0663759172521714,-3.063283553141195,-3.060191384738114,-3.0570994588560656,-3.0540078401133366,-3.050916617946413,-3.0478259164751598,-3.044735908414843,-3.041646834743937,-3.0385590325776817,-3.0354729747673592,-3.0323893262929658,-3.0293090247592267,-3.0262333955574063,-3.0231643169767697,-3.020104457403922,-3.0170576166901433,-3.0140292181539032,-3.0110270184136985,-3.008062131885161,-3.005150508634618,-3.002315062219243,-2.9995887217255794,-2.9970187803414756,-2.9946730241433612,-2.9926482222584414,-2.9910815749373145,-2.9901655068119695
-3.592776109025595,-3.591986443993641,-3.5906180721716487,-3.588822300326355,-3.5867088321001512,-3.584357908853129,-3.5818286500151144,-3.579164880805794,-3.576399260812335,-3.573556241936758,-3.5706542073757057,-3.567707030373507,-3.5647252175771915,-3.5617167524000948,-3.558687720147578,-3.555642773387307,-3.55258547974445,-3.5495185827567965,-3.5464441981726544,-3.543363962129971,-3.540279143344521,-3.537190728291224,-3.5340994860584023,-3.531006017858322,-3.5279107949235224,-3.524814187588315,-3.5217164876626437,-3.5186179256887447,-3.5155186842841366,-3.5124189084840447,-3.509318713777705,-3.506218192368,-3.5031174180590514,-3.50001645008173,-3.496915336095082,-3.4938141145468347,-3.4907128165342867,-3.487611467274808,-3.484510087270615,-3.4814086932335533,-3.4783072988210755,-3.475205915223329,-3.472104551632569,-3.469003215619361,-3.465901913434785,-3.462800650253746,-3.4596994303713346,-3.4565982573616476,-3.453497134206549,-3.450396063400293,-3.447295047034731,-3.444194086868856,-3.441093184385695,-3.4379923408389637,-3.434891557291391,-3.431790834646292,-3.4286901736736217,-3.425589575031534,-3.4224890392842466,-3.419388566916893,-3.4162881583478826,-3.4131878139392233,-3.410087534005151,-3.406987318819365,-3.403887168621108,-3.40078708362029,-3.397687064001809,-3.394587109929212,-3.3914872215478007,-3.3883873989872777,-3.3852876423639966,-3.3821879517829028,-3.379088327339187,-3.375988769119729,-3.372889277204332,-3.3697898516668157,-3.366690492575965,-3.363591199996377,-3.360491973989207,-3.3573928146128527,-3.3542937219235704,-3.3511946959760492,-3.3480957368239475,-3.34499684452041,-3.341898019118568,-3.338799260672036,-3.3357005692354145,-3.3326019448648108,-3.3295033876183795,-3.3264048975569023,-3.323306474744421,-3.320208119248922,-3.3171098311431026,-3.314011610505232,-3.310913457420118,-3.307815371980214,-3.304717354286888,-3.3016194044518823,-3.298521522599007,-3.295423708866112,-3.2923259634073867,-3.2892282863960602,-3.28613067775563,-3.2830331374163833,-3.2799356653147687,-3.2768382613928333,-3.2737409255977195,-3.270643657881212,-3.267546458199335,-3.2644493265119854,-3.261352262782604,-3.2582552669778813,-3.2551583390674836,-3.2520614790238183,-3.2489646868218096,-3.2458679624387003,-3.242771305853873,-3.2396747170486817,-3.236578196006309,-3.233481742711627,-3.2303853571510737,-3.227289039312541,-3.2241927891852735,-3.2210966067597724,-3.218000492027716,-3.214904444981877,-3.211808465616057,-3.208712553925024,-3.205616709904457,-3.2025209335508937,-3.1994252248616912,-3.1963295838349888,-3.193234010469682,-3.190138504765397,-3.187043066722481,-3.183947696341997,-3.1808523936257362,-3.1777571585762328,-3.1746619911968073,-3.171566891491622,-3.168471859465766,-3.1653768951253656,-3.1622819984777415,-3.159187169531616,-3.156092408297382,-3.152997714787465,-3.149903089016789,-3.1468085310033977,-3.143714040769251,-3.140619618341287,-3.1375252637527997,-3.13443097704526,-3.131336758270702,-3.1282426074948737,-3.1251485248014044,-3.122054510297311,-3.1189605641203153,-3.115866686448581,-3.1127728775136987,-3.1096791376180444,-3.1065854671580517,-3.1034918666554865,-3.1003983367995773,-3.0973048785039192,-3.0942114929835287,-3.0911181818594438,-3.0880249473010863,-3.084931792220509,-3.081838720538108,-3.078745737547045,-3.0756528504142904,-3.0725600688712906,-3.0694674061684406,-3.066374880397497,-3.0632825163284134,-3.06019034796723,-3.0570984221270825,-3.054006803426257,-3.0509155813012407,-3.0478248798718965,-3.044734871853491,-3.041645798224493,-3.0385579961001423,-3.0354719383317166,-3.0323882898992056,-3.029307988407327,-3.0262323592473286,-3.0231632807084607,-3.0201034211772964,-3.0170565805050744,-3.0140281820102026,-3.011025982311084,-3.00806109582321,-3.0051494726127035,-3.0023140262364336,-2.999587685780494,-2.9970177444320742,-2.9946719882666386,-2.99264718641,-2.9910805391107798,-2.9901644709982227
-3.5927750269140657,-3.591985361891915,-3.5906169900870797,-3.5888212182645276,-3.586707750065352,-3.584356826848673,-3.5818275680435803,-3.579163798869198,-3.5763981789122603,-3.573555160074452,-3.570653125552156,-3.5677059485894955,-3.564724135833342,-3.561715670696902,-3.558686638485439,-3.5556416917665423,-3.5525843981653153,-3.5495175012194964,-3.546443116677356,-3.5433628806768103,-3.540278061933609,-3.5371896469226516,-3.5340984047322426,-3.531004936574637,-3.527909713682363,-3.524813106389723,-3.5217154065066567,-3.5186168445753934,-3.515517603213445,-3.5124178274560345,-3.5093176327923943,-3.5062171114254044,-3.503116337159186,-3.5000153692246085,-3.4969142552807146,-3.4938130337752322,-3.4907117358054585,-3.487610386588764,-3.4845090066273614,-3.4814076126330984,-3.478306218263427,-3.4752048347084923,-3.47210347116055,-3.4690021351901663,-3.4659008330484196,-3.4627995699102163,-3.4596983500706457,-3.456597177103804,-3.4534960539915573,-3.4503949832281586,-3.447293966905459,-3.4441930067824518,-3.441092104342164,-3.4379912608383103,-3.4348904773336195,-3.4317897547314065,-3.4286890938016272,-3.4255884952024336,-3.4224879594980453,-3.4193874871735948,-3.4162870786474926,-3.413186734281748,-3.4100864543905938,-3.4069862392477313,-3.4038860890924028,-3.400786004134518,-3.3976859845589753,-3.3945860305293216,-3.3914861421908586,-3.3883863196732884,-3.385286563092965,-3.382186872554831,-3.3790872481540797,-3.37598768997759,-3.3728881981051657,-3.3697887726106264,-3.3666894135627587,-3.3635901210261565,-3.360490895061979,-3.357391735728621,-3.3542926430823394,-3.351193617177823,-3.3480946580687316,-3.34499576580821,-3.341896940449388,-3.3387981820458803,-3.335699490652288,-3.3326008663247175,-3.3295023091213234,-3.3264038191028886,-3.323305396333454,-3.3202070408810065,-3.3171087528182444,-3.314010532223434,-3.310912379181385,-3.307814293784551,-3.3047162761342985,-3.3016183263423704,-3.2985204445325778,-3.29542263084277,-3.2923248854271367,-3.289227208458907,-3.286129599861577,-3.283032059565435,-3.2799345875069306,-3.276837183628109,-3.2737398478761133,-3.2706425802027286,-3.267545380563979,-3.2644482489197615,-3.261351185233518,-3.258254189471937,-3.255157261604687,-3.252060401604173,-3.2489636094453207,-3.245866885105373,-3.2427702285637108,-3.23967363980169,-3.236577118802492,-3.2334806655509896,-3.230384280033621,-3.227287962238279,-3.224191712154205,-3.2210955297719033,-3.217999415083049,-3.2149033680804173,-3.2118073887578085,-3.208711477109991,-3.205615633132643,-3.202519856822303,-3.1994241481763295,-3.196328507192861,-3.1932329338707914,-3.190137428209749,-3.1870419902100795,-3.183946619872848,-3.1808513171998434,-3.177756082193602,-3.174660914857442,-3.171565815195527,-3.1684707832129444,-3.1653758189158223,-3.162280922311482,-3.159186093408645,-3.1560913322177044,-3.152996638751084,-3.14990201302371,-3.1468074550536254,-3.14371296486279,-3.140618542478141,-3.137524187932973,-3.1344299012687578,-3.13133568253753,-3.128241531805037,-3.125147449154907,-3.122053434694157,-3.1189594885605088,-3.115865610932127,-3.1127718020406023,-3.1096780621883098,-3.106584391771683,-3.1034907913124865,-3.1003972614999507,-3.0973038032476707,-3.0942104177706633,-3.0911171066899663,-3.0880238721750017,-3.0849307171378206,-3.081837645498822,-3.0787446625511663,-3.075651775461823,-3.0725589939622395,-3.0694663313028103,-3.0663738055752905,-3.063281441549636,-3.0601892732318845,-3.057097347435173,-3.054005728777787,-3.0509145066962127,-3.047823805310313,-3.0447337973353505,-3.0416447237497963,-3.0385569216688832,-3.0354708639438877,-3.0323872155547935,-3.029306914106307,-3.0262312849896653,-3.0231622064940953,-3.0201023470061417,-3.017055506376999,-3.0140271079250103,-3.0110249082684803,-3.0080600218227587,-3.0051483986537546,-3.0023129523180216,-2.999586611901189,-2.997016670589759,-2.9946709144581996,-2.99264611263088,-2.991079465354368,-2.9901633972550665
-3.59277390517927,-3.5919842401672804,-3.590615868380231,-3.588820096581257,-3.5867066284101026,-3.584355705224879,-3.581826446453913,-3.579162677315748,-3.5763970573966692,-3.5735540385980125,-3.57065200411589,-3.5677048271942153,-3.564723014479692,-3.5617145493853988,-3.558685517216494,-3.5556405705404854,-3.5525832769824124,-3.5495163800799623,-3.5464419955813633,-3.5433617596245,-3.540276940925095,-3.5371885259580274,-3.5340972838115854,-3.53100381569801,-3.52790859284982,-3.5248119856013083,-3.5217142857624064,-3.518615723875338,-3.515516482557611,-3.512416706844444,-3.509316512225067,-3.506215990902358,-3.503115216680436,-3.5000142487901673,-3.4969131348905944,-3.493811913429443,-3.49071061550401,-3.4876092663316642,-3.4845078864146193,-3.4814064924647203,-3.4783050981394212,-3.4752037146288663,-3.472102351125311,-3.4690010151993214,-3.4658997131019746,-3.4627984500081763,-3.459697230213016,-3.4565960572905903,-3.4534949342227645,-3.450393863503792,-3.4472928472255235,-3.4441918871469523,-3.4410909847511055,-3.437990141291697,-3.434889357831458,-3.431788635273701,-3.428687974388381,-3.4255873758336537,-3.4224868401737374,-3.4193863678937633,-3.4162859594121424,-3.413185615090882,-3.4100853352442186,-3.4069851201458503,-3.403884970035021,-3.4007848851216402,-3.397684865590606,-3.3945849116054645,-3.3914850233115197,-3.388385200838472,-3.385285444302676,-3.3821857538090754,-3.3790861294528636,-3.375986571320917,-3.372887079493042,-3.369787654043056,-3.366688295039746,-3.3635890025477067,-3.360489776628095,-3.357390617339308,-3.3542915247376026,-3.351192498877667,-3.3480935398131595,-3.3449946475972268,-3.341895822282999,-3.33879706392409,-3.3356983725751017,-3.33259974829214,-3.3295011911333585,-3.3264027011595414,-3.3233042784347293,-3.3202059230269083,-3.317107635008777,-3.314009414458604,-3.310911261461196,-3.307813176109008,-3.304715158503407,-3.3016172087561353,-3.298519326991004,-3.295421513345862,-3.2923237679748993,-3.2892260910513444,-3.286128482498695,-3.283030942247239,-3.279933470233424,-3.276836066399297,-3.2737387306920005,-3.2706414630633196,-3.2675442634692784,-3.2644471318697734,-3.2613500682282472,-3.2582530725113874,-3.255156144688864,-3.252059284733082,-3.248962492618966,-3.245865768323759,-3.2427691118268425,-3.239672523109572,-3.236576002155131,-3.233479548948389,-3.230383163475785,-3.2272868457252115,-3.2241905956859123,-3.221094413348389,-3.217998298704319,-3.214902251746476,-3.211806272468661,-3.208710360865642,-3.2056145169330983,-3.2025187406675664,-3.1994230320664045,-3.1963273911277525,-3.1932318178505046,-3.190136312234289,-3.187040874279451,-3.183945503987056,-3.180850201358892,-3.177754966397496,-3.1746597991061867,-3.171564699489127,-3.1684696675514052,-3.1653747032991473,-3.1622798067396753,-3.15918497788171,-3.156090216735647,-3.15299552331391,-3.149900897631424,-3.1468063397062314,-3.143711849560293,-3.140617427220546,-3.137523072720285,-3.1344287861009814,-3.131334567414669,-3.128240416727096,-3.12514633412189,-3.1220523197060692,-3.118958373617356,-3.1158644960339137,-3.112770687187332,-3.1096769473799872,-3.106583277008313,-3.1034896765940756,-3.100396146826503,-3.097302688619191,-3.094209303187156,-3.0911159921514364,-3.0880227576814545,-3.0849296026892605,-3.0818365310952527,-3.078743548192592,-3.0756506611482486,-3.0725578796936692,-3.0694652170792494,-3.0663726913967437,-3.0632803274161073,-3.060188159143379,-3.057096233391694,-3.0540046147793385,-3.0509133927427965,-3.0478226914019304,-3.0447326834720037,-3.0416436099314836,-3.0385558078956008,-3.035469750215627,-3.032386101871539,-3.029305800468034,-3.026230171396335,-3.023161092945648,-3.0201012335024884,-3.0170543929180025,-3.0140259945104657,-3.0110237948980845,-3.0080589084960585,-3.005147285370076,-3.0023118390763646,-2.999585498700069,-2.9970155574269843,-2.994669801330541,-2.9926449995336126,-2.9910783522806423,-2.990162284195083
-3.592772742371958,-3.5919830773705037,-3.5906147056018898,-3.5888189338273575,-3.5867054656852515,-3.5843545425326377,-3.581825283797051,-3.5791615146964304,-3.576395894816596,-3.5735528760585247,-3.5706508416180482,-3.567703664738861,-3.5647218520674935,-3.5617133870168876,-3.558684354892097,-3.5556394082605456,-3.5525821147472043,-3.549515217889709,-3.546440833436245,-3.5433605975246634,-3.5402757788706576,-3.537187363949087,-3.5340961218482234,-3.5310026537802925,-3.5279074309778,-3.524810823775031,-3.5217131239819097,-3.518614562140655,-3.5155153208687704,-3.512415545201469,-3.5093153506279773,-3.5062148293511717,-3.5031140551751676,-3.5000130873308293,-3.496911973477199,-3.493810752062003,-3.4907094541825354,-3.4876081050561636,-3.484506725185101,-3.481405331281193,-3.478303937001891,-3.475202553537341,-3.472101190079797,-3.468999854199825,-3.465898552148502,-3.462797289100733,-3.4596960693516077,-3.4565948964752233,-3.4534937734534443,-3.4503927027805243,-3.4472916865483154,-3.4441907265158074,-3.4410898241660295,-3.4379889807526953,-3.434888197338535,-3.4317874748268618,-3.428686813987632,-3.4255862154789987,-3.4224856798651806,-3.4193852076313105,-3.4162847991957994,-3.4131844549206547,-3.410084175120111,-3.4069839600678677,-3.4038838100031676,-3.4007837251359208,-3.397683705651024,-3.3945837517120263,-3.3914838634642304,-3.388384041037336,-3.385284284547699,-3.3821845941002624,-3.379084969790219,-3.3759854117044465,-3.3728859199227506,-3.3697864945189484,-3.366687135561826,-3.36358784311598,-3.3604886172425665,-3.3573894579999832,-3.354290365444486,-3.3511913396307635,-3.3480923806124747,-3.344993488442764,-3.341894663174763,-3.3387959048620854,-3.335697213559333,-3.332598589322612,-3.3295000322100776,-3.3264015422825124,-3.323303119603957,-3.3202047642423986,-3.3171064762705345,-3.3140082557666317,-3.3109101028155004,-3.3078120175095926,-3.304713999950277,-3.301616050249295,-3.298518168530459,-3.295420354931618,-3.2923226096069613,-3.2892249327297174,-3.286127324223384,-3.283029784018249,-3.2799323120507595,-3.2768349082629635,-3.2737375726020024,-3.270640305019662,-3.267543105471967,-3.2644459739188125,-3.2613489103236417,-3.2582519146531426,-3.255154986876984,-3.252058126967572,-3.2489613348998305,-3.2458646106510027,-3.2427679542004704,-3.2396713655295897,-3.236574844621542,-3.2334783914611998,-3.230382006035,-3.227285688330836,-3.2241894383379504,-3.2210932560468453,-3.2179971414491986,-3.214901094537784,-3.2118051153064036,-3.2087092037498235,-3.205613359863723,-3.2025175836446405,-3.199421875089932,-3.1963262341977376,-3.1932306609669525,-3.1901351553972037,-3.1870397174888376,-3.1839443472429187,-3.180849044661237,-3.177753809746327,-3.1746586425015084,-3.1715635429309446,-3.168468511039724,-3.1653735468339734,-3.1622786503210136,-3.1591838215095653,-3.1560890604100234,-3.152994367034812,-3.1498997413988565,-3.1468051835201996,-3.143710693420802,-3.140616271127601,-3.1375219166738915,-3.1344276301011433,-3.131333411461391,-3.1282392608203833,-3.1251451782617483,-3.122051163892502,-3.118957217850369,-3.1158633403135125,-3.1127695315135204,-3.109675791752771,-3.1065821214276967,-3.103488521060064,-3.1003949913391016,-3.097301533178404,-3.094208147792988,-3.091114836803891,-3.088021602380538,-3.0849284474349776,-3.0818353758876085,-3.0787423930315905,-3.075649506033896,-3.0725567246259704,-3.069464062058207,-3.066371536422364,-3.063279172488394,-3.060187004262337,-3.057095078557328,-3.0540034599916517,-3.050912238001792,-3.04782153670761,-3.0447315288243675,-3.0416424553305297,-3.038554653341326,-3.035468595708021,-3.032384947410586,-3.029304646053709,-3.0262290170285966,-3.0231599386244357,-3.0201000792277077,-3.0170532386895137,-3.0140248403280574,-3.0110226407614418,-3.0080577544047116,-3.0051461313233263,-3.002310685073175,-2.9995843447389023,-2.997014403505567,-2.994668647445527,-2.992643845680104,-2.9910771984515367,-2.9901611303802222
-3.5927715369899995,-3.591981871999465,-3.590613500249964,-3.588817728500766,-3.586704260388768,-3.584353337269954,-3.581824078571041,-3.5791603095093385,-3.5763946896701864,-3.5735516709541866,-3.570649636556881,-3.5677024597217355,-3.5647206470951027,-3.561712182089785,-3.558683150010726,-3.5556382034252607,-3.552580909958291,-3.549514013147396,-3.5464396287407194,-3.5433593928760754,-3.540274574269133,-3.5371861593947256,-3.5340949173411076,-3.53100144932049,-3.527906226565369,-3.5248096194100187,-3.521711919664355,-3.5186133578705907,-3.5155141166462247,-3.512414341026467,-3.5093141465005413,-3.506213625271318,-3.5031128511429124,-3.500011883346188,-3.4969107695401838,-3.493809548172624,-3.490708250340804,-3.4876069012620885,-3.4845055214386913,-3.4814041275824588,-3.478302733350841,-3.475201349933982,-3.4720999865241344,-3.468998650691866,-3.4658973486882543,-3.462796085688202,-3.4596948659867985,-3.4565936931581422,-3.4534925701840966,-3.450391499558916,-3.4472904833744504,-3.4441895233896935,-3.441088621087671,-3.437987777722098,-3.434886994355704,-3.4317862718918026,-3.42868561110035,-3.425585012639499,-3.4224844770734677,-3.4193840048873896,-3.4162835964996745,-3.4131832522723307,-3.410082972519594,-3.4069827575151628,-3.4038826074982804,-3.4007825226788566,-3.39768250324179,-3.3945825493506274,-3.3914826611506705,-3.388382838771621,-3.385283082329834,-3.3821833919302513,-3.379083767668067,-3.375984209630158,-3.37288471789633,-3.3697852925404015,-3.366685933631158,-3.3635866412331956,-3.360487415407672,-3.357388256212982,-3.354289163705384,-3.351190137939566,-3.348091178969187,-3.344992286847392,-3.3418934616273113,-3.338794703362559,-3.3356960121077366,-3.33259738791895,-3.3294988308543547,-3.3264003409747342,-3.3233019183441286,-3.320203563030525,-3.3171052751066212,-3.3140070546506837,-3.3109089017475233,-3.3078108164895914,-3.3047127989782568,-3.301614849325262,-3.2985169676544164,-3.2954191541035702,-3.292321408826914,-3.2892237319976765,-3.2861261235393546,-3.283028583382236,-3.2799311114627683,-3.276833707722999,-3.2737363721100703,-3.2706391045757672,-3.267541905076114,-3.2644447735710074,-3.2613477100238897,-3.2582507144014485,-3.255153786673353,-3.252056926812009,-3.2489601347923407,-3.2458634105915913,-3.242766754189142,-3.2396701655663493,-3.2365736447063944,-3.23347719159415,-3.2303808062160537,-3.227284488559998,-3.2241882386152256,-3.221092056372239,-3.2179959418227155,-3.2148998949594287,-3.2118039157761795,-3.2087080042677365,-3.2056121604297783,-3.202516384258844,-3.1994206757522887,-3.1963250349082544,-3.193229461725633,-3.190133956204053,-3.187038518343862,-3.183943148146123,-3.1808478456126257,-3.177752610745905,-3.174657443549282,-3.1715623440269187,-3.168467312183903,-3.165372348026362,-3.1622774515616174,-3.1591826227983897,-3.1560878617470736,-3.1529931684200934,-3.149898542832375,-3.1468039850019585,-3.1437094949508055,-3.1406150727058537,-3.137520718300398,-3.1344264317759083,-3.1313322131844203,-3.128238062591683,-3.125143980081323,-3.122049965760358,-3.118956019766509,-3.115862142277942,-3.112768333526245,-3.1096745938137946,-3.106580923537026,-3.103487323217703,-3.1003937935450554,-3.0973003354326782,-3.0942069500955878,-3.0911136391548224,-3.088020404779804,-3.0849272498825835,-3.08183417838356,-3.0787411955758937,-3.0756483086265556,-3.0725555272669904,-3.0694628647475946,-3.0663703391601222,-3.0632779752745285,-3.060185807096852,-3.0570938814402266,-3.054002262922937,-3.0509110409814677,-3.047820339735679,-3.0447303319008303,-3.041641258455384,-3.038553456514568,-3.035467398929642,-3.03238375068057,-3.0293034493720286,-3.0262278203952113,-3.0231587420392816,-3.020098882690687,-3.0170520422004805,-3.0140236438867944,-3.011021444367621,-3.008056558057847,-3.005144935022693,-3.002309488817697,-2.9995831485269844,-2.9970132073348537,-2.994667451312549,-2.9926426495797838,-2.9910760023765133,-2.9901599343199656
-3.5927702874764336,-3.5919806224972173,-3.5906122507675264,-3.5888164790445907,-3.586703010963805,-3.5843520878800295,-3.5818228292191314,-3.579159060197771,-3.576393440400789,-3.5735504217284007,-3.5706483873758463,-3.567701210586356,-3.5647193980060967,-3.5617109330477263,-3.558681901016073,-3.5556369544783806,-3.55257966105948,-3.549512764296892,-3.5464383799387162,-3.5433581441227315,-3.5402733255645757,-3.5371849107390596,-3.5340936687344175,-3.5310002007628483,-3.527904978056833,-3.524808370950637,-3.5217106712541697,-3.5186121095096357,-3.5155128683345302,-3.5124130927640587,-3.509312898287439,-3.5062123771075413,-3.503111603028476,-3.500010635281106,-3.4969095215244708,-3.4938083002062927,-3.490707002423864,-3.4876056533945503,-3.484504273620565,-3.481402879813752,-3.4783014856315604,-3.4752001022641346,-3.472098738903729,-3.468997403120908,-3.465896101166751,-3.46279483821616,-3.4596936185642266,-3.4565924457850454,-3.453491322860481,-3.450390252284787,-3.4472892361498135,-3.4441882762145526,-3.441087373962034,-3.4379865306459707,-3.4348857473290924,-3.4317850249147126,-3.428684364172786,-3.4255837657614663,-3.4224832302449735,-3.4193827581084393,-3.4162823497702735,-3.4131820055924837,-3.4100817258893055,-3.4069815109344384,-3.4038813609671257,-3.400781276197277,-3.3976812568097894,-3.3945813029682115,-3.391481414817845,-3.388381592488391,-3.3852818360962047,-3.3821821457462278,-3.3790825215336544,-3.3759829635453618,-3.372883471861156,-3.3697840465548548,-3.366684687695244,-3.3635853953469192,-3.3604861695710375,-3.357387010425996,-3.3542879179680507,-3.3511888922518906,-3.348089933331175,-3.344991041259047,-3.3418922160886395,-3.338793457873567,-3.33569476666843,-3.332596142529334,-3.3294975855144346,-3.3263990956845153,-3.3233006731036157,-3.3202023178397226,-3.3171040299655346,-3.314005809559319,-3.3109076567058846,-3.3078095714976845,-3.304711554036088,-3.3016136044328355,-3.2985157228117385,-3.2954179093106473,-3.2923201640837503,-3.2892224873042766,-3.2861248788957242,-3.2830273387883797,-3.279929866918692,-3.276832463228708,-3.27373512766557,-3.270637860181063,-3.2675406607312114,-3.264443529275912,-3.2613464657786055,-3.25824947020598,-3.2551525425277066,-3.25205568271619,-3.248958890746355,-3.2458621665954435,-3.2427655102428377,-3.2396689216698924,-3.236572400859792,-3.233475947797406,-3.2303795624691736,-3.227283244862986,-3.2241869949680875,-3.221090812774981,-3.2179946982753425,-3.214898651461947,-3.211802672328595,-3.208706760870055,-3.2056109170820033,-3.2025151409609807,-3.199419432504343,-3.1963237917102303,-3.193228218577536,-3.1901327131058883,-3.187037275295633,-3.1839419051478357,-3.1808466026642854,-3.1777513678475184,-3.1746562007008547,-3.1715611012284555,-3.1684660694354103,-3.1653711053278455,-3.162276208913082,-3.1591813801998403,-3.1560866191985144,-3.152991925921529,-3.1498973003838096,-3.1468027426033984,-3.143708252602257,-3.1406138304073226,-3.13751947605189,-3.134425189577429,-3.1313309710359745,-3.1282368204932745,-3.1251427380329573,-3.122048723762039,-3.1189547778182427,-3.1158609003797326,-3.112767091678099,-3.1096733520157174,-3.106579681789022,-3.103486081519779,-3.1003925518972166,-3.09729909383493,-3.094205708547935,-3.0911123976572705,-3.088019163332359,-3.08492600848525,-3.0818329370363435,-3.0787399542787997,-3.0756470673795877,-3.072554286070154,-3.069461623600893,-3.0663690980635616,-3.063276734228113,-3.0601845661005864,-3.0570926404941154,-3.0540010220269855,-3.05090980013568,-3.047819098940056,-3.044729091155373,-3.0416400177600917,-3.0385522158694354,-3.03546615833466,-3.0323825101357205,-3.029302208877285,-3.0262265799505297,-3.023157501644594,-3.0200976423458954,-3.017050801905433,-3.0140224036412637,-3.0110202041712686,-3.0080553179101677,-3.005143694922937,-3.0023082487647494,-2.9995819085191937,-2.9970119673697764,-2.9946662113865883,-2.992641409687677,-2.9910747625106278,-2.990158694469386
-3.592768992217498,-3.591979327250017,-3.5906109555408645,-3.5888151838451536,-3.586701715796723,-3.584350792749269,-3.5818215341277777,-3.5791577651482385,-3.5763921453949723,-3.573549126767794,-3.5706470924616283,-3.5676999157194635,-3.5647181031872766,-3.561709638277573,-3.558680606295061,-3.55563565980689,-3.5525783664378174,-3.549511469725305,-3.546437085417405,-3.543356849651857,-3.54027203114427,-3.5371836163694317,-3.534092374415558,-3.53099890649483,-3.527903683839716,-3.524807076784473,-3.5217093771390022,-3.518610815445501,-3.5155115743214584,-3.512411798802074,-3.509311604376565,-3.506211083247798,-3.5031103092198816,-3.5000093415236764,-3.496908227818219,-3.49380700655123,-3.4907057088200024,-3.4876043598419004,-3.4845029801191356,-3.4814015863635506,-3.478300192232597,-3.475198808916417,-3.472097445607264,-3.4689961098757034,-3.465894807972812,-3.462793545073495,-3.459692325472841,-3.456591152744946,-3.4534900298716744,-3.45038895934728,-3.4472879432636128,-3.4441869833796654,-3.4410860811784647,-3.4379852379137232,-3.4348844546481723,-3.431783732285126,-3.428683071594539,-3.425582473234566,-3.4224819377694233,-3.419381465684246,-3.4162810573974425,-3.41318071327102,-3.410080433619214,-3.406980218715724,-3.403880068799794,-3.400779984081334,-3.397679964745241,-3.3945800109550635,-3.391480122856103,-3.3883803005780595,-3.3852805442372884,-3.382180853938733,-3.3790812297775874,-3.3759816718407287,-3.372882180207962,-3.3697827549531048,-3.366683396144943,-3.363584103848074,-3.3604848781236534,-3.3573857190300784,-3.354286626623605,-3.351187600958922,-3.348088642089689,-3.3449897500690495,-3.3418909249501354,-3.3387921667865608,-3.3356934756329277,-3.3325948515453416,-3.329496294581958,-3.326397804803559,-3.323299382274185,-3.3202010270618225,-3.31710273923917,-3.3140045188844964,-3.310906366082609,-3.307808280925961,-3.304710263515921,-3.301612313964232,-3.2985144323947044,-3.295416618945188,-3.2923188737698714,-3.289221197041983,-3.286123588685022,-3.283026048629275,-3.27992857681119,-3.2768311731728144,-3.2737338376612892,-3.270636570228401,-3.2675393708301734,-3.2644422394265034,-3.261345175980833,-3.2582481804598507,-3.2551512528332247,-3.2520543930733607,-3.248957601155183,-3.2458608770559345,-3.2427642207549967,-3.239667632233727,-3.2365711114753055,-3.233474658464605,-3.230378273188062,-3.2272819556335706,-3.2241857057903736,-3.221089523648973,-3.2179934092010467,-3.214897362439368,-3.2118013833577383,-3.208705471950925,-3.205609628214607,-3.202513852145323,-3.199418143740429,-3.196322502998066,-3.193226929917128,-3.190131424497242,-3.187035986738754,-3.1839406166427295,-3.1808453142109565,-3.1777500794459717,-3.174654912351096,-3.1715598129304907,-3.1684647811892437,-3.165369817133482,-3.1622749207705265,-3.1591800921090987,-3.156085331159594,-3.1529906379344355,-3.149896012448548,-3.146801454719974,-3.1437069647706752,-3.140612542627588,-3.1375181883240075,-3.1344239019014046,-3.131329683411813,-3.128235532920983,-3.125141450512541,-3.122047436293504,-3.1189534904015934,-3.1158596130149743,-3.112765804365237,-3.109672064754757,-3.106578394579968,-3.103484794362637,-3.1003912647919907,-3.0972978067816257,-3.094204421546559,-3.091111110707829,-3.088017876434857,-3.0849247216396942,-3.0818316502427394,-3.078738667537152,-3.075645780689903,-3.0725529994324368,-3.0694603370151494,-3.066367811529796,-3.0632754477463315,-3.0601832796707926,-3.057091354116314,-3.0539997357011788,-3.050908513861871,-3.0478178127182485,-3.044727804985567,-3.041638731642286,-3.038550929803625,-3.0354648723208344,-3.032381224173864,-3.0293009229673684,-3.026225294092509,-3.0231562158384016,-3.020096356591425,-3.017049516202528,-3.0140211179896887,-3.011018918570673,-3.0080540323600293,-3.005142409422477,-3.0023069633128117,-2.999580623114065,-2.9970106820089257,-2.9946649260662874,-2.992640124402468,-2.9910734772526015,-2.9901574092272285
-3.5927676495405874,-3.5919779845852693,-3.590609612897403,-3.5888138412299124,-3.5867003732150216,-3.5843494502052202,-3.5818201916245807,-3.5791564226883947,-3.5763908029804448,-3.57354778440013,-3.5706457501420523,-3.5676985734489475,-3.5647167609665926,-3.5617082961073354,-3.5586792641757636,-3.555634317738929,-3.5525770244215096,-3.549510127760907,-3.5464357435051226,-3.5433555077918615,-3.540270689336698,-3.5371822746143953,-3.5340910327131483,-3.5309975648451233,-3.5279023422427764,-3.5248057352403523,-3.5217080356477433,-3.5186094740071407,-3.515510232936028,-3.5124104574696022,-3.509310263097076,-3.5062097420213107,-3.5031089680464147,-3.5000080004032452,-3.4969068867508386,-3.4938056655369123,-3.4907043678587604,-3.4876030189337444,-3.4845016392640753,-3.4814002455615958,-3.478298851483755,-3.475197468220697,-3.4720961049646744,-3.4689947692862506,-3.465893467436503,-3.4627922045903365,-3.4596909850428395,-3.456589812368108,-3.4534886895480064,-3.4503876190767886,-3.447286603046303,-3.4441856432155435,-3.4410847410675367,-3.4379838978559962,-3.434883114643653,-3.4317823923338207,-3.428681731696454,-3.4255811333897053,-3.4224805979777932,-3.419380125945852,-3.41627971771229,-3.4131793736391156,-3.4100790940405648,-3.406978879190336,-3.4038787293276735,-3.4007786446624855,-3.39767862537967,-3.394578671642775,-3.3914787835971016,-3.3883789613723514,-3.3852792050848803,-3.3821795148396303,-3.3790798907317954,-3.3759803328482523,-3.372880841268807,-3.3697814160672768,-3.3666820573124485,-3.363582765068917,-3.36048353939784,-3.3573843803576136,-3.3542852880044944,-3.3511862623931727,-3.3480873035773056,-3.3449884116100383,-3.3418895865445015,-3.3387908284343104,-3.3356921373340667,-3.3325935132998756,-3.3294949563898917,-3.3263964666648995,-3.323298044188938,-3.3201996890299945,-3.317101401260767,-3.314003180959522,-3.3109050282110704,-3.307806943107864,-3.304708925751272,-3.3016109762530346,-3.2985130947369647,-3.2954152813409103,-3.2923175362190626,-3.289219859544649,-3.286122251241168,-3.2830247112389066,-3.279927239474313,-3.276829835889434,-3.273732500431412,-3.270635233052033,-3.26753803370732,-3.2644409023571703,-3.261343838965025,-3.2582468434975733,-3.255149915924483,-3.2520530562181604,-3.24895626435353,-3.2458595403078347,-3.2427628840604563,-3.2396662955927504,-3.2365697748878994,-3.233473321930775,-3.2303769367078154,-3.2272806192069132,-3.224184369417311,-3.221088187329511,-3.2179920729351896,-3.2148960262271213,-3.2118000471991084,-3.2087041358459163,-3.2056082921632254,-3.202512516147574,-3.199416807796319,-3.1963211671076,-3.1932255940803125,-3.190130088714083,-3.1870346510092573,-3.1839392809668996,-3.1808439785887996,-3.1777487438774927,-3.1746535768363,-3.171558477469383,-3.1684634457818306,-3.16536848177977,-3.1622735854705204,-3.159178756862805,-3.1560839959670166,-3.1529893027955804,-3.1498946773634215,-3.146800119688583,-3.143705629793025,-3.1406112077036843,-3.137516853453856,-3.1344225670850103,-3.1313283486491827,-3.128234198212121,-3.125140115857453,-3.1220461016921957,-3.118952155854072,-3.1158582785212454,-3.112764469925306,-3.1096707303686295,-3.1065770602476497,-3.103483460084133,-3.1003899305673066,-3.097296472610768,-3.0942030874295328,-3.091109776644639,-3.088016542425509,-3.084923387684194,-3.0818303163410916,-3.0787373336893618,-3.0756444468959763,-3.07255166569238,-3.069459003328968,-3.066366477897495,-3.063274114167915,-3.0601819461462663,-3.0570900206456826,-3.053998402284448,-3.050907180499043,-3.0478164794093257,-3.04472647173055,-3.0416373984411726,-3.038549596656409,-3.035463539227506,-3.032379891134404,-3.0292995899817488,-3.0262239611606834,-3.023154882960299,-3.0200950237669386,-3.017048183431495,-3.014019785271865,-3.0110175859056945,-3.0080526997473527,-3.0051410768612965,-3.0023056308019305,-2.999579290651708,-2.9970093495924672,-2.994663593691862,-2.9926387920644215,-2.991072144942733,-2.9901560769338085
-3.592766257712098,-3.591976592769388,-3.5906082211035915,-3.5888124494653564,-3.586698981485235,-3.5843480585144643,-3.5818187999761713,-3.579155031084924,-3.576389411423949,-3.5735463928922133,-3.5706443586839836,-3.5676971820417323,-3.564715369611032,-3.5617069048040686,-3.5586778729253004,-3.5556329265416795,-3.5525756332778045,-3.5495087366710125,-3.546434352469255,-3.543354116810193,-3.540269298409371,-3.5371808837415264,-3.5340896418948335,-3.530996174081442,-3.5279009515337942,-3.5248043445861237,-3.521706645048313,-3.5186080834625475,-3.5155088424463057,-3.5124090670347776,-3.509308872717172,-3.5062083516963507,-3.5031075777764156,-3.500006610188224,-3.4969054965908084,-3.493804275431889,-3.490702977808754,-3.4876016289387666,-3.484500249324137,-3.4813988556767055,-3.4782974616539217,-3.475196078445929,-3.4720947152449786,-3.468993379621636,-3.4658920778269784,-3.462790815035908,-3.4596895955435154,-3.4565884229238946,-3.4534873001589097,-3.450386229742814,-3.447285213767459,-3.444184253991835,-3.4410833518989707,-3.4379825087425795,-3.4348817255853907,-3.4317810033307183,-3.4286803427485184,-3.4255797444969427,-3.4224792091402105,-3.419378737163454,-3.4162783289850833,-3.4131779849671067,-3.4100777054237588,-3.4069774906287393,-3.4038773408212903,-3.4007772562113225,-3.3976772369837334,-3.3945772833020706,-3.3914773953116364,-3.3883775731421304,-3.38527781690991,-3.3821781267199165,-3.3790785026673427,-3.3759789448390682,-3.372879453314896,-3.3697800281686456,-3.366680669469103,-3.3635813772808634,-3.3604821516650834,-3.35738299268016,-3.354283900382351,-3.3511848748263438,-3.3480859160657985,-3.344987024153858,-3.341888199143655,-3.338789441088802,-3.335690750043902,-3.33259212606506,-3.3294935692104315,-3.3263950795408,-3.3232966571202054,-3.3201983020166344,-3.317100014302786,-3.3140017940569266,-3.3109036413638653,-3.3078055563160556,-3.304707539014865,-3.3016095895720365,-3.298511708111381,-3.295413894770747,-3.2923161497043254,-3.2892184730853438,-3.2861208648373004,-3.2830233248904825,-3.279925853181339,-3.2768284496519158,-3.2737311142493564,-3.270633846925445,-3.2675366476362058,-3.264439516341536,-3.2613424530048762,-3.258245457592916,-3.255148530075323,-3.2520516704245033,-3.2489548786153817,-3.245858154625201,-3.2427614984333433,-3.239664910021164,-3.2365683893718447,-3.233471936470257,-3.2303755513028403,-3.2272792338574874,-3.2241829841234404,-3.221086802091201,-3.217990687752447,-3.2148946410999524,-3.2117986621275176,-3.208702750829911,-3.2056069072028106,-3.2025111312427557,-3.199415422947103,-3.196319782313992,-3.193224209342317,-3.190128704031706,-3.187033266382505,-3.1839378963957783,-3.180842594073317,-3.1777473594176544,-3.1746521924321116,-3.1715570931208505,-3.16846206148896,-3.165367097542566,-3.1622722012889906,-3.159177372736954,-3.1560826118968506,-3.152987918781106,-3.1498932934046433,-3.1467987357855063,-3.143704245945655,-3.140609823912027,-3.1375154697179166,-3.1344211834047955,-3.1313269650246975,-3.128232814643373,-3.1251387323444475,-3.1220447182349376,-3.1189507724525676,-3.1158568951755004,-3.1127630866353266,-3.109669347134422,-3.1065756770692197,-3.1034820769614857,-3.10038854750045,-3.0972950895997067,-3.0942017044742722,-3.091108393745186,-3.0880151595818677,-3.0849220048963706,-3.081828933609093,-3.078735951013193,-3.075643064275643,-3.072550283127888,-3.069457620820323,-3.0663650954447035,-3.063272731770983,-3.0601805638051993,-3.057088638360485,-3.053997020055123,-3.0509057983255947,-3.0478150972917564,-3.0447250896688614,-3.041636016435363,-3.038548214706472,-3.035462157333431,-3.0323785092961733,-3.029298208199331,-3.0262225794340303,-3.0231535012893356,-3.020093642151553,-3.0170468018715186,-3.014018403767045,-3.011016204455654,-3.0080513183515296,-3.0051396955188556,-3.0023042495116288,-2.9995779094117045,-2.9970079684000415,-2.994662212543008,-2.9926374109532765,-2.991070763860797,-2.9901546958689225
-3.5927648149352027,-3.5919751500055637,-3.5906067783626416,-3.588811006754731,-3.5866975388106486,-3.5843466158803365,-3.581817357385939,-3.5791535885412755,-3.5763879689289952,-3.5735449504476176,-3.5706429162910616,-3.5676957397015268,-3.5647139273243713,-3.5617054625716165,-3.558676430747586,-3.5556314844191275,-3.552574191210757,-3.5495072946597452,-3.546432910513991,-3.5433526749111133,-3.540267856566624,-3.537179441955233,-3.5340882001650917,-3.5309947324083324,-3.5278995099173844,-3.524802903026471,-3.521705203545466,-3.518606642016546,-3.515507401057182,-3.512407625702561,-3.5093074314418886,-3.5062069104780225,-3.503106136615062,-3.5000051690838623,-3.496904055543454,-3.493802834441554,-3.4907015368754517,-3.487600188062508,-3.4844988085049318,-3.4813974149145634,-3.4782960209488527,-3.4751946377979404,-3.4720932746540796,-3.468991939087834,-3.465890637350281,-3.4627893746163236,-3.4596881551810506,-3.4565869826185565,-3.453485859910706,-3.4503847895517517,-3.447283773633543,-3.444182813915073,-3.4410819118793703,-3.4379810687801458,-3.4348802856801304,-3.431779563482639,-3.428678902957626,-3.425578304763244,-3.422477769463712,-3.4193772975441616,-3.4162768894230036,-3.413176545462245,-3.4100762659761217,-3.4069760512383325,-3.403875901488121,-3.400775816935395,-3.3976757977650545,-3.394575844140647,-3.391475956207473,-3.3883761340952336,-3.3852763779202846,-3.382176687787569,-3.3790770637922796,-3.375977506021295,-3.3728780145544195,-3.3697785894654717,-3.3666792308232383,-3.363579938692314,-3.360480713133856,-3.3573815542062606,-3.3542824619657843,-3.351183436467117,-3.3480844777639165,-3.3449855859093285,-3.3418867609564833,-3.338788002958995,-3.335689311971465,-3.33259068805,-3.3294921312527537,-3.32639364164051,-3.3232952192773095,-3.3201968642311392,-3.3170985765746974,-3.3140003563862503,-3.310902203750608,-3.307804118760223,-3.3047061015164636,-3.3016081521310716,-3.298510270727858,-3.295412457444674,-3.292314712435707,-3.289217035874187,-3.2861194276836114,-3.283021887794267,-3.2799244161426033,-3.276827012670666,-3.2737296773255977,-3.2706324100591835,-3.267535210827448,-3.2644380795902874,-3.261341016311144,-3.258244020956705,-3.25514709349664,-3.2520502339033555,-3.2489534421517736,-3.2458567182191396,-3.2427600620848342,-3.239663473730214,-3.236566953138461,-3.233470500294446,-3.230374115184607,-3.227277797796837,-3.2241815481203795,-3.2210853661457364,-3.2179892518645845,-3.2148932052696977,-3.2117972263548777,-3.208701315114892,-3.205605471545419,-3.2025096956429966,-3.199413987404982,-3.196318346829515,-3.1932227739154913,-3.190127268662537,-3.1870318310709997,-3.183936461141941,-3.1808411588771524,-3.1777459242791695,-3.174650757351312,-3.1715556580977426,-3.1684606265235495,-3.165365662634859,-3.1622707664389917,-3.15917593794467,-3.1560811771622888,-3.152986484104272,-3.1498918587855447,-3.1467973012241472,-3.1437028114420427,-3.1406083894661667,-3.137514035329815,-3.1344197490744587,-3.131325530752131,-3.128231380428583,-3.1251372981874415,-3.122043284135722,-3.1189493384111486,-3.115855461191884,-3.1127616527095174,-3.109667913266427,-3.1065742432590446,-3.1034806432091373,-3.1003871138059327,-3.0972936559630266,-3.094200270895436,-3.091106960224199,-3.0880137261187377,-3.0849205714911023,-3.081827500261692,-3.0787345177236665,-3.075641631043996,-3.0725488499541265,-3.0694561877044535,-3.0663636623867307,-3.063271298770913,-3.060179130863038,-3.0570872054762375,-3.053995587228794,-3.0509043655571872,-3.047813664581273,-3.044723657016301,-3.0416345838407253,-3.0385467821697523,-3.0354607248546177,-3.032377076875246,-3.029296775836258,-3.0262211471287626,-3.0231520690417972,-3.0200922099616285,-3.017045369739032,-3.0140169716917353,-3.0110147724371292,-3.0080498863892076,-3.0051382636118684,-3.002302817658689,-2.9995764776109057,-2.9970065366485628,-2.9946607808366967,-2.9926359792860553,-2.991069332223854,-2.990153264249655
-3.5927633193475903,-3.5919736544315,-3.59060528281229,-3.5888095112358136,-3.5866960433290904,-3.584345120440717,-3.5818158619918234,-3.5791520931954492,-3.5763864736336455,-3.5735434552044687,-3.5706414211014774,-3.5676942445665896,-3.564712432244942,-3.5617039675483797,-3.5586749357810907,-3.5556299895098125,-3.5525726963589754,-3.5495057998657833,-3.5464314157780787,-3.5433511802334396,-3.5402663619473422,-3.5371779473944684,-3.5340867056629492,-3.530993237964897,-3.527898015532726,-3.524801408700648,-3.521703709278528,-3.5186051478085347,-3.515505906908133,-3.512406131612504,-3.5093059374108493,-3.5062054165060212,-3.503104642702121,-3.5000036752299972,-3.4969025617486817,-3.4938013407058888,-3.4907000431989057,-3.4875986944450936,-3.484497314946659,-3.481395921415445,-3.478294527508896,-3.475193144417156,-3.4720917813324754,-3.4689904458254186,-3.465889144147061,-3.462787881472307,-3.459686662096244,-3.456585489592969,-3.4534843669443442,-3.450383296644624,-3.447282280785656,-3.4441813211264343,-3.4410804191499844,-3.43797957611002,-3.434878793069271,-3.4317780709310517,-3.428677410465318,-3.425576812330223,-3.4224762770899844,-3.4193758052297336,-3.416275397167881,-3.4131750532664342,-3.4100747738396295,-3.4069745591611653,-3.403874409470285,-3.4007743249768967,-3.3976743058659005,-3.3945743523008436,-3.391474464427026,-3.388374642374149,-3.385274886258569,-3.3821751961852295,-3.3790755722493224,-3.375976014537726,-3.372876523130245,-3.369777098100698,-3.366677739517871,-3.363578447446359,-3.36047922194732,-3.3573800630791504,-3.354280970898106,-3.3511819454588765,-3.3480829868151196,-3.344984095019981,-3.3418852701265918,-3.338786512188566,-3.3356878212605063,-3.3325891973985176,-3.3294906406607545,-3.3263921511080006,-3.3232937288042956,-3.3201953738176258,-3.317097086220691,-3.3139988660917585,-3.310900713515637,-3.3078026285847795,-3.304704611400554,-3.3016066620747027,-3.298508780731036,-3.2954109675074035,-3.2923132225579956,-3.2892155460560395,-3.2861179379250345,-3.2830203980952675,-3.2799229265031866,-3.2768255230908387,-3.273728187805366,-3.2706309205985553,-3.267533721426429,-3.2644365902488848,-3.2613395270293637,-3.2582425317345542,-3.255145604334124,-3.252048744800481,-3.2489519531085476,-3.245855229235567,-3.2427585731609216,-3.2396619848659673,-3.236565464333886,-3.2334690115495492,-3.230372626499396,-3.227276309171318,-3.2241800595545578,-3.2210838776396176,-3.217987763418175,-3.2148917168830042,-3.2117957380279076,-3.208699826847651,-3.205603983337913,-3.2025082074952316,-3.199412499316965,-3.196316858801252,-3.193221285946988,-3.190125780753801,-3.1870303432220357,-3.183934973352757,-3.1808396711477545,-3.1777444366095637,-3.1746492697415047,-3.1715541705477404,-3.168459139033357,-3.165364175204483,-3.162269279068439,-3.1591744506339454,-3.156079689911398,-3.152984996913221,-3.1498903716543407,-3.146795814152798,-3.1437013244305545,-3.140606902514547,-3.1375125484380697,-3.134418262242594,-3.1313240439801535,-3.128229893716498,-3.1251358115352548,-3.12204179754344,-3.1189478518787777,-3.1158539747194296,-3.112760166296987,-3.109666426913825,-3.1065727569663784,-3.103479156976413,-3.1003856276331567,-3.0972921698502054,-3.0941987848425754,-3.091105474231305,-3.0880122401858165,-3.0849190856181608,-3.0818260144487355,-3.078733031970702,-3.07564014535103,-3.072547364321165,-3.0694547021315017,-3.0663621768737954,-3.063269813318,-3.0601776454701524,-3.057085720143385,-3.053994101955979,-3.0509028803444145,-3.0478121794285444,-3.0447221719236195,-3.041633098808087,-3.0385452971971514,-3.0354592399420426,-3.032375592022677,-3.029295291043663,-3.026219662396089,-3.023150584368966,-3.0200907253485187,-3.017043885185463,-3.014015487197435,-3.011013288001692,-3.00804840201203,-3.005136779292052,-3.0023013333949007,-2.9995749934011666,-2.9970050524899485,-2.994659296724903,-2.9926344952147814,-2.9910678481839663,-2.9901517802280884
-3.592761769019071,-3.591972104117025,-3.590603732522397,-3.5888079609785066,-3.5866944931105103,-3.584343570265611,-3.581814311863886,-3.5791505431175676,-3.576384923608088,-3.5735419052330233,-3.570639871185558,-3.5676926947073158,-3.5647108824432054,-3.5617024178048933,-3.5586733860964235,-3.555628439884422,-3.552571146793229,-3.549504250359977,-3.5464298663324523,-3.5433496308481858,-3.540264812622618,-3.537176398130404,-3.53408515645965,-3.53099168882245,-3.5278964664512045,-3.5247998596801136,-3.5217021603190304,-3.5186035989101176,-3.5155043580708343,-3.5124045828363553,-3.509304388695877,-3.506203867852251,-3.503103094109572,-3.5000021266986883,-3.496901013278628,-3.493799792297105,-3.4906984948514044,-3.4875971461588864,-3.484495766721758,-3.48139437325186,-3.4782929794066386,-3.4751915963762356,-3.4720902333529016,-3.4689888979071997,-3.465887596290206,-3.4627863336768225,-3.4596851143621388,-3.4565839419202504,-3.453482819333019,-3.4503817490946993,-3.44728073329714,-3.4441797736993323,-3.4410788717843057,-3.437978028805772,-3.4348772458264603,-3.4317765237496842,-3.4286758633454,-3.4255752652717604,-3.422474730092984,-3.4193742582942024,-3.416273850293826,-3.4131735064538615,-3.4100732270885445,-3.406973012471575,-3.403872862842197,-3.400772778410319,-3.3976727593608405,-3.394572805857306,-3.3914729180450185,-3.3883730960536784,-3.385273339999642,-3.3821736499878514,-3.379074026113501,-3.3759744684634665,-3.372874977117555,-3.3697755521495836,-3.3666761936283383,-3.363576901618415,-3.360477676180971,-3.357378517374402,-3.354279425254965,-3.3511803998773493,-3.348081441295214,-3.3449825495617027,-3.3418837247299478,-3.3387849668535625,-3.3356862759871495,-3.3325876521868136,-3.32948909551071,-3.3263906060196216,-3.3232921837775886,-3.3201938288525983,-3.317095541317349,-3.313997321250108,-3.3108991687356837,-3.3078010838665306,-3.3047030667440156,-3.3016051174798817,-3.2985072361979397,-3.2954094230360393,-3.29231167814837,-3.28921400170816,-3.286116393638907,-3.283018853870899,-3.279921382340583,-3.2768239789900067,-3.2737266437663126,-3.2706293766212857,-3.2675321775109505,-3.2644350463952025,-3.2613379832374845,-3.258240988004485,-3.2551440606658724,-3.2520472011940527,-3.2489504095639505,-3.2458536857528077,-3.2427570297400057,-3.2396604415069015,-3.236563921036677,-3.2334674683142026,-3.230371083325918,-3.227274766059715,-3.2241785165048378,-3.221082334651787,-3.217986220492241,-3.214890174018972,-3.211794195225783,-3.20869828410744,-3.205602440659622,-3.202506664878868,-3.199410956762535,-3.196315316308763,-3.1932197435164476,-3.1901242383852133,-3.1870288009154084,-3.1839334311080965,-3.180838128965067,-3.177742894488856,-3.1746477276827845,-3.171552628551013,-3.1684575970986315,-3.1653626333317653,-3.162267737257735,-3.159172908885264,-3.1560781482247435,-3.1529834552886,-3.1498888300917587,-3.146794272652261,-3.1436997829920696,-3.140605361138121,-3.1375110071237096,-3.1344167209903055,-3.131322502789943,-3.1282283525883714,-3.1251342704692187,-3.122040256539502,-3.118946310936942,-3.115852433839704,-3.1127586254793775,-3.1096648861583382,-3.1065712162730206,-3.103477616345191,-3.1003840870640778,-3.0972906293432754,-3.0941972443978014,-3.0911039338486943,-3.0880106998653742,-3.084917545359894,-3.0818244742526515,-3.0787314918368076,-3.0756386052793316,-3.0725458243116686,-3.069453162184214,-3.066360636988722,-3.063268273495147,-3.0601761057095245,-3.0570841804449866,-3.0539925623198156,-3.05090134077049,-3.0478106399168614,-3.0447206324741782,-3.0416315594208867,-3.038543757872187,-3.035457700679301,-3.0323740528221372,-3.0292937519052905,-3.026218123319831,-3.02314904535474,-3.0200891863962,-3.0170423462948643,-3.014013948368274,-3.0110117492335484,-3.008046863304277,-3.0051352406437593,-3.002299794804685,-2.9995734548669772,-2.997003514008755,-2.994657758292242,-2.992632956824125,-2.991066309825845,-2.99015024188896
-3.5927601619491125,-3.5919704970616255,-3.5906021254924783,-3.588806353982366,-3.586692886154514,-3.584341963354681,-3.5818127050018496,-3.579148936307419,-3.576383316852179,-3.5735402985332065,-3.570638264543299,-3.5676910881237767,-3.5647092759193106,-3.5617008113413786,-3.5586717796938787,-3.5556268335433185,-3.55256954051395,-3.549502644142828,-3.5464282601776826,-3.543348024755998,-3.540263206593177,-3.5371747921638432,-3.5340835505560797,-3.5309900829819627,-3.5278948606738747,-3.524798253966004,-3.521700554668196,-3.5186019933226023,-3.5155027525466744,-3.5124029773755843,-3.5093027832985237,-3.506202262518338,-3.50310148883912,-3.5000005214917165,-3.4968994081351537,-3.4937981872171435,-3.49069688983497,-3.4875955412059922,-3.4844941618324157,-3.4813927684260784,-3.478291374644428,-3.4751899916776052,-3.472088628717861,-3.468987293335759,-3.4658859917823737,-3.462784729232608,-3.459683509981549,-3.4565823376032934,-3.453481215079702,-3.4503801449050298,-3.4472791291711253,-3.4441781696369804,-3.441077267785622,-3.4379764248707647,-3.4348756419551374,-3.431774919942054,-3.428674259601469,-3.425573661591536,-3.4224731264764725,-3.4193726547414105,-3.41627224680476,-3.41317190302853,-3.4100716237269557,-3.4069714091737353,-3.403871259608111,-3.400771175239994,-3.397671156254282,-3.3945712028145216,-3.391471315066015,-3.3883714931384628,-3.3852717371482206,-3.3821720472002315,-3.3790724233896885,-3.37597286580347,-3.372873374521381,-3.369773949617239,-3.3666745911598297,-3.3635752992137493,-3.3604760738401547,-3.3573769150974426,-3.3542778230418695,-3.351178797728124,-3.348079839209864,-3.3449809475402352,-3.3418821227723696,-3.338783364959881,-3.3356846741573705,-3.332586050420944,-3.3294874938087573,-3.326389004381593,-3.323290582203491,-3.320192227342438,-3.3170939398711314,-3.3139957198678407,-3.3108975674173737,-3.3077994826121846,-3.30470146555364,-3.3016035163534836,-3.298505635135525,-3.2954078220376153,-3.292310077213943,-3.2892124008377364,-3.2861147928324947,-3.2830172531285053,-3.2799197816622145,-3.2768223783756705,-3.273725043216015,-3.270627776135034,-3.267530577088753,-3.264433446037066,-3.2613363829434148,-3.258239387774488,-3.2551424604999544,-3.25204560109222,-3.2489488095262096,-3.2458520857791653,-3.2427554298304697,-3.239658841661478,-3.2365623212553736,-3.233465868597028,-3.2303694836728774,-3.2272731664708156,-3.2241769169800856,-3.2210807351911885,-3.2179846210958027,-3.2148885746867015,-3.2117925959576863,-3.2086966849035248,-3.205600841519896,-3.2025050658033383,-3.199409357751207,-3.1963137173616434,-3.1932181446335415,-3.1901226395665283,-3.1870272021609507,-3.1839318324178736,-3.180836530339086,-3.1777412959271247,-3.1746461291853083,-3.1715510301178,-3.1684559987296863,-3.165361035027095,-3.162266139017347,-3.1591713107091635,-3.1560765501129384,-3.152981857241098,-3.149887232108567,-3.1467926747333865,-3.143698185137518,-3.1406037633478974,-3.1375094093978215,-3.1344151233287603,-3.131320905192748,-3.1282267550555334,-3.125132673000744,-3.122038659135396,-3.1189447135972137,-3.11585083656436,-3.1127570282684247,-3.109663289011784,-3.1065696191908727,-3.1034760193274553,-3.10038249011076,-3.0972890324543827,-3.094195647573339,-3.0911023370886683,-3.0880091031697927,-3.084915948728763,-3.0818228776859775,-3.0787298953345963,-3.0756370088415905,-3.072544227938405,-3.0694515658754344,-3.066359040744433,-3.063266677315354,-3.0601745095942343,-3.0570825843942058,-3.0539909663335494,-3.0508997448487416,-3.0478090440596346,-3.0447190366814723,-3.0416299636927,-3.038542162208512,-3.0354561050801263,-3.0323724572874418,-3.029292156435039,-3.0262165279139683,-3.0231474500131803,-3.0200875911188145,-3.017040751081457,-3.014012353218555,-3.0110101541470824,-3.008045268280415,-3.0051336456815343,-3.002298199902664,-2.9995718600230346,-2.9970019192197497,-2.994656163553549,-2.992631362128973,-2.9910647151644194,-2.990148647247221
-3.5927584960643237,-3.5919688311919287,-3.5906004596491945,-3.588804688174095,-3.5866912203878543,-3.584340297634736,-3.581811039332589,-3.579147270691946,-3.57638165129293,-3.573538633032102,-3.5706365991018583,-3.567689422743205,-3.564707610600566,-3.5616991460852248,-3.558670114500928,-3.555625168414063,-3.552567875448782,-3.549500979142066,-3.546426595241584,-3.543346359884771,-3.5402615417869927,-3.53717312742284,-3.534081885880372,-3.5309884183716442,-3.527893196129026,-3.52479658948669,-3.5216988902544695,-3.5186003289745096,-3.5155010882642554,-3.5124013131588727,-3.509301119147547,-3.5062005984331237,-3.5030998248196905,-3.4999988575380914,-3.496897744247349,-3.4937965233951753,-3.490695226078853,-3.48759387751574,-3.48449249820804,-3.481391104867593,-3.478289711151843,-3.4751883282509297,-3.472086965357104,-3.4689856300409296,-3.4658843285534817,-3.4627830660696617,-3.4596818468845574,-3.456580674572263,-3.4534795521146417,-3.4503784820059473,-3.447277466338028,-3.4441765068698755,-3.4410756050845186,-3.4379747622356684,-3.434873979386055,-3.4317732574389925,-3.428672597164437,-3.42557199922054,-3.42247146417152,-3.4193709925025106,-3.41627058463192,-3.4131702409217572,-3.410069961686256,-3.4069697471991156,-3.4038695976995794,-3.400769513397557,-3.3976694944779466,-3.3945695411042953,-3.391469653421905,-3.388369831560476,-3.385270075636363,-3.3821703857545105,-3.379070762010112,-3.3759712044900443,-3.3728717132741126,-3.3697722884361356,-3.3666729300448988,-3.3635736381649965,-3.3604744128575876,-3.357375254181068,-3.3542761621916943,-3.351177136944155,-3.348078178492109,-3.344979286888701,-3.341880462187063,-3.338781704440809,-3.3356830137045392,-3.332584390034361,-3.329485833488429,-3.326387344127526,-3.3232889220156925,-3.320190567220915,-3.3170922798158924,-3.313994059878893,-3.3108959074947237,-3.307797822755839,-3.304699805763607,-3.301601856629768,-3.298503975478135,-3.2954061624465574,-3.2923084176892248,-3.289210741379366,-3.286113133440479,-3.2830155938028507,-3.2799181224029303,-3.2768207191827625,-3.27372338408949,-3.270626117074898,-3.2675289180950116,-3.264431787109727,-3.2613347240824857,-3.2582377289799767,-3.2551408017718684,-3.252043942430567,-3.248947150930997,-3.2458504272503994,-3.242753771368157,-3.2396571832656256,-3.236560662925988,-3.233464210334116,-3.2303678254764474,-3.2272715083408747,-3.22417525891664,-3.221079077194247,-3.217982963165371,-3.214886916822787,-3.2117909381602963,-3.208695027172665,-3.2055991838555737,-3.2025034082055592,-3.199407700219979,-3.1963120598969734,-3.193216487235438,-3.1901209822349985,-3.187025544896001,-3.1839301752195097,-3.1808348732073144,-3.177739638861952,-3.174644472186743,-3.1715493731858473,-3.1684543418643534,-3.165359378228389,-3.162264482285275,-3.159169654043733,-3.1560748935141567,-3.152980200708971,-3.149885575643103,-3.1467910183345915,-3.1436965288053997,-3.1406021070824637,-3.1375077531990785,-3.134413467196715,-3.131319249127407,-3.128225099056904,-3.125131017068833,-3.1220370032702114,-3.118943057798762,-3.115849180832648,-3.112755372603459,-3.109661633413572,-3.106567963659421,-3.1034743638627704,-3.1003808347128494,-3.097287377123253,-3.0941939923089987,-3.091100681891124,-3.088007448039052,-3.0849142936648324,-3.0818212226888644,-3.078728240404308,-3.0756353539781336,-3.0725425731417864,-3.0694499111456617,-3.066357386081512,-3.0632650227192917,-3.060172855065036,-3.057080929931876,-3.0539893119380936,-3.0508980905201644,-3.0478073897979376,-3.044717382486658,-3.0416283095647656,-3.0385405081474532,-3.0354544510859296,-3.0323708033600845,-3.0292905025744843,-3.026214874120159,-3.0231457962860286,-3.020085937458185,-3.0170390974871495,-3.0140106996902656,-3.0110085006843597,-3.008043614882585,-3.0051319923475983,-3.002296546631134,-2.999570206811709,-2.997000266065371,-2.9946545104513214,-2.9926297090718808,-2.9910630621422887,-2.9901469942454986
-3.5927567692157454,-3.5919671043589947,-3.5905987328436413,-3.588802961404839,-3.5866894936617366,-3.5843385709570432,-3.5818093127074353,-3.57914554412255,-3.576379924781818,-3.573536906581265,-3.5706348727128687,-3.5676876964173103,-3.5647058843387605,-3.5616974198883016,-3.5586683883695205,-3.555623442348679,-3.5525661494498304,-3.5494992532098775,-3.5464248693764255,-3.54334463408686,-3.5402598160565053,-3.5371714017599225,-3.5340801602851415,-3.5309866928441984,-3.527891470669445,-3.524794864095041,-3.52169716493081,-3.5185986037188877,-3.515499363076711,-3.5123995880394396,-3.5092993940962565,-3.506198873450002,-3.50309809990476,-3.499997132691373,-3.4968960194688616,-3.493794798684934,-3.490693501436873,-3.4875921529420335,-3.4844907737026203,-3.4813893804304707,-3.4782879867830294,-3.4751866039504367,-3.4720852411249425,-3.4689839058771077,-3.4658826044580078,-3.4627813420425455,-3.4596801229258083,-3.4565789506818896,-3.4534778282926526,-3.450376758252351,-3.4472757426528324,-3.4441747832530893,-3.4410738815361497,-3.437973038755724,-3.4348722559745437,-3.431771534095921,-3.428670873889813,-3.4255702760143714,-3.422469741033814,-3.419369269433274,-3.4162688616311603,-3.4131685179894804,-3.4100682388224697,-3.4069680244038274,-3.4038678749727964,-3.400767790739286,-3.3976677718881967,-3.3945678185830723,-3.3914679309692164,-3.388368109176329,-3.3852683533207673,-3.3821686635074713,-3.3790690398316356,-3.375969482380139,-3.3728699912327857,-3.369770566463394,-3.3666712081407493,-3.363571916329448,-3.360472691090647,-3.3573735324827427,-3.354274440561991,-3.3511754153830817,-3.348076456999673,-3.344977565464909,-3.3418787408319224,-3.338779983154326,-3.335681292486724,-3.332582668885219,-3.329484112407968,-3.3263856231157543,-3.323287201072617,-3.3201888463465425,-3.3170905590102295,-3.313992339141946,-3.3108941868265007,-3.3077961021563476,-3.304698085232854,-3.3016001361677616,-3.298502255084883,-3.2954044421220665,-3.2923066974335033,-3.2892090211924216,-3.2861114133223186,-3.283013873753481,-3.2799164024223573,-3.2768189992709944,-3.273721664246534,-3.270624397300761,-3.2675271983897,-3.2644300674732496,-3.26133300451485,-3.2582360094811893,-3.2551390823419366,-3.252042223069498,-3.248945431638797,-3.245848708027077,-3.2427520522137194,-3.2396554641800805,-3.2365589439093427,-3.233462491386377,-3.2303661065976215,-3.227269789530968,-3.2241735401756606,-3.221077358522201,-3.2179812445622678,-3.214885198288634,-3.2117892196951012,-3.2086933087764358,-3.205597465528317,-3.2025016899472822,-3.199405982030689,-3.196310341776677,-3.1932147691841424,-3.190119264252711,-3.1870238269827293,-3.1839284573752615,-3.1808331554320977,-3.1777379211557735,-3.1746427545496076,-3.171547655617764,-3.1684526243653304,-3.165357660798434,-3.1622627649243955,-3.159167936751936,-3.156073176291449,-3.1529784835553603,-3.149883858558594,-3.1467893013191923,-3.1436948118591164,-3.1406003902053032,-3.137506036391048,-3.1344117504578217,-3.131317532457659,-3.128223382456308,-3.1251293005373975,-3.1220352868079435,-3.1189413414056686,-3.1158474645087377,-3.1127536563487395,-3.1096599172280492,-3.1065662475431024,-3.103472647815664,-3.100379118734962,-3.097285661214593,-3.0941922764695717,-3.0910989661209385,-3.088005732338114,-3.0849125780331503,-3.0818195071264447,-3.0787265249111573,-3.0756336385542595,-3.072540857787195,-3.0694481958603594,-3.0663556708655064,-3.0632633075725892,-3.0601711399876432,-3.057079214923801,-3.05398759699934,-3.0508963756507375,-3.047805674997841,-3.0447156677558924,-3.0416265949033283,-3.038538793555336,-3.0354527365631196,-3.0323690889065587,-3.0292887881902053,-3.0262131598050668,-3.0231440820400324,-3.020084223281146,-3.0170373833788573,-3.014008985650408,-3.011006786712468,-3.0080419009779633,-3.0051302785092076,-3.0022948328574346,-2.9995684931004174,-2.99699855241311,-2.994652796853121,-2.992627995520466,-2.9910613486271136,-2.990145280751479
-3.5927549791762323,-3.5919653143356975,-3.5905969428487263,-3.5888011714475483,-3.586687703749161,-3.5843367810946667,-3.581807522899522,-3.5791437543724345,-3.576378135092117,-3.5735351169540426,-3.570633083149756,-3.5676859069196034,-3.5647040949074884,-3.5616956305242864,-3.558666599073417,-3.5556216531210136,-3.552564360291026,-3.5494974641202774,-3.5464230803563064,-3.543342845136448,-3.5402580271759834,-3.5371696129494397,-3.534078371544822,-3.5309849041741432,-3.5278896820697394,-3.5247930755657553,-3.5216953764720023,-3.518596815330607,-3.515497574758999,-3.5123977997923324,-3.5092976059197842,-3.5061970853441915,-3.503096311869637,-3.499995344726958,-3.4968942315751734,-3.49379301086199,-3.4906917136846873,-3.4875903652606204,-3.484488986091993,-3.4813875928906417,-3.4782861993140117,-3.4751848165522405,-3.4720834537975773,-3.468982118620584,-3.4658808172723363,-3.4627795549277347,-3.4596783358818666,-3.4565771637088263,-3.4534760413904766,-3.450374971421069,-3.4472739558924546,-3.444172996563623,-3.4410720949176024,-3.437971252208105,-3.434870469497861,-3.4317697476901836,-3.4286690875550274,-3.425568489750545,-3.4224679548409545,-3.4193674833113894,-3.4162670755802593,-3.413166732009571,-3.41006645291356,-3.406966238565925,-3.4038660892059087,-3.4007660050434203,-3.3976659862633585,-3.39456603302927,-3.3914661454864574,-3.38836632376462,-3.3852665679801155,-3.3821668782378858,-3.3790672546331235,-3.3759676972527077,-3.372868206176442,-3.3697687814781454,-3.3666694232266035,-3.363570131486412,-3.360470906318729,-3.35737174778195,-3.3542726559323324,-3.3511736308245643,-3.348074672512305,-3.344975781048699,-3.341876956486876,-3.338778198880451,-3.335679508284026,-3.3325808847537073,-3.3294823283476496,-3.326383839126636,-3.323285417154707,-3.320187062499848,-3.317088775234759,-3.313990555437707,-3.310892403193501,-3.307794318594594,-3.304696301742355,-3.3015983527485244,-3.298500471736915,-3.2954026588453753,-3.2923049142280956,-3.2892072380583044,-3.2861096302595,-3.283012090761969,-3.27991461950216,-3.2768172164221196,-3.2737198814689896,-3.270622614594556,-3.2675254157548417,-3.2644282849097443,-3.2613312220227053,-3.2582342270604125,-3.255137299992536,-3.2520404407914807,-3.2489436494321704,-3.2458469258918488,-3.2427502701498976,-3.2396536821876722,-3.2365571619883555,-3.233460709536818,-3.230364324819499,-3.22726800782429,-3.2241717585404346,-3.221075576958435,-3.2179794630699687,-3.2148834168678087,-3.211787438345757,-3.2086915274985808,-3.205595684321958,-3.2024999088124266,-3.199404200967345,-3.1963085607848525,-3.1932129882638427,-3.1901174834039443,-3.187022046205503,-3.183926676669583,-3.1808313747979753,-3.177736140593214,-3.17464097405862,-3.171545875198356,-3.1684508440175096,-3.165355880522207,-3.162260984719769,-3.159166156618919,-3.1560713962300486,-3.1529767035655833,-3.1498820786404482,-3.146787521472686,-3.1436930320842578,-3.1405986105020993,-3.1375042567595073,-3.1344099708979516,-3.1313157529694675,-3.128221603039803,-3.125127521192584,-3.1220335075348293,-3.1189395622042615,-3.1158456853790435,-3.112751877290765,-3.1096581382418034,-3.1065644686285916,-3.1034708689728965,-3.100377339963946,-3.0972838825153355,-3.094190497842082,-3.0910971875652233,-3.088003953854182,-3.0849107996210074,-3.0818177287860986,-3.078724746642615,-3.075631860357529,-3.0725390796622847,-3.069446417807276,-3.0663538928842566,-3.0632615296631798,-3.060169362150081,-3.057077437158092,-3.0539858193054896,-3.0508945980287505,-3.0478038974477197,-3.0447138902776385,-3.0416248174969396,-3.0385370162208063,-3.035450959300436,-3.0323673117156953,-3.0292870110711223,-3.0262113827577024,-3.023142305064292,-3.0200824463768856,-3.017035606545861,-3.014007208888349,-3.0110050100208623,-3.0080401243560866,-3.0051285019559857,-3.0022930563712698,-2.9995667166789426,-2.996996776052827,-2.9946510205488774,-2.9926262192647224,-2.991059572408937,-2.9901435045552316
-3.592753123637524,-3.5919634588137996,-3.590595087356249,-3.5887993159940725,-3.586685848342036,-3.584334925739574,-3.581805667600883,-3.5791418991337056,-3.576376279916014,-3.5735332618427047,-3.570631228104877,-3.5676840519425235,-3.5647022399992743,-3.5616937756857885,-3.5586647443053177,-3.5556197984238596,-3.552562505665257,-3.549495609566246,-3.5464212258742998,-3.543340990726699,-3.5402561728386823,-3.5371677586847405,-3.5340765173528523,-3.5309830500550086,-3.527887828023527,-3.524791221592537,-3.5216935225718413,-3.5185949615035534,-3.5154957210050966,-3.5123959461116194,-3.509295752312294,-3.506195231809951,-3.503094458408671,-3.4999934913392874,-3.496892378260818,-3.4937911576209673,-3.490689860517013,-3.487588512166311,-3.4844871330710614,-3.4813857399431,-3.4782843464398705,-3.4751829637515126,-3.4720816010702733,-3.468980265966714,-3.4658789646919095,-3.462777702420761,-3.459676483448356,-3.4565753113487885,-3.45347418910392,-3.450373119208002,-3.447272103752885,-3.444171144497561,-3.4410702429250564,-3.437969400289083,-3.43486861765237,-3.431767895918231,-3.428667235856621,-3.425566638125692,-3.422466103289665,-3.4193656318336703,-3.416265224176118,-3.413164880679017,-3.4100646016566003,-3.406964387382567,-3.40386423809616,-3.40076415400729,-3.397664135300855,-3.394564182140401,-3.3914642946712306,-3.388364473023045,-3.3852647173121997,-3.3821650276436364,-3.3790654041125494,-3.375965846805816,-3.3728663558032412,-3.3697669311786433,-3.3666675730008078,-3.36356828133433,-3.3604690562403685,-3.357369897777319,-3.354270806001438,-3.3511717809674137,-3.3480728227289065,-3.3449739313390596,-3.3418751068510035,-3.3387763493183544,-3.335677658795713,-3.3325790353391853,-3.329480479006926,-3.326381989859718,-3.3232835679616017,-3.3201852133805647,-3.317086926189305,-3.313988706466091,-3.3108905542957303,-3.307792469770677,-3.304694452992299,-3.301596504072338,-3.298498623134606,-3.295400810316952,-3.2923030657735657,-3.2892053896776754,-3.2861077819527797,-3.2830102425291656,-3.279912771343281,-3.2768153683371732,-3.273718033457984,-3.270620766657499,-3.267523567891741,-3.264426437120608,-3.261329374307541,-3.258232379419228,-3.2551354524253386,-3.2520385932982787,-3.248941802012972,-3.2458450785466617,-3.24274842287873,-3.239651834990532,-3.2365553148652504,-3.233458862487755,-3.230362477844486,-3.227266160923335,-3.224169911713545,-3.221073730205619,-3.2179776163912344,-3.2148815702631635,-3.2117855918152083,-3.2086896810421353,-3.2055938379396247,-3.2024980625042136,-3.19940235473326,-3.1963067146249027,-3.1932111421780363,-3.1901156373922896,-3.187020200268009,-3.1839248308062578,-3.1808295290088244,-3.177734294878246,-3.1746391284178426,-3.1715440296317774,-3.168448998525137,-3.1653540351040492,-3.1622591393758337,-3.1591643113492114,-3.156069551034577,-3.1529748584443555,-3.149880233593473,-3.1467856764999707,-3.14369118718581,-3.1405967656779277,-3.1375024120096193,-3.134408126222355,-3.131313908368169,-3.128219758512811,-3.125125676739908,-3.122031663156476,-3.1189377179002387,-3.1158438411493594,-3.112750033135427,-3.1096562941608195,-3.1065626246219704,-3.1034690250406447,-3.1003754961060714,-3.097282038731846,-3.0941886541329846,-3.0910953439305247,-3.0880021102938895,-3.08490895613513,-3.081815885374645,-3.078722903305594,-3.075630017094946,-3.072537236474148,-3.0694445746935934,-3.0663520498450354,-3.0632596866984283,-3.060167519259806,-3.057075594342299,-3.053983976564185,-3.0508927553619385,-3.047802054855405,-3.0447120477598206,-3.0416229750536172,-3.0385351738519715,-3.0354491170060744,-3.0323654694957827,-3.0292851689256177,-3.026209540686542,-3.0231404630673766,-3.020080604454067,-3.0170337646969134,-3.0140053671129365,-3.011003168318481,-3.008038282725988,-3.0051266603970532,-3.002291214881849,-2.99956487525658,-2.9969949346938956,-2.9946491792480354,-2.992624378014154,-2.991057731197309,-2.9901416633663347
-3.5927512002073607,-3.591961535401061,-3.590593163974006,-3.5887973926522565,-3.5866839250482654,-3.5843330024997417,-3.5818037444195716,-3.5791399760144986,-3.5763743568617237,-3.5735313388555494,-3.5706293051866083,-3.567682129094533,-3.5647003172226683,-3.5616918529814505,-3.558662821673953,-3.5556178758660355,-3.5525605831814286,-3.5494936871567817,-3.5464193035394955,-3.5433390684667954,-3.5402542506538768,-3.5371658365751943,-3.5340745953186974,-3.530981128096355,-3.527885906140463,-3.52478929978514,-3.521691600840172,-3.518593039847667,-3.5154937994250393,-3.512394024607429,-3.509293830884004,-3.506193310457589,-3.5030925371322628,-3.4999915701388575,-3.496890457136386,-3.4937892365725522,-3.490687939544633,-3.4875865912699786,-3.484485212250791,-3.4813838191989053,-3.4782824257717637,-3.475181043159504,-3.4720796805543745,-3.468978345526935,-3.465877044328261,-3.462775782133254,-3.4596745632369985,-3.4565733912135905,-3.4534722690448914,-3.4503711992251525,-3.447270183846223,-3.4441692246670947,-3.441068323170794,-3.4379674806110327,-3.43486669805054,-3.4317659763926303,-3.428665316407259,-3.4255647187525775,-3.4224641839928056,-3.419363712613075,-3.416263305031796,-3.4131629616109755,-3.4100626826648477,-3.406962468467111,-3.4038623192570094,-3.4007622352444526,-3.397662216614339,-3.3945622635302137,-3.3914623761373806,-3.3883625545655396,-3.3852627989310475,-3.382163109338847,-3.37906348588413,-3.375963928653774,-3.3728644377275856,-3.369765013179382,-3.3666656550779495,-3.363566363487883,-3.3604671384703404,-3.3573679800837177,-3.35426888838427,-3.351169863426688,-3.3480709052646302,-3.3449720139512413,-3.341873189539653,-3.338774432083479,-3.335675741637321,-3.3325771182572854,-3.3294785620015257,-3.3263800729308257,-3.323281651109225,-3.3201832966047116,-3.317085009489983,-3.3139867898433084,-3.3108886377494957,-3.307790553300998,-3.304692536599184,-3.301594587755795,-3.2984967068946425,-3.295398894153577,-3.292301149686787,-3.2892034736675013,-3.2861058660192195,-3.2830083266722263,-3.279910855562971,-3.2768134526335007,-3.273716117830957,-3.270618851107126,-3.26752165241803,-3.2644245217235675,-3.2613274589871786,-3.258230464175553,-3.2551335372583585,-3.252036678208002,-3.2489398869994064,-3.2458431636098153,-3.24274650801861,-3.239649920207147,-3.2365534001586074,-3.233456947857864,-3.230360563291354,-3.2272642464469703,-3.224167997313956,-3.221071815882813,-3.2179757021452198,-3.2148796560939483,-3.2117836777228,-3.208687767026544,-3.2055919240008577,-3.2024961486422794,-3.199400440948167,-3.1963048009166593,-3.193209228546651,-3.1901137238377686,-3.18701828679036,-3.1839229174054897,-3.180827615684946,-3.177732381631265,-3.174637215247766,-3.1715421165386126,-3.1684470855088933,-3.1653521221647343,-3.162257226513455,-3.1591623985637787,-3.1560676383260997,-3.1529729458128415,-3.14987832103893,-3.1467837640224063,-3.143689274785232,-3.1405948533543433,-3.1375004997630356,-3.13440621405278,-3.131311996275611,-3.1282178464972783,-3.1251237648014087,-3.122029751295019,-3.1189358061158314,-3.11584192944201,-3.1127481215051453,-3.1096543826076117,-3.106560713145844,-3.1034671136416083,-3.1003735847841334,-3.0972801274870143,-3.0941867429652676,-3.0910934328399304,-3.0880001992804265,-3.084907045198806,-3.0818139745154673,-3.078720992523571,-3.075628106390087,-3.07253532584646,-3.0694426641430854,-3.0663501393717154,-3.063257776302302,-3.0601656089408817,-3.057073684100583,-3.053982066399684,-3.050890845274656,-3.0478001448453433,-3.044710137826981,-3.0416210651979974,-3.0385332640735636,-3.0354472073048626,-3.0323635598717424,-3.029283259378708,-3.0262076312166966,-3.0231385536744946,-3.0200786951379923,-3.0170318554574127,-3.0140034579496597,-3.0110012592309077,-3.0080363737133404,-3.0051247514581774,-3.002289306015029,-2.9995629664592713,-2.9969930259623387,-2.9946472705766936,-2.992622469394925,-2.9910558226184456,-2.990139754811035
-3.592749206406414,-3.5919595416181775,-3.5905911702227367,-3.588795398942896,-3.5866819313887106,-3.584331008896099,-3.5818017508765903,-3.579137982535892,-3.576372363450409,-3.573529345513824,-3.5706273119162915,-3.567680135897067,-3.5646983240992003,-3.5616898599328946,-3.5586608287010413,-3.555615882969353,-3.552558590361448,-3.5494916944138826,-3.5464173108739865,-3.543337075878929,-3.5402522581438562,-3.537163844143187,-3.5340726029648395,-3.53097913582076,-3.5278839139432248,-3.5247873076663367,-3.5216896087998704,-3.518591047885922,-3.515491807541899,-3.512392032802933,-3.5092918391581858,-3.506191318810481,-3.50309054556389,-3.4999895786492425,-3.4968884657255517,-3.493787245240516,-3.4906859482914108,-3.487584600095587,-3.4844832211552452,-3.481381828182218,-3.4782804348339473,-3.4751790523005717,-3.4720776897743364,-3.4689763548258026,-3.4658750537060445,-3.4627737915899637,-3.4596725727726447,-3.456571400828181,-3.4534702787384357,-3.4503692089976608,-3.4472681936977048,-3.444167234597559,-3.4410663331802502,-3.4379654906994905,-3.4348647082180093,-3.4317639866391194,-3.428663326732776,-3.4255627291571327,-3.422462194476407,-3.419361723175731,-3.4162613156735153,-3.4131609723317653,-3.4100606934647164,-3.4069604793460666,-3.4038603302150623,-3.4007602462816116,-3.3976602277306114,-3.39456027472561,-3.3914603874119083,-3.388360565919207,-3.3852608103638624,-3.382161120850817,-3.379061497475264,-3.3759619403240806,-3.372862449477071,-3.369763025008055,-3.3666636669858185,-3.3635643754749576,-3.3604651505366285,-3.3573659922292283,-3.354266900609012,-3.351167875730669,-3.348068917647859,-3.3449700264137268,-3.341871202081403,-3.3387724447045017,-3.3356737543376247,-3.332575131036878,-3.3294765748604167,-3.326378085869023,-3.323279664126738,-3.3201813097015482,-3.3170830226661523,-3.3139848030988177,-3.3108866510843535,-3.307788566715214,-3.304690550092765,-3.3015926013287498,-3.2984947205469797,-3.295396907885305,-3.2922991634979146,-3.289201487558037,-3.28610387998917,-3.2830063407216015,-3.2799088696917797,-3.2768114668417505,-3.273714132118657,-3.270616865474284,-3.2675196668646556,-3.2644225362496684,-3.2613254735927635,-3.2582284788606297,-3.2551315520229354,-3.2520346930520874,-3.2489379019230085,-3.245841178612943,-3.2427445231012726,-3.2396479353693524,-3.2365514154003643,-3.2334549631791805,-3.2303585786922384,-3.227262261927431,-3.2241660128740017,-3.221069831522452,-3.2179737178644596,-3.2148776718927987,-3.211781693601271,-3.2086857829846416,-3.2055899400385903,-3.202494164759656,-3.199398457145195,-3.1963028171933474,-3.1932072449030082,-3.190111740273804,-3.1870163033060805,-3.183920934000903,-3.18082563236006,-3.177730398386088,-3.1746352320823075,-3.171540133452881,-3.1684451025028957,-3.16535013923848,-3.1622552436669533,-3.159160415797038,-3.1560656556391273,-3.152970963205647,-3.14987633851152,-3.1467817815747896,-3.1436872924174173,-3.14059287106634,-3.1374985175548527,-3.134404231924425,-3.131310014227093,-3.1282158645286047,-3.1251217829125877,-3.122027769486059,-3.1189338243867413,-3.115839947792798,-3.1127461399358185,-3.1096524011181796,-3.106558731736316,-3.1034651323119924,-3.100371603534437,-3.0972781463172456,-3.0941847618754355,-3.091091451830045,-3.087998218350495,-3.0849050643488356,-3.081811993745466,-3.078719011833547,-3.075626125780049,-3.0725333453164163,-3.069440683693042,-3.0663481590016812,-3.0632557960122853,-3.0601636287308893,-3.0570717039706223,-3.0539800863497613,-3.0508888653047768,-3.0477981649555117,-3.0447081580171993,-3.0416190854682625,-3.038531284423868,-3.0354452277351913,-3.032361580382068,-3.029281279968987,-3.02620565188686,-3.023136574424436,-3.020076715967552,-3.017029876366349,-3.014001478937611,-3.0109992802973324,-3.0080343948574337,-3.0051227726787406,-3.0022873273102832,-2.9995609878265803,-2.996991047397803,-2.994645292074574,-2.9926204909468246,-2.9910538442121877,-2.9901377764292016
-3.5927471396652115,-3.5919574748956964,-3.590589103533022,-3.5887933322966195,-3.5866798647940605,-3.5843289423594036,-3.5817996844027755,-3.5791359161288083,-3.57637029711308,-3.5735272792486334,-3.570625245725122,-3.567678069781414,-3.564696258060251,-3.5616877939715983,-3.558658762818156,-3.555613817165488,-3.5525565246370925,-3.549489628769432,-3.5464152453097606,-3.543335010395186,-3.540250192740806,-3.5371617788210012,-3.534070537723663,-3.53097707066071,-3.5278818488644,-3.524785242668817,-3.5216875438837234,-3.5185889830512047,-3.5154897427886582,-3.512389968131212,-3.5092897745680207,-3.506189254301902,-3.503088481136925,-3.499987514303915,-3.496886401461883,-3.493785181058526,-3.4906838841911183,-3.487582536077008,-3.4844811572183954,-3.4813797643271114,-3.478278371060598,-3.4751769886089905,-3.4720756261645365,-3.468974291297796,-3.4658729902598413,-3.4627717282255737,-3.459670509490079,-3.4565693376274513,-3.453468215619551,-3.4503671459606298,-3.4472661307425376,-3.444165171724265,-3.441064270388839,-3.4379634279899722,-3.4348626455903912,-3.4317619240934114,-3.428661264268988,-3.425560666775272,-3.4224601321764814,-3.41935966095775,-3.4162592535374867,-3.4131589102777,-3.410058631492624,-3.4069584174559577,-3.4038582684069447,-3.400758184555493,-3.3976581660865013,-3.3945582131635166,-3.391458325931841,-3.3883585045211753,-3.3852587490478747,-3.3821590596168813,-3.3790594363233892,-3.3759598792542738,-3.372860388489343,-3.369760964102414,-3.3666616061622734,-3.363562314733516,-3.3604630898772987,-3.3573639316520185,-3.3542648401139323,-3.3511658153177284,-3.348066857317066,-3.344967966165089,-3.341869141914929,-3.338770384620202,-3.3356716943355083,-3.3325730711169532,-3.3294745150226923,-3.326376026113508,-3.3232776044534407,-3.3201792501104777,-3.3170809631573164,-3.313982743672226,-3.3108845917400127,-3.3077865074531325,-3.3046884909129517,-3.301590542231214,-3.2984926615317303,-3.2953948489523497,-3.2922971046472624,-3.2891994287896966,-3.2861018213031516,-3.283004282117913,-3.27990681117043,-3.276809408402749,-3.2737120737620127,-3.2706148072000047,-3.26751760867275,-3.2644204781401456,-3.2613234155656325,-3.258226420915899,-3.2551294941606144,-3.252032635272183,-3.2489358442255316,-3.2458391209979007,-3.242742465568674,-3.239645877919207,-3.236549358032681,-3.233452905893969,-3.2303565214895067,-3.2272602048071874,-3.224163955836254,-3.2210677745672096,-3.2179716609917315,-3.2148756151025926,-3.2117796368935956,-3.2086837263595074,-3.2055878834960057,-3.202492108299629,-3.1993964007677342,-3.1963007608984606,-3.1932051886907034,-3.1901096841440895,-3.187014247258966,-3.183918878036397,-3.180823576478172,-3.1777283425868266,-3.174633176365682,-3.1715380778188993,-3.168443046951566,-3.1653480837698096,-3.1622531882809515,-3.159158360493712,-3.156063600418486,-3.1529689080677,-3.1498742834562785,-3.146779726602262,-3.1436852375276123,-3.1405908162592655,-3.137496462830517,-3.134402177282838,-3.1313079596682627,-3.12821381005254,-3.125119728519297,-3.12202571517555,-3.118931770159022,-3.115837893647877,-3.112744085873707,-3.1096503471388863,-3.106556677839849,-3.1034630784983603,-3.1003695498036485,-3.0972760926693104,-3.094182708310361,-3.09108939834784,-3.087996164951168,-3.084903011032395,-3.081809940511922,-3.0787169586829064,-3.075624072712321,-3.0725312923316097,-3.0694386307911667,-3.0663461061827455,-3.0632537432762965,-3.0601615760778547,-3.0570696514005484,-3.053978033862654,-3.0508868129006417,-3.0477961126343525,-3.0447061057790163,-3.041617033313054,-3.0385292323516264,-3.035443175745901,-3.0323595284757,-3.029279228145496,-3.026203600146175,-3.0231345227664477,-3.020074664392093,-3.0170278248731703,-3.013999427526337,-3.0109972289674034,-3.0080323436080145,-3.00512072150859,-3.0022852762175565,-2.9995589368085445,-2.996988996450418,-2.994643241191892,-2.9926184401201392,-2.9910517934288756,-2.9901357256712098
-3.592744997320787,-3.5919553325706812,-3.590586961241976,-3.5887911900506033,-3.5866777226015607,-3.584326800226982,-3.581797542335535,-3.57913377413074,-3.5763681551873185,-3.573525137397647,-3.5706231039508656,-3.567675928085437,-3.5646941164437864,-3.5616856524356266,-3.558656621363465,-3.555611675792708,-3.55255438334673,-3.549487487561896,-3.5464131041853824,-3.543332869354234,-3.5402480517835,-3.537159637947523,-3.5340683969341575,-3.5309749299552977,-3.5278797082431805,-3.5247831021318743,-3.5216854034311273,-3.518586842683015,-3.515487602504927,-3.5123878279319816,-3.5092876344533277,-3.5061871142717798,-3.5030863411914024,-3.499985374443018,-3.4968842616856333,-3.4937830413669437,-3.4906817445842213,-3.4875803965548138,-3.4844790177809184,-3.481377624974368,-3.4782762317926004,-3.4751748494257537,-3.4720734870660723,-3.4689721522841173,-3.4658708513309593,-3.4627695893815,-3.4596683707308236,-3.4565671989530244,-3.4534660770299634,-3.4503650074558925,-3.44726399232266,-3.444163033389257,-3.4410621321387094,-3.437961289824731,-3.434860507510049,-3.431759786097977,-3.4286591263584705,-3.425558528949681,-3.4224579944358267,-3.4193575233020406,-3.416257115966732,-3.4131567727919085,-3.4100564940918043,-3.406956280140118,-3.4038561311760946,-3.4007560474096414,-3.397656029025658,-3.3945560761876896,-3.3914561890410386,-3.388356367715406,-3.385256612327148,-3.3821569229812076,-3.379057299772777,-3.3759577427887337,-3.372858252108885,-3.3697588278070465,-3.3666594699520047,-3.3635601786083553,-3.360460953837255,-3.3573617956971002,-3.354262704244148,-3.351163679533087,-3.3480647216175763,-3.344965830550761,-3.341867006385772,-3.3387682491762236,-3.3356695589767167,-3.3325709358433593,-3.329472379834304,-3.326373891010334,-3.323275469435491,-3.32017711517776,-3.3170788283098407,-3.3139806089100006,-3.310882457063048,-3.3077843728614367,-3.304686356406535,-3.3015884078100854,-3.2984905271958986,-3.2953927147018236,-3.2922949704820517,-3.2891972947098114,-3.2860996873086,-3.2830021482087046,-3.279904677346573,-3.276807274664252,-3.273709940108883,-3.270612673632253,-3.2675154751903857,-3.264418344743177,-3.2613212822540696,-3.258224287689751,-3.2551273610198894,-3.252030502216892,-3.2489337112556824,-3.245836988113504,-3.242740332769738,-3.23964374520574,-3.236547225404692,-3.2334507733514664,-3.2303543890324997,-3.2272580724356854,-3.224161823550267,-3.2210656423667463,-3.2179695288768,-3.2148734830732026,-3.2117775049497554,-3.208681594501226,-3.2055857517232917,-3.2024899766124912,-3.1993942691661825,-3.196298629382505,-3.193203057260352,-3.190107552799352,-3.1870121159998517,-3.1839167468629155,-3.180821445390332,-3.177726211584637,-3.1746310454491504,-3.171535946988035,-3.1684409162063787,-3.1653459531103074,-3.1622510577071443,-3.1591562300056095,-3.156061470016097,-3.152966777751032,-3.1498721532253398,-3.146777596457062,-3.14368310746816,-3.1405886862855703,-3.137494332942587,-3.134400047480683,-3.131305829951891,-3.128211680421961,-3.12511759897452,-3.1220235857165846,-3.118929640785878,-3.1158357643605634,-3.112741956672231,-3.1096482180232567,-3.106554548810075,-3.1034609495544516,-3.1003674209456147,-3.097273963897159,-3.0941805796241018,-3.0910872697474807,-3.0879940364367178,-3.084900882603865,-3.08180781216932,-3.078714830426243,-3.0756219445416035,-3.0725291642468466,-3.069436502792366,-3.066343978269916,-3.0632516154494476,-3.0601594483369947,-3.057067523745684,-3.053975906293792,-3.0508846854177882,-3.0477939852375107,-3.044703978468187,-3.0416149060882343,-3.0385271052128084,-3.0354410486930665,-3.032357401508821,-3.0292771012645243,-3.0262014733510383,-3.0231323960570324,-3.0200725377682267,-3.017025698334592,-3.0139973010726586,-3.0109951025980437,-3.008030217322109,-3.0051185953048525,-3.0022831500940765,-2.9995568107624884,-2.996986870477597,-2.9946411152861394,-2.9926163142724316,-2.991049667626129,-2.9901335998947083
-3.5927427766134046,-3.591953111883416,-3.5905847405899207,-3.5887889694452255,-3.5866755020516567,-3.5843245797393517,-3.58179532191547,-3.579131553782377,-3.5763659349139054,-3.5735229172017458,-3.570620883834501,-3.567673708050213,-3.5646918964909826,-3.5616834325662623,-3.558654401578354,-3.5556094560925033,-3.5525521637319577,-3.54948526803298,-3.546410884742665,-3.543330649997995,-3.5402458325139663,-3.5371574187648798,-3.5340661778385583,-3.530972710946869,-3.5278774893220266,-3.524780883298081,-3.521683184684769,-3.5185846240241534,-3.5154853839336133,-3.512385609448261,-3.5092854160572404,-3.5061848959633592,-3.503084122970676,-3.4999831563100123,-3.496882043640371,-3.493780823409446,-3.490679526714508,-3.4875781787729037,-3.4844768000868283,-3.481375407368112,-3.4782740142741937,-3.475172631995208,-3.4720712697234,-3.46896993502933,-3.46586863416407,-3.4627673723025194,-3.459666153739763,-3.4565649820498945,-3.4534638602147747,-3.4503627907286556,-3.447261775683385,-3.4441608168379547,-3.4410599156753916,-3.4379590734494063,-3.4348582912227275,-3.431757569898669,-3.428656910247185,-3.4255563129264273,-3.422455778500615,-3.4193553074548797,-3.416254900207631,-3.4131545571208766,-3.410054278508852,-3.4069540646452547,-3.4038539157693277,-3.400753832090982,-3.3976538137951144,-3.3945538610452735,-3.39145397398676,-3.388354152749275,-3.3852543974491733,-3.382154708191398,-3.3790550850711414,-3.375955528175282,-3.3728560375836243,-3.3697566133699874,-3.366657255603157,-3.3635579643477276,-3.360458739664857,-3.3573595816129407,-3.3542604902482367,-3.3511614656254336,-3.3480625077981903,-3.3449636168196513,-3.3418647927429475,-3.3387660356216946,-3.335667345510493,-3.3325687224654486,-3.329470166544716,-3.3263716778090795,-3.323273256322578,-3.3201749021531985,-3.31707661537364,-3.3139783960621703,-3.310880244303597,-3.307782160190375,-3.3046841438238723,-3.30158619531583,-3.29848831479006,-3.295390502384412,-3.2922927582530765,-3.2891950825692806,-3.286097475256524,-3.2829999362450923,-3.279902465471434,-3.276805062877597,-3.2737077284107223,-3.2706104620225958,-3.267513263669241,-3.2644161333105544,-3.2613190709099777,-3.258222076434199,-3.2551251498528884,-3.2520282911384495,-3.248931500265808,-3.2458347772122065,-3.242738121957027,-3.2396415344816245,-3.236545014769182,-3.2334485628045697,-3.230352178574227,-3.227255862066045,-3.2241596132692685,-3.221063432174399,-3.217967318773114,-3.214871273058186,-3.2117752950234175,-3.2086793846635753,-3.2055835419743373,-3.2024877669522436,-3.19939205959465,-3.1962964198996966,-3.1932008478662786,-3.1901053434940225,-3.1870099067832753,-3.183914537735102,-3.1808192363512906,-3.177724002634378,-3.174628836587683,-3.171533738215369,-3.1684387075225238,-3.165343744515274,-3.1622488492009406,-3.1591540215882454,-3.156059261687582,-3.152964569511376,-3.149869945074551,-3.146775388395149,-3.1436808994951315,-3.140586478401436,-3.137492125147357,-3.134397839774365,-3.131303622334495,-3.128209472893495,-3.1251153915349934,-3.1220213783660067,-3.1189274335242585,-3.1158335571879117,-3.112739749588557,-3.10964601102857,-3.106552341904386,-3.1034587427377684,-3.100365214217946,-3.0972717572585147,-3.094178373074491,-3.0910850632869136,-3.0879918300652043,-3.0848986763214135,-3.08180560597594,-3.078712624321944,-3.0756197385263935,-3.0725269583207346,-3.0694342969553614,-3.0663417725220268,-3.0632494097906826,-3.0601572427673625,-3.057065318265193,-3.053973700902449,-3.050882480115599,-3.047791780024479,-3.044701773344315,-3.041612701053519,-3.0385249002672405,-3.0354388438366295,-3.0323551967414843,-3.029274896586241,-3.02619926876173,-3.0231301915565814,-3.0200703333564545,-3.01702349401123,-3.0139950968373035,-3.010992898450093,-3.0080280132606654,-3.0051163913285817,-3.0022809462009974,-2.9995546069496637,-2.996984666740687,-2.9946389116187513,-2.992614110665211,-2.991047464065513,-2.990131396361298
-3.59274047468302,-3.5919508099738855,-3.5905824387168894,-3.588786667620578,-3.586673200284512,-3.5843222780367587,-3.5817930202829134,-3.5791292522241442,-3.5763636334333646,-3.5735206158015504,-3.57061858251675,-3.567671406816572,-3.564689595342774,-3.561681131504544,-3.558652100603969,-3.555607155206131,-3.5525498629341423,-3.549482967324162,-3.546408584123201,-3.543328349468172,-3.5402435320740215,-3.537155118415005,-3.534063877578912,-3.5309704107775794,-3.5278751892432023,-3.5247785833098146,-3.521680884787135,-3.518582324217216,-3.5154830842174265,-3.512383309822871,-3.509283116522687,-3.506182596519676,-3.503081823617896,-3.499980857048162,-3.4968797444694744,-3.493778524329524,-3.4906772277255804,-3.487575879874987,-3.4844745012799385,-3.4813731086522655,-3.478271715649406,-3.475170333461494,-3.4720689712807733,-3.468967636677804,-3.465866335903658,-3.462765074133233,-3.459663855661614,-3.456562684062893,-3.453461562318932,-3.4503604929239837,-3.447259477969895,-3.4441585192156565,-3.4410576181442942,-3.437956776009521,-3.434855993874063,-3.4317552726412353,-3.428654613080994,-3.425554015851489,-3.42245348151694,-3.419353010562477,-3.41625260340651,-3.4131522604110476,-3.410051981890325,-3.4069517681180397,-3.4038516193334343,-3.4007515357464198,-3.397651517541893,-3.3945515648834026,-3.391451677916249,-3.3883518567701323,-3.38525210156141,-3.3821524123950226,-3.379052789366165,-3.3759532325617143,-3.372853742061475,-3.369754317939265,-3.3666549602638707,-3.363555669099887,-3.3604564445084724,-3.357357286548023,-3.354258195274796,-3.35115917074348,-3.3480602130077335,-3.3449613221207,-3.341862498135512,-3.338763741105783,-3.335665051086116,-3.3325664281326146,-3.3294678723034354,-3.326369383659361,-3.3232709622644316,-3.3201726081866356,-3.3170743214986707,-3.313976102278803,-3.3108779506118426,-3.3077798665902427,-3.3046818503153714,-3.30158390189897,-3.2984860214648513,-3.2953882091508637,-3.292290465111199,-3.2891927895190847,-3.2860951822980184,-3.282997643378287,-3.27990017269634,-3.2768027701942217,-3.2737054358190765,-3.2706081695226885,-3.2675109712610824,-3.264413840994154,-3.261316778685346,-3.258219784301345,-3.255122857811821,-3.25202599918918,-3.2489292084083456,-3.24583248544656,-3.242735830283206,-3.2396392428996403,-3.236542723279044,-3.2334462714062875,-3.2303498872678107,-3.2272535708515044,-3.224157322146612,-3.221061141143636,-3.217965027834254,-3.214868982211239,-3.2117730042683927,-3.2086770940004827,-3.205581251403188,-3.2024854764730466,-3.1993897692074156,-3.196294129604434,-3.1931985576629978,-3.190103053382734,-3.1870076167639874,-3.1839122478078234,-3.1808169465160323,-3.177721712891149,-3.1746265469364943,-3.1715314486562294,-3.1684364180554434,-3.1653414551402625,-3.1622465599180067,-3.1591517323973983,-3.1560569725888317,-3.152962280504731,-3.1498676561600214,-3.1467730995727448,-3.143678610764863,-3.1405841897633127,-3.1374898366013895,-3.1343955513205635,-3.1313013339728686,-3.128207184624054,-3.1251131033577475,-3.122019090280966,-3.1189251455314317,-3.1158312692873085,-3.1127374617801866,-3.1096437233124408,-3.106550054280507,-3.10345645520615,-3.100362926778599,-3.0972694699114482,-3.094176085819715,-3.0910827761244373,-3.0879895429950373,-3.084896389343565,-3.08180331909042,-3.0787103375287628,-3.0756174518255617,-3.0725246717122605,-3.0694320104392543,-3.0663394860982978,-3.0632471234593397,-3.060154956528414,-3.0570630321186485,-3.0539714148483146,-3.0508801941538795,-3.047789494155179,-3.0446994875674345,-3.0416104153690546,-3.038522614675184,-3.0354365583369636,-3.032352911334179,-3.029272611271244,-3.026196983538962,-3.0231279064259198,-3.020068048317715,-3.0170212090641324,-3.013992811981431,-3.0109906136848212,-3.008025728585065,-3.0051141067412703,-3.0022786616999206,-2.9995523225317786,-2.9969823824014923,-2.994636627351622,-2.9926118264604504,-2.9910451799090616,-2.990129112233047
-3.5927380885656364,-3.5919484238781183,-3.5905800526589546,-3.588784281612795,-3.5866708143363333,-3.5843198921554937,-3.5817906344742463,-3.579126866492521,-3.5763612477822746,-3.5735182302337454,-3.5706161970344046,-3.567669021421412,-3.564687210036173,-3.561678746287596,-3.5586497154775514,-3.555604770170944,-3.552547477990752,-3.5494805824730236,-3.546406199364684,-3.5433259648025754,-3.540241147501589,-3.5371527339359368,-3.53406149319337,-3.5309680264857,-3.527872805045099,-3.52477619920558,-3.521678500776848,-3.5185799403009423,-3.515480700395223,-3.5123809260947856,-3.5092807328887616,-3.506180212979946,-3.5030794401723924,-3.499978473696913,-3.496877361212505,-3.493776141166858,-3.490674844657239,-3.4875734969009873,-3.484472118400299,-3.4813707258670026,-3.4782693329585355,-3.4751679508650284,-3.4720665887787265,-3.46896525427019,-3.4658639535904876,-3.4627626919145196,-3.4596614735373694,-3.456560302033131,-3.453459180383663,-3.4503581110832187,-3.447257096223644,-3.4441561375639305,-3.441055236587105,-3.437954394546879,-3.43485361250598,-3.4317528913677218,-3.428652231902059,-3.4255516347671437,-3.4224511005271934,-3.419350629667341,-3.416250222605995,-3.4131498797051627,-3.41004960127908,-3.4069493876014465,-3.403849238911504,-3.4007491554191627,-3.3976491373093194,-3.3945491847455207,-3.391449297873069,-3.3883494768216647,-3.385249721707663,-3.382150032636007,-3.3790504097018905,-3.375950852992191,-3.3728513625867143,-3.369751938559277,-3.3666525809786645,-3.3635532899094738,-3.3604540654128616,-3.3573549075472258,-3.3542558163688208,-3.351156791932337,-3.3480578342914327,-3.3449589434992517,-3.3418601196089255,-3.3387613626740693,-3.335662672749285,-3.332564049890677,-3.3294654941564,-3.326367005607239,-3.3232685843072325,-3.3201702303243685,-3.317071943731344,-3.313973724606428,-3.310875573034429,-3.3077774891078007,-3.3046794729279108,-3.301581524606503,-3.298483644267386,-3.295385832048412,-3.29228808810377,-3.2891904126066884,-3.2860928054806657,-3.282995266655988,-3.2798977960691036,-3.2768003936620596,-3.2737030593819973,-3.270605793180704,-3.267508595014201,-3.2644114648423868,-3.2613144026287024,-3.2582174083398363,-3.2551204819454576,-3.2520236234179705,-3.248926832732301,-3.245830109865691,-3.2427334547975217,-3.2396368675091507,-3.236540347983759,-3.233443896206217,-3.2303475121629646,-3.227251195841893,-3.2241549472322464,-3.2210587663245276,-3.217962653110413,-3.2148666075826755,-3.211770629735116,-3.2086747195625027,-3.205578877060513,-3.2024831022256888,-3.1993873950553846,-3.19629175554774,-3.1931961837016503,-3.1901006795167417,-3.1870052429933615,-3.183909874132573,-3.1808145729361668,-3.1777193394066785,-3.1746241735474285,-3.171529075362578,-3.1684340448572152,-3.1653390820374683,-3.1622441869106575,-3.159149359485504,-3.156054599772403,-3.1529599077837784,-3.1498652835345555,-3.1467707270427754,-3.1436762383303996,-3.140581817424367,-3.1374874643579695,-3.1343931791726787,-3.1312989619205296,-3.1282048126672706,-3.12511073149653,-3.122016718515323,-3.118922773861375,-3.1158288977128468,-3.1127350903013307,-3.109641351929202,-3.1065476829928937,-3.103454084014173,-3.100360555682268,-3.0972670989107742,-3.094173714914707,-3.091080405315105,-3.08798717228139,-3.0848940187256133,-3.0818009485681737,-3.078707967102231,-3.0756150814947545,-3.0725223014771887,-3.069429640299928,-3.0663371160547244,-3.0632447535115293,-3.060152586676375,-3.057060662362388,-3.053969045187841,-3.0508778245892,-3.0477871246862973,-3.044697118194352,-3.0416080460917696,-3.038520245493687,-3.035434189251235,-3.032350542344187,-3.029270242376937,-3.026194614740258,-3.0231255377226938,-3.020065679709774,-3.017018840551188,-3.013990443563049,-3.0109882453603554,-3.0080233603535507,-3.0051117386012742,-3.0022762936493144,-2.9995499545674065,-2.9969800145186887,-2.9946342595435187,-2.9926094587169962,-2.9910428122156842,-2.9901267445689004
-3.592735615189638,-3.591945950524528,-3.590577579344581,-3.5887818083504097,-3.5866683411357334,-3.5843174190242544,-3.581788161418261,-3.5791243935163988,-3.5763587748896333,-3.573515757427436,-3.5706137243166816,-3.567666548794065,-3.5646847375006234,-3.561676273844978,-3.558647243128772,-3.555602297916732,-3.5525450058316927,-3.5494781104095896,-3.5464037273972577,-3.5433234929314685,-3.5402386757270543,-3.537150262258181,-3.5340590216125642,-3.5309655550019845,-3.5278703336585893,-3.5247737279163722,-3.521676029585024,-3.51857746920657,-3.5154782293983597,-3.5123784551954813,-3.5092782620870593,-3.5061777422758835,-3.503076969566003,-3.4999760031882254,-3.4968748908015455,-3.493773670853651,-3.490672374441804,-3.487571026783346,-3.4844696483804687,-3.4813682559449983,-3.4782668631343716,-3.475165481138722,-3.472064119150292,-3.46896278473964,-3.4658614841578363,-3.4627602225797802,-3.4596590043005544,-3.456557832894252,-3.4534567113427337,-3.450355642140249,-3.447254627378646,-3.4441536688169143,-3.441052767938082,-3.4379519259958604,-3.4348511440529776,-3.431750423012748,-3.428649763645124,-3.4255491666082576,-3.422448632466367,-3.419348161704585,-3.416247754741321,-3.413147411938581,-3.4100471336106013,-3.4069469200310807,-3.4038467714392615,-3.4007466880450528,-3.3976466700333523,-3.394546717567708,-3.391446830793422,-3.388347009840194,-3.3852472548243795,-3.38214756585092,-3.3790479430150104,-3.3759483864035267,-3.3728488960962757,-3.3697494721670753,-3.3666501146847114,-3.36355082371378,-3.3604515993154362,-3.3573524415480787,-3.354253350467964,-3.35115432612978,-3.348055368587185,-3.3449564778933247,-3.3418576541013296,-3.338758897264815,-3.3356602074383814,-3.3325615846781353,-3.329463029042231,-3.326364540591452,-3.3232661193898396,-3.320167765505379,-3.3170694790107693,-3.313971259984278,-3.3108731085107146,-3.307775024682533,-3.3046770086011,-3.301579060378159,-3.298481180137521,-3.295383368017036,-3.292285624170893,-3.289187948772321,-3.286090341744818,-3.282992803018671,-3.279895332530327,-3.276797930221833,-3.2737005960403316,-3.270603329937609,-3.267506131869689,-3.264409001796468,-3.2613119396813874,-3.258214945491135,-3.25511801919538,-3.252021160766528,-3.2489243701795036,-3.245827647411549,-3.2427309924420475,-3.2396344052523536,-3.236537885825649,-3.233441434146805,-3.2303450502022604,-3.2272487339799065,-3.2241524854689882,-3.221056304660007,-3.21796019154464,-3.2148641461156613,-3.2117681683668713,-3.2086722582930385,-3.2055764158898414,-3.202480641153818,-3.199384934082324,-3.1962892946735018,-3.193193722926245,-3.1900982188401796,-3.187002782415653,-3.183907413653728,-3.1808121125561963,-3.1777168791255916,-3.1746217133652355,-3.17152661527929,-3.1684315848728435,-3.165336622152023,-3.1622417271241487,-3.1591468997979417,-3.1560521401837964,-3.152957448294138,-3.149862824143892,-3.1467682677510997,-3.143673779137723,-3.1405793583306987,-3.1374850053633208,-3.1343907202770596,-3.1312965031239504,-3.1282023539697423,-3.1251082728980624,-3.1220142600159275,-3.118920315461059,-3.1158264394116233,-3.1127326320992097,-3.1096388938261925,-3.106545224989008,-3.1034516261094205,-3.1003580978766596,-3.09726464120432,-3.0941712573074174,-3.0910779478069905,-3.0879847148724617,-3.084891561415881,-3.081798491357648,-3.0787055099909217,-3.0756126244826727,-3.0725198445643436,-3.06942718348633,-3.0663346593403844,-3.0632422968964566,-3.060150130160578,-3.0570582059458755,-3.053966588870621,-3.050875368371277,-3.0477846685676755,-3.044694662175034,-3.0416055901717516,-3.03851778967296,-3.035431733529781,-3.032348086721972,-3.029267786853906,-3.0261921593163272,-3.023123082397731,-3.02006322448358,-3.0170163854234633,-3.0139879885333443,-3.0109857904279997,-3.008020905517546,-3.0051092838601337,-3.0022738390008303,-2.999547500008309,-2.9969775600441437,-2.9946318051464056,-2.9926070043868966,-2.991040357937492,-2.9901242903210092
-3.592733051371909,-3.591943386730025,-3.5905750155907286,-3.588779244650445,-3.5866657774998125,-3.5843148554602298,-3.581785597932241,-3.5791218301131575,-3.5763562115729206,-3.5735131942002094,-3.57061116118128,-3.5676639857523416,-3.564682174554053,-3.561673710994738,-3.558644680375803,-3.555599735261789,-3.552542443275383,-3.5494755479524023,-3.5464011650395895,-3.5433209306736395,-3.5402361135693265,-3.5371477002007703,-3.5340564596556456,-3.5309629931457045,-3.527867771903068,-3.524771166261711,-3.521673468031305,-3.518574907753865,-3.5154756680467303,-3.51237589394498,-3.5092757009377293,-3.5061751812277655,-3.5030744086191294,-3.499973442342627,-3.4968723300572497,-3.4937711102106808,-3.4906698139001824,-3.487568466343093,-3.4844670880416024,-3.481365695707537,-3.4782643029983333,-3.475162921104121,-3.472061559217144,-3.46896022490796,-3.4658589244276365,-3.4627576629510735,-3.459656444773354,-3.45655527346857,-3.453454152018581,-3.450353082917639,-3.447252068257591,-3.444151109797427,-3.4410502090201738,-3.437949367179542,-3.4348485853382598,-3.4317478643996404,-3.4286472051336387,-3.4255466081984065,-3.4224460741581613,-3.4193456034980345,-3.416245196636437,-3.4131448539353753,-3.410044575709085,-3.4069443622312634,-3.4038442137411553,-3.4007441304486674,-3.3976441125387,-3.394544160174799,-3.391444273502266,-3.3883444526508013,-3.3852446977367614,-3.3821450088650895,-3.3790453861309784,-3.3759458296213043,-3.372846339415874,-3.3697469155885047,-3.3666475582079824,-3.363548267338903,-3.3604490430424234,-3.3573498853769403,-3.3542507943987094,-3.3511517701624194,-3.34805281272173,-3.3449539221297857,-3.3418550984397175,-3.3387563417051407,-3.3356576519806556,-3.3325590293223692,-3.3294604737884352,-3.3263619854396373,-3.3232635643400164,-3.3201652105575583,-3.3170669241649624,-3.313968705240496,-3.310870553868967,-3.307772470142831,-3.3046744541634543,-3.3015765060425806,-3.2984786259040195,-3.295380813885621,-3.2922830701415764,-3.2891853948451137,-3.286087787919732,-3.2829902492957177,-3.2798927789095176,-3.2767953767031797,-3.2736980426238453,-3.2706007766233003,-3.2675035786575686,-3.2644064486865463,-3.261309386673675,-3.2582123925856434,-3.25511546639212,-3.25201860806551,-3.248921817580738,-3.245825094915047,-3.242728440047819,-3.2396318529604096,-3.2365353336360005,-3.2334388820594633,-3.2303424982172353,-3.2272461820972103,-3.2241499336886315,-3.2210537529820003,-3.217957639968994,-3.214861594642386,-3.211765616995978,-3.2086697070245385,-3.2055738647237444,-3.202478090090135,-3.1993823831210664,-3.19628674381468,-3.1931911721698683,-3.1900956681862587,-3.187000231864199,-3.1839048632047526,-3.1808095622097103,-3.177714328881607,-3.174619163223763,-3.1715240652403396,-3.168429034936426,-3.165334072318148,-3.162239177392827,-3.159144350169185,-3.1560495906576165,-3.1529548988705445,-3.149860274822896,-3.146765718532712,-3.143671230021953,-3.1405768093175577,-3.1374824564528194,-3.1343881714692086,-3.131293954418761,-3.1281998053672244,-3.125105724398228,-3.1220117116187867,-3.1189177671666246,-3.115823891219904,-3.112730084010216,-3.109636345839936,-3.106542677105499,-3.1034490783286697,-3.1003555501986777,-3.0972620936291175,-3.0941687098350057,-3.0910754004373806,-3.0879821676056647,-3.0848890142519085,-3.08179594429651,-3.078702963032629,-3.0756100776272346,-3.0725172978117716,-3.069424636836635,-3.0663321127935754,-3.063239750452545,-3.0601475838195737,-3.0570556597077867,-3.053964042735455,-3.050872822339041,-3.0477821226383743,-3.0446921163486684,-3.041603044448318,-3.0385152440524497,-3.0354291880121727,-3.0323455413072313,-3.029265241541977,-3.026189614107121,-3.0231205372911116,-3.0200606794793408,-3.017013840521294,-3.0139854437327793,-3.010983245728345,-3.0080183609177658,-3.0051067393586868,-3.0022712945954306,-2.999544955695565,-2.996975015819043,-2.9946292610015686,-2.992604460311524,-2.9910378139159244,-2.9901217463308503
-3.592730393813728,-3.5919407291959202,-3.5905723580987625,-3.588776587214339,-3.586663120130094,-3.5843121981650365,-3.5817829407179045,-3.5791191729846297,-3.5763535545340894,-3.5735105372541374,-3.5706085043303903,-3.567661328998556,-3.564679517898901,-3.5616710544394374,-3.558642023921332,-3.5555970789089275,-3.5525397870247613,-3.5494728918045286,-3.5463985089948737,-3.5433182747324157,-3.5402334577318664,-3.537145044467296,-3.5340538040263403,-3.530960337620717,-3.5278651164825234,-3.524768510945713,-3.5216708128199437,-3.518572252647213,-3.51547301304485,-3.5123732390479256,-3.5092730461455472,-3.506172526540494,-3.5030717540368044,-3.4999707878652777,-3.4968696756849034,-3.493768455943364,-3.490667159737917,-3.4875658122859,-3.4844644340895026,-3.48136304186055,-3.478261649256476,-3.47516026746741,-3.4720589056855946,-3.468957571481585,-3.4658562711064507,-3.4627550097350905,-3.4596537916625874,-3.456552620463033,-3.453451499118288,-3.450350430122602,-3.4472494155678213,-3.444148457212936,-3.4410475565409735,-3.4379467148056446,-3.4348459330696777,-3.431745212236385,-3.4286445530757224,-3.4255439562458405,-3.422443422310959,-3.419342951756207,-3.416242544999996,-3.4131422024043325,-3.410041924283451,-3.4069417109110502,-3.403841562526373,-3.4007414793393287,-3.397641461534815,-3.394541509276378,-3.3914416227093205,-3.3883418019633433,-3.3852420471548026,-3.382142358388639,-3.379042735760047,-3.3759431793559043,-3.372843689256016,-3.3697442655342003,-3.3666449082592425,-3.363545617495738,-3.3604463933048447,-3.357347235744959,-3.3542481448723365,-3.351149120741667,-3.348050163406609,-3.3449512729203073,-3.3418524493358928,-3.3387536927069807,-3.335655003088172,-3.332556380535573,-3.3294578251073395,-3.326359336864252,-3.323260915870352,-3.320162562193626,-3.3170642759067737,-3.313966057088061,-3.310867905822299,-3.30776982220194,-3.304671806328351,-3.301573858313276,-3.2984759782805257,-3.29537816636795,-3.29228042272974,-3.289182747539123,-3.2860851407195972,-3.2829876022014495,-3.279890131921129,-3.276792729820681,-3.273695395847248,-3.2705981299526155,-3.267500932092807,-3.26440380222772,-3.2613067403207947,-3.2582097463387205,-3.255112820251165,-3.252015962030535,-3.248919171651754,-3.2458224490920653,-3.2427257943308505,-3.2396292073494655,-3.236532688131092,-3.2334362366606015,-3.2303398529244327,-3.2272435369104775,-3.2241472886079787,-3.22105110800744,-3.217954995100537,-3.2148589498800435,-3.2117629723397627,-3.20866706247446,-3.2055712202798143,-3.2024754457523645,-3.1993797388894665,-3.1962840996892607,-3.1931885281506416,-3.1900930242732364,-3.1869975880573915,-3.183902219504172,-3.180806918615367,-3.177711685393512,-3.1746165198419276,-3.1715214219647763,-3.1684263917671447,-3.1653314292551595,-3.1622365344361425,-3.159141707318815,-3.156046947913572,-3.1529522562328385,-3.149857632291538,-3.146763076107713,-3.1436685877033255,-3.1405741671053113,-3.1374798143469658,-3.1343855294697596,-3.1312913125257276,-3.1281971635806176,-3.1251030827180575,-3.1220090700450656,-3.1189151256993632,-3.115821249859114,-3.112727442755909,-3.109633704692124,-3.106540036064192,-3.1034464373938793,-3.1003529093704145,-3.097259452907393,-3.0941660692198316,-3.0910727599287684,-3.0879795272036237,-3.0848863739564503,-3.081793304107646,-3.0787003229503696,-3.075607437651591,-3.0725146579427562,-3.069421997074257,-3.0663294731378463,-3.063237110903474,-3.060144944377171,-3.0570530203720616,-3.053961403506415,-3.050870183216693,-3.0477794836227234,-3.044689477439716,-3.041600405646061,-3.038512605356876,-3.0354265494232635,-3.0323429028249516,-3.029262603166268,-3.0261869758378914,-3.02311789912822,-3.0200580414225744,-3.01701120257033,-3.013982805887135,-3.0109806079873,-3.0080157232802462,-3.0051041018230977,-3.0022686571594006,-2.999542318355579,-2.9969723785699056,-2.9946266238356287,-2.992601823217588,-2.991035176877762,-2.9901191093252453
-3.5927276390967484,-3.591937974503897,-3.590569603450417,-3.5887738326238954,-3.5866603656084637,-3.584309443720657,-3.5817801863573377,-3.579116418713008,-3.576350800355443,-3.573507783171643,-3.5706057503465587,-3.5676585751153778,-3.564676764117961,-3.561668300762001,-3.558639270348409,-3.55559432544133,-3.5525370336631403,-3.54947013854941,-3.546395755846683,-3.5433155216915,-3.5402307047985073,-3.537142291641723,-3.534051051308744,-3.5309575850112553,-3.5278623639813245,-3.5247657585528853,-3.5216680605355752,-3.5185695004713815,-3.5154702609776196,-3.51237048708935,-3.509270294295675,-3.506169774799369,-3.5030690024044637,-3.4999680363417554,-3.4968669242702286,-3.4937657046375605,-3.4906644085410092,-3.48756306119791,-3.484461683110451,-3.481360290990454,-3.4782588984953526,-3.475157516815276,-3.472056155142466,-3.4689548210474763,-3.465853520781377,-3.462752259519067,-3.459651041555628,-3.4565498704651505,-3.4534487492294943,-3.45034768034291,-3.447246665897245,-3.4441457076514888,-3.4410448070886677,-3.437943965462493,-3.434843183835691,-3.431742463111576,-3.4286418040601037,-3.4255412073394242,-3.4224406735137562,-3.419340203068231,-3.4162397964212574,-3.413139453934843,-3.4100391759232225,-3.4069389626600937,-3.403838814384701,-3.4007387313069524,-3.3976387136117463,-3.3945387614626297,-3.3914388750049045,-3.3883390543682705,-3.3852392996690845,-3.3821396110122883,-3.379039988493075,-3.375940432198323,-3.3728409422078363,-3.3697415185954336,-3.3666421614299016,-3.3635428707758344,-3.3604436466943888,-3.3573444892439617,-3.3542453984808103,-3.351146374459623,-3.3480474172340586,-3.344948526857262,-3.3418497033823646,-3.3387509468629815,-3.3356522573537126,-3.3325536349106653,-3.3294550795919937,-3.326356591458481,-3.323258170574168,-3.320159817007041,-3.3170615308297986,-3.313963312120708,-3.3108651609645787,-3.307767077453864,-3.3046690616899324,-3.301571113784525,-3.298473233861454,-3.2953754220585685,-3.2922776785300605,-3.2891800034491574,-3.2860823967393578,-3.282984858330948,-3.2798873881603763,-3.2767899861696894,-3.2736926523060297,-3.2705953865211814,-3.267498188771169,-3.2644010590158903,-3.261303997218785,-3.2582070033465422,-3.2551100773688306,-3.252013219258055,-3.24891642898914,-3.2458197065393293,-3.2427230518880044,-3.239626465016521,-3.2365299459080608,-3.233433494547495,-3.230337110921263,-3.2272407950172557,-3.2241445468247165,-3.221048366334147,-3.2179522535372267,-3.2148562084267263,-3.2117602309964495,-3.2086643212411623,-3.205568479156545,-3.2024727047391344,-3.1993769979862887,-3.196281358896147,-3.1931857874676033,-3.190090283700285,-3.1869948475945393,-3.1838994791514295,-3.180804178372745,-3.1777089452610228,-3.174613779819582,-3.1715186820525854,-3.168423651965121,-3.1653286895633164,-3.1622337948544903,-3.159138967847365,-3.156044208552336,-3.1529495169818267,-3.149854893150763,-3.146760337077187,-3.1436658487830593,-3.140571428295318,-3.1374770756472565,-3.1343827908803457,-3.1312885740466205,-3.12819442521183,-3.1251003444596,-3.1220063318969493,-3.1189123876615987,-3.1158185119317143,-3.112724704938885,-3.1096309669854874,-3.106537298467955,-3.1034436999080532,-3.10035017199501,-3.0972567156424224,-3.0941633320653064,-3.091070022884699,-3.087976790270023,-3.084883637133329,-3.0817905673950152,-3.078697586348242,-3.075604701159978,-3.072511921561668,-3.0694192608037048,-3.06632673697784,-3.063234374854025,-3.06014220843829,-3.0570502845437577,-3.053958667788698,-3.050867447609569,-3.0477767481261977,-3.0446867420537895,-3.0415976703707313,-3.038509870192133,-3.0354238143690844,-3.032340167881299,-3.0292598683330825,-3.026184241115077,-3.023115164515633,-3.0200553069199914,-3.017008468177418,-3.0139800716033935,-3.010977873811981,-3.008012989212238,-3.005101367860744,-3.002265923300244,-2.9995395845959774,-2.9969696449044743,-2.99462389025644,-2.9925990897130377,-2.991032443431025,-2.990116375912256
-3.5927247836786034,-3.5919351191116204,-3.590566748103417,-3.5887709773369134,-3.5866575103928113,-3.5843065885850796,-3.5817773313086385,-3.5791135637565064,-3.576347945495317,-3.573504928411184,-3.57060289568837,-3.5676557205615254,-3.564673909670087,-3.5616654464214146,-3.5586364161161574,-3.5555914713182557,-3.5525341796499195,-3.5494672846465876,-3.5463929020547007,-3.5433126680107154,-3.540227851229212,-3.537139438184156,-3.534048197963101,-3.530954731777698,-3.5278595108599875,-3.52476290554388,-3.521665207638997,-3.518566647687309,-3.515467408306119,-3.5123676345304786,-3.5092674418494836,-3.5061669224659004,-3.5030661501837552,-3.4999651842338406,-3.496864072275137,-3.493762852755319,-3.4906615567716437,-3.4875602095414426,-3.4844588315669007,-3.481357439559841,-3.478256047177696,-3.4751546656105927,-3.472053304050772,-3.4689519700687894,-3.4658506699157132,-3.46274940876644,-3.459648190916051,-3.456547019938638,-3.45344589881606,-3.4503448300425683,-3.447243815710009,-3.4441428575773716,-3.4410419571276822,-3.437941115614653,-3.43484033410101,-3.431739613490066,-3.4286389545517757,-3.4255383579442915,-3.4224378242318303,-3.4193373538995244,-3.416236947365782,-3.413136604992611,-3.410036327094245,-3.406936113944383,-3.4038359657822683,-3.4007358828178114,-3.397635865235908,-3.3945359132001065,-3.391436026855709,-3.388336206332416,-3.385236451746582,-3.382136763203149,-3.3790371407973123,-3.3759375846159476,-3.3728380947388614,-3.3697386712398707,-3.366639314187762,-3.3635400236471305,-3.360440799679134,-3.3573416423421674,-3.3542425516924883,-3.3511435277847856,-3.348044570672718,-3.3449456804094315,-3.3418468570480555,-3.3387481006422046,-3.3356494112464814,-3.3325507889169903,-3.3294522337118866,-3.3263537456919545,-3.3232553249212344,-3.3201569714677115,-3.3170586854040858,-3.313960466808625,-3.310862315766136,-3.307764232369075,-3.3046662167188083,-3.3015682689270793,-3.2984703891176985,-3.2953725774285165,-3.292274834013723,-3.2891771590465466,-3.2860795524504853,-3.282982014155826,-3.279884544099016,-3.276787142222103,-3.273689808472229,-3.270592542801178,-3.267495345164977,-3.26439821552352,-3.2613011538402485,-3.2582041600818523,-3.255107234217999,-3.252010376221094,-3.2489135860660623,-3.245816863730146,-3.242720209192727,-3.239623622435162,-3.2365271034406318,-3.2334306521940084,-3.2303342686817302,-3.2272379528916892,-3.224141704813129,-3.221045524436552,-3.217949411753635,-3.214853366757152,-3.2117573894409026,-3.2086614797996553,-3.2055656378290887,-3.202469863525742,-3.1993741568869716,-3.1962785179109168,-3.193182946596473,-3.1900874429432653,-3.1869920069516424,-3.183896638622668,-3.180801337958131,-3.177706104960568,-3.174610939633299,-3.171515841980486,-3.1684208120072173,-3.1653258497196193,-3.1622309551250125,-3.1591361282321184,-3.1560413690513314,-3.152946677595077,-3.1498520538782797,-3.1467574979189807,-3.1436630097391425,-3.1405685893657025,-3.137474236831955,-3.134379952179371,-3.131285735459984,-3.1281915867395425,-3.1250975061016755,-3.122003493653398,-3.1189095495324346,-3.115815673916949,-3.112721867038531,-3.1096281291995562,-3.1065344607964587,-3.103440862351004,-3.1003473345524215,-3.097253878314304,-3.0941604948516703,-3.091067185785558,-3.0879739532853887,-3.084880800263213,-3.08178773063943,-3.078694749707199,-3.0756018646334895,-3.0725090851497447,-3.069416424506358,-3.0663239007950818,-3.063231538785866,-3.060139372484741,-3.0570474487048296,-3.053955832064399,-3.050864611999908,-3.047773912631179,-3.0446839066734146,-3.041594835104996,-3.038507035041026,-3.0354209793325846,-3.0323373329593677,-3.029257033525657,-3.0261814064220594,-3.0231123299368696,-3.0200524724552538,-3.0170056338263596,-3.013977237365497,-3.0109750396864725,-3.0080101551979643,-3.0050985339559895,-3.0022630895024602,-2.999536750901388,-2.996966811307497,-2.994621056748855,-2.992596256282817,-2.9910296100607296,-2.9901135425769425
-3.5927218238885312,-3.5919321593483624,-3.5905637883870876,-3.588768017682795,-3.5866545508126286,-3.5843036290878985,-3.581774371901512,-3.5791106044449488,-3.576344986283657,-3.5735019693028347,-3.5705999366860293,-3.567652761667335,-3.564670950885749,-3.5616624877482863,-3.5586334575553247,-3.555588512870587,-3.5525312213161158,-3.549464326427214,-3.5463899439502153,-3.54330971002149,-3.540224893355549,-3.5371364804263026,-3.5340452403212606,-3.530951774252039,-3.52785655345065,-3.524759948250981,-3.521662250462633,-3.518563690627562,-3.515464451363061,-3.512364677704169,-3.509264485139973,-3.506163965873233,-3.503063193707971,-3.4999622278749745,-3.496861116033221,-3.4937598966303822,-3.4906586007637097,-3.4875572536505346,-3.484455875793041,-3.4813544839030484,-3.4782530916379883,-3.4751517101879887,-3.4720503487452903,-3.468949014880446,-3.4658477148445237,-3.4627464538124193,-3.459645236079215,-3.456544065219001,-3.4534429442136365,-3.4503418755573714,-3.4472408613420527,-3.4441399033266693,-3.441039002994247,-3.4379381615984963,-3.434837380202145,-3.431736659708507,-3.428636000887535,-3.425535404397382,-3.422434870802265,-3.4193344005873154,-3.4162339941709425,-3.413133651915154,-3.410033374134184,-3.4069331611017306,-3.4038330130570382,-3.400732930210014,-3.397632912745558,-3.3945329608272172,-3.391433074600291,-3.388333254194481,-3.385233499726142,-3.3821338113002186,-3.3790341890119024,-3.3759346329480717,-3.3728351431885306,-3.3697357198070974,-3.366636362872559,-3.363537072449511,-3.3604378485991098,-3.3573386913797516,-3.354239600847693,-3.3511405770576235,-3.348041620063202,-3.3449427299175722,-3.341843906673866,-3.338745150385698,-3.335646461107669,-3.3325478388958856,-3.329449283808503,-3.3263507959063032,-3.3232523752533267,-3.3201540219175607,-3.317055735971704,-3.313957517494025,-3.3108593665693316,-3.307761283290078,-3.304663267757632,-3.301565320083736,-3.2984674403922014,-3.2953696288208767,-3.292271885523954,-3.28917421067466,-3.2860766041964946,-3.2829790660197435,-3.279881596080855,-3.276784194321876,-3.2736868606899483,-3.270589595136857,-3.2674923976186263,-3.2643952680951527,-3.2612982065298777,-3.258201212889489,-3.255104287143656,-3.252007429264784,-3.248910639227798,-3.24581391700994,-3.242717262590592,-3.2396206759511093,-3.2365241570746743,-3.233427705946159,-3.230331322552001,-3.227235006880093,-3.2241387589196773,-3.2210425786612573,-3.2179464660965094,-3.2148504212182076,-3.211754444020153,-3.2086585344971126,-3.2055626926447665,-3.2024669184596517,-3.1993712119391247,-3.1962755730813273,-3.1931800018851533,-3.1900844983502283,-3.1869890624769006,-3.1838936942662337,-3.1807983937200173,-3.177703160840786,-3.174607995631861,-3.1715128980974048,-3.1684178682425053,-3.1653229060732895,-3.1622280115970773,-3.1591331848225908,-3.156038425760224,-3.1529437344224016,-3.149849110824049,-3.1467545549832083,-3.14366006692184,-3.1405656466668814,-3.137471294251627,-3.1343770097175483,-3.13128279311668,-3.128188644514771,-3.1250945639954475,-3.1220005516657263,-3.118906607663331,-3.115812732166426,-3.1127189254066003,-3.1096251876862304,-3.106531519401749,-3.103437921074923,-3.1003443933949812,-3.0972509372755184,-3.0941575539315513,-3.091064244984118,-3.0879710126026403,-3.0848778596991693,-3.081784790194102,-3.0786918093805995,-3.07559892442563,-3.072506145060639,-3.0694134845360184,-3.066320960943521,-3.063228599053095,-3.0601364328707716,-3.0570445092096716,-3.0539528926880624,-3.0508616727423994,-3.047770973492503,-3.0446809676535733,-3.041591896203985,-3.0385040962588343,-3.03541804066919,-3.0323343944147294,-3.029254095099709,-3.0261784681146993,-3.023109391747942,-3.0200495343845204,-3.017002695873462,-3.013974299529897,-3.0109721019673685,-3.0080072175941597,-3.0050955964657073,-3.002260152123061,-2.9995338136289567,-2.9969638741362465,-2.9946181196702657,-2.992593319284422,-2.991026673124451,-2.9901106056769238
-3.592718755922724,-3.5919290914103486,-3.5905607204977183,-3.588764949857913,-3.5866514830643856,-3.58430056142569,-3.5817713043326496,-3.5791075369751466,-3.5763419189174033,-3.5734989020436663,-3.5705968695367423,-3.567649694630147,-3.564667883962425,-3.5616594209402344,-3.558630390863671,-3.5555854462962366,-3.5525281548597945,-3.549461260089508,-3.5463868777315994,-3.543306643922348,-3.5402218273761963,-3.537133414566995,-3.534042174582209,-3.5309487086334164,-3.5278534879526013,-3.5247568828736253,-3.5216591852060732,-3.5185606254918826,-3.515461386348334,-3.512361612810458,-3.509261420367331,-3.506160901221706,-3.5030601291775985,-3.499959163465792,-3.4968580517452605,-3.493756832463673,-3.490655536718278,-3.487554189726405,-3.4844528119902356,-3.48135142022159,-3.478250028077896,-3.47514864674928,-3.4720472854279816,-3.4689459516845544,-3.465844651770066,-3.462743390859412,-3.4596421732476728,-3.4565410025089407,-3.453439881625072,-3.450338813090318,-3.447237798996524,-3.4441368411026803,-3.4410359408918105,-3.437935099617627,-3.4348343183428565,-3.431733597970813,-3.428632939271449,-3.425532342902917,-3.4224318094294333,-3.4193313393361313,-3.416230933041419,-3.413130590907304,-3.4100303132480208,-3.4069301003372683,-3.4038299524142888,-3.4007298696889916,-3.3976298523462747,-3.3945299005496854,-3.391430014444524,-3.388330194160493,-3.385230439813946,-3.3821307515098273,-3.379031129343328,-3.3759315734013255,-3.372832083763626,-3.369732660504048,-3.3666333036913776,-3.36353401339021,-3.3604347896617024,-3.3573356325642516,-3.3542365421541134,-3.3511375184859773,-3.3480385616135013,-3.3449396715898296,-3.341840848468095,-3.338742092301911,-3.3356434031458786,-3.332544781056104,-3.329446226090743,-3.3263477383105773,-3.323249317779649,-3.320150964565945,-3.3170526787421633,-3.3139544603865727,-3.310856309583981,-3.3077582264268406,-3.3046602110165204,-3.301562263464763,-3.2984643838953795,-3.29536657244622,-3.2922688292714755,-3.2891711545443734,-3.286073548188412,-3.282976010133879,-3.279878540317222,-3.2767811386804877,-3.2736838051708173,-3.2705865397399956,-3.267489342344048,-3.2643922129428704,-3.2612951514999042,-3.258198157981838,-3.25510123235834,-3.2520043746018166,-3.248907584687191,-3.245810862591706,-3.2427142082947435,-3.2396176217776604,-3.2365211030236374,-3.2334246520175465,-3.2303282687458266,-3.2272319531963696,-3.2241357053584188,-3.2210395252224755,-3.217943412780217,-3.2148473680244174,-3.2117513909488773,-3.208655481548366,-3.20555963981856,-3.2024638657559983,-3.199368159358039,-3.196272520622821,-3.193176949549239,-3.19008144613692,-3.1869860103862107,-3.1838906422981754,-3.180795341874604,-3.177700109118031,-3.1746049440317763,-3.171509846620003,-3.168414816887799,-3.1653198548412913,-3.1622249604877988,-3.159130133836047,-3.156035374896427,-3.152940683681365,-3.149846060205786,-3.1467515044877303,-3.143657016549161,-3.1405625964170127,-3.137468244124583,-3.134373959713341,-3.131279743235322,-3.128185594756275,-3.1250915143598275,-3.121997502152995,-3.118903558273503,-3.115809682899513,-3.112715876262615,-3.1096221386651854,-3.106528470503658,-3.103434872299799,-3.1003413447428363,-3.0972478887463653,-3.0941545055254025,-3.0910611967009864,-3.0879679644425395,-3.084874811662112,-3.0817817422801017,-3.078688761589669,-3.0755958767577822,-3.0725030975158854,-3.0694104371143727,-3.066317913644996,-3.063225551877701,-3.060133385818518,-3.05704146228057,-3.053949845882122,-3.0508586260596284,-3.0477679269329077,-3.0446779212171546,-3.04158884989074,-3.0385010500687506,-3.035414994602244,-3.032331348470881,-3.029251049278891,-3.0261754224168054,-3.0231063461728094,-3.0200464889319028,-3.0169996505429864,-3.0139712543210067,-3.0109690568792304,-3.008004172625536,-3.0050925516147546,-3.002257107387042,-2.9995307690038153,-2.996960829615984,-2.994615075246052,-2.9925902749433333,-2.991023628847749,-2.9901075614378074
-3.592715575839565,-3.5919259113559994,-3.590557540493793,-3.58876176992083,-3.586648303206744,-3.5842973816572297,-3.5817681246609454,-3.579104357406123,-3.576338739455712,-3.5734957226929738,-3.5705936902999498,-3.567646515509553,-3.564664704959859,-3.561656242057155,-3.5586272121012454,-3.555582267655402,-3.552524976341303,-3.5494580816939685,-3.5463836994595024,-3.543303465774093,-3.540218649352107,-3.537130236667339,-3.534038996807205,-3.5309455309832436,-3.527850310427409,-3.524753705473539,-3.5216560079311963,-3.5185574483423028,-3.515458209324126,-3.5123584359116857,-3.5092582435940503,-3.506157724573965,-3.50305695265544,-3.499955987069252,-3.496854875474372,-3.4937536563184657,-3.4906523606987805,-3.4875510138326424,-3.484449636222231,-3.4813482445793653,-3.4782468525614716,-3.475145471358677,-3.472044110163218,-3.4689427765456475,-3.4658414767570322,-3.462740215972267,-3.459638998486433,-3.456537827873621,-3.4534367071156895,-3.4503356387068873,-3.4472346247390604,-3.444133666971198,-3.441032766886325,-3.4379319257381513,-3.4348311445894053,-3.4317304243433995,-3.428629765770088,-3.425529169527623,-3.4224286361802205,-3.4193281662130124,-3.4162277600444075,-3.413127418036413,-3.410027140503263,-3.4069269277186573,-3.4038267799218387,-3.4007266973227153,-3.3976266801061863,-3.394526728435798,-3.3914268424568514,-3.3883270222990483,-3.3852272680787436,-3.3821275799008785,-3.379027957860647,-3.3759284020449267,-3.3728289125335236,-3.369729489400255,-3.3666301327139068,-3.363530842539074,-3.3604316189369148,-3.357332461965826,-3.354233371682063,-3.351134348140315,-3.3480353913942404,-3.3449365014969845,-3.341837678501678,-3.338738922461935,-3.335640233432358,-3.3325416114690523,-3.3294430566301725,-3.3263445689765034,-3.323246148572084,-3.3201477954849015,-3.3170495097876547,-3.3139512915586113,-3.31085314088258,-3.307755057852016,-3.3046570425682855,-3.301559095143132,-3.298461215700366,-3.295363404377838,-3.2922656613297376,-3.2891679867292933,-3.286070380500003,-3.2829728425721543,-3.2798753728821946,-3.2767779713721703,-3.2736806379892243,-3.2705833726851417,-3.267486175415946,-3.264389046141534,-3.2612919848253465,-3.2581949914340727,-3.255098065937381,-3.2520012083076764,-3.248904418519883,-3.2458076965512443,-3.2427110423811416,-3.2396144559909303,-3.236517937363794,-3.2334214864846027,-3.2303251033397955,-3.2272287879172636,-3.2241325402062513,-3.2210363601972603,-3.2179402478819683,-3.2148442032531483,-3.2117482263046027,-3.2086523170310968,-3.2055564754283106,-3.2024607014927824,-3.1993649952218686,-3.1962693566137097,-3.1931737856672,-3.190078282381967,-3.1869828467583576,-3.183887478797435,-3.1807921785009903,-3.177696945871557,-3.174601780912457,-3.1715066836278503,-3.168411654022826,-3.165316692103511,-3.162221797877227,-3.159126971352695,-3.156032212540308,-3.1529375214524924,-3.1498428981041733,-3.146748342513392,-3.143653854702109,-3.1405594346972623,-3.137465082532146,-3.134370798248232,-3.1312765818975534,-3.12818243354586,-3.125088353276779,-3.1219943411973263,-3.118900397445225,-3.1158065221986404,-3.1127127156891614,-3.1096189782191646,-3.106525310185084,-3.1034317121086836,-3.100338184679193,-3.097244728810209,-3.0941513457167464,-3.091058037019845,-3.0879648048889248,-3.0848716522360373,-3.0817785829815807,-3.0786856024187155,-3.0755927177144087,-3.072499938600106,-3.0694072783262007,-3.066314754984442,-3.063222393344779,-3.0601302274132416,-3.057038304002949,-3.0539466877321657,-3.0508554680373443,-3.0477647690383014,-3.044674763450227,-3.041585692251488,-3.0384978925571624,-3.0354118372182937,-3.032328191214525,-3.0292478921500603,-3.0261722654153913,-3.0231031892986437,-3.0200433321847284,-3.016996493922418,-3.0139680978264667,-3.0109659005098584,-3.008001016380047,-3.0050893954912374,-3.0022539513826594,-2.9995276131143607,-2.996957673835242,-2.9946119195648677,-2.9925871193483116,-2.9910204733194674,-2.990104405948485
-3.592712279554745,-3.5919226151010424,-3.5905542442911016,-3.5887584737874243,-3.5866450071556804,-3.5842940856986023,-3.581764828802608,-3.5791010616542183,-3.5763354438150627,-3.5734924271673796,-3.5705903948924163,-3.5676432202224637,-3.564661409795111,-3.561652947016261,-3.5586239171854155,-3.5555789728656038,-3.5525216816783187,-3.5494547871584263,-3.546380405051911,-3.543300171494868,-3.5402153552015854,-3.5371269426457967,-3.5340357029148683,-3.530942237220302,-3.5278470167940155,-3.5247504119698214,-3.5216527145572636,-3.518554155098248,-3.5154549162100253,-3.5123551429276056,-3.5092549507400466,-3.506154431850089,-3.5030536600617346,-3.4999526946057564,-3.496851583141122,-3.493750364115493,-3.490649068626112,-3.487547721890304,-3.484446344410248,-3.481344952897759,-3.4782435610102653,-3.475142179937888,-3.4720408188728666,-3.4689394853857523,-3.465838185727611,-3.462736925073338,-3.4596357077180127,-3.456534537235725,-3.4534334166083314,-3.4503323483300816,-3.4472313344928227,-3.4441303768555427,-3.4410294769012677,-3.437928635883707,-3.4348278548655893,-3.4317271347502265,-3.4286264763075724,-3.4255258801957784,-3.4224253469790615,-3.4193248771425537,-3.4162244711046634,-3.4131241292273984,-3.410023851824993,-3.4069236391711453,-3.403823491505099,-3.400723409036763,-3.3976233919510332,-3.3945234404114584,-3.3914235545633393,-3.388323734536377,-3.385223980446926,-3.3821242923999297,-3.3790246704905815,-3.3759251148057583,-3.372825625425266,-3.3697262024229206,-3.36662684586751,-3.363527555823629,-3.3604283323524355,-3.357329175512325,-3.3542300853595552,-3.3511310619488137,-3.3480321053337607,-3.344933215567539,-3.3418343927032814,-3.3387356367946013,-3.335636947896101,-3.332538326063887,-3.329439771356112,-3.3263412838335618,-3.323242863560275,-3.320144510604239,-3.3170462250381525,-3.3139480069402834,-3.3108498563954405,-3.307751773496078,-3.304653758343563,-3.301555811049639,-3.2984579317381164,-3.295360120546846,-3.2922623776300175,-3.2891647031608593,-3.2860670970628694,-3.2829695592663346,-3.2798720897077027,-3.2767746883290214,-3.2736773550774307,-3.270580089904718,-3.2674828927669055,-3.26438576362389,-3.261288702439114,-3.2581917091792656,-3.255094783814013,-3.2519979263157617,-3.2489011366594354,-3.2458044148222784,-3.2427077607836714,-3.23961117452497,-3.2365146560293576,-3.233418205281704,-3.230321822268447,-3.22722550697748,-3.224129259398046,-3.2210330795206477,-3.217936967336961,-3.2148409228397603,-3.211744946022848,-3.2086490368809897,-3.2055531954098653,-3.2024574216060127,-3.199361715466789,-3.1962660769903333,-3.193170506175541,-3.1900750030220384,-3.1869795675301735,-3.183884199701009,-3.1807888995363336,-3.177693667038684,-3.174598502211381,-3.1715034050585866,-3.168408375585389,-3.165313413797915,-3.1622185197034853,-3.1591236933108213,-3.1560289346303176,-3.1529342436743977,-3.1498396204579886,-3.1467450649991306,-3.1436505773197863,-3.140556157446892,-3.1374618054137424,-3.1343675212618085,-3.131273305043124,-3.1281791568234376,-3.1250850766863776,-3.12199106473896,-3.1188971211189083,-3.1158032460043867,-3.1127094396269843,-3.1096157022890774,-3.106522034387101,-3.1034284364428197,-3.1003349091454635,-3.097241453408626,-3.0941480704473228,-3.0910547618825936,-3.087961529883861,-3.0848683773631755,-3.0817753082409336,-3.078682327810296,-3.0755894432382314,-3.072496664256185,-3.0694040041145474,-3.0663114809050707,-3.0632191193977025,-3.060126953598471,-3.0570350303204963,-3.0539434141820414,-3.0508521946195577,-3.047761495752858,-3.0446714902971292,-3.0415824192307297,-3.038494619668732,-3.035408564462166,-3.0323249185906556,-3.0292446196583773,-3.0261689930557814,-3.02309991707093,-3.0200400600886463,-3.0169932219575686,-3.013964825992252,-3.010962628805385,-3.0079977448039834,-3.0050861240416036,-3.0022506800565143,-2.9995243419073456,-2.9969544027409114,-2.9946086485737333,-2.992583848446489,-2.991017202486824,-2.990101135156225
-3.592708862836112,-3.591919198413363,-3.590550827657597,-3.588755057225737,-3.586641590679346,-3.584290669318085,-3.581761412526048,-3.579097645487979,-3.5763320277641433,-3.5734890112357216,-3.5705869790831346,-3.567639804538028,-3.5646579942374843,-3.561649531587012,-3.558620501885797,-3.555575557696624,-3.552518266640787,-3.549451372252995,-3.54637699027911,-3.5432967568551237,-3.5402119406952473,-3.537123528273151,-3.534032288676149,-3.5309388231157026,-3.527843602823697,-3.524746998133918,-3.521649300855888,-3.518550741531493,-3.515451502777973,-3.512351729630325,-3.509251537577597,-3.50615101882252,-3.5030502471690936,-3.4999492818480835,-3.496848170518453,-3.49374695162786,-3.490645656273545,-3.48754430967283,-3.4844429323278905,-3.4813415409505417,-3.4782401491982093,-3.475138768261016,-3.4720374073311975,-3.4689360739793047,-3.4658347744564035,-3.462733513937387,-3.4596322967173356,-3.456531126370338,-3.4534300058782543,-3.45032893773533,-3.447227924033413,-3.44412696653149,-3.4410260667125865,-3.437925225830413,-3.4348244449476963,-3.43172372496775,-3.4286230666605273,-3.425522470684179,-3.4224219376029232,-3.4193214679018915,-3.416221061999493,-3.413120720257734,-3.4100204429908496,-3.4069202304725374,-3.40382008294204,-3.4007200006092675,-3.3976199836591165,-3.394520032255134,-3.391420146542622,-3.388320326651281,-3.385220572697466,-3.38212088478612,-3.379021263012438,-3.375921707463294,-3.3728222182184955,-3.3697227953518603,-3.3666234389321734,-3.3635241490240304,-3.360424925688589,-3.357325768984245,-3.3542266789672555,-3.3511276556923093,-3.348028699213065,-3.344929809582668,-3.341830986854248,-3.3387322310814205,-3.3356335423187864,-3.3325349206224515,-3.3294363660505715,-3.326337878663929,-3.3232394585265648,-3.320141105706466,-3.3170428202763316,-3.3139446023144288,-3.3108464519055665,-3.3077483691421987,-3.3046503541256937,-3.3015524069677933,-3.298454527792309,-3.295356716737091,-3.29225897395633,-3.289161299623254,-3.2860636936613625,-3.2829661560009398,-3.2798686865784354,-3.2767712853358946,-3.27367395222046,-3.2705766871839166,-3.2674794901822892,-3.264382361175473,-3.2612853001269104,-3.2581883070032887,-3.255091381774277,-3.2519945244122823,-3.248897734892228,-3.2458010131913553,-3.242704359289048,-3.2396077731666613,-3.2365112548073767,-3.2334148041960655,-3.2303184213191662,-3.227222106164571,-3.2241258587215236,-3.221029678980526,-3.2179335669332545,-3.2148375225724832,-3.211741545892014,-3.2086456368866134,-3.2055497955519603,-3.2024540218845923,-3.199358315881869,-3.1962626775419283,-3.193167106863666,-3.190071603846707,-3.1869761684913995,-3.183880800798807,-3.18078550077072,-3.1776902684096737,-3.1745951037189877,-3.171500006702824,-3.1684049773662717,-3.165310015715457,-3.1622151217577,-3.159120295501724,-3.1560255369579227,-3.152930846138719,-3.1498362230590393,-3.146741667736925,-3.1436471801943386,-3.1405527604582177,-3.137458408561855,-3.1343641245467224,-3.1312699084648545,-3.128175760381999,-3.125081680381783,-3.121987668571225,-3.1188937250880464,-3.1157998501104123,-3.112706043869912,-3.109612306668921,-3.1065186389038755,-3.103425041096539,-3.100331513936142,-3.097238058336279,-3.094144675511966,-3.0910513670842406,-3.0879581352225256,-3.0848649828388703,-3.081771913853675,-3.0786789335600973,-3.0755860491251066,-3.072493270280148,-3.0694006102756135,-3.066308087203253,-3.0632157258330137,-3.0601235601709234,-3.057031637030101,-3.05394002102881,-3.0508488016034994,-3.0477581028739777,-3.044668097555429,-3.041579026626207,-3.0384912272013724,-3.0354051721319433,-3.0323215263975234,-3.0292412276022604,-3.026165601136561,-3.023096525288427,-3.020036668442586,-3.0169898304475367,-3.0139614346176278,-3.0109592375652414,-3.007994353696941,-3.0050827330656102,-3.0022472892085212,-2.9995209511828347,-2.9969510121332035,-2.994605258072993,-2.992580458038324,-2.9910138121503658,-2.990097744861625
-3.5927053212984186,-3.591915656907755,-3.590547286208144,-3.588751515850725,-3.5866380493928043,-3.5842871281308613,-3.5817578714465808,-3.5790941045228664,-3.5763284869185648,-3.5734854705137584,-3.570583438488016,-3.5676362640723163,-3.5646544539032172,-3.5616459913858143,-3.5586169618189696,-3.5555720177652086,-3.55251472684562,-3.5494478325947543,-3.546373450758341,-3.5432932174722716,-3.5402084014506747,-3.5371199891671536,-3.53402874970897,-3.530935284287542,-3.527840064134722,-3.5247434595842675,-3.521645762445677,-3.518547203260823,-3.5154479646469268,-3.512348191638974,-3.5092479997260027,-3.506147481110737,-3.5030467095971667,-3.499945744416055,-3.4968446332263596,-3.4937434144757358,-3.49064211926142,-3.4875407728007346,-3.4844393955958504,-3.4813380043585798,-3.4782366127463478,-3.475135231949275,-3.472033871159599,-3.468932537947868,-3.465831238565148,-3.4627299781863314,-3.459628761106498,-3.456527590899736,-3.4534264705479036,-3.450325402545249,-3.4472243889836163,-3.444123431621994,-3.4410225319434073,-3.4379216912015678,-3.4348209104592016,-3.4317201906196213,-3.428619532452779,-3.4255189366168275,-3.4224184036759837,-3.4193179341153797,-3.416217528353424,-3.413117186752123,-3.4100169096257096,-3.4069166972478833,-3.4038165498578876,-3.400716467665631,-3.397616450856012,-3.3945164995925765,-3.391416614020626,-3.388316794269861,-3.385217040456639,-3.3821173526859,-3.379017731052839,-3.375918175644333,-3.372818686540186,-3.369719263814217,-3.366619907535211,-3.363520617767764,-3.3604213945730326,-3.3573222380094143,-3.354223148133165,-3.3511241249989743,-3.3480251686604996,-3.3449262791708865,-3.341827456583266,-3.3387287009512536,-3.33563001232945,-3.332531390773961,-3.3294328363429413,-3.326334349097174,-3.3232359291007,-3.3201375764215055,-3.31703929113229,-3.3139410733113217,-3.310842923043409,-3.3077448404210053,-3.3046468255454786,-3.301548878528571,-3.2984509994940954,-3.295353188579901,-3.292255445940179,-3.2891577717481564,-3.286060165927332,-3.2829626284079922,-3.279865159126586,-3.27676775802516,-3.2736704250508546,-3.270573160155456,-3.2674759632949875,-3.2643788344293463,-3.2612817735219735,-3.2581847805395574,-3.2550878554517655,-3.2519909982310042,-3.2488942088521986,-3.2457974872925903,-3.242700833531562,-3.2396042475504694,-3.236507729332494,-3.233411278862507,-3.230314896126947,-3.2272185811137057,-3.2241223338120277,-3.2210261542124132,-3.217930042306541,-3.214833998087183,-3.2117380215481424,-3.2086421126841853,-3.205546271490991,-3.2024504979650983,-3.1993547921038634,-3.196259153905426,-3.1931635833686824,-3.190068080493257,-3.1869726452794978,-3.183877277728468,-3.1807819778419586,-3.1776867456225038,-3.174591581073425,-3.1714964841988844,-3.168401455003969,-3.165306493494806,-3.162211599678716,-3.1591167735644206,-3.1560220151623137,-3.1529273244848213,-3.149832701546867,-3.146738146366493,-3.143643658965662,-3.14054923937131,-3.1374548876167325,-3.134360603743399,-3.131266387803345,-3.1281722398623186,-3.1250781600039486,-3.12198414833525,-3.1188902049939458,-3.1157963301582017,-3.1127025240596065,-3.109608787000535,-3.106515119377424,-3.1034215217120367,-3.1003279946936013,-3.0972345392357155,-3.0941411565533947,-3.0910478482676766,-3.087954616547983,-3.084861464306366,-3.081768395463222,-3.0786754153117113,-3.075582531018803,-3.0724897523159402,-3.069397092453515,-3.066304569523278,-3.0632122082951767,-3.060120042775238,-3.0570281197765814,-3.0539365039174666,-3.0508452846343403,-3.04775458604701,-3.044664580870654,-3.04157551008362,-3.0384877108009616,-3.03540165587368,-3.0323180102813607,-3.0292377116281206,-3.026162085304322,-3.0230930095979005,-3.0200331528934865,-3.0169863150394347,-3.0139579193498807,-3.0109557224368886,-3.007990838706552,-3.0050792182110584,-3.0022437744866464,-2.9995174365889525,-2.9969474976603903,-2.994601743711055,-2.9925769437723417,-2.9910102979587094,-2.990094230713356
-3.5927016503978644,-3.5919119860404574,-3.5905436153990515,-3.5887478451187915,-3.5866343787525716,-3.584283457593572,-3.581754201020982,-3.5790904342157965,-3.5763248167353954,-3.5734818004587234,-3.57057976856446,-3.5676325942828937,-3.564650784250041,-3.561642321870568,-3.5586132924430003,-3.555568348529596,-3.552511057751235,-3.549444163642296,-3.546369781948377,-3.5432895488052627,-3.540204732926997,-3.537116320787114,-3.534025081472822,-3.530931616195493,-3.527836396186944,-3.5247397917809056,-3.5216420947868516,-3.5185435357466353,-3.515444297277463,-3.5123445244143086,-3.5092443326461993,-3.5061438141758523,-3.50304304280725,-3.4999420777711485,-3.4968409667265017,-3.4937397481209604,-3.4906384530517593,-3.4875371067362146,-3.484435729676499,-3.4813343385844244,-3.478232947117412,-3.4751315664655817,-3.4720302058211687,-3.4689288727547205,-3.4658275735173016,-3.462726313283806,-3.459625096349312,-3.4565239262879075,-3.4534228060814502,-3.4503217382241873,-3.4472207248079645,-3.4441197675917694,-3.4410188680586256,-3.437918027462245,-3.434817246865354,-3.4317165271712655,-3.428615869149932,-3.425515273459505,-3.4224147406642005,-3.4193142712491507,-3.416213865632766,-3.4131135241770503,-3.4100132471962405,-3.4069130349640333,-3.403812887719672,-3.400712805673066,-3.397612789009112,-3.394512837891357,-3.3914129524651035,-3.3883131328600515,-3.385213379192557,-3.3821136915675623,-3.3790140700802596,-3.3759145148175262,-3.3728150258591687,-3.369715603279004,-3.3666162471458185,-3.3635169575242077,-3.360417734475328,-3.3573185780575776,-3.354219488327211,-3.351120465338918,-3.348021509146357,-3.3449226198026727,-3.3418237973609966,-3.338725041874943,-3.335626353399112,-3.332527731989612,-3.3294291777045966,-3.32633069060485,-3.323232270754413,-3.3201339182212712,-3.317035633078123,-3.3139374154032377,-3.3108392652814236,-3.307741182805134,-3.3046431680757373,-3.301545221204975,-3.29844734231666,-3.2953495315486405,-3.2922517890551086,-3.2891541150092922,-3.28605650933469,-3.282958971961588,-3.279861502826436,-3.2767641018712785,-3.273666769043258,-3.270569504294159,-3.2674723075800065,-3.2643751788606963,-3.2612781180996704,-3.258181125263617,-3.2550842003222047,-3.2519873432478383,-3.248890554015442,-3.2457938326022577,-3.2426971789876693,-3.239600593153032,-3.2365040750815273,-3.2334076247580263,-3.2303112421689684,-3.2272149273022444,-3.224118680147098,-3.2210225006940316,-3.217926388934722,-3.214830344861944,-3.2117343684694983,-3.208638459752153,-3.205542618705585,-3.202446845326333,-3.1993511396117547,-3.1962555015599885,-3.193159931169931,-3.1900644284412083,-3.1869689933741676,-3.183873625969873,-3.180778326230112,-3.1776830941574223,-3.1745879297551234,-3.1714928330273766,-3.1683978039792713,-3.165302842616934,-3.1622079489476844,-3.159113122980246,-3.1560183647250115,-3.1529236741944064,-3.1498290514033553,-3.1467344963699007,-3.143640009116004,-3.1405455896686014,-3.137451238060988,-3.1343569543346352,-3.1312627385415768,-3.1281685907475616,-3.1250745110362166,-3.1219804995145597,-3.1188865563203123,-3.11579268163164,-3.112698875680133,-3.1096051387681665,-3.106511471292174,-3.103417873773921,-3.100324346902637,-3.0972308915919164,-3.0941375090567753,-3.091044200918253,-3.0879509693457696,-3.0848578172513785,-3.081764748555476,-3.0786717685512226,-3.0755788844055867,-3.072486105850012,-3.0693934461348897,-3.0663009233519705,-3.0632085622712006,-3.060116396898608,-3.05702447404731,-3.053932858335564,-3.050841639199816,-3.04775094075987,-3.0446609357309025,-3.041571865091251,-3.038484065955959,-3.0353980111760164,-3.0323143657309872,-3.029234067224957,-3.026158441048242,-3.0230893654887088,-3.0200295089308877,-3.016982671222984,-3.0139542756789113,-3.0109520789104054,-3.007987195323072,-3.005075574968375,-3.0022401313814857,-2.9995137936164613,-2.996943854813391,-2.994598100978981,-2.9925733011397297,-2.99100665540314,-2.990090588202759
-3.592697845426424,-3.5919081811034874,-3.5905398105224124,-3.588744040322131,-3.586630574050963,-3.5842796529986694,-3.5817503965418496,-3.579086629859523,-3.5763210125075457,-3.573477996363685,-3.5705759646057036,-3.567628790463172,-3.56464698057154,-3.561638518335035,-3.5586094890518316,-3.55556454528391,-3.552507254651931,-3.5494403606901024,-3.546365979143882,-3.5432857461489458,-3.540200930419247,-3.5371125184282497,-3.5340212792631047,-3.5309278141351372,-3.527832594276131,-3.5247359900197823,-3.521638293175543,-3.518539734285247,-3.515440495966085,-3.5123407232530175,-3.509240531635062,-3.5061400133149254,-3.5030392420965835,-3.499938277210787,-3.496837166316486,-3.493735947861327,-3.49063465294254,-3.48753330677744,-3.484431929868198,-3.481330538926621,-3.478229147610131,-3.475127767108847,-3.4720264066150026,-3.468925073699145,-3.465823774612337,-3.462722514529471,-3.4596212977456253,-3.456520127834888,-3.453419007779116,-3.4503179400725568,-3.4472169268070543,-3.4441159697415977,-3.44101507035921,-3.437914229913603,-3.4348134494675016,-3.431712729924219,-3.428612072053709,-3.4255114765141226,-3.422410943869675,-3.4193104746054988,-3.4162100691400017,-3.413109727835191,-3.410009451005302,-3.406909238924031,-3.403809091830624,-3.4007090099349866,-3.3976089934220184,-3.394509042455265,-3.391409157180029,-3.38830933772601,-3.385209584209565,-3.382109896735636,-3.3790102753994167,-3.375910720287782,-3.3728112314805383,-3.3697118090515037,-3.366612453069465,-3.3635131635990168,-3.3604139407013154,-3.357314784434759,-3.3542156948556032,-3.351116672018537,-3.3480177159772184,-3.3449188267847925,-3.3418200044943895,-3.3387212491596254,-3.335622560835102,-3.3325239395769244,-3.3294253854432476,-3.3263268984948553,-3.323228478795787,-3.320130126414031,-3.3170318414222852,-3.3139336238988175,-3.310835473928437,-3.3077373916035975,-3.3046393770256657,-3.301541430306387,-3.2984435515695703,-3.2953457409530675,-3.2922479986110678,-3.289150324716799,-3.2860527191937603,-3.282955181972239,-3.2798577129886826,-3.2767603121851367,-3.2736629795087446,-3.27056571491129,-3.2674685183487986,-3.2643713897811653,-3.2612743291718322,-3.258177336487487,-3.2550804116977985,-3.2519835547751725,-3.248886765694533,-3.2457900444331225,-3.2426933909703237,-3.239596805287492,-3.2365002873678095,-3.2334038371961467,-3.2303074547589423,-3.2272111400440884,-3.2241148930408277,-3.221018713739663,-3.2179226021322704,-3.2148265582114246,-3.211730581970927,-3.2086346734055455,-3.2055388325109577,-3.202443059283702,-3.1993473537211363,-3.1962517158213983,-3.1931561455833846,-3.1900606430067215,-3.186965208091756,-3.1838698408395523,-3.1807745412519,-3.1776793093313347,-3.1745841450811763,-3.171489048505587,-3.168394019609655,-3.1652990583995075,-3.1622041648824646,-3.1591093390672484,-3.156014580964252,-3.152919890585901,-3.149825267947119,-3.1467307130659488,-3.1436362259643524,-3.140541806669267,-3.1374474552139873,-3.134353171639982,-3.131258955999288,-3.1281648083576536,-3.125070728798706,-3.1219767174294617,-3.118882774387644,-3.1157888998514167,-3.1126950940523694,-3.109601357292879,-3.1065076899693778,-3.1034140926036327,-3.100320565884872,-3.0972271107266907,-3.094133728344106,-3.0910404203581563,-3.0879471889382635,-3.0848540369964765,-3.081760968453195,-3.078667988601577,-3.0755751046085917,-3.0724823262056837,-3.0693896666432434,-3.0662971440130224,-3.0632047830849647,-3.0601126178650975,-3.057020695166537,-3.053929079607541,-3.050837860624553,-3.0477471623373744,-3.0446571574611756,-3.0415680869742894,-3.0384802879917476,-3.035394233364527,-3.0323105880721672,-3.029230289718723,-3.026154663694464,-3.0230855882871848,-3.0200257318813106,-3.0169788943248936,-3.0139504989316173,-3.0109483023128765,-3.007983418873771,-3.0050717986650164,-3.002236355220674,-2.9995100175931646,-2.996940078920171,-2.994594325204884,-2.992569525468729,-2.9910028798119943,-2.9900868126582285
-3.5926939015060113,-3.5919042372188055,-3.590535866700267,-3.5887400965828857,-3.5866266304102425,-3.5842757094685522,-3.581746453131733,-3.5790826865767538,-3.576317069357893,-3.573474053351696,-3.5705720217349737,-3.5676248477365524,-3.5646430379913014,-3.561634575902986,-3.5586055467694173,-3.555560603152294,-3.552503312672047,-3.549436418862704,-3.546362037469579,-3.5432818046282306,-3.5401969890525242,-3.5371085772158493,-3.534017338205298,-3.5309238732321497,-3.527828653528147,-3.5247320494269574,-3.521634352738005,-3.5185357940031055,-3.515436555839432,-3.512336783281931,-3.509236591819611,-3.5061360736551688,-3.5030353025925742,-3.499934337862573,-3.4968332271241085,-3.4937320088248223,-3.490630714061943,-3.487529368052782,-3.484427991299507,-3.4813266005139254,-3.4782252093534556,-3.4751238290082154,-3.472022468670437,-3.4689211359106675,-3.465819836979969,-3.462718577053232,-3.459617360425535,-3.456516190670965,-3.453415070771379,-3.4503140032210253,-3.4472129901117485,-3.4441120332025355,-3.4410111339764105,-3.4379102936870822,-3.4348095133972776,-3.431708794010309,-3.4286081362961287,-3.4255075409128874,-3.422407008424804,-3.4193065393170086,-3.4162061340079104,-3.413105792859515,-3.4100055161860583,-3.4069053042612385,-3.403805157324298,-3.4007050755851456,-3.3976050592286784,-3.394505108418444,-3.3914052232997425,-3.3883054040022764,-3.3852056506423995,-3.3821059633250554,-3.379006342145436,-3.3759067871904187,-3.3728072985398088,-3.3697078762674244,-3.3666085204420515,-3.3635092311282855,-3.3604100083872837,-3.357310852277442,-3.3542117628550177,-3.351112740174699,-3.3480137842901447,-3.3449148952545,-3.3418160731208966,-3.3387173179429483,-3.335618629775257,-3.3325200086739284,-3.3294214546971173,-3.326322967905606,-3.3232245483634366,-3.3201261961385957,-3.317027911303781,-3.3139296939372618,-3.3108315441238463,-3.307733461955988,-3.3046354475350554,-3.3015375009727914,-3.298439622393007,-3.2953418119335525,-3.2922440697486177,-3.289146396011432,-3.286048790645493,-3.2829512535810883,-3.279853784754664,-3.276756384108267,-3.2736590515890405,-3.2705617871487678,-3.267464590743474,-3.264367462333055,-3.2612704018809535,-3.2581734093538564,-3.2550764847214335,-3.25197962795609,-3.24888283903275,-3.245786117928655,-3.242689464623188,-3.239592879097705,-3.236496361335387,-3.2333999113211065,-3.2303035290413002,-3.2272072144838613,-3.2241109676380324,-3.2210147884943163,-3.2179186770443895,-3.214822633281027,-3.2117266571980285,-3.2086307487901617,-3.2055349080531057,-3.202439134983399,-3.1993434295783976,-3.1962477918362424,-3.1931522217558284,-3.190056719336781,-3.186961284579448,-3.1838659174848924,-3.1807706180549036,-3.1776753862920186,-3.174580222199557,-3.171485125781682,-3.1683900970434804,-3.1652951359910784,-3.1622002426317977,-3.1591054169743606,-3.15601065902916,-3.152915968808621,-3.1498213463276694,-3.146726791604347,-3.1436323046606134,-3.1405378855234076,-3.137443534226023,-3.1343492508099318,-3.1312550353271673,-3.128160887843478,-3.125066808442493,-3.1219727972312272,-3.1188788543474035,-3.1157849799691864,-3.1126911743281664,-3.10959743772672,-3.10650377056128,-3.103410173353612,-3.100316646792946,-3.0972231917928763,-3.094129809568419,-3.0910365017406125,-3.0879432704788794,-3.0848501186952695,-3.081757050310182,-3.0786640706167745,-3.0755711867820166,-3.0724784085373518,-3.0693857491331715,-3.0662932266612253,-3.0632008658914587,-3.0601087008298964,-3.057016778289655,-3.0539251628889907,-3.0508339440643444,-3.047743245935513,-3.0446532412176626,-3.041564170889121,-3.038476372064908,-3.0353903175959855,-3.032306672461872,-3.0292263742665875,-3.0261507484003505,-3.023081673150885,-3.0200218169025086,-3.01697497950311,-3.0139465842661357,-3.0109443878026276,-3.007979504517163,-3.0050678844596783,-3.002232441163087,-2.999506103678113,-2.996936165139944,-2.9945904115481308,-2.992565611918836,-2.9909989663448737,-2.990082899239426
-3.592689813582456,-3.591900149332286,-3.5905317788785656,-3.5887360088471123,-3.5866225427765897,-3.5842716219495387,-3.581742365737099,-3.5790785993141143,-3.5763129822332287,-3.57346996636972,-3.570567934899414,-3.5676207610503665,-3.5646389514568404,-3.5616304895221247,-3.5586014605436587,-3.5555565170828403,-3.552499226759866,-3.5494323331085753,-3.5463579518741346,-3.5432777191919858,-3.5401929037758952,-3.537104492099178,-3.5340132532488635,-3.5309197884361847,-3.5278245688928416,-3.524727964952472,-3.521630268424477,-3.5185317098506466,-3.515432471848139,-3.5123326994518878,-3.509232508150889,-3.5061319901478294,-3.5030312192466724,-3.4999302546781568,-3.49682914410122,-3.493727925963501,-3.490626631362224,-3.4875252855146974,-3.4844239089230857,-3.4813225182991943,-3.478221127300442,-3.475119747116944,-3.472018386940931,-3.4689170543429495,-3.4658157555740607,-3.4627144958091556,-3.4596132793433125,-3.456512109750618,-3.453410990012926,-3.4503099226244847,-3.447208909677138,-3.4441079529298726,-3.441007053865714,-3.437906213738371,-3.4348054336105696,-3.4317047143856225,-3.428604056833482,-3.4255034616122986,-3.4224029292862896,-3.419302460340587,-3.416202055193599,-3.413101714207332,-3.4100014376960206,-3.406901225933363,-3.403801079158602,-3.400700997581646,-3.3976009813873933,-3.39450103073939,-3.391401145782938,-3.388301326647737,-3.3852015734501433,-3.382101886295098,-3.3790022652777956,-3.375902710485113,-3.372803221996854,-3.3697037998868384,-3.366604444223852,-3.36350515507249,-3.360405932493909,-3.3573067765465066,-3.354207687286538,-3.3511086647686925,-3.34800970904663,-3.3449108201734936,-3.341811998202415,-3.3387132431870077,-3.3356145551818748,-3.332515934243121,-3.329417380428902,-3.326318893800001,-3.323220474420459,-3.3201221223582618,-3.3170238376861083,-3.3139256204822685,-3.3108274708315486,-3.3077293888264037,-3.304631374568202,-3.3015334281686854,-3.2984355497516664,-3.295337739454995,-3.2922399974328607,-3.289142323858493,-3.2860447186553894,-3.282947181753837,-3.2798497130902837,-3.276752312606775,-3.273654980250453,-3.270557715973103,-3.267460519730749,-3.264363391483288,-3.2612663311941614,-3.2581693388300565,-3.2550724143606424,-3.2519755577583247,-3.248878768998027,-3.245782048056992,-3.2426853949146026,-3.239588809552214,-3.2364922919530086,-3.2333958421018574,-3.230299459985198,-3.2272031455909227,-3.224106898908275,-3.221010719927758,-3.2179146086410477,-3.214818565040918,-3.21172258912117,-3.2086266808765718,-3.2055308403028007,-3.202435067396396,-3.1993393621547135,-3.196243724575894,-3.1931481546588314,-3.190052652403153,-3.1869572178092067,-3.183861850878054,-3.1807665516114865,-3.177671320012039,-3.174576156083032,-3.1714810598286287,-3.1683860312539167,-3.1652910703650226,-3.162196177169266,-3.1591013516753694,-3.156006593893727,-3.1529119038367632,-3.149817281519403,-3.1467227269596894,-3.1436282401795825,-3.14053382120602,-3.137439470072298,-3.134345186819885,-3.131250971500816,-3.1281568241808393,-3.1250627449435835,-3.121968733896064,-3.1188747911760055,-3.1157809169615702,-3.1126871114843495,-3.109593375046718,-3.1064997080451118,-3.103406111001295,-3.100312584604496,-3.097219129768311,-3.0941257477077553,-3.091032440043868,-3.0879392089460715,-3.0848460573264163,-3.0817529891052993,-3.0786600095758794,-3.075567125905126,-3.0724743478244823,-3.0693816885843392,-3.0662891662764467,-3.0631968056707497,-3.060104640773274,-3.0570127183971327,-3.0539211031605817,-3.0508298845000588,-3.0477391865353574,-3.044649181981641,-3.0415601118172266,-3.0384723131571256,-3.035386258852283,-3.032302613882193,-3.0292223158508413,-3.026146690148398,-3.0230776150625096,-3.0200177589773807,-3.016970921740735,-3.0139425266657716,-3.010940330363165,-3.0079754472369498,-3.00506382733626,-3.0022283841928177,-2.999502046855585,-2.996932108457166,-2.9945863549933343,-2.992561555474801,-2.9909949099866324,-2.9900788429312657
-3.5926855764192207,-3.5918959122074376,-3.5905275418209026,-3.5887317718785114,-3.5866183059138352,-3.5842673852056075,-3.5817381291220887,-3.579074362835919,-3.576308745898048,-3.573465730182439,-3.570563698863896,-3.567616525169674,-3.5646347157334115,-3.561626253957905,-3.5585972251402027,-3.5555522818413947,-3.5524949916814346,-3.5494280981939674,-3.5463537171240054,-3.5432734846068663,-3.5401886693562195,-3.5371002578453,-3.5340090191610747,-3.5309155545147246,-3.527820335137911,-3.5247237313642374,-3.521626035003076,-3.5185274765961965,-3.5154282387607396,-3.5123284665316232,-3.509228275397834,-3.5061277575620498,-3.503026986828223,-3.499926022427087,-3.496824912017573,-3.493723694047316,-3.490622399613539,-3.4875210539335457,-3.4844196775094995,-3.4813182870532025,-3.478216896222069,-3.475115516206217,-3.472014156197875,-3.4689128237675884,-3.465811525166417,-3.4627102655692505,-3.459609049271167,-3.456507879846252,-3.4534067602763616,-3.4503056930557428,-3.4472046802762386,-3.444103723696836,-3.441002824800558,-3.437901984841115,-3.434801204881232,-3.431700485824223,-3.428599828440039,-3.4254992333868306,-3.4223987012288153,-3.419298232451124,-3.416197827472166,-3.413097486653947,-3.409997210310702,-3.406896998716129,-3.4037968521094712,-3.400696770700636,-3.397596754674521,-3.394496804194673,-3.391396919406394,-3.388297100439385,-3.3851973474100006,-3.382097660423183,-3.378998039574126,-3.3758984849497047,-3.3727989966297263,-3.3696995746880085,-3.3666002191933377,-3.36350093021031,-3.36040170780008,-3.357302552021046,-3.354203462929464,-3.3511044405800234,-3.348005485026382,-3.344906596321685,-3.3418077745190637,-3.338709019672133,-3.335610331835494,-3.332511711065253,-3.3294131574195647,-3.3263146709592117,-3.323216251748235,-3.3201178998546212,-3.3170196153510703,-3.3139213983158493,-3.3108232488337674,-3.307725166997278,-3.304627152907749,-3.3015292066769235,-3.298431328428614,-3.295333518300669,-3.2922357764472796,-3.2891381030416738,-3.28604049800735,-3.282942961274595,-3.2798454927798573,-3.276748092465182,-3.2736507602777127,-3.2705534961692333,-3.2674563000957684,-3.2643591720172145,-3.261262111897012,-3.258165119701849,-3.255068195401394,-3.251971338968054,-3.2488745503767515,-3.24577782960473,-3.2426811766313715,-3.2395845914380312,-3.2364880740078914,-3.233391624325824,-3.2302952423782667,-3.2271989281531113,-3.2241026816396023,-3.2210065028282417,-3.2179103917107064,-3.2148143482797686,-3.211718372529231,-3.2086224644538603,-3.2055266240493347,-3.2024308513121924,-3.199335146239791,-3.19623950883027,-3.193143939082525,-3.1900484369961815,-3.1869530025715855,-3.1838576358098027,-3.180762336712622,-3.17766710528258,-3.1745719415229976,-3.1714768454380353,-3.168381817032782,-3.165286856313364,-3.162191963287103,-3.159097137962719,-3.156002380350607,-3.1529076904631905,-3.1498130683153955,-3.1467185139252654,-3.14362402731476,-3.140529608510817,-3.137435257546732,-3.134340974463974,-3.131246759314577,-3.128152612164291,-3.125058533096743,-3.12196452221895,-3.1188705796686342,-3.1157767056239596,-3.112682900316518,-3.1095891640486846,-3.106495497216893,-3.1034019003429085,-3.1003083741159605,-3.0972149194496437,-3.0941215375589746,-3.0910282300649916,-3.0879349991371163,-3.0848418476873984,-3.081748779636237,-3.078655800276791,-3.0755629167760294,-3.0724701388653948,-3.069377479795279,-3.06628495765743,-3.063192597221793,-3.0601004324943926,-3.057008510288342,-3.0539168952218936,-3.0508256767314843,-3.0477349789369046,-3.044644974553311,-3.041555904559014,-3.038468106069016,-3.0353820519342434,-3.032298407134167,-3.029218109272736,-3.026142483740067,-3.023073408823728,-3.0200135529078067,-3.0169667158398554,-3.013938320932817,-3.010936124796988,-3.007971241835839,-3.0050596220976695,-3.0022241791129662,-2.9994978419288705,-2.9969279036753034,-2.9945821503441263,-2.9925573509404,-2.990990705541159,-2.990074638537703
-3.5926811845909072,-3.591891520418913,-3.590523150102016,-3.588727380251939,-3.586613914396975,-3.5842629938119135,-3.581733737862024,-3.5790699717176664,-3.57630435492803,-3.573461339365719,-3.5705593082044778,-3.5676121346707355,-3.5646303253974785,-3.5616218637869923,-3.558592835135921,-3.555547892005037,-3.5524906020140423,-3.549423708696379,-3.5463493277968996,-3.5432690954507944,-3.5401842803716295,-3.537095869032559,-3.534004630520487,-3.530911166046538,-3.527815946842331,-3.5247193432414354,-3.521621647053197,-3.5185230888193617,-3.5154238511570535,-3.512324079101176,-3.5092238881407014,-3.506123370478297,-3.503022599917909,-3.4999216356902636,-3.4968205254542863,-3.4937193076576083,-3.490618013397447,-3.4875166678911045,-3.4844152916407416,-3.4813139013581575,-3.478212510700767,-3.4751111308586835,-3.4720097710241338,-3.468908438767664,-3.4658071403403334,-3.4627058809170315,-3.459604664792834,-3.456503495541826,-3.453402376145863,-3.4503013090991916,-3.4472002964936563,-3.444099340088243,-3.4409984413659753,-3.437897601580561,-3.4347968217947273,-3.431696102911785,-3.428595445701687,-3.4254948508225853,-3.422394318838695,-3.4192938502351495,-3.416193445430354,-3.4130931047863164,-3.4099928286172716,-3.4068926171969167,-3.403792470764496,-3.4006923895299166,-3.397592373678076,-3.3944924233725216,-3.391392538758555,-3.388292719965877,-3.3851929671108425,-3.382093280298393,-3.3789936596237222,-3.375894105173707,-3.372794617028152,-3.3696951952608774,-3.3665958399406675,-3.3634965511321173,-3.3603973288963846,-3.3572981732918663,-3.354199084374818,-3.3511000621999294,-3.3480011068208593,-3.3449022182907524,-3.3418033966627387,-3.338704641990434,-3.335605954328439,-3.3325073337328606,-3.3294087802618524,-3.326310293976199,-3.323211874939941,-3.3201135232210643,-3.3170152388922682,-3.313917022031821,-3.3108188727245307,-3.307720791062851,-3.304622777148151,-3.3015248310921734,-3.29842695301873,-3.2953291430656697,-3.2922314013871845,-3.2891337281565027,-3.286036123297121,-3.2829385867393275,-3.2798411184195695,-3.276743718279893,-3.2736463862674405,-3.270549122333996,-3.267451926435585,-3.2643547985321035,-3.261257738586992,-3.258160746566939,-3.255063822441612,-3.2519669661834185,-3.2488701777672824,-3.2457734571704453,-3.2426768043722896,-3.2395802193541705,-3.2364837020992714,-3.233387252592463,-3.2302908708201827,-3.2271945567703235,-3.224098310432128,-3.221002131796098,-3.217906020853911,-3.214809977598341,-3.2117140020231894,-3.208618094123223,-3.20552225389412,-3.2024264813324197,-3.1993307764354784,-3.1962351392014363,-3.1931395696291887,-3.1900440677183615,-3.1869486334693016,-3.1838532668830726,-3.180757967961464,-3.177662736707013,-3.174567573123039,-3.1714724772137037,-3.1683774489840957,-3.1652824884403414,-3.162187595589762,-3.1590927704410774,-3.155998013004683,-3.152903323293004,-3.1498087013209664,-3.1467141471066102,-3.1436196606718982,-3.1405252420437666,-3.137430891255511,-3.1343366083486,-3.1312423933750697,-3.1281482464006682,-3.125054167509023,-3.1219601568071518,-3.118866214432776,-3.1157723405640607,-3.1126785354325954,-3.1095847993407566,-3.1064911326849782,-3.1033975359870247,-3.1003040099361265,-3.0972105554458778,-3.0941171737312954,-3.0910238664134173,-3.087930635661666,-3.084837484388091,-3.08174441651309,-3.0786514373298233,-3.0755585540052603,-3.072465776270842,-3.06937311737696,-3.0662805954153622,-3.063188235155994,-3.060096070604878,-3.057004148575127,-3.0539125336849913,-3.0508213153709054,-3.047730617752657,-3.044640613545398,-3.04155154372743,-3.038463745413743,-3.0353776914552473,-3.0322940468313893,-3.029213749146081,-3.0261381237893827,-3.0230690490487824,-3.0200091933082476,-3.0169623564151498,-3.0139339616821674,-3.010931765719204,-3.0079668829291464,-3.0050552633594294,-3.00221982053926,-2.9994934835138896,-2.996923545410462,-2.994577792216783,-2.9925529929320533,-2.9909863476249847,-2.9900702806753356
-3.592676632476652,-3.5918869683458983,-3.5905185981011805,-3.588722828346787,-3.5866093626055395,-3.584258442148137,-3.5817291863367506,-3.5790654203393757,-3.576299803703384,-3.5734567882999673,-3.5705547573017706,-3.5676075839343633,-3.564625774830059,-3.5616173133906153,-3.5585882849122563,-3.555543341955425,-3.5524860521395594,-3.5494191589978965,-3.5463447782751216,-3.5432645461062924,-3.5401797312048697,-3.5370913200439222,-3.534000081710285,-3.5309066174150283,-3.527811398389729,-3.5247147949679194,-3.5216170989589166,-3.518518540904444,-3.515419303421605,-3.512319531545288,-3.5092193407644534,-3.506118823281758,-3.5030180529011394,-3.4999170888533166,-3.49681597879721,-3.4937147611804455,-3.4906134671002373,-3.4875121217738827,-3.48441074570354,-3.4813093556010073,-3.4782079651236977,-3.4751065854617234,-3.4720052258073104,-3.468903893731002,-3.4658025954838583,-3.462701336240765,-3.4596001202967988,-3.456498951226046,-3.453397832010361,-3.4502967651439884,-3.4471957527187724,-3.444094796493698,-3.4409938979517896,-3.437893058346757,-3.434792278741326,-3.4316915600388063,-3.4285909030091517,-3.4254903083105117,-3.422389776507103,-3.419289308084057,-3.4161889034597817,-3.413088562996283,-3.4099882870077973,-3.406888075768022,-3.403787929516199,-3.4006878484622374,-3.3975878327910336,-3.3944878826661355,-3.3913879982328434,-3.388288179620858,-3.3851884269465353,-3.3820887403148174,-3.378989119820897,-3.375889565551652,-3.3727900775868873,-3.369690656000421,-3.3665913008610393,-3.3634920122333374,-3.360392790178472,-3.3572936347548397,-3.354194546018697,-3.3510955240247324,-3.3479965688266056,-3.34489768047746,-3.3417988590304284,-3.3387001045391234,-3.335601417058148,-3.3325027966436074,-3.3294042433536566,-3.3263057572490804,-3.323207338393918,-3.3201089868561557,-3.3170107027084943,-3.3139124860291997,-3.3108143369030816,-3.307716255422593,-3.304618241689104,-3.3015202958143566,-3.298422417922163,-3.2953246081503726,-3.2922268666531758,-3.2891291936038014,-3.2860315889257476,-3.2829340525493,-3.2798365844109068,-3.2767391844526155,-3.273641852621567,-3.2705445888695475,-3.2674473931525796,-3.2643502654305614,-3.261253205666932,-3.2581562138283795,-3.255059289884574,-3.2519624338079205,-3.2488656455733422,-3.245768925158083,-3.242672272541525,-3.2395756877050235,-3.2364791706317604,-3.233382721306606,-3.2302863397159998,-3.2271900258478325,-3.2240937796913496,-3.220997601237052,-3.2179014904766157,-3.2148054474028154,-3.211709472009453,-3.2086135642912947,-3.20551772424402,-3.2024219518641663,-3.1993262471490906,-3.1962306100969338,-3.193135040706589,-3.1900395389776834,-3.1869441049105642,-3.1838487385062963,-3.180753439766668,-3.1776582086942153,-3.1745630452922584,-3.1714679495649585,-3.168372921517406,-3.1652779611557267,-3.1621830684872414,-3.159088243520671,-3.155993486266409,-3.1528987967368813,-3.1498041749470134,-3.1467096209148466,-3.1436151346623427,-3.1405207162164372,-3.137426365610427,-3.134332082885782,-3.131237868094536,-3.1281437213024383,-3.125049642593117,-3.1219556320735893,-3.1188616898815766,-3.1157678161952442,-3.11267401124618,-3.109580275336761,-3.1064866088634213,-3.1033930123479267,-3.1002994864795057,-3.0972060321717536,-3.0941126506396865,-3.0910193435043434,-3.0879261129351456,-3.084832961844143,-3.0817398941517347,-3.078646915151078,-3.075554032009143,-3.0724612544573713,-3.0693685957461545,-3.0662760739672406,-3.0631837138905724,-3.0600915495221743,-3.056999627675157,-3.0539080129677694,-3.050816794836444,-3.047726097400965,-3.044636093376477,-3.0415470237412747,-3.038459225610336,-3.0353731718345545,-3.032289527393349,-3.0292092298905926,-3.02613360471629,-3.0230645301578436,-3.020004674599095,-3.0169578378872317,-3.0139294433346566,-3.0109272475508653,-3.0079623649381424,-3.0050507455430253,-3.002215302893396,-2.9994889660325454,-2.9969190280847373,-2.9945732750335745,-2.992548475872185,-2.9909818306606537,-2.9900657637667725
-3.5926719142530943,-3.5918822501650873,-3.590513879995185,-3.588718110339969,-3.586604644716589,-3.584253724391504,-3.581724468723678,-3.579060702878655,-3.5762950864019163,-3.5734520711631927,-3.570550040333992,-3.567602867138992,-3.564621058209809,-3.5616125969476498,-3.5585835686483085,-3.5555386258718835,-3.5524813362375407,-3.5494144432783012,-3.546340062738679,-3.5432598307535947,-3.5401750160363994,-3.537086605060074,-3.5339953669113826,-3.5309019028013413,-3.527806683961479,-3.524710080725291,-3.521612384902064,-3.5185138270334986,-3.515414589736679,-3.5123148180464767,-3.509214627451837,-3.5061141101554094,-3.5030133399611216,-3.499912376099685,-3.4968112662300137,-3.4937100487997297,-3.4906087549060416,-3.4875074097662453,-3.484406033882496,-3.4813046439665882,-3.478203253675932,-3.475101874200639,-3.472000514732935,-3.468899182843361,-3.4657978847829765,-3.4626966257266694,-3.4595954099695123,-3.4564942410855926,-3.4533931220567626,-3.450292055377267,-3.447191043138949,-3.4440900871007956,-3.4409891887458297,-3.4378883493277597,-3.434787569909312,-3.431686851393797,-3.4285861945511673,-3.425485600039573,-3.4223850684232304,-3.419284600187271,-3.4161841957501036,-3.4130838554737344,-3.4099835796723967,-3.406883368619788,-3.403783222555152,-3.400683141688397,-3.397583126204421,-3.3944831762667707,-3.391383292020747,-3.3882834735960508,-3.3851837211090365,-3.382084034664647,-3.3789844143580745,-3.3758848602761966,-3.37278537249882,-3.3696859510997617,-3.366586596147807,-3.363487307707552,-3.360388085840153,-3.357288930604008,-3.354189842055372,-3.351090820248934,-3.347991865238354,-3.344892977076775,-3.341794155817329,-3.3386954015136294,-3.3355967142202787,-3.332498093993382,-3.329399540891096,-3.3263010549742034,-3.323202636306746,-3.320104284956709,-3.3170060009967917,-3.3139077845052625,-3.310809635566929,-3.3077115542742463,-3.3046135407285817,-3.3015155950416784,-3.298417717337348,-3.2953199077534414,-3.2922221664441484,-3.2891244935826984,-3.2860268890925886,-3.2829293529041066,-3.2798318849537,-3.2767344851834137,-3.2736371535403905,-3.2705398899764155,-3.267442694447512,-3.2643455669135775,-3.261248507338052,-3.258151515687625,-3.2550545919319633,-3.251957736043474,-3.2488609479970814,-3.245764227770027,-3.242667575341694,-3.239570990693437,-3.2364744738084386,-3.2333780246715693,-3.2302816432692674,-3.227185329589425,-3.2240890836212857,-3.2209929053553505,-3.2178967947832966,-3.214800751897899,-3.211704776692958,-3.208608869163242,-3.205513029304429,-3.202417257113057,-3.199321552586482,-3.1962259157228465,-3.1931303465210426,-3.190034844980698,-3.1869394111021596,-3.183844044886493,-3.1807487463354867,-3.177653515451675,-3.1745583522383787,-3.1714632566997594,-3.1683682288409067,-3.1652732686679457,-3.1621783761881983,-3.159083551410387,-3.1559887943449043,-3.152894105004176,-3.149799483403126,-3.146704929559798,-3.1436104434961534,-3.140516025239127,-3.1374216748220154,-3.1343273922862886,-3.1312331776839812,-3.128139031080842,-3.1250449525604984,-3.121950942229967,-3.1188570002269707,-3.115763126729674,-3.1126693219696673,-3.1095755862493255,-3.1064819199650824,-3.1033883236387028,-3.100294797959417,-3.0972013438408204,-3.0941079624979295,-3.091014655551782,-3.0879214251718,-3.0848282742700333,-3.08173520676688,-3.0786422279554992,-3.075549345002858,-3.0724565676404003,-3.0693639091185165,-3.0662713875289547,-3.0631790276416577,-3.0600868634626477,-3.056994941805034,-3.053903327287065,-3.0508121093451703,-3.047721412099129,-3.0446314082640824,-3.041542338818316,-3.038454540876794,-3.035368487290391,-3.0322848430385014,-3.0292045457249577,-3.0261289207397044,-3.0230598463700575,-3.0199999909997297,-3.016953154475716,-3.013924760110135,-3.0109225645120588,-3.0079576820831435,-3.0050460628689994,-3.0022106203961334,-2.9994842837058058,-2.9969143459192975,-2.9945685930158525,-2.9925437939823065,-2.9909771488697996,-2.9900610820337237
-3.5926670238873233,-3.591877359843622,-3.590508989751263,-3.5887132201988434,-3.5865997546976347,-3.5842488345096966,-3.58171957899067,-3.579055813303557,-3.5762901969918817,-3.573447181923859,-3.570545151269818,-3.5675979782535157,-3.5646161695058427,-3.5616077084274385,-3.558578680313647,-3.555533737724211,-3.552476448278016,-3.5494095555078577,-3.5463351751580725,-3.5432549433634386,-3.5401701288371945,-3.5370817180522294,-3.5339904800952358,-3.5308970161771684,-3.5278017975295093,-3.5247051944857164,-3.5216074988550456,-3.518508941179172,-3.515409704075159,-3.5123099325778595,-3.5092097421762096,-3.506109225072844,-3.5030084550716825,-3.4999074914034303,-3.4968063817269956,-3.4937051644899944,-3.4906038707896307,-3.4875025258431984,-3.4844011501528476,-3.481299760430372,-3.4781983703331822,-3.4750969910513847,-3.471995631777204,-3.4688943000811805,-3.4657930022143715,-3.4626917433516646,-3.4595905277881336,-3.456489359097862,-3.4533882402627043,-3.450287173776905,-3.4471861617323074,-3.444085205887897,-3.4409843077266946,-3.437883468502411,-3.4347826892777706,-3.4316819709560855,-3.4285813143073067,-3.4254807199895843,-3.4223801885671343,-3.419279720525089,-3.4161793162818554,-3.413078976199442,-3.4099787005920814,-3.4068784897334714,-3.403778343862854,-3.400678263190139,-3.3975782479002237,-3.394478298156654,-3.391378414104732,-3.3882785958741577,-3.385178843581287,-3.3820791573310607,-3.3789795372186733,-3.375879983331,-3.3727804957478473,-3.3696810745430334,-3.3665817197853447,-3.363482431539376,-3.3603832098662845,-3.357284054824466,-3.3541849664701773,-3.3510859448581067,-3.3479869900419144,-3.3448881020747447,-3.3417892810097283,-3.3386905269004803,-3.335591839801602,-3.3324932197691988,-3.3293946668614263,-3.3262961811390674,-3.3231977626661635,-3.3200994115107005,-3.3170011277453773,-3.3139029114484626,-3.3108047627047656,-3.307706681606739,-3.304608668255752,-3.301510722763547,-3.2984128452539356,-3.295315035864768,-3.2922172947502366,-3.2891196220835686,-3.286022017788263,-3.282924481794605,-3.2798270140390424,-3.276729614463621,-3.2736322830154836,-3.2705350196464154,-3.2674378243124393,-3.264340696973452,-3.261243637592895,-3.258146646137456,-3.2550497225768042,-3.2519528668833444,-3.2488560790320014,-3.2457593590000178,-3.242662706766775,-3.23956612231363,-3.2364696056237623,-3.233373156682045,-3.2302767754749158,-3.2271804619902666,-3.2240842162173418,-3.2209880381466434,-3.2178919277698474,-3.2147958850797282,-3.2116999100700867,-3.20860400273569,-3.205508163072217,-3.2024123910762055,-3.1993166867450133,-3.196221050076779,-3.193125481070397,-3.1900299797254945,-3.1869345460424183,-3.183839180022234,-3.18074388166673,-3.1776486509784414,-3.174553487960689,-3.1714583926176347,-3.1683633649543683,-3.165268404977015,-3.162173512692896,-3.159078688110733,-3.15598393124092,-3.152889242095881,-3.149794620690542,-3.146700067042944,-3.1436055811750485,-3.1405111631137914,-3.13741681289247,-3.134322530552553,-3.131228316146076,-3.1281341697387877,-3.125040091414317,-3.1219460812796784,-3.1188521394725965,-3.1157582661712344,-3.112664461607181,-3.109570726082813,-3.1064770599945652,-3.1033834638642026,-3.100289938380954,-3.0971964844584146,-3.094103103311601,-3.091009796561552,-3.0879165663776873,-3.0848234156720595,-3.0817303483650655,-3.078637369749865,-3.075544486993425,-3.0724517098271877,-3.0693590515015456,-3.0662665301082446,-3.0631741704172275,-3.060082006434515,-3.056990084973216,-3.053898470651577,-3.050807252906025,-3.0477165558563355,-3.0446265522176423,-3.0415374829682227,-3.038449685223029,-3.0353636318329174,-3.0322799877772524,-3.029199690659826,-3.0261240658705213,-3.0230549916965637,-3.0199951365215316,-3.01694830019222,-3.0139199060204533,-3.0109177106148657,-3.0079528283764643,-3.005041209349896,-3.002205767060243,-2.9994794305466606,-2.9969094929273363,-2.9945637401769982,-2.992538941275958,-2.9909722962660887,-2.990056229489926
-3.592661955129457,-3.5918722911316787,-3.5905039211196925,-3.588708151673817,-3.5865946862992306,-3.584243766253441,-3.5817145108886392,-3.5790507453651945,-3.576285129224604,-3.573442114333511,-3.57054008386102,-3.5675929110299327,-3.5646111024703915,-3.5616026415824447,-3.558573613660971,-3.555528671265344,-3.552471382014158,-3.5494044894399783,-3.5463301092869552,-3.54324987768972,-3.5401650633613913,-3.537076652774767,-3.533985415016462,-3.530891951297371,-3.527796732848927,-3.524700130004547,-3.5216024345734565,-3.518503877097303,-3.51540464019313,-3.512304868895774,-3.5092046786941546,-3.506104161790897,-3.50300339198991,-3.499902428521891,-3.496801319045743,-3.4937001020090754,-3.49059880850909,-3.4874974637630767,-3.484396088273181,-3.481294698751196,-3.4781933088545265,-3.475091929773281,-3.471990570699682,-3.4688892392042696,-3.4657879415381005,-3.462686682876059,-3.4595854675132194,-3.456484299023664,-3.4533831803892476,-3.450282114104213,-3.447181102260402,-3.4440801466168005,-3.440979248656432,-3.437878409633003,-3.43477763060924,-3.431676912488453,-3.4285762560405955,-3.4254756619238167,-3.4223751307023345,-3.419274662861279,-3.416174258819058,-3.4130739189376778,-3.409973643531372,-3.4068734328738377,-3.4037732872043187,-3.400673206732722,-3.3975731916439456,-3.3944732421015362,-3.3913733582507963,-3.388273540221425,-3.385173788129778,-3.382074102080798,-3.378974482169677,-3.3758749284832925,-3.3727754411014503,-3.3696760200979665,-3.3665766655416296,-3.3634773774970337,-3.3603781560253365,-3.357279001184934,-3.3541799130320835,-3.3510808916214736,-3.347981937006763,-3.3448830492410964,-3.341784228377604,-3.3386854744698997,-3.3355867875725873,-3.3324881677417717,-3.3293896150356086,-3.326291129514881,-3.323192711243628,-3.320094360289838,-3.3169960767262094,-3.313897860631011,-3.310799712089052,-3.307701631192785,-3.3046036180435787,-3.3015056727531755,-3.2984077954453883,-3.2953099862580664,-3.292212245345401,-3.2891145728806204,-3.2860169687872234,-3.2829194329954956,-3.2798219654418848,-3.2767245660684368,-3.2736272348222935,-3.270529971655241,-3.2674327765233024,-3.2643356493863744,-3.261238590207898,-3.258141598954562,-3.255044675596035,-3.251947820104722,-3.2488510324555473,-3.2457543126257526,-3.2426576605947206,-3.239561076343806,-3.236464559856191,-3.233368111116748,-3.2302717301119137,-3.2271754168295814,-3.224079171258994,-3.220982993390653,-3.2178868832162366,-3.2147908407285173,-3.2116948659212965,-3.208598958789342,-3.205503119328332,-3.2024073475348054,-3.199311643406119,-3.1962160069404133,-3.1931204381365816,-3.1900249369942526,-3.186929503513772,-3.183834137696203,-3.180738839543336,-3.177643609057706,-3.1745484462426328,-3.171453351102279,-3.1683583236417334,-3.165263363867122,-3.1621684717857663,-3.159073647406388,-3.15597889073938,-3.1528842017971677,-3.1497895805946765,-3.1466950271499483,-3.143600541484943,-3.140506123626599,-3.137411773608211,-3.1343174914712497,-3.1312232772677495,-3.12812913106346,-3.1250350529420077,-3.1219410430104086,-3.118847101406387,-3.115753228308106,-3.1126594239471554,-3.109565688625912,-3.1064720227408102,-3.1033784268136158,-3.1002849015335565,-3.097191447814228,-3.0940980668706457,-3.09100476032385,-3.087911530343261,-3.084818379840929,-3.0817253127372526,-3.0786323343253894,-3.075539451772309,-3.072446674809452,-3.06935401668721,-3.0662614954973284,-3.06316913600975,-3.0600769722304952,-3.056985050972672,-3.053893436854525,-3.0508022193124784,-3.0477115224663023,-3.0446215190311254,-3.0415324499852168,-3.038444652443513,-3.035358599256852,-3.0322749554045707,-3.0291946584904164,-3.0261190339042106,-3.0230499599330827,-3.0199901049604714,-3.0169432688329665,-3.0139148748620856,-3.01091267965601,-3.0079477976150737,-3.0050361787829263,-3.0022007366831702,-2.999474400352781,-2.99690446290674,-2.994558710315093,-2.992533911551394,-2.990967266647906,-2.9900511999338444
-3.5926567015049207,-3.5918670375547386,-3.590498667626056,-3.588702898290612,-3.5865894330472696,-3.5842385131488137,-3.581709257943864,-3.5790454925900588,-3.576279876626794,-3.5734368619190846,-3.5705348316347685,-3.567587658995655,-3.56460585063111,-3.561597389940568,-3.5585683622184274,-3.5555234200236807,-3.552466130974618,-3.549399238603565,-3.54632485865448,-3.5432446272618425,-3.54015981313865,-3.5370714027576,-3.5339801652052296,-3.5308867016923715,-3.527791483450408,-3.5246948808127145,-3.521597185588483,-3.5184986283193354,-3.5153993916222914,-3.5122996205321706,-3.509199430537877,-3.506098913842025,-3.5029981442485134,-3.4998971809880337,-3.4967960717194777,-3.4936948548904536,-3.4905935615981565,-3.487492217059871,-3.484390841777742,-3.4812894524635603,-3.478188062774728,-3.4750866839013526,-3.4719853250356545,-3.468883993748171,-3.465782696289957,-3.462681437835899,-3.459580222681068,-3.4564790543995474,-3.45337793597319,-3.45027686989624,-3.447175858260539,-3.4440749028250726,-3.440974005072862,-3.437873166257615,-3.4347723874420577,-3.4316716695295,-3.4285710132898943,-3.42547041938139,-3.422369888368204,-3.419269420735468,-3.416169016901588,-3.4130686772285714,-3.409968402030651,-3.4068681915815255,-3.403768046120437,-3.4006679658572945,-3.397567950976994,-3.3944680016430833,-3.3913681180008632,-3.3882683001800356,-3.3851685482969534,-3.3820688624565602,-3.378969242754049,-3.3758696892762967,-3.3727702021031085,-3.369670781308302,-3.3665714269606637,-3.363472139124789,-3.360372917861835,-3.3572737632301974,-3.354174675286133,-3.35107565408433,-3.347976699678448,-3.3448778121216325,-3.341778991467014,-3.3386802377682065,-3.335581551079812,-3.3324829314579367,-3.3293843789607354,-3.3262858936489925,-3.3231874755867477,-3.3200891248419873,-3.3169908414874096,-3.313892625601285,-3.3107944772684204,-3.3076963965812705,-3.304598383641203,-3.301500438559962,-3.2984025614613586,-3.2953047524832435,-3.2922070117798063,-3.2891093395242774,-3.286011735640154,-3.2829142000577223,-3.2798167327134307,-3.2767193335493245,-3.2736220025125458,-3.270524739554879,-3.2674275446323486,-3.2643304177048513,-3.261233358735827,-3.2581363676919652,-3.255039444542934,-3.2519425892611387,-3.2488458018215045,-3.2457490822012733,-3.2426524303798265,-3.2395558463385203,-3.2364593300605358,-3.233362881530744,-3.2302665007355835,-3.227170187662947,-3.224073942302077,-3.220977764643476,-3.2178816546788216,-3.214785612400887,-3.211689637803473,-3.208593730881347,-3.2054978916301873,-3.202402120046534,-3.1993064161277416,-3.1962107798719517,-3.1931152112780588,-3.1900197103456898,-3.1869242770751907,-3.183828911467626,-3.1807336135247852,-3.177638383249204,-3.1745432206442032,-3.171448125713944,-3.1683530984635144,-3.1652581388990413,-3.1621632470278453,-3.1590684228586476,-3.1559736664018425,-3.1528789776698556,-3.1497843566776114,-3.1466898034431514,-3.1435953179884377,-3.1405009003404083,-3.137406550532358,-3.1343122686057554,-3.1312180546126354,-3.128123908618747,-3.125029830707718,-3.1219358209865646,-3.118841879593011,-3.115748006705221,-3.112654202554784,-3.1095604674440764,-3.106466801769532,-3.1033732060529156,-3.1002796809834563,-3.09718622747475,-3.0940928467418125,-3.090999540405682,-3.0879063106357805,-3.084813160344159,-3.0817200934512146,-3.0786271152501063,-3.0755342329078017,-3.0724414561557425,-3.0693487982443197,-3.066256277265279,-3.063163917988561,-3.0600717544201874,-3.056979833373263,-3.053888219466031,-3.0507970021349107,-3.0477063054996716,-3.0446163022754344,-3.0415272334404597,-3.0384394361096705,-3.035353383133883,-3.032269739492403,-3.0291894427889354,-3.0261138184132346,-3.0230447446523323,-3.0199848898895243,-3.0169380539711876,-3.0139096602085207,-3.0109074652092356,-3.007942583372967,-3.0050309647423306,-3.0021955228393984,-2.999469186698886,-2.99689924943245,-2.9945534970052847,-2.9925286983839356,-2.9909620535907098,-2.990045986941012
-3.592651256306644,-3.5918615924057944,-3.590493222563452,-3.5886974533424656,-3.5865839882351525,-3.5842330684894033,-3.5817038134501353,-3.5790400482721574,-3.5762744324926845,-3.573431417975046,-3.5705293878857645,-3.567582215445624,-3.564600407283183,-3.5615919467972463,-3.5585629192817088,-3.555517977295168,-3.5524606884556005,-3.5493937962950817,-3.5463194165573744,-3.5432391853767977,-3.5401543714662225,-3.5370659612982474,-3.533974723959325,-3.5308812606602227,-3.5277860426322705,-3.5246894402088027,-3.5215917451989758,-3.518493188144382,-3.5153939516620203,-3.512294180786691,-3.5091939910072854,-3.5060934745264016,-3.5029927051479324,-3.499891742102558,-3.496790633049165,-3.493689416435355,-3.4905881233583194,-3.4874867790353377,-3.484385403968554,-3.481284014869753,-3.4781826253963373,-3.47508124673841,-3.4719798880881916,-3.4688785570162195,-3.465777259773546,-3.462676001535056,-3.459574786595821,-3.4564736185299227,-3.4533725003192135,-3.4502714344579366,-3.4471704230379343,-3.4440694678181907,-3.4409685702817283,-3.4378677316822546,-3.4347669530824945,-3.431666235385758,-3.428565579361998,-3.425464985669363,-3.4223644548720706,-3.419263987455251,-3.416163583837312,-3.413063244380258,-3.409962969398325,-3.406862759165209,-3.403762613920154,-3.4006625338730676,-3.397562519208848,-3.394462570091041,-3.391362686664947,-3.388262869060267,-3.3851631173933563,-3.3820634317691574,-3.3789638122828634,-3.3758642590213506,-3.372764772064425,-3.3696653514859043,-3.3665659973545745,-3.363466709735031,-3.3603674886884303,-3.3572683342731695,-3.3541692465455055,-3.351070225560126,-3.3479712713706915,-3.3448723840303454,-3.341773563592219,-3.3386748101099264,-3.3355761236380705,-3.3324775042327563,-3.329378951952139,-3.3262804668570016,-3.323182049011385,-3.3200836984832764,-3.316985415345375,-3.313887199675948,-3.310789051559805,-3.3076909710894,-3.3045929583661002,-3.301495013501649,-3.2983971366198586,-3.2952993278585794,-3.2922015873720016,-3.2891039153333548,-3.286006311666136,-3.282908776300633,-3.279811309173293,-3.2767139102261624,-3.273616579406382,-3.270519316665738,-3.267422121960253,-3.2643249952498232,-3.2612279364978902,-3.2581309456711427,-3.2550340227392494,-3.251937167674614,-3.2488403804521617,-3.245743661049136,-3.242647009444917,-3.239550425620861,-3.236453909560151,-3.233357461247658,-3.2302610806698198,-3.2271647678145277,-3.224068522671025,-3.220972345229814,-3.2178762354825716,-3.214780193422072,-3.211684219042116,-3.2085883123374717,-3.2054924733038166,-3.20239670193769,-3.199300998236448,-3.196205362198231,-3.1931097938219324,-3.190014293107182,-3.186918860054324,-3.1838234946644226,-3.1807281969392673,-3.177632966881394,-3.1745378044941233,-3.1714427097816174,-3.1683476827489643,-3.16525272340229,-3.1621578317489156,-3.159063007797564,-3.1559682515586283,-3.1528735630445337,-3.149778942270205,-3.146684389253683,-3.143589904016931,-3.140495486586885,-3.1374011369968393,-3.1343068552882647,-3.1312126415131964,-3.1281184957373824,-3.1250244180444513,-3.1219304085414192,-3.11883646736601,-3.115742594696387,-3.112648790764139,-3.109555055871644,-3.1064613904153355,-3.103367794916978,-3.1002742700658006,-3.0971808167753987,-3.0940874362607893,-3.090994130143009,-3.0879009005914804,-3.0848077505182534,-3.081714683843726,-3.078621705861057,-3.075528823737215,-3.0724360472036403,-3.069343389510724,-3.0662508687502124,-3.063158509692045,-3.060066346342242,-3.0569744255139075,-3.0538828118252814,-3.0507915947127824,-3.0477008982961724,-3.0446108952905666,-3.0415218266742152,-3.03843402956203,-3.035347976804805,-3.0322643333818133,-3.0291840368967162,-3.0261084127391977,-3.02303933919619,-3.0199794846508388,-3.0169326489492967,-3.0139042554024353,-3.01090206061748,-3.007937178993342,-3.0050255605715654,-3.0021901188726354,-2.999463782928923,-2.996893845848642,-2.9945480935919573,-2.9925232951181497,-2.990956650439206,-2.9900405838562207
-3.5926456125868262,-3.591855948737109,-3.5904875789842583,-3.588691809881905,-3.586578344915582,-3.5842274253281103,-3.5816981704605664,-3.5790344054648258,-3.576268789875848,-3.5734257755552106,-3.570523745668076,-3.5675765734341645,-3.5645947654812002,-3.5615863052073276,-3.5585572779059254,-3.555512336135181,-3.552455047512746,-3.5493881555704383,-3.5463137760518135,-3.5432335450910286,-3.540148731400823,-3.5370603214536875,-3.533969084335994,-3.5308756212584425,-3.5277804034523044,-3.5246838012508723,-3.5215861064632654,-3.51848754963105,-3.5153883133711985,-3.5122885427184953,-3.509188353161812,-3.5060878369037383,-3.502987067748153,-3.4998861049257273,-3.4967849960953434,-3.4936837797045963,-3.4905824868506716,-3.4874811427508465,-3.484379767907259,-3.4812783790316923,-3.478176989781547,-3.475075611346924,-3.471974252920043,-3.4688729220714385,-3.4657716250521635,-3.4626703670371013,-3.459569152321323,-3.456467984478909,-3.4533668664917103,-3.4502658008539706,-3.4471647896575326,-3.444063834661379,-3.440962937348533,-3.4378620989727007,-3.434761320596608,-3.4316606031235626,-3.428559947323518,-3.4254593538546247,-3.4223588232810975,-3.419258356088067,-3.416157952693941,-3.413057613460725,-3.409957338702652,-3.4068571286934204,-3.403756983672274,-3.4006569038491197,-3.397556889408857,-3.3944569405150298,-3.391357057312941,-3.38825723993229,-3.3851574884894324,-3.382057803089311,-3.3789581838271188,-3.3758586307897325,-3.372759144056956,-3.369659723702609,-3.3665603697954767,-3.3634610824001543,-3.3603618615777986,-3.357262707386806,-3.3541636198834337,-3.3510645991223695,-3.3479656451572724,-3.344866758041287,-3.3417679378275458,-3.338669184569664,-3.335570498322241,-3.332471879141383,-3.3293733270852464,-3.3262748422146142,-3.3231764245935262,-3.32007807428997,-3.3169797913766432,-3.3138815759318154,-3.3107834280402946,-3.307685347794535,-3.304587335295906,-3.301489390656149,-3.298391513999077,-3.2952937054625395,-3.292195965200728,-3.2890982933868713,-3.2860006899444665,-3.282903154803801,-3.279805687901323,-3.2767082891790786,-3.273610958584208,-3.2705136960684977,-3.26741650158797,-3.264319375102523,-3.261222316575596,-3.2581253259738787,-3.255028403267039,-3.2519315484274824,-3.2488347614301327,-3.245738042252232,-3.242641390873163,-3.239544807274281,-3.236448291438768,-3.2333518433514943,-3.230255462998898,-3.227159150368873,-3.224062905450662,-3.2209667282347665,-3.217870618712864,-3.214774576877727,-3.2116786027231585,-3.208582696243925,-3.2054868574357043,-3.2023910862950364,-3.199295382819276,-3.196199747006564,-3.1931041788557963,-3.1900086783665977,-3.186913245539317,-3.1838178803750163,-3.180722582875486,-3.1776273530432615,-3.174532190881663,-3.1714370963948526,-3.168342069587918,-3.165247110466987,-3.16215221903938,-3.1590573953138175,-3.1559626393006948,-3.152867951012435,-3.1497733304639657,-3.146678777673328,-3.1435842926624833,-3.1404898754583677,-3.137395526094277,-3.134301244611682,-3.131207031062616,-3.128112885512829,-3.1250188080459487,-3.121924798768991,-3.118830857819678,-3.1157369853761745,-3.1126431816700704,-3.1095494470037424,-3.1064557817736254,-3.1033621865014838,-3.1002686618765467,-3.0971752088124083,-3.0940818285240854,-3.090988522632616,-3.087895293307422,-3.084802143460554,-3.0817090770124094,-3.078616099256146,-3.075523217358733,-3.072430441051611,-3.06933778358517,-3.066245263051155,-3.0631529042195074,-3.060060741096244,-3.0569688204944683,-3.0538772070324196,-3.050785990146512,-3.047695293956505,-3.0446052911775054,-3.0415162227877537,-3.038428425902145,-3.035342373371452,-3.032258730174918,-3.0291784339161536,-3.026102809984773,-3.023033736667604,-3.019973882347638,-3.0169270468707974,-3.0138986535476135,-3.010896458984804,-3.007931577580533,-3.005019959375233,-3.0021845178877427,-2.999458182148006,-2.996888245260666,-2.9945424931806777,-2.9925176948597922,-2.990951050299299,-2.990034983785459
-3.5926397631485223,-3.5918500993518006,-3.5904817296917027,-3.5886859607123065,-3.5865724958921144,-3.5842215764686896,-3.581692321779129,-3.5790285569722693,-3.576262941580729,-3.573419927464275,-3.5705178977866567,-3.567570725766491,-3.5645889180306374,-3.561580457976559,-3.558551430897097,-3.5555064893500172,-3.552449200952632,-3.5493823092364916,-3.5463079299449394,-3.543227699211959,-3.540142885750156,-3.5370544760319134,-3.533963239143514,-3.530869776295587,-3.5277745587193508,-3.5246779567480475,-3.521580262190763,-3.518481705589031,-3.5153824695598024,-3.512282699137838,-3.509182509811997,-3.506081993784852,-3.5029812248602736,-3.4998802622689245,-3.4967791536696784,-3.493677937510124,-3.4905766448874425,-3.4874753010189066,-3.4843739264066524,-3.4812725377624596,-3.4781711487437246,-3.4750697705405487,-3.471968412345148,-3.468867081728056,-3.465765784940324,-3.4626645271568357,-3.4595633126726604,-3.4564621450618778,-3.4533610273063395,-3.450259961900289,-3.447158950935567,-3.444057996171158,-3.4409570990900824,-3.4378562609460457,-3.4347554828017737,-3.4316547655605762,-3.4285541099924046,-3.4254535167554083,-3.422352986413803,-3.4192525194527206,-3.416152116290567,-3.4130517772893483,-3.4099515027633,-3.406851292986118,-3.403751148197045,-3.4006510686059896,-3.3975510543978498,-3.3944511057361697,-3.3913512227662532,-3.3882514056177984,-3.3851516544071627,-3.3820519692392867,-3.3789523502093646,-3.3758527974042716,-3.3727533109038137,-3.3696538907818097,-3.366554537107045,-3.3634552499441144,-3.3603560293541768,-3.3572568753956262,-3.3541577881247204,-3.3510587675961476,-3.3479598138635667,-3.344860926980122,-3.3417621069989463,-3.338663353973653,-3.3355646679588444,-3.332466049010626,-3.3293674971871527,-3.326269012549208,-3.3231705951608324,-3.3200722450900124,-3.3169739624094476,-3.313875747197406,-3.3107775995386963,-3.3076795195257738,-3.3045815072600053,-3.3014835628531345,-3.2983856864289733,-3.2952878781253716,-3.2921901380965215,-3.2890924665156507,-3.2859948633062577,-3.2828973283986294,-3.279799861729213,-3.2767024632400545,-3.2736051328782945,-3.2705078705957193,-3.2674106763483524,-3.2643135500960905,-3.2612164918023727,-3.2581195014338893,-3.2550225789603084,-3.2519257243540345,-3.2488289375899924,-3.245732218645424,-3.2426355674997116,-3.239538984134211,-3.2364424685321036,-3.2333460206782614,-3.2302496405591214,-3.227153328162575,-3.2240570834778675,-3.2209609064955007,-3.2178647972071515,-3.2147687556055935,-3.2116727816846278,-3.208576875439021,-3.2054810368644526,-3.202385265957461,-3.1992895627154025,-3.1961939271364166,-3.1930983592193987,-3.190002858963975,-3.1869074263704924,-3.1838120614400154,-3.180716764174333,-3.177621534575982,-3.174526372648282,-3.171431278395394,-3.168336251822407,-3.1652412929354474,-3.162146401741836,-3.159051578250295,-3.1559568224712184,-3.1528621344170302,-3.1497675141026558,-3.146672961546137,-3.143578476769435,-3.1404840597994874,-3.1373897106695905,-3.134295429421213,-3.1312012161063896,-3.128107070790869,-3.125012993558279,-3.1219189845156357,-3.118825043800663,-3.1157311715915244,-3.1126373681198105,-3.109543633687897,-3.1064499686922176,-3.103356373654538,-3.100262849264087,-3.0971693964344595,-3.094076016380673,-3.090982710723765,-3.0878894816331575,-3.0847963320209004,-3.0817032658073904,-3.0786102882857866,-3.075517406623057,-3.0724246305506426,-3.069331973318933,-3.0662394530196733,-3.0631470944228036,-3.0600549315343404,-3.0569630111673853,-3.053871397940175,-3.050780181289121,-3.0476894853339758,-3.044599482789842,-3.041510414634949,-3.038422617984177,-3.035336565688275,-3.0322529227264523,-3.029172626702271,-3.0260970030052725,-3.023027929922176,-3.0199680758358105,-3.016921240591862,-3.0138928475005082,-3.0108906531679422,-3.0079257719915526,-3.0050141540106186,-3.0021787127422757,-2.9994523772139505,-2.996882440526586,-2.994536688629734,-2.992511890467344,-2.9909452460296184,-2.990029179587442
-3.5926337005369304,-3.591844036795136,-3.5904756672311695,-3.5886798983792114,-3.5865664337104746,-3.5842155144570738,-3.581686259951984,-3.5790224953408907,-3.576256880153986,-3.573413866249158,-3.570511836788693,-3.5675646649900643,-3.5645828574792353,-3.5615743976529637,-3.5585453708035333,-3.5555004294882675,-3.5524431413241326,-3.5493762498424,-3.546301870786192,-3.543221640289319,-3.540136827064244,-3.537048417583235,-3.533957180932486,-3.530863718322552,-3.5277685009845956,-3.5246718992518122,-3.5215742049332452,-3.518475648570399,-3.5153764127801983,-3.5122766425973855,-3.5091764535108,-3.5060759377230037,-3.5029751690378528,-3.4998742066860027,-3.4967730983263206,-3.493671882406386,-3.490570590023377,-3.487469246394562,-3.484367872022072,-3.4812664836176848,-3.478165094838796,-3.4750637168755016,-3.4719623589200177,-3.468861028542876,-3.465759731995128,-3.4626584744516538,-3.4595572602075224,-3.4564560928368135,-3.4533549753213792,-3.450253910155461,-3.447152899430899,-3.444051944906676,-3.4409510480658136,-3.4378502101620185,-3.4347494322580157,-3.4316487152571136,-3.4285480599292644,-3.4254474669326167,-3.422346936831387,-3.4192464701107066,-3.416146067188981,-3.413045728428217,-3.409945454142649,-3.406845244605973,-3.403745100057433,-3.4006450207069356,-3.3975450067393793,-3.3944450583183086,-3.3913451755890263,-3.3882453586812327,-3.385145607711283,-3.3820459227841178,-3.3789463039949315,-3.3758467514306005,-3.3727472651709305,-3.3696478452897396,-3.3665484918558133,-3.3634492049337466,-3.3603499845846962,-3.3572508308670606,-3.354151743837095,-3.3510527235494876,-3.3479537700578983,-3.3448548834154708,-3.3417560636753363,-3.33865731089111,-3.335558625117393,-3.332460006410292,-3.3293614548279615,-3.326262970431186,-3.323164553284005,-3.3200662034544055,-3.316967921015087,-3.313869706044317,-3.310771558626905,-3.3076734788553046,-3.3045754668308853,-3.3014775226653894,-3.298379646482628,-3.2952818384204527,-3.292184098633053,-3.2890864272936597,-3.2859888243257696,-3.282891289659669,-3.279793823231806,-3.2766964249842268,-3.2735990948640725,-3.2705018328231277,-3.267404638817417,-3.2643075128068375,-3.2612104547548286,-3.258113464628079,-3.255016542396258,-3.25191968803177,-3.248822901509539,-3.2457261828068082,-3.242629531902958,-3.2395329487793445,-3.23643643341915,-3.233339985807247,-3.230243605930071,-3.227147293775517,-3.2240510493328256,-3.2209548725925004,-3.217858763546218,-3.2147627221867516,-3.2116667485079033,-3.20857084250444,-3.2054750041720403,-3.202379233507241,-3.199283530507401,-3.19618789517066,-3.193092327495913,-3.1899968274827857,-3.1869013951316254,-3.183806030443495,-3.1807107334201854,-3.1776155040642324,-3.174520342378956,-3.1714252483685175,-3.168330222038005,-3.1652352633935457,-3.1621403724424595,-3.1590455491934692,-3.1559507936569684,-3.1528561058453812,-3.1497614857736336,-3.146666933459767,-3.143572448925744,-3.140478032198501,-3.1373836833113327,-3.134289402305709,-3.1311951892336647,-3.128101044160949,-3.1250069671711898,-3.121912958371404,-3.118819017899313,-3.115725145933081,-3.112631342704299,-3.109537608515343,-3.1064439437626468,-3.103350348967976,-3.1002568248205584,-3.0971633722339904,-3.0940699924232886,-3.0909766870094906,-3.0878834581620187,-3.0847903087929227,-3.0816972428225995,-3.078604265544208,-3.0755113841247144,-3.0724186082955622,-3.06932595130714,-3.066233431251191,-3.0631410728976554,-3.060048910252549,-3.0569569901289717,-3.0538653771451583,-3.050774160737516,-3.047683465025793,-3.0445934627250852,-3.0415043948136105,-3.038416598406233,-3.0353305463536797,-3.032246903635124,-3.0291666078540764,-3.026090984400003,-3.023021911559509,-3.019962057715259,-3.016915222712691,-3.0138868298616157,-3.010884635767687,-3.007919754827483,-3.0050081370790926,-3.002172696037885,-2.9994463607286788,-2.9968764242485797,-2.9945306725415404,-2.992505874543424,-2.990939230232942,-2.990023163865044
-3.5926274170303243,-3.5918377533454584,-3.590469383881129,-3.588673615161254,-3.5865601506494924,-3.584209231572312,-3.581679977258415,-3.5790162128502194,-3.5762505978754056,-3.5734075841899138,-3.5705055549545146,-3.5675583833854954,-3.5645765761078905,-3.5615681165177278,-3.5585390899067124,-3.5554941488317113,-3.5524368609093275,-3.5493699696705474,-3.5462955908582625,-3.5432153606061005,-3.54013054762638,-3.537042138391252,-3.5339509019868154,-3.5308574396235524,-3.52776222253256,-3.524665621046987,-3.521567926975837,-3.5184693708605814,-3.515370135318118,-3.5122703653831686,-3.509170176544558,-3.5060696610048314,-3.502968892567834,-3.4998679304642106,-3.4967668223528197,-3.4936656066812364,-3.4905643145466314,-3.487462971166271,-3.484361597042282,-3.4812602088864395,-3.4781588203561347,-3.475057442641463,-3.4719560849346376,-3.4688547548061894,-3.4657534585071677,-3.462652201212452,-3.459550987217112,-3.4564498200952274,-3.453348702828646,-3.4502476379116107,-3.4471466274359597,-3.444045673160677,-3.440944776568783,-3.437843938913985,-3.4347431612590062,-3.4316424445071565,-3.4285417894283876,-3.425441196680848,-3.4223406668287533,-3.4192402003572337,-3.416139797684697,-3.4130394591731488,-3.409939185136822,-3.406838975849415,-3.40373883155017,-3.400638752448995,-3.3975387387307876,-3.394438790559094,-3.3913389080792142,-3.38823909142085,-3.385139340700356,-3.3820396560226733,-3.3789400374829968,-3.3758404851682013,-3.372740999158093,-3.3696415795264896,-3.3665422263421774,-3.363442939669752,-3.3603437195703703,-3.3572445661024277,-3.3541454793221814,-3.351046459284321,-3.347947506042505,-3.344848619649877,-3.3417498001595685,-3.338651047625194,-3.335552362101356,-3.3324537436441597,-3.32935519231176,-3.3262567081649412,-3.3231582912677444,-3.320059941688155,-3.3169616594988725,-3.3138634447781654,-3.3107652976108435,-3.30766721808936,-3.304569206315083,-3.3014712623997573,-3.2983733864671936,-3.2952755786552412,-3.292177839118093,-3.289080168028977,-3.285982565311391,-3.282885030895622,-3.279787564718116,-3.2766901667209205,-3.273592836851176,-3.270495575060669,-3.267398381305422,-3.2643012555453317,-3.261204197743839,-3.2581072078676327,-3.2550102858863816,-3.2519134317724907,-3.248816645500883,-3.2457199270488015,-3.2426232763956278,-3.2395266935227176,-3.2364301784132525,-3.2333337310521038,-3.23023735142571,-3.227141039521963,-3.224044795330107,-3.220948618840643,-3.2178525100452484,-3.2147564689366965,-3.2116604955087893,-3.2085645897562936,-3.205468751674887,-3.202372981261109,-3.199277278512315,-3.1961816434266463,-3.193086076002998,-3.1899905762409952,-3.1868951441409856,-3.1837997797040334,-3.1807044829319286,-3.1776092538272063,-3.1745140923931867,-3.1714189986340324,-3.168323972554829,-3.1652290141617057,-3.162134123461983,-3.159039300464382,-3.1559445451792976,-3.1528498576191537,-3.1497552377988756,-3.1466606857365043,-3.143566201454002,-3.1404717849783057,-3.1373774363427107,-3.1342831555886876,-3.1311889427682704,-3.128094797947208,-3.1250007212091275,-3.1219067126610462,-3.1188127724406867,-3.115718900726213,-3.112625097749216,-3.10953136381207,-3.10643769931121,-3.1033441047684023,-3.100250580872875,-3.097157128538224,-3.0940637489794645,-3.090970443817635,-3.0878772152221576,-3.0847840661050823,-3.0816910003868063,-3.078598023360489,-3.075505142193097,-3.0724123666160708,-3.0693197098797995,-3.0662271900760283,-3.0631348319746943,-3.0600426695818133,-3.0569507497104826,-3.053859136978935,-3.0507679208235747,-3.047677225364146,-3.044587223315735,-3.04149815565655,-3.0384103595014373,-3.035324307701099,-3.032240665234675,-3.02916036970562,-3.026084746503323,-3.023015673914273,-3.0199558203209604,-3.016908985568569,-3.01388059296653,-3.0108783991199335,-3.0079135184245245,-3.005001900917154,-3.0021664601113582,-2.999440125029253,-2.9968701887639697,-2.994524437253657,-2.992499639425799,-2.9909329952471957,-2.990016928956281
-3.5926209046308144,-3.591831241004952,-3.59046287164389,-3.588667103060908,-3.586553638711838,-3.5842027198172968,-3.5816734657015563,-3.5790097015036504,-3.576244086748654,-3.5734010732904875,-3.570499044288352,-3.5675518729573077,-3.5645700659214246,-3.561561606575971,-3.558532580212055,-3.5554876393860697,-3.552430351714245,-3.5493634607272675,-3.546289082167792,-3.543208852169257,-3.5401240394438283,-3.5370356304635364,-3.533944394314385,-3.5308509322067754,-3.5277557153717423,-3.524659114142383,-3.5215614203276613,-3.5184628644690155,-3.515363629183316,-3.512263859505262,-3.5091636709236593,-3.506063155641038,-3.5029623874612343,-3.4998614256148812,-3.496760317760829,-3.493659102346646,-3.4905578104694985,-3.4874564673466453,-3.4843550934802128,-3.4812537055819694,-3.4781523173093056,-3.4750509398523155,-3.4719495824032087,-3.4688482525325166,-3.4657469564912855,-3.462645699454395,-3.4595444857169118,-3.4564433188529153,-3.4533422018442534,-3.450241137185167,-3.4471401269674957,-3.444039172950223,-3.4409382766163694,-3.43783743921964,-3.434736661822759,-3.431635945329036,-3.4285352905084214,-3.425434698019065,-3.422334168425182,-3.419233702211902,-3.4161332997976332,-3.41303296154438,-3.4099326877663776,-3.4068324787373228,-3.4037323346964565,-3.400632255853689,-3.397532242393915,-3.3944322944806826,-3.391332412259292,-3.3882325958594435,-3.385132845397493,-3.382033160978381,-3.3789335426973026,-3.3758339906411337,-3.3727345048896793,-3.3696350855167574,-3.3665357325911534,-3.363436446177464,-3.360337226336845,-3.357238073127693,-3.3541389866062645,-3.351039966827249,-3.347941013844305,-3.3448421277105767,-3.341743308479196,-3.3386445562037768,-3.3355458709389203,-3.3324472527407334,-3.329348701667371,-3.3262502177796165,-3.3231518011415107,-3.320053451821041,-3.3169551698909054,-3.313856955429373,-3.310758808521251,-3.3076607292589957,-3.3045627177439743,-3.3014647740879304,-3.298366898414676,-3.2952690908620625,-3.2921713515842796,-3.2890736807545577,-3.285976078296395,-3.2828785441400763,-3.2797810782220496,-3.2766836804843615,-3.2735863508741523,-3.2704890893432075,-3.2673918958475507,-3.264294770347078,-3.2611977128052305,-3.2581007231886967,-3.2550038014671445,-3.2519069476129796,-3.2488101616011256,-3.245713443408825,-3.242616793015461,-3.2395202104023872,-3.236423695552786,-3.2333272484515287,-3.2302308690850534,-3.2271345574412527,-3.224038313509369,-3.2209421372799056,-3.2178460287445385,-3.2147499878960413,-3.2116540147282167,-3.20855810923583,-3.2054622714145617,-3.202366501260949,-3.199270798772348,-3.1961751639469003,-3.1930795967834995,-3.1899840972817706,-3.1868886654420625,-3.18379330126544,-3.1806980047536912,-3.177602775909352,-3.1745076147357425,-3.1714125212370257,-3.168317495418288,-3.165222537285657,-3.1621276468464536,-3.1590328241093997,-3.1559380690848897,-3.1528433817853476,-3.1497487622256997,-3.1466542104239865,-3.1435597264021697,-3.1404653101871847,-3.1373709618123278,-3.134276681319069,-3.1311824687594445,-3.1280883241992017,-3.1249942477219697,-3.1219002394347646,-3.1188062994753087,-3.1157124280217663,-3.112618625305727,-3.1095248916295675,-3.1064312273897214,-3.1033376331079547,-3.100244109473495,-3.0971506573999386,-3.0940572781023006,-3.0909639732016205,-3.08787074486732,-3.084777596011449,-3.0816845305544045,-3.078591553789345,-3.0754986728832376,-3.072405897567524,-3.0693132410925923,-3.0662207215501858,-3.0631283637102418,-3.060036201578774,-3.056944281968879,-3.053852669498787,-3.0507614536048995,-3.0476707584069547,-3.044580756620031,-3.041491689222324,-3.038403893328665,-3.0353178417897313,-3.032234199584624,-3.029153904316744,-3.026078281375398,-3.023009209046954,-3.0199493557137225,-3.016902521220622,-3.0138741288766915,-3.0108719352864366,-3.007907054844739,-3.004995437587167,-3.0021599970253603,-2.9994336621786317,-2.9968637261359925,-2.994517974829577,-2.992493177178182,-2.9909265331362636,-2.9900104669251375
-3.5926141550546333,-3.591824491489923,-3.590456122235889,-3.588660353794789,-3.586546889614341,-3.584195970909094,-3.5816667169987295,-3.5790029530187764,-3.5762373384916053,-3.5733943252690468,-3.570492296508673,-3.5675451254242705,-3.5645633186389127,-3.5615548595470807,-3.5585258334392647,-3.5554808928713673,-3.5524236054592273,-3.549356714733224,-3.546282336435767,-3.543202106700097,-3.5401172942382235,-3.5370288855220515,-3.5339376496374837,-3.530844187794839,-3.527748971225089,-3.5246523702612778,-3.5215546767123262,-3.518456121119639,-3.515356886100058,-3.5122571166882572,-3.5091569283730246,-3.5060564133568763,-3.5029556454436346,-3.4998546838639224,-3.496753576276583,-3.493652361129176,-3.4905510695188613,-3.4874497266628945,-3.4843483530633974,-3.481246965432135,-3.478145577426496,-3.4750442002365713,-3.47194284305457,-3.4688415134510193,-3.465740217676966,-3.462638960907288,-3.459537747437052,-3.456436580840336,-3.4533354640989873,-3.4502343997072473,-3.4471333897569543,-3.4440324360070904,-3.440931539940675,-3.437830702811415,-3.4347299256820327,-3.431629209455838,-3.428528554902783,-3.4254279626810153,-3.42232743335475,-3.419226967409117,-3.4161265652625237,-3.4130262272769762,-3.4099259537667073,-3.4068257450054134,-3.4037256012323382,-3.4006255226573883,-3.3975255094654617,-3.3944255618201042,-3.391325679866618,-3.3882258637347014,-3.3851261135407102,-3.3820264293895885,-3.378926811376527,-3.375827259588403,-3.372727774105022,-3.369628355000203,-3.3665290023427312,-3.363429716197201,-3.3603304966247696,-3.3572313436838326,-3.3541322574306487,-3.3510332379199053,-3.347934285205262,-3.344835399339863,-3.34173658037684,-3.3386378283698077,-3.3355391433733677,-3.3324405254436247,-3.3293419746387345,-3.32624349101948,-3.3231450746499034,-3.320046725597991,-3.3169484439364414,-3.313850229743523,-3.310752083104045,-3.307654004110461,-3.304555992864141,-3.3014580494768264,-3.298360174072331,-3.2952623667885037,-3.2921646277795364,-3.289066957218658,-3.2859693550293665,-3.2828718211419483,-3.2797743554928505,-3.2766769580241197,-3.2735796286828966,-3.270482367420967,-3.2673851741943536,-3.2642880489629538,-3.2611909916902064,-3.2580940023428018,-3.254997080890407,-3.251900227305429,-3.2488034415627896,-3.245706723639733,-3.2426100735156393,-3.239513491171866,-3.236416976591593,-3.2333205297596925,-3.230224150662603,-3.2271278392882166,-3.224031595625776,-3.220935419665784,-3.2178393113999166,-3.2147432708209482,-3.21164729792268,-3.2085513926998788,-3.2054555551482236,-3.202359785264252,-3.19926408304532,-3.196168448489569,-3.193072881595894,-3.1899773823639213,-3.186881950793997,-3.183786586887185,-3.1806912906452753,-3.177596062070804,-3.174500901167091,-3.1714058079382976,-3.168310782389513,-3.165215824526863,-3.16212093435767,-3.1590261118906557,-3.1559313571362124,-3.1528366701067645,-3.1497420508172382,-3.1466474992856757,-3.143553015534037,-3.14045859958926,-3.1373642514846405,-3.1342699712616477,-3.131175758972317,-3.1280816146823964,-3.124987538475514,-3.1218935304586855,-3.1187995907696355,-3.1157057195865265,-3.11261191714095,-3.109518183735281,-3.106424519765955,-3.1033309257547352,-3.100237402390852,-3.0971439505879004,-3.094050571560896,-3.090957266930877,-3.087864038867265,-3.0847708902821114,-3.081677825095813,-3.078584848601527,-3.0754919679662223,-3.072399192921339,-3.069306536717264,-3.0662140174457417,-3.0631216598767077,-3.0600294980161755,-3.056937578677241,-3.05384596647813,-3.05075475085524,-3.047664055928305,-3.044574054412393,-3.04148498728569,-3.038397191663009,-3.035311140395002,-3.0322274984607294,-3.029147203463537,-3.0260715807926446,-3.023002508734296,-3.0199426556706173,-3.016895821446253,-3.0138674293698338,-3.0108652360452597,-3.007900355866517,-3.004988738867844,-3.002153298558914,-2.9994269639561346,-2.996857028144248,-2.9945112770491558,-2.9924864795806507,-2.990919835680395,-2.990003769551964
-3.5926071597223093,-3.5918174962209775,-3.590449127077868,-3.5886533587838145,-3.586539894778127,-3.584188976269065,-3.5816597225715547,-3.5789959588174876,-3.5762303445264387,-3.573387331548069,-3.570485303038262,-3.5675381322094872,-3.5645563256837796,-3.561547866854808,-3.558518841012419,-3.5554739007120073,-3.5524166135690094,-3.549349723113484,-3.546275345087587,-3.5431951156243544,-3.5401103034356347,-3.5370218949932015,-3.533930659382853,-3.530837197814825,-3.5277419815200197,-3.5246453808314273,-3.521547687557924,-3.5184491322408786,-3.515349897497104,-3.512250128361251,-3.509149940322088,-3.5060494255821144,-3.502948657945139,-3.499847696641776,-3.496746589330859,-3.4936453744599425,-3.49054408312618,-3.48744274054682,-3.484341367223979,-3.4812399798694216,-3.478138592140533,-3.4750372152274,-3.4719358583222295,-3.4688345289955493,-3.465733233498404,-3.4626319770056706,-3.459530763812414,-3.4564295974927113,-3.453328481028411,-3.450227416913751,-3.447126407240571,-3.4440254537678525,-3.4409245579786143,-3.4378237211265623,-3.434722944274419,-3.4316222283254945,-3.4285215740497392,-3.4254209821053014,-3.4223204530563973,-3.419219987388156,-3.416119585518984,-3.4130192478108885,-3.4099189745781016,-3.4068187660943203,-3.403718622598787,-3.4006185443014103,-3.3975185313870853,-3.394418584019359,-3.3913187023435327,-3.3882188864893066,-3.3851191365730364,-3.382019452699664,-3.3789198349643814,-3.3758202834540656,-3.3727207982485234,-3.3696213794215715,-3.366522027041996,-3.363422741174391,-3.3603235218799146,-3.3572243692169623,-3.3541252832417916,-3.3510262640090906,-3.3479273115725188,-3.344828425985222,-3.3417296073003295,-3.3386308555714566,-3.335532170853205,-3.3324335532016818,-3.329335002675041,-3.326236519334066,-3.323138103242798,-3.320039754469223,-3.3169414730860405,-3.313843259171519,-3.310745112810466,-3.3076470340953374,-3.304549023127502,-3.301451080018702,-3.2983532048927495,-3.2952553978874954,-3.292157659157131,-3.2890599888748855,-3.2859623869642567,-3.2828648533555316,-3.279767387985157,-3.276669990795179,-3.273572661732738,-3.2704754007496204,-3.267378207801849,-3.2642810828493194,-3.2611840258554725,-3.2580870367869967,-3.2549901156135603,-3.25189326230757,-3.248796476843949,-3.2456997591999404,-3.2426031093549255,-3.2395065272902586,-3.236410012989123,-3.233313566436389,-3.230217187618495,-3.2271208765233332,-3.2240246331401474,-3.220928457459439,-3.2178323494728853,-3.2147363091732593,-3.2116403365543627,-3.2085444316109624,-3.205448594338737,-3.202352824734226,-3.199257122794785,-3.1961614885185523,-3.193065921904426,-3.1899704229520305,-3.1868749916617127,-3.183779628034537,-3.180684332072293,-3.177589103777518,-3.1744939431535295,-3.1713988502044907,-3.1683038249354896,-3.1652088673526535,-3.1621139774633025,-3.1590191552761584,-3.1559244008016165,-3.1528297140520998,-3.149735095042534,-3.14664054379096,-3.1435460603193404,-3.140451644654612,-3.137357296830069,-3.1342630168871826,-3.1311688048779875,-3.128074660868232,-3.124980584941544,-3.1218865772049407,-3.1187926377961444,-3.1156987668933196,-3.1126049647280554,-3.1095112316027276,-3.1064175679137715,-3.103323974182951,-3.1002304510994962,-3.0971369995770024,-3.0940436208304862,-3.0909503164809853,-3.0878570886979215,-3.084763940393345,-3.081670875487652,-3.0785778992740016,-3.0754850189193603,-3.0723922441551683,-3.069299588231814,-3.0662070692410395,-3.063114711952782,-3.060022550373052,-3.056930631314944,-3.0538390193966807,-3.050747804054657,-3.0476571094085996,-3.0445671081735703,-3.041478041327742,-3.038390245985908,-3.0353041949986928,-3.032220553345119,-3.029140258628472,-3.0260646362378827,-3.022995564459467,-3.0199357116751586,-3.0168888777293166,-3.0138604859301483,-3.010858292880929,-3.0078934129747155,-3.0049817962443695,-3.0021463561975255,-2.99942002184758,-2.9968500862748506,-2.9945043353987777,-2.9924795381198224,-2.990912894366389,-2.989996828323665
-3.592599909748349,-3.5918102463127033,-3.5904418772845585,-3.588646109142908,-3.586532645318342,-3.5841817270126106,-3.5816524735357045,-3.5789887100157474,-3.576223095969415,-3.573380083244121,-3.570478054994003,-3.5675308844301585,-3.5645490781735516,-3.5615406196170065,-3.558511594049706,-3.555466654026516,-3.5524093671624564,-3.549342476987255,-3.5462680992428024,-3.543187870061925,-3.5401030581563013,-3.5370146499975714,-3.533923414671424,-3.5308299533880088,-3.527734737378158,-3.524638136974804,-3.521540443986778,-3.5184418889554085,-3.515342654497482,-3.512242885647625,-3.509142697894583,-3.506042183440842,-3.502941416090195,-3.4998404550732447,-3.496739348048816,-3.4936381334644553,-3.4905368424173107,-3.4874355001246258,-3.484334127088513,-3.4812327400207335,-3.478131352578669,-3.475029975952404,-3.4719286193341445,-3.4688272902944157,-3.4657259950842616,-3.462624738878557,-3.459523525972366,-3.4564223599397654,-3.4533212437626,-3.450220179935109,-3.4471191705491306,-3.4440182173636473,-3.4409173218616775,-3.4378164852969264,-3.434715708732117,-3.431614993070558,-3.4285143390822004,-3.425413747425191,-3.4223132186637466,-3.4192127532829963,-3.4161123517013463,-3.4130120142808025,-3.4099117413355984,-3.406811533139431,-3.4037113899315434,-3.400611311921843,-3.397511299295226,-3.394411352215238,-3.3913114708271808,-3.388211655260755,-3.385111905632314,-3.3820122220468023,-3.378912604599412,-3.3758130533770196,-3.372713568459429,-3.3696141499204595,-3.3665147978288967,-3.363415512249335,-3.360316293242933,-3.357217140868086,-3.3541180551810506,-3.351019036236516,-3.347920084088141,-3.34482119878907,-3.3417223803924347,-3.33862362895185,-3.335524944521916,-3.332426327158741,-3.329327776920479,-3.3262292938679137,-3.3231308780650846,-3.3200325295799797,-3.316934248485297,-3.313836034859307,-3.3107378887868175,-3.3076398103602833,-3.304541799681071,-3.3014438568609252,-3.298345982023658,-3.295248175307119,-3.292150436865501,-3.2890527668720333,-3.285955165250213,-3.282857631930327,-3.279760166848822,-3.2766627699477437,-3.2735654411742345,-3.270468180480078,-3.2673709878212978,-3.2642738631577917,-3.2611768064529993,-3.2580798176736083,-3.254982896789288,-3.2518860437724437,-3.248789258598,-3.2456925412431983,-3.2425958916874214,-3.2394993099120235,-3.236402795900188,-3.233306349636784,-3.2302099711082506,-3.2271136603024804,-3.2240174172087155,-3.2209212418174595,-3.2178251341203876,-3.214729094110274,-3.2116331217809204,-3.208537217127095,-3.2054413801444746,-3.2023456108295982,-3.1992499091798225,-3.196154275193287,-3.1930587088688873,-3.1899632102062485,-3.1868677792057185,-3.1837724158683613,-3.1806771201959663,-3.177581892191069,-3.1744867318569887,-3.1713916391978887,-3.1682966142188578,-3.1652016569260213,-3.162106767326701,-3.1590119454296186,-3.1559171912451673,-3.1528225047857714,-3.1497278860663567,-3.146633335104965,-3.1435388519235583,-3.140444436549073,-3.1373500890148045,-3.1342558093622226,-3.1311615976433615,-3.128067453923971,-3.1249733782876787,-3.1218793708415014,-3.1187854317231607,-3.1156915611108222,-3.112597759236075,-3.109504026401295,-3.1064103630029174,-3.103316769562707,-3.1002232467698914,-3.097129795538068,-3.0940364170822523,-3.0909431130234815,-3.087849885531177,-3.0847567375173908,-3.0816636729025193,-3.07857069697972,-3.0754778169159604,-3.0723850424426806,-3.069292386810268,-3.066199868110465,-3.0631075111132073,-3.060015349824503,-3.0569234310574447,-3.053831819430254,-3.0507406043793215,-3.0476499100243677,-3.044559909080446,-3.041470842525715,-3.0383830474749507,-3.0352969967787495,-3.032213355416092,-3.0291330609902025,-3.0260574388901222,-3.02298836740183,-3.019928514907062,-3.0168816812498815,-3.0138532897380594,-3.010851096974221,-3.007886217350458,-3.0049746008982066,-3.0021391611229884,-2.999412827035081,-2.996842891710214,-2.994497141061133,-2.9924723439786285,-2.990905700377362,-2.9899896344234653
-3.5925923959306054,-3.5918027325630364,-3.59043436365404,-3.5886385956703357,-3.5865251320334868,-3.5841742139384847,-3.5816449606902134,-3.5789811974128907,-3.5762155836201837,-3.573372571157179,-3.5704705431762,-3.5675233728869293,-3.5645415669092193,-3.5615331086350195,-3.558504083352821,-3.5554591436169467,-3.552401857041982,-3.5493349671573102,-3.546260589704548,-3.543180360816305,-3.540095549204083,-3.5370071413393847,-3.533915906307785,-3.530822445319343,-3.5277272296048188,-3.5246306294970853,-3.521532936804926,-3.5184343820696333,-3.51533514790796,-3.512235379354506,-3.509135191897998,-3.506034677740903,-3.5029339106870028,-3.4998329499668874,-3.496731843239374,-3.4936306289520003,-3.4905293382019065,-3.4874279962063324,-3.4843266234673855,-3.4812252366968237,-3.478123849552024,-3.4750224732230692,-3.471921116902164,-3.4688197881598297,-3.4657184932471097,-3.4626172373388777,-3.459516024730198,-3.4564148589951453,-3.453313743115565,-3.4502126795856958,-3.447111670497375,-3.4440107176095824,-3.440909822405337,-3.437808986138344,-3.434708209871326,-3.4316074945075914,-3.42850684081709,-3.4254062494579705,-3.4223057209944483,-3.419205255911653,-3.416104854627991,-3.413004517505467,-3.409904244858315,-3.4068040369602324,-3.40370389405046,-3.4006038163389065,-3.397503804010469,-3.3944038572286925,-3.391303976138879,-3.388204160870727,-3.385104411540593,-3.3820047282534196,-3.3789051111043973,-3.3758055601804053,-3.3727060755612484,-3.3696066573207433,-3.3665073055276764,-3.3634080202466423,-3.3603088015387987,-3.357209649462543,-3.3541105640741313,-3.3510115454282516,-3.347912593578563,-3.3448137085782106,-3.3417148904803247,-3.338616139338521,-3.335517455207401,-3.3324188381430697,-3.329320288203683,-3.3262218054500243,-3.323123389946134,-3.3200250417599992,-3.316926760964319,-3.3138285476373626,-3.310730401863938,-3.3076323237364997,-3.3045343133564162,-3.301436370835431,-3.298338496297356,-3.295240689880042,-3.2921429517376803,-3.2890452820435017,-3.2859476807210015,-3.282850147700468,-3.279752682918348,-3.2766552863166862,-3.273557957842626,-3.2704606974479504,-3.2673635050886833,-3.2642663807247203,-3.261169324319503,-3.258072335839719,-3.254975415255038,-3.251878562537865,-3.2487817776631234,-3.2456850606080563,-3.2425884113520445,-3.2394918298764432,-3.2363953161644345,-3.233298870200891,-3.2302024919722494,-3.2271061814664033,-3.224009938672595,-3.220913763581326,-3.2178176561842733,-3.21472161647421,-3.2116256444449376,-3.208529740091224,-3.2054339034087485,-3.2023381343940476,-3.19924243304448,-3.1961467993581847,-3.193051233334057,-3.1899557349717216,-3.1868603042715264,-3.1837649412345344,-3.1806696458625363,-3.1775744181580676,-3.1744792581244483,-3.1713841657658413,-3.168289141087334,-3.165194184095053,-3.1620992947963193,-3.1590044731998543,-3.155909719316053,-3.152815033157339,-3.1497204147386384,-3.146625864077992,-3.143531381197361,-3.1404369661236826,-3.137342618890253,-3.1342483395385417,-3.1311541281205835,-3.1280599847021273,-3.1249659093668005,-3.12187190222162,-3.1187779634043085,-3.115684093093029,-3.1125902915193735,-3.1094965589857173,-3.106402895888494,-3.1033093027494703,-3.100215780257874,-3.0971223293273007,-3.0940289511727666,-3.0909356474153085,-3.0878424202243493,-3.084749272511939,-3.081656208198475,-3.0785632325771157,-3.075470352814826,-3.0723775786430467,-3.069284923312166,-3.0661924049139238,-3.063100048218256,-3.0600078872311705,-3.0569159687657574,-3.053824357440235,-3.050733142690989,-3.0476424486377347,-3.0445524479955166,-3.0414633817424805,-3.038375586993382,-3.0352895365987895,-3.0322058955376376,-3.0291256014130896,-3.026049979614091,-3.0229809084264834,-3.0199210562317935,-3.01687422287378,-3.0138458316597605,-3.010843639191687,-3.0078787598606564,-3.0049671436966237,-3.002131704202919,-2.999405370386587,-2.9968354353186046,-2.9944896849047775,-2.9924648880258737,-2.9908982445823127,-2.9899821787204752
-3.5925846087394544,-3.591794945442442,-3.59042657665693,-3.588630808836921,-3.5865173453946166,-3.584166427518012,-3.581637174506693,-3.5789734114808303,-3.5762077979509765,-3.5733647857598054,-3.570462758057759,-3.567515588053053,-3.564533782364387,-3.561525324382806,-3.5584962993960847,-3.55545135995798,-3.552394073682629,-3.5493271840990572,-3.5462528069485986,-3.543172578363636,-3.540087767055492,-3.5369993594955234,-3.5339081247691873,-3.5308146640864506,-3.5277194486779972,-3.524622848876641,-3.521525156491116,-3.518426602062673,-3.5153273682080317,-3.5122275999617676,-3.5091274128125853,-3.5060268989629346,-3.5029261322165817,-3.4998251718041056,-3.4967240653843126,-3.4936228514047314,-3.4905215609624975,-3.4874202192748442,-3.4843188468438746,-3.4812174603813433,-3.4781160735446246,-3.475014697523799,-3.4719133415110677,-3.468812013076951,-3.465710718472489,-3.462609462872557,-3.459508250572216,-3.45640708514554,-3.4533059695743744,-3.4502049063529565,-3.4471038975731227,-3.444002944993854,-3.4409020500981677,-3.437801214139768,-3.4347004381813786,-3.4315997231263062,-3.428499069744502,-3.4253984786941145,-3.422297950539357,-3.41919748576536,-3.41609708479053,-3.4129967479768712,-3.4098964756386168,-3.406796268049464,-3.403696125448655,-3.400596048046098,-3.397496036026689,-3.394396089553975,-3.391296208773257,-3.3881963938142348,-3.385096644793263,-3.3819969618152834,-3.378897344975488,-3.375797794360755,-3.3726983100508896,-3.3695988921197095,-3.3664995406360005,-3.3634002556643567,-3.360301037265937,-3.3572018854991375,-3.354102800420214,-3.3510037820838545,-3.3479048305437193,-3.3448059458529533,-3.3417071280646864,-3.3386083772325335,-3.3355096934110966,-3.332411076656482,-3.3293125270268455,-3.3262140445829695,-3.323115629388895,-3.3200172815126097,-3.316919001026811,-3.3138207880097688,-3.310722642546291,-3.3076245647288327,-3.3045265546587617,-3.3014286124478227,-3.298330738219827,-3.295232932112626,-3.292135194280411,-3.289037524896411,-3.2859399238841243,-3.2828423911738365,-3.279744926701995,-3.276647530410645,-3.273550202246928,-3.270452942162629,-3.267355750113772,-3.2642586260602524,-3.2611615699655125,-3.2580645817962393,-3.2549676615221017,-3.251870809115504,-3.248774024551371,-3.2456773078069454,-3.2425806588616077,-3.2394840776967153,-3.2363875642954474,-3.233291118642677,-3.230194740724841,-3.227098430529832,-3.2240021880468928,-3.220906013266526,-3.217809906180409,-3.214713866781315,-3.2116178950630454,-3.208521991020367,-3.205426154648959,-3.2023303859453596,-3.1992346849069246,-3.196139051531794,-3.1930434858188628,-3.189947987767758,-3.1868525573788253,-3.1837571946531296,-3.1806618995924603,-3.1775666721993527,-3.174471512477127,-3.1713764204299464,-3.1682813960628975,-3.1651864393821083,-3.162091550394899,-3.1589967291099916,-3.15590197553778,-3.1528072896906894,-3.1497126715836448,-3.146618121234686,-3.1435236386657768,-3.1404292239038525,-3.1373348769822083,-3.134240597942316,-3.131146386836209,-3.1280522437296363,-3.1249581687062262,-3.121864161872995,-3.1187702233676666,-3.1156763533684044,-3.1125825521067987,-3.1094888198852235,-3.1063951571001143,-3.1033015642732367,-3.1002080420938185,-3.097114591475455,-3.094021213633164,-3.090927910187983,-3.087834683309333,-3.084741535909265,-3.0816484719081756,-3.078555496599223,-3.0754626171493746,-3.072369843290069,-3.069277188271691,-3.0661846701859834,-3.0630923138028794,-3.060000153128387,-3.0569082349755936,-3.053816623962716,-3.0507254095261347,-3.0476347157855583,-3.0445447154560235,-3.041455649515661,-3.038367855079206,-3.035281804997196,-3.0321981642485225,-3.0291178704362807,-3.0260422489493197,-3.0229731780733373,-3.019913326189646,-3.0168664931416873,-3.013838102236308,-3.0108359100747646,-3.007871031047117,-3.004959415181788,-3.00212397597984,-2.9993976424449666,-2.9968277076432184,-2.994481957473207,-2.9924571608053134,-2.9908905175251963,-2.989974451758769
-3.592576538306385,-3.5917868750824926,-3.5904185064249563,-3.588622738774599,-3.586509275533918,-3.584158357883655,-3.581629105117908,-3.578965342352656,-3.5761997290952205,-3.573356717185772,-3.5704546897728076,-3.5675075200630206,-3.564525714673916,-3.5615172569955984,-3.558488232315101,-3.555443293185596,-3.5523860072207554,-3.549319117949237,-3.546244741112079,-3.5431645128414306,-3.540079701848426,-3.5369912946042716,-3.533900060194306,-3.530806599828398,-3.527711384737153,-3.524614785253321,-3.521517093185585,-3.518418539075154,-3.5153193055387155,-3.512219537610817,-3.509119350780141,-3.5060188372491172,-3.5029180708214986,-3.499817110727851,-3.496716004626971,-3.49361479096638,-3.4905135008432056,-3.487412159474676,-3.4843107873628907,-3.4812094012195964,-3.478108014702167,-3.475006639000679,-3.4719052833073323,-3.468803955192645,-3.4657026609076573,-3.46260140562724,-3.4595001936464542,-3.4563990285393733,-3.453297913287842,-3.450196850386095,-3.4470958419259703,-3.443994889666447,-3.440893995090543,-3.437793159451963,-3.4346923838134287,-3.4315916690782484,-3.4284910160163706,-3.4253904252859435,-3.4222898974511815,-3.4191894329972143,-3.416089032342448,-3.4129886958488886,-3.4098884238307683,-3.4067882165617847,-3.403688074281179,-3.4005879971988593,-3.3974879854997226,-3.394388039347315,-3.3912881588869364,-3.3881883442482876,-3.3850885955477232,-3.3819889128901854,-3.378889296370866,-3.3757897460766437,-3.3726902620873234,-3.3695908444767215,-3.3664914933136236,-3.363392208662626,-3.3602929905848855,-3.3571938391387994,-3.354094754380623,-3.3509957363650456,-3.347896785145726,-3.3447979007758093,-3.3416990833084266,-3.338600332797192,-3.3355016492967073,-3.3324030328630783,-3.32930448355446,-3.3262060014316375,-3.323107586558651,-3.3200092390034865,-3.3169109588388435,-3.3138127461429896,-3.310714601000736,-3.3076165235045356,-3.3045185137557573,-3.301420571866144,-3.298322697959509,-3.2952248921737026,-3.2921271546629156,-3.2890294856003788,-3.2859318849095884,-3.282834352520832,-3.2797368883705555,-3.2766394924008053,-3.2735421645587226,-3.270444904796093,-3.26734771306894,-3.2642505893371583,-3.2611535335641895,-3.2580565457167214,-3.2549596257644224,-3.251862773679698,-3.248765989437472,-3.245669273014986,-3.242572624391623,-3.239476043548738,-3.2363795304695144,-3.233283085138822,-3.2301867075430986,-3.2270903976702354,-3.2239941555094767,-3.2208979810513236,-3.217801874287454,-3.2147058352106415,-3.2116098638146875,-3.2085139600943577,-3.2054181240453326,-3.2023223556641502,-3.1992266549481667,-3.1961310218955217,-3.19303545650511,-3.189939958776557,-3.1868445287102114,-3.183749166307136,-3.1806538715691204,-3.1775586444987005,-3.1744634850991975,-3.1713683933747725,-3.1682733693305147,-3.1651784129725495,-3.1620835243081986,-3.158988703346184,-3.1558939500968983,-3.1527992645727676,-3.1497046467887158,-3.146610096762785,-3.1435156145169363,-3.1404212000781073,-3.1373268534795926,-3.1342325747628625,-3.131138363979953,-3.1280442211966117,-3.1249501464964675,-3.121856139986536,-3.1187622018045387,-3.1156683321286405,-3.1125745311904316,-3.109480799292289,-3.1063871368306466,-3.103293544327269,-3.1002000224713853,-3.0971065721765907,-3.094013194657902,-3.090919891536358,-3.0878266649813795,-3.0847335179050166,-3.081640454227666,-3.0785474792424856,-3.075454600116442,-3.0723618265809742,-3.069269171886469,-3.066176654124665,-3.063084298065496,-3.059992137714969,-3.05690021988617,-3.053808609197311,-3.050717395084769,-3.047626701668246,-3.0445367016627674,-3.0414476360464513,-3.038359841934012,-3.0352737921759556,-3.032190151751127,-3.0291098582625535,-3.0260342370989837,-3.0229651665459634,-3.0199053149845856,-3.0168584822579625,-3.013830091672453,-3.0108278998285902,-3.007863021115365,-3.0049514055596087,-3.002115966660032,-2.9993896334168544,-2.9968196988910223,-2.994473948973696,-2.9924491525244883,-2.9908825094137623,-2.9899664437462157
-3.5925681744124462,-3.591778511264335,-3.5904101427394295,-3.5886143752648927,-3.586500912233168,-3.58414999481748,-3.581620742306236,-3.578956979811069,-3.5761913668359555,-3.5733483552184744,-3.570446328105104,-3.5674991587009592,-3.5645173536223087,-3.561508896258283,-3.5584798718951487,-3.5554349330854684,-3.5523776474424333,-3.549310758494317,-3.5462363819818545,-3.5431561540369527,-3.54007134337055,-3.5369829364536978,-3.5338917023716068,-3.530798242334047,-3.527703027571544,-3.524606428416783,-3.521508736678391,-3.5184101828975374,-3.515310949690873,-3.5122111820929174,-3.509110995592329,-3.5060104823915204,-3.502909716294229,-3.4998087565310065,-3.4967076507606394,-3.493606437430641,-3.4905051476381304,-3.48740380660033,-3.484302434819334,-3.481201049006888,-3.478099662820359,-3.474998287449824,-3.471896932087479,-3.4687956043038404,-3.465694310349945,-3.462593055400663,-3.459491843751056,-3.4563906789751937,-3.453289564054919,-3.45018850148447,-3.447087493355681,-3.443986541427532,-3.44088564718304,-3.437784811875909,-3.4346840365688607,-3.4315833221652032,-3.4284826694348864,-3.4253820790360563,-3.422281551532928,-3.4191810874106308,-3.4160806870875713,-3.4129803509257544,-3.409880079239412,-3.4067798723022427,-3.4036797303534865,-3.4005796536030513,-3.3974796422358353,-3.3943796964153825,-3.3912798162869957,-3.3881800019803734,-3.3850802536118705,-3.38198057128643,-3.3788809550992434,-3.375781405137188,-3.372681921480071,-3.369582504201707,-3.3664831533708828,-3.363383869052194,-3.360284651306798,-3.35718550019309,-3.354086415767327,-3.3509873980841975,-3.3478884471973607,-3.344789563159961,-3.341690746025131,-3.338591995846483,-3.335493312678621,-3.33239469657765,-3.329296147601726,-3.326197665811632,-3.3230992512714095,-3.320000904049044,-3.316902624217234,-3.3138044118542505,-3.3107062670449015,-3.3076081898816407,-3.3045101804658388,-3.301412238909237,-3.298314365335648,-3.295216559882924,-3.292118822705255,-3.289021153975871,-3.2859235536182707,-3.2828260215627387,-3.2797285577457234,-3.2766311621092696,-3.2735338346005194,-3.270436575171258,-3.2673393837775078,-3.264242260379166,-3.2611452049396714,-3.2580482174257135,-3.2549512978069592,-3.2518544460558143,-3.248757662147204,-3.24566094605837,-3.242564297768693,-3.2394677172595294,-3.236371204514062,-3.23327475951716,-3.230178382255262,-3.22708207271626,-3.223985830889397,-3.220889656765176,-3.2177935503352733,-3.2146975115924614,-3.211601540530543,-3.2085056371442855,-3.2054098014293673,-3.202314033382327,-3.1992183330005197,-3.1961227002820864,-3.193027135225922,-3.189931637831653,-3.1868362080996264,-3.183740846030906,-3.1806455516272805,-3.1775503248912864,-3.174455165826243,-3.1713600744363126,-3.168265050726584,-3.1651700947031842,-3.162075206373433,-3.1589803857460526,-3.155885632831437,-3.15279094764201,-3.1496963301926986,-3.1466017805015434,-3.1435072985905044,-3.140412884486521,-3.1373185382228868,-3.134224259841073,-3.1311300493931133,-3.128035906944758,-3.1249418325796334,-3.121847826404757,-3.1187538885578507,-3.1156600192170796,-3.1125662186140337,-3.1094724870510886,-3.1063788249246778,-3.1032852327565665,-3.1001917112359854,-3.0970982612765288,-3.0940048840932133,-3.0909115813070778,-3.0878183550875424,-3.0847252083466583,-3.08163214500482,-3.078539170355187,-3.075446291564725,-3.0723535183648734,-3.0692608640060177,-3.066168346579898,-3.0630759908564453,-3.0599838308416656,-3.0568919133486427,-3.053800302995586,-3.050709089218867,-3.047618396138182,-3.0445283964685457,-3.041439331188062,-3.038351537411423,-3.035265487989101,-3.032181847899896,-3.0291015547467617,-3.0260259339183424,-3.0229568637000304,-3.019897012472688,-3.0168501800790852,-3.0138217898250783,-3.010819598310452,-3.0078547199230834,-3.0049431046881594,-3.002107666101951,-2.99938133316108,-2.996811398921201,-2.994465649265749,-2.9924408530431807,-2.9908742101080055,-2.9899581445429355
-3.5925595064761566,-3.5917698434065795,-3.5904014750191253,-3.5886057077268005,-3.5864922449116285,-3.5841413277390433,-3.5816120754915572,-3.5789483132762987,-3.5761827005937747,-3.5733396892788782,-3.5704376624759955,-3.567490493388608,-3.5645086886317006,-3.5615002315933957,-3.558471207559162,-3.5554262690809337,-3.5523689837714025,-3.5493020951584473,-3.546227718982487,-3.5431474913751733,-3.5400626810472464,-3.5369742744695936,-3.5338830407273005,-3.53078958103003,-3.527694366608223,-3.524597767794497,-3.5215000763974253,-3.5184015229581327,-3.5153022900932323,-3.512202522837215,-3.5091023366787173,-3.5060018238201303,-3.502901058065175,-3.499800098644391,-3.4966989932165524,-3.4935977802291647,-3.4904964907793405,-3.4873951500842946,-3.484293778646116,-3.481192393176546,-3.4780910073329507,-3.4749896323054017,-3.471888277286091,-3.4687869498455344,-3.4656856562347675,-3.46258440162866,-3.45948319032227,-3.4563820258896683,-3.4532809113126968,-3.450179849085592,-3.4470788413001876,-3.4439778897154616,-3.4408769958144316,-3.437776160850803,-3.4346753858872954,-3.4315746718272164,-3.428474019440515,-3.425373429385339,-3.422272902225903,-3.419172438447335,-3.416072038468042,-3.4129717026500277,-3.4098714313075265,-3.4067712247142343,-3.403671083109392,-3.4005710067029074,-3.3974709956796785,-3.394371050203249,-3.391271170418923,-3.388171356456399,-3.3850716084320305,-3.3819719264507597,-3.37887231060778,-3.3757727609899684,-3.3726732776771295,-3.369573860743082,-3.3664745102566114,-3.3633752262823116,-3.360276008881341,-3.357176858112095,-3.354077774030831,-3.350978756692237,-3.347879806149973,-3.3447809224571814,-3.341682105666995,-3.338583355833029,-3.3354846730098844,-3.332386057253667,-3.3292875086225333,-3.326189027177266,-3.3230906129819067,-3.3199922661044416,-3.3168939866175697,-3.31379577459956,-3.3106976301352207,-3.3075995533170066,-3.3045015442462864,-3.3014036030348035,-3.2983057298063714,-3.2952079246988393,-3.2921101878664,-3.289012519482283,-3.2859149194699864,-3.2828173877597964,-3.279719924288159,-3.2766225289971196,-3.273525201833821,-3.270427942750047,-3.267330751701821,-3.264233628649039,-3.2611365735551425,-3.2580395863868183,-3.2549426671137356,-3.251845815708298,-3.2487490321454318,-3.2456523164023787,-3.2425556684585195,-3.23945908829521,-3.2363625758956323,-3.2332661312446587,-3.2301697543287258,-3.227073445135725,-3.2239772036548997,-3.220881029876752,-3.217784923792959,-3.2146888853962934,-3.211592914680558,-3.208497011640519,-3.2054011762718564,-3.2023054085711076,-3.1992097085356295,-3.196114076163563,-3.1930185114538006,-3.189923014405969,-3.1868275850204153,-3.183732223298205,-3.1806369292411256,-3.177541702851713,-3.1744465441332883,-3.1713514530900118,-3.1682564297269744,-3.165161474050302,-3.162066586067315,-3.158971765786735,-3.155877013218957,-3.1527823283764045,-3.149687711274004,-3.146593161929795,-3.14349868036574,-3.140404266608777,-3.1373099206921995,-3.134215642657477,-3.131121432556646,-3.1280272904554556,-3.1249332164375323,-3.1218392106098936,-3.1187452731102625,-3.115651404116803,-3.112557603861104,-3.109463872645543,-3.106370210866553,-3.1032766190458996,-3.1001830978728115,-3.0970896482608854,-3.0939962714251363,-3.0909029689866023,-3.0878097431147054,-3.0847165967214942,-3.0816235337273667,-3.0785305594254804,-3.075437680982802,-3.07234490813077,-3.0692522541197684,-3.066159737041537,-3.063067381666007,-3.0599752219991814,-3.0568833048541424,-3.0537916948490964,-3.050700481420411,-3.0476097886877755,-3.044519789366194,-3.041430724433754,-3.0383429310051246,-3.035256881930745,-3.032173242189365,-3.0290929493838656,-3.0260173289027836,-3.022948259031348,-3.019888408150184,-3.0168415761017093,-3.0138131861912574,-3.0108109950178346,-3.0078461169681683,-3.0049345020657388,-3.002099063804292,-2.999372731176718,-2.9968027972331885,-2.9944570478491332,-2.992432251861446,-2.990865609108204,-2.9899495436493373
-3.5925505235411705,-3.5917608605529843,-3.590392492307978,-3.588596725204489,-3.586483262613741,-3.5841323456930954,-3.5816030937189542,-3.5789393317937757,-3.576173719414475,-3.5733307084131583,-3.570428681932047,-3.5674815131729276,-3.5644997087494565,-3.56149125204871,-3.5584622283553324,-3.5554172902206043,-3.5523600052567006,-3.549293116991089,-3.5462187411638606,-3.5431385139064058,-3.5400537039292574,-3.536965297703135,-3.5338740643129887,-3.530780604968375,-3.527685390899647,-3.5245887924393515,-3.521491101396007,-3.5183925483106893,-3.5152933157999766,-3.5121935488983276,-3.5090933630943533,-3.5059928505904256,-3.5028920851902483,-3.499791126124348,-3.496690021051488,-3.4935888084191635,-3.490487519324479,-3.487386178984645,-3.4842848079017443,-3.481183422787515,-3.4780820372993158,-3.4749806626272166,-3.471879307963409,-3.4687779808784063,-3.4656766876232408,-3.4625754333727805,-3.4594742224220822,-3.456373058345217,-3.453271944124025,-3.4501708822527415,-3.447069874823201,-3.443968923594382,-3.4408680300493004,-3.4377671954416584,-3.4346664208341773,-3.431565707130165,-3.4284650550995703,-3.42536446540054,-3.4222639385972875,-3.419163475174942,-3.4160630755519086,-3.412962740090194,-3.4098624691040302,-3.4067622628671144,-3.403662121618686,-3.400562045568655,-3.397462034901917,-3.3943620897820184,-3.391262210354259,-3.3881623967483394,-3.3850626490806137,-3.3819629674560248,-3.3788633519697644,-3.3757638027087107,-3.372664319752668,-3.369564903175452,-3.3664655530458507,-3.363366269428458,-3.360267052384432,-3.3571679019721685,-3.3540688182479252,-3.350969801266389,-3.3478708510812196,-3.344771967745562,-3.3416731513125475,-3.338574401835791,-3.3354757193698927,-3.3323771039709604,-3.3292785556971483,-3.32618007460924,-3.3230816607712774,-3.319983314251247,-3.3168850351218477,-3.3137868234613483,-3.310688679354558,-3.3075906028939315,-3.3044925941808367,-3.301394653327017,-3.298296780456287,-3.2951989757064957,-3.2921012392318363,-3.289003571205537,-3.285905971551096,-3.2828084401987994,-3.2797109770850934,-3.2766135821520237,-3.2735162553467325,-3.2704189966210047,-3.267321805930863,-3.264224683236203,-3.261127628500466,-3.2580306416903397,-3.254933722775492,-3.2518368717283295,-3.248740088523775,-3.2456433731390715,-3.2425467255535994,-3.2394501457487146,-3.236353633707599,-3.233257189415125,-3.2301608128577297,-3.227064504023305,-3.223968262901094,-3.2208720894816,-3.2177759837564976,-3.214679945718561,-3.2115839753615925,-3.208488072680358,-3.2053922376705364,-3.2022964703286663,-3.1992007706521037,-3.19610513863899,-3.1930095742882183,-3.1899140775994153,-3.1868186485729284,-3.183723287209821,-3.1806279935118833,-3.177532767481652,-3.174437609122446,-3.171342518438427,-3.168247495434684,-3.1651525401173433,-3.162057652493725,-3.158962832572553,-3.155868080364218,-3.1527733958811464,-3.1496787791382634,-3.1465842301536115,-3.1434897489491513,-3.14039533555182,-3.137300989994913,-3.1342067123199,-3.1311125025788153,-3.128018360837409,-3.1249242871793075,-3.121830281711528,-3.118736344571793,-3.1156424759382677,-3.11254867604254,-3.1094549451869877,-3.1063612837680448,-3.1032676923074765,-3.1001741714945106,-3.0970807222427443,-3.093987345767193,-3.0908940436888948,-3.0878008181772714,-3.0847076721443725,-3.0816146095105945,-3.078521635569096,-3.075428757486842,-3.0723359849952714,-3.0692433313447682,-3.0661508146270715,-3.063058459612111,-3.059966300305888,-3.0568743835214827,-3.053782773877098,-3.0506915608090965,-3.04760086843716,-3.0445108694762815,-3.041421804904533,-3.038334011836562,-3.035247963122771,-3.0321643237418585,-3.0290840312966307,-3.0260084111755092,-3.022939341663559,-3.0198794911411566,-3.0168326594503556,-3.013804269895945,-3.0108020790761287,-3.00783720137644,-3.004925586818591,-3.00209014889371,-2.999363816590822,-2.9967938829544143,-2.9944481338516193,-2.9924233381073484,-2.9908566955426523,-2.989940630193848
-3.592541214263434,-3.5917515513595952,-3.5903831832622157,-3.5885874163544256,-3.5864739539962565,-3.5841230373367035,-3.581593785645838,-3.5789300240212807,-3.5761644119562197,-3.57332140127988,-3.570419375132234,-3.5674722067133118,-3.564490402635394,-3.5614819462844713,-3.5584529229443342,-3.5554079851655875,-3.5523507005598702,-3.5492838126542234,-3.5462094371883985,-3.5431292102935155,-3.5400444006798897,-3.5369559948180695,-3.533864761792865,-3.530771302813721,-3.5276760891109014,-3.5245794910168793,-3.5214818003401143,-3.5183832476216343,-3.5152840154779783,-3.5121842489435737,-3.509084063507006,-3.5059835513706257,-3.50288278633812,-3.4997818276400006,-3.4966807229350185,-3.493579510670659,-3.4904782219440205,-3.487376881972306,-3.484275511257594,-3.4811741265116156,-3.4780727413917267,-3.474971367087995,-3.4718700127926096,-3.4687686860760794,-3.4656673931894364,-3.4625661393075458,-3.459464928725465,-3.456363765017262,-3.4532626511647786,-3.450161589662246,-3.4470605826015004,-3.443959631741518,-3.4408587385653164,-3.437757904326597,-3.43465713008808,-3.431556416753071,-3.428455765091521,-3.4253551757615757,-3.4222546493274493,-3.419154186274271,-3.416053787020445,-3.4129534519279767,-3.4098531813110995,-3.4067529754435086,-3.4036528345644466,-3.40055275888382,-3.397452748586526,-3.3943528038361106,-3.391252924777874,-3.388153111541516,-3.3850533642433915,-3.381953682988442,-3.378854067871861,-3.375754518980525,-3.372655036394239,-3.3695556201868215,-3.366456270427056,-3.36335698717954,-3.360257770505429,-3.3571586204631205,-3.3540595371088697,-3.3509605204973667,-3.3478615706822694,-3.344762687716722,-3.3416638716538567,-3.3385651225472883,-3.335466440451618,-3.3323678254229523,-3.3292692775194466,-3.3261707968018848,-3.323072383334307,-3.319974037184701,-3.316875758425765,-3.313777547135768,-3.310679403399519,-3.307581327309473,-3.304483318966998,-3.3013853784838383,-3.298287505983806,-3.295189701604752,-3.29209196550087,-3.2889942978453885,-3.2858966985618046,-3.2827991675804045,-3.2797017048376347,-3.2766043102755424,-3.2735069838412665,-3.270409725486593,-3.2673125351675454,-3.2642154128440195,-3.2611183584794565,-3.2580213720405435,-3.2549244534969493,-3.2518276028210793,-3.248730819987857,-3.245634104974523,-3.242537457760461,-3.239440878327026,-3.236344366657399,-3.2332479227364526,-3.230151546550623,-3.2270552380878033,-3.223958997337237,-3.220862824289425,-3.217766718936044,-3.2146706812698693,-3.211574711284701,-3.2084788089753067,-3.2053829743373647,-3.2022872073674127,-3.199191508062808,-3.1960958764216914,-3.193000312442955,-3.189904816126228,-3.1868093874718557,-3.183714026480903,-3.180618733155159,-3.177523507497159,-3.174428349510223,-3.1713332591985126,-3.168238236567117,-3.1651432816221634,-3.1620483943709714,-3.1589535748222644,-3.1558588229864357,-3.1527641388759102,-3.1496695225056115,-3.1465749738935815,-3.1434804930617823,-3.1403860800371515,-3.137291734852983,-3.134197457550749,-3.1311032481824834,-3.1280091068139337,-3.1249150335287283,-3.121821028433884,-3.1187270916671235,-3.1156332234066104,-3.112539423883936,-3.1094456934014754,-3.1063520323556637,-3.103258441268266,-3.1001649208285107,-3.0970714719499925,-3.0939780958477288,-3.090884794142757,-3.0877915690044992,-3.084698423345004,-3.081605361084669,-3.078512387516651,-3.0754195098079165,-3.0723267376899037,-3.0692340844129964,-3.066141568068933,-3.0630492134276417,-3.059957054495123,-3.0568651380844543,-3.053773528813835,-3.050682316119623,-3.047591624121492,-3.044501625534426,-3.041412561336478,-3.03832476864227,-3.0352387203021713,-3.032155081294825,-3.0290747892229586,-3.0259991694748787,-3.0229301003354765,-3.0198702501848724,-3.016823418864742,-3.0137950296793115,-3.010792839225951,-3.0078279618889576,-3.0049163476882113,-3.002080910112124,-2.9993545781457183,-2.99678464482759,-2.9944388960162756,-2.992414100524267,-2.990847458154969,-2.989931392920227
-3.592531566898045,-3.591741904081618,-3.5903735361372235,-3.5885777694322374,-3.5864643073150964,-3.5841133909261234,-3.5815841395288257,-3.5789203782158103,-3.5761547664764066,-3.5733117561368464,-3.570409730334777,-3.567462562268409,-3.564480758548595,-3.5614723025602038,-3.55844327958614,-3.555398342176305,-3.552341057941784,-3.549274170409175,-3.5461997953178783,-3.543119568798736,-3.540034759561838,-3.5369463540775525,-3.5338551214305465,-3.530761662830148,-3.5276664495065275,-3.5245698517920827,-3.5214721614952116,-3.518373609156894,-3.5152743773936272,-3.5121746112398076,-3.5090744261839926,-3.5059739144285107,-3.5028731497770313,-3.4997721914600524,-3.496671087136311,-3.4935698752532853,-3.490468586908063,-3.48736724731784,-3.4842658769846886,-3.4811644926203362,-3.478063107882137,-3.4749617339601535,-3.4718603800465706,-3.468759053711897,-3.4656577612071624,-3.462556507707231,-3.459455297507158,-3.45635413418101,-3.453253020710627,-3.450151959590242,-3.447050952911687,-3.4439500024339407,-3.440849109640018,-3.437748275783621,-3.4346475019274694,-3.4315467889748685,-3.428446137695769,-3.425345548748316,-3.4222450226967234,-3.4191445600261194,-3.4160441611549115,-3.4129438264451033,-3.409843556210926,-3.406743350726077,-3.403643210229797,-3.4005431349319943,-3.3974431250175643,-3.3943431806500537,-3.3912433019747628,-3.388143489121391,-3.385043742206293,-3.381944061334411,-3.3788444466009384,-3.375744898092751,-3.3726454158896537,-3.3695460000654647,-3.366446650688969,-3.3633473678247627,-3.360248151534003,-3.3571490018750856,-3.3540499189042663,-3.350950902676236,-3.3478519532446516,-3.3447530706626587,-3.3416542549833883,-3.3385555062604557,-3.3354568245484617,-3.3323582099035134,-3.3292596623837647,-3.32616118205,-3.3230627689662606,-3.3199644232005334,-3.316866144825517,-3.3137679339194808,-3.3106697905672333,-3.30757171486123,-3.3044737069028383,-3.3013757668038024,-3.2982778946879354,-3.295180090693088,-3.2920823549734513,-3.288984687702257,-3.2858870888030016,-3.282789558205971,-3.279692095847612,-3.2765947016699704,-3.2734973756201873,-3.270400117650048,-3.267302927715575,-3.264205805776664,-3.261108751796756,-3.2580117657425394,-3.254914847583682,-3.25181799729259,-3.248721214844186,-3.245624500215713,-3.2425278533865525,-3.2394312743380596,-3.236334763053416,-3.2332383195174916,-3.230141943716726,-3.2270456356390103,-3.2239493952735883,-3.2208532226109607,-3.217757117642807,-3.214661080361898,-3.211565110762037,-3.20846920883799,-3.2053733745854363,-3.2022776080009137,-3.199181909081778,-3.1960862778261703,-3.1929907142329843,-3.189895218301847,-3.1867997900331058,-3.1837044294278236,-3.1806091364877904,-3.177513911215543,-3.1744187536143995,-3.171323663688524,-3.1682286414430036,-3.1651336868839643,-3.162038800018729,-3.1589439808560185,-3.155849229406227,-3.1527545456817787,-3.1496599296975987,-3.146565381471728,-3.143470901026128,-3.1403764883877363,-3.137282143589847,-3.134187866673931,-3.131093657692023,-3.127999516709873,-3.1249054438111084,-3.1218114391027454,-3.118717502722507,-3.115623634848558,-3.112529835712487,-3.1094361056166706,-3.106342444957543,-3.10324885425687,-3.100155334203879,-3.097061885712167,-3.09396850999675,-3.090875208678665,-3.087781983927334,-3.084688838654807,-3.08159577678148,-3.0785028036005104,-3.0754099262788643,-3.072317154547979,-3.0692245016582387,-3.066131985701382,-3.0630396314473343,-3.059947472902095,-3.056855556878739,-3.053763947995462,-3.0506727356886176,-3.0475820440778705,-3.0444920458781923,-3.0414029820676216,-3.0383151897607545,-3.0352291418079216,-3.032145503187712,-3.02906521150277,-3.0259895921412814,-3.022920523387959,-3.0198606736226585,-3.0168138426866613,-3.013785453883613,-3.0107832638100183,-3.007818386848894,-3.00490677301822,-3.0020713358035986,-2.999345004185898,-2.9967750711976127,-2.994429322688366,-2.992404527457783,-2.9908378852909805,-2.9899218201744437
-3.5925215692856196,-3.591731906559778,-3.5903635387739277,-3.5885677722791125,-3.58645431041175,-3.584103394303179,-3.5815741432101063,-3.578910382219944,-3.576144770818021,-3.57330176082747,-3.570399735383526,-3.567452567682514,-3.564470764333808,-3.5614623087211124,-3.558433286126413,-3.5553883490988873,-3.5523310652490427,-3.54926417810302,-3.5461898033998556,-3.543109577270099,-3.540024768423609,-3.5369363633305677,-3.533845131075494,-3.530751672867594,-3.5276564599369418,-3.5245598626158565,-3.5214621727126736,-3.5183636207683215,-3.515264389399257,-3.5121646236398405,-3.5090644389786014,-3.5059639276178483,-3.50286316336123,-3.4997622054392297,-3.4966611015105737,-3.493559890022727,-3.4904586020727684,-3.4873572628778886,-3.4842558929401535,-3.481154508971286,-3.478053124628636,-3.4749517511022616,-3.471850397584346,-3.468749071645396,-3.465647779536439,-3.462546526432336,-3.4594453166281407,-3.4563441536979203,-3.4532430406235135,-3.4501419798991524,-3.4470409736166676,-3.4439400235350375,-3.4408391311372766,-3.4377382976770847,-3.434637524217184,-3.431536811660878,-3.4284361607781166,-3.4253355722270444,-3.4222350465718763,-3.41913458429774,-3.4160341858230425,-3.412933851509787,-3.4098335816722063,-3.406733376583997,-3.4036332364843984,-3.4005331615833194,-3.397433152065656,-3.3943332080949533,-3.391233329816513,-3.3881335173600338,-3.3850337708418707,-3.381934090366966,-3.3788344760305127,-3.3757349279193876,-3.3726354461133936,-3.3695360306863504,-3.3664366817070435,-3.363337399240067,-3.3602381833465786,-3.357139034084975,-3.3540399515115125,-3.3509409356808786,-3.3478419866467344,-3.344743104462223,-3.341644289180478,-3.3385455408551112,-3.3354468595407263,-3.332348245293428,-3.3292496981713717,-3.3261512182353417,-3.3230528055493784,-3.319954460181469,-3.3168561822043126,-3.3137579716961785,-3.3106598287418754,-3.3075617534338586,-3.3044637458734964,-3.301365806172533,-3.29826793445478,-3.2951701308580894,-3.292072395536654,-3.2889747286637023,-3.2858771301627314,-3.282779599964028,-3.279682138004039,-3.2765847442248095,-3.2734874185734815,-3.2703901610018393,-3.267292971465906,-3.2641958499255774,-3.2610987963442946,-3.2580018106887456,-3.254904892928597,-3.2518080430362555,-3.248711260986645,-3.2456145467570066,-3.2425179003267224,-3.2394213216771486,-3.2363248107914657,-3.2332283676545446,-3.230131992252824,-3.227035684574196,-3.223939444607904,-3.2208432723444496,-3.2177471677755096,-3.214651130893858,-3.2115551616932954,-3.2084592601685897,-3.205363426315418,-3.2022676601303193,-3.19917196161065,-3.19607633075455,-3.1929807675609148,-3.18988527202937,-3.186789844160263,-3.1836944839546586,-3.180599191414345,-3.1775039665418587,-3.1744088093405196,-3.1713137198144885,-3.1682186979688547,-3.165123743809745,-3.1620288573444792,-3.1589340385817803,-3.1558392875320416,-3.152744604207687,-3.149649988623643,-3.1465554407979504,-3.1434609607525714,-3.1403665485144425,-3.1372722041168597,-3.134177927601292,-3.131083719019775,-3.127989578438058,-3.1248955059397674,-3.12180150163192,-3.118707565652239,-3.115613698178889,-3.1125198994434595,-3.1094261697483265,-3.1063325094899255,-3.10323891919002,-3.1001453995378383,-3.097051951446977,-3.0939585761324526,-3.0908652752153025,-3.087772050864948,-3.0846789059934396,-3.081585844521175,-3.078492871741309,-3.075399994820808,-3.072307223491109,-3.069214571002596,-3.0661220554470052,-3.063029701594263,-3.0599375434503657,-3.056845627828387,-3.0537540193465182,-3.050662807441107,-3.047572116231811,-3.04448211843359,-3.041393055024463,-3.038305263119001,-3.035219215567496,-3.0321355773484786,-3.0290552860645104,-3.0259796671036514,-3.022910598750429,-3.0198507493844238,-3.01680391884651,-3.0137755304397293,-3.0107733407596915,-3.007808464188085,-3.0048968507409213,-3.0020614139008894,-2.9993350826445546,-2.9967651499980867,-2.9944194018018764,-2.9923946068422103,-2.9908279648852547,-2.9899118998912155
-3.5925112088382942,-3.591721546206326,-3.5903531785847713,-3.588557412307755,-3.586443950699239,-3.584093034881249,-3.5815637841034467,-3.5789000234478587,-3.5761344123956667,-3.5732914027667935,-3.5703893776939744,-3.5674422103715813,-3.564460407407454,-3.561451952184091,-3.558422929982528,-3.555377993351188,-3.5523207098999823,-3.549253823154579,-3.546179448853635,-3.5430992231274008,-3.5400144146854937,-3.536926009997902,-3.533834778148987,-3.530741320347833,-3.5276461078244137,-3.5245495109109677,-3.5214518214157646,-3.5183532698796784,-3.515254038919124,-3.512154273568426,-3.5090540893160878,-3.505953578364392,-3.5028528145169684,-3.4997518570042834,-3.4966507534850515,-3.493549542406727,-3.4904482548663807,-3.487346916081196,-3.484245546553231,-3.481144162994204,-3.4780427790614605,-3.474941405945056,-3.47184005283717,-3.468738727308307,-3.4656374356094917,-3.4625361829155854,-3.4594349735216396,-3.45633381100172,-3.4532326983376627,-3.4501316380236995,-3.4470306321516615,-3.443929682480525,-3.440828790493303,-3.4377279574436987,-3.4346271843944307,-3.431526472248804,-3.428425821776766,-3.425325233636464,-3.4222247083921116,-3.4191242465288356,-3.4160238484650423,-3.4129235145627352,-3.4098232451361468,-3.406723040458972,-3.4036229007704546,-3.4005228262805,-3.3974228171740046,-3.3943228736145143,-3.3912229957473317,-3.3881231837021546,-3.385023437595337,-3.3819237575318213,-3.3788241436067987,-3.375724595907148,-3.372625114512674,-3.3695256994971943,-3.3664263509294945,-3.363327068874168,-3.3602278533923733,-3.357128704542506,-3.3540296223808235,-3.350930606962014,-3.3478316583397367,-3.3447327765671364,-3.3416339616973443,-3.338535213783975,-3.33543653288163,-3.3323379190464157,-3.329239372336487,-3.3261408928126266,-3.3230424805388776,-3.3199441355832255,-3.3168458580183717,-3.313747647922583,-3.31064950538067,-3.307551430485087,-3.3044534233372027,-3.3013554840487607,-3.2982576127435737,-3.295159809559493,-3.292062074650711,-3.2889644081904574,-3.2858668101022297,-3.2827692803163133,-3.2796718187691547,-3.2765744254028006,-3.273477100164391,-3.2703798430057116,-3.2672826538827855,-3.2641855327555076,-3.2610884795873187,-3.2579914943449073,-3.254894576997941,-3.251797727518826,-3.248700945882484,-3.2456042320661584,-3.2425075860492303,-3.2394110078130556,-3.236314497340816,-3.2332180546173825,-3.2301216796291934,-3.22702537236414,-3.2239291328114663,-3.220832960961674,-3.2177368568064395,-3.2146408203385364,-3.211544851551766,-3.208448950440895,-3.2053531170016027,-3.2022573512304278,-3.199161653124726,-3.1960660226826376,-3.1929704599030564,-3.18987496478561,-3.186779537330646,-3.1836841775392255,-3.1805888854131394,-3.1774936609549242,-3.1743985041679,-3.171303415056228,-3.1682083936249956,-3.1651134398803316,-3.162018553829555,-3.1589237354813875,-3.155828984846225,-3.15273430193649,-3.149639686767109,-3.1465451393561237,-3.143450659725495,-3.14035624790216,-3.1372619039194123,-3.134167627818725,-3.1310734196521324,-3.1279792794853822,-3.1248852074021016,-3.121791203509309,-3.1186972679447265,-3.115603400886518,-3.112509602566273,-3.109415873286368,-3.1063222134432373,-3.1032286235586457,-3.100135104321823,-3.0970416566463648,-3.0939482817472865,-3.0908549812456263,-3.0877617573108065,-3.084668612854876,-3.0815755517982306,-3.0784825794340267,-3.075389702929231,-3.07229693201528,-3.069204279942557,-3.0661117648027973,-3.0630194113659273,-3.059927253637942,-3.0568353384319087,-3.053743730366019,-3.0506525188766136,-3.047561828083342,-3.04447183070115,-3.041382767708039,-3.038294976218554,-3.0352089290829456,-3.032125291279686,-3.029045000411248,-3.0259693818655617,-3.0229003139269617,-3.019840464974746,-3.0167936348493662,-3.013765246853237,-3.0107630575810425,-3.007798181413094,-3.0048865683633625,-3.002051131911518,-2.999324801029667,-2.996754868737427,-2.994409120865617,-2.9923843261867047,-2.9908176844472156,-2.9899016195801207
-3.5925004725252663,-3.5917108099905777,-3.590342442539282,-3.5885466764879683,-3.586433215147692,-3.584082299630828,-3.5815530491797345,-3.57888928887086,-3.57612367818109,-3.5732806689270205,-3.5703786442387933,-3.5674314773087565,-3.5644496747431624,-3.5614412199232612,-3.5584121981290986,-3.555367261908319,-3.5523099788702157,-3.5492430925399643,-3.5461687186558346,-3.543088493347762,-3.540003685325115,-3.536915281057681,-3.5338240496296636,-3.5307305922500176,-3.527635380148609,-3.524538783657595,-3.521441094585177,-3.5183425434721727,-3.515243312934952,-3.512143548007807,-3.509043364179208,-3.505942853651412,-3.502842090228033,-3.499741133139519,-3.4966400300445697,-3.4935388193906296,-3.4904375322747594,-3.487336193914136,-3.4842348248108115,-3.4811334416764987,-3.4780320581685378,-3.474930685476981,-3.4718293327940053,-3.468728007690112,-3.4656267164163235,-3.4625254641474985,-3.4594242551786882,-3.4563230930839564,-3.453221980845139,-3.450120920956467,-3.4470199155097694,-3.443918966264022,-3.440818074702239,-3.4377172420781203,-3.4346164694543857,-3.4315157577343403,-3.4284151076879312,-3.4253145199733046,-3.4222139951546735,-3.419113533717166,-3.4160131360791866,-3.4129128026027398,-3.4098125336020577,-3.4067123293508357,-3.403612190088316,-3.4005121160244043,-3.3974121073439987,-3.3943121642106426,-3.3912122867696386,-3.388112475150685,-3.385012729470137,-3.381913049832937,-3.378813436334276,-3.3757138890610308,-3.3726144080930065,-3.3695149935040214,-3.3664156453628613,-3.3633163637341212,-3.3602171486789576,-3.3571180002557663,-3.354018918520805,-3.3509199035287627,-3.3478209553332974,-3.344722073987554,-3.3416232595446633,-3.338524512058241,-3.3354258315828877,-3.332327218174711,-3.3292286718918653,-3.3261301927951346,-3.3230317809485603,-3.3199334364201296,-3.3168351592825407,-3.313736949614063,-3.3106388074995055,-3.3075407330313227,-3.3044427263108833,-3.301344787449932,-3.2982469165722814,-3.2951491138157833,-3.2920513793346298,-3.28895371330205,-3.2858561156415416,-3.2827585862833906,-3.2796611251640435,-3.2765637322255468,-3.2734664074150395,-3.2703691506843082,-3.267271961989375,-3.264174841290136,-3.2610777885500313,-3.257980803735748,-3.254883886816956,-3.251787037766059,-3.2486902565579823,-3.245593543169967,-3.242496897581395,-3.239400319773622,-3.23630380972983,-3.233207367434888,-3.230110992875235,-3.227014686038764,-3.223918446914716,-3.220822275493596,-3.2177261717670786,-3.2146301357279374,-3.2115341673699738,-3.208438266687955,-3.2053424336775596,-3.2022466683353263,-3.199150970658612,-3.196055340645557,-3.192959778295054,-3.1898642836067306,-3.1867688565809327,-3.183673497218726,-3.1805782055218987,-3.177482981492988,-3.1743878251353124,-3.171292736453034,-3.1681977154512415,-3.1651027621360623,-3.1620078765148163,-3.158913058596225,-3.1558183083906832,-3.152723625910614,-3.1496290111709433,-3.1465344641897124,-3.143439984988883,-3.1403455735953942,-3.1372512300425384,-3.1341569543717864,-3.131062746635173,-3.1279686068984462,-3.1248745352452354,-3.1217805317825578,-3.118686596648135,-3.115592730020132,-3.112498932130139,-3.10940520328053,-3.106311543867741,-3.103217954413536,-3.1001244356071442,-3.0970309883621616,-3.0939376138936043,-3.0908443138225103,-3.0877510903183008,-3.0846579462930257,-3.0815648856670808,-3.0784719137336225,-3.0753790376596175,-3.0722862671765014,-3.0691936155346573,-3.066101100825819,-3.063008747819912,-3.059916590522929,-3.056824675747937,-3.0537330681131207,-3.0506418570548157,-3.047551166692663,-3.0444611697415964,-3.041372107179597,-3.0382843161211817,-3.0351982694165596,-3.0321146320441428,-3.0290343416063124,-3.025958723490864,-3.022889655981933,-3.019829807458521,-3.0167829777606445,-3.013754590190069,-3.0107524013405165,-3.007787525590873,-3.0048759129529974,-3.0020404769034275,-2.999314146409652,-2.996744214484493,-2.9943984669488546,-2.9923736725608814,-2.9908070310467485,-2.9898909663112043
-3.592489346857956,-3.5916996844240763,-3.5903313171492144,-3.5885355513317894,-3.58642209026948,-3.5840711750646634,-3.5815419249521283,-3.5788781650025414,-3.576112554688337,-3.5732695458226624,-3.5703675215329773,-3.5674203550095296,-3.564438552856926,-3.561430098455118,-3.558401077083133,-3.555356141287808,-3.5522988586777937,-3.5492319727777573,-3.54615759932556,-3.543077374450817,-3.5399925668626375,-3.536904163030604,-3.533812932038752,-3.5307194750959017,-3.5276242634318136,-3.5245276673785564,-3.52142997874426,-3.518331428069687,-3.515232197971161,-3.512132433482932,-3.509032250093441,-3.5059317400049226,-3.5028309770209676,-3.4997300203720085,-3.496628917716732,-3.4935277075025684,-3.490426420826572,-3.48732508290591,-3.4842237142426282,-3.4811223315484328,-3.478020948480661,-3.4749195762293605,-3.4718182239867055,-3.468716899323195,-3.4656156084898497,-3.4625143566615253,-3.459413148133272,-3.4563119864791507,-3.4532108746809977,-3.450109815233042,-3.447008810227113,-3.4439078614221854,-3.440806970301272,-3.437706138118074,-3.4346053659353086,-3.431504654656283,-3.4284040050509432,-3.425303417777434,-3.4222028933999686,-3.4191024324036734,-3.416002035206955,-3.412901702171817,-3.40980143361249,-3.40670122980267,-3.4036010909816,-3.400501017359186,-3.397401009120324,-3.39430106642856,-3.3912011894291947,-3.3881013782519265,-3.3850016330131107,-3.3819019538176898,-3.378802340760855,-3.3757027939294826,-3.3726033134033786,-3.36950389925636,-3.366404551557213,-3.3633052703705326,-3.360206055757475,-3.357106907776437,-3.3540078264836755,-3.35090881193388,-3.3478098641807086,-3.3447109832773063,-3.3416121692768037,-3.338513422232816,-3.3354147421999447,-3.3323161292342953,-3.3292175833940236,-3.3261191047399135,-3.323020693336006,-3.3199223492502887,-3.3168240725554607,-3.31372586332979,-3.3106277216580877,-3.3075296476328067,-3.304431641355318,-3.3013337029373644,-3.298235832502759,-3.2951380301893534,-3.2920402961513395,-3.288942630561948,-3.2858450333446756,-3.282747504429807,-3.2796500437537905,-3.27655265125867,-3.2734553268915865,-3.270358070604326,-3.26726088235291,-3.264163762097236,-3.2610667098007426,-3.257969725430119,-3.254872808955033,-3.25177596034789,-3.2486791795836134,-3.2455824666394455,-3.2424858214947667,-3.239389244130934,-3.236292734531129,-3.233196292680221,-3.230099918564649,-3.227003612172305,-3.223907373492433,-3.2208112025155335,-3.2177150992332844,-3.2146190636384584,-3.211523095724858,-3.208427195487249,-3.205331362921309,-3.202235598023579,-3.1991399007914136,-3.1960442712229526,-3.1929487093170903,-3.189853215073455,-3.1867577884923928,-3.183662429574968,-3.1805671383229703,-3.177471914738935,-3.1743767588261815,-3.1712816705888724,-3.168186650032096,-3.165091697161979,-3.1619968119858415,-3.158901994512406,-3.155807244752066,-3.1527125627172468,-3.149617948422874,-3.1465234018869888,-3.143428923131551,-3.1403345121834985,-3.137240169076126,-3.134145893850904,-3.1310516865598674,-3.1279575472687666,-3.1248634760612277,-3.1217694730442687,-3.1186755383556104,-3.1155816721734175,-3.1124878747292803,-3.109394146325575,-3.106300487358737,-3.103206898350529,-3.1001133799901823,-3.097019933191292,-3.093926559168873,-3.0908332595439636,-3.0877400364859855,-3.084646892906988,-3.0815538327273684,-3.0784608612402815,-3.075367985612693,-3.072275215576041,-3.0691825643807054,-3.0660900501184196,-3.062997697559107,-3.05990554070876,-3.0568136263804435,-3.0537220191923375,-3.0506308085807707,-3.0475401186653754,-3.044450122161072,-3.041361060045822,-3.038273269434113,-3.0351872231761123,-3.032103586250166,-3.0290232962585613,-3.025947678588956,-3.0228786115252784,-3.0198187634462244,-3.0167719341913557,-3.013743547061769,-3.010741358650189,-3.0077764833340237,-3.0048648711229404,-3.002029435490237,-2.9993031053986114,-2.996733173853849,-2.994387426666577,-2.992362632580097,-2.9907959912994966,-2.989879926700275
-3.5924778178746184,-3.591688155545202,-3.5903197884531726,-3.588524022878117,-3.586410562103855,-3.584059647222401,-3.5815303974607033,-3.578866637883435,-3.5761010279584187,-3.5732580194952255,-3.570355995618535,-3.5674088295164195,-3.5644270277917807,-3.561418573823229,-3.558389552888732,-3.555344617534288,-3.5522873353678848,-3.5492204499136624,-3.5461460769090634,-3.5430658524833656,-3.539981045345409,-3.5368926419645614,-3.5338014114246876,-3.530707954934469,-3.5276127437235547,-3.524516148123922,-3.52141845994363,-3.518319909723382,-3.515220680079452,-3.512120916046053,-3.509020733111594,-3.505920223478282,-3.5028194609496843,-3.4997185047562183,-3.4966174025565553,-3.4935161927981153,-3.4904149065779415,-3.487313569113192,-3.4842122009059078,-3.4811108186677893,-3.4780094360561686,-3.474908064261088,-3.4718067124747205,-3.4687053882675607,-3.4656040978906266,-3.462502846518775,-3.4594016384470514,-3.456300477249516,-3.4531993659080045,-3.4500983069167446,-3.4469973023675653,-3.443896354019441,-3.440795463355384,-3.437694631629093,-3.434593859903287,-3.43149314908127,-3.4283924999329907,-3.425291913116592,-3.422191389196288,-3.4190909286572038,-3.415990531917746,-3.4128901993399174,-3.4097899312379503,-3.4066897278855404,-3.403589589521927,-3.400489516357019,-3.3973895085757113,-3.3942895663415493,-3.3911896897998335,-3.388089879080265,-3.384990134299198,-3.381890455561575,-3.378790842962586,-3.3756912965891086,-3.372591816520949,-3.369492402831923,-3.3663930555908173,-3.363293774862226,-3.3601945607073067,-3.3570954131844557,-3.353996332349929,-3.3508973182584163,-3.347798370963577,-3.344699490518554,-3.3416006769764794,-3.338501930390968,-3.335403250816621,-3.332304638309545,-3.3292060929278957,-3.3261076147324564,-3.3230092037872683,-3.319910860160319,-3.3168125839243086,-3.3137143751575047,-3.3106162339447165,-3.3075181603783994,-3.304420154559922,-3.3013222166010285,-3.2982243466255325,-3.2951265447712843,-3.2920288111924774,-3.2889311460623407,-3.285833549304372,-3.282736020848857,-3.2796385606322422,-3.2765411685965726,-3.27344384468899,-3.270346588861279,-3.2672494010694617,-3.2641522812734336,-3.261055229436637,-3.2579582455257587,-3.254861329510467,-3.251764481363166,-3.2486677010587806,-3.2455709885745527,-3.2424743438898647,-3.23937776698607,-3.2362812578463513,-3.2331848164555788,-3.2300884428001906,-3.226992136868079,-3.2238958986484874,-3.2207997281319174,-3.217703625310046,-3.214607590175647,-3.2115116227225204,-3.208415722945434,-3.205319890840067,-3.2022241264029554,-3.1991284296314575,-3.196032800523713,-3.1929372390786166,-3.1898417452957957,-3.186746319175595,-3.183650960719081,-3.1805556699280415,-3.1774604468050125,-3.1743652913533142,-3.171270203577109,-3.1681751834814853,-3.165080231072569,-3.1619853463576812,-3.1588905293455434,-3.1557957800465495,-3.1527010984731234,-3.1496064846401914,-3.1465119385657943,-3.1434174602718943,-3.140323049785429,-3.1372287071396925,-3.1341344323761557,-3.1310402255468532,-3.127946086717533,-3.1248520159718236,-3.1217580134167426,-3.118664079190011,-3.115570213469794,-3.112476416487681,-3.1093826885460483,-3.10628903004133,-3.103195441495292,-3.100101923597163,-3.097008477260538,-3.0939151037004335,-3.0908218045378866,-3.08772858194232,-3.0846354388257833,-3.0815423791086713,-3.0784494080841407,-3.0753565329191566,-3.0722637633451555,-3.0691711126125174,-3.0660785988129757,-3.062986246716453,-3.0598940903289393,-3.0568021764634947,-3.0537105697382962,-3.0506193595896662,-3.0475286701372277,-3.044438674095887,-3.0413496124435877,-3.0382618222947837,-3.0351757764995986,-3.0320921400363128,-3.0290118505071155,-3.0259362332995194,-3.0228671666972398,-3.0198073190786565,-3.016760490282862,-3.0137321036102556,-3.0107299156525293,-3.00776504078556,-3.004853429016745,-3.002017993816021,-2.9992916641411265,-2.996721732990552,-2.9943759861642762,-2.992351192390222,-2.990784551351619,-2.989868486893663
-3.592465871124621,-3.5916762089034555,-3.590307842000885,-3.5885120766769854,-3.586398616201211,-3.584047701654839,-3.5815184522566943,-3.5788546930652387,-3.576089083543514,-3.5732460754973907,-3.570344052048663,-3.5673968863831504,-3.564415085101987,-3.5614066315823942,-3.558377611101241,-3.555332676203657,-3.552275394496943,-3.54920850950469,-3.5461341369639086,-3.543053913003527,-3.53996910633211,-3.5368807034188023,-3.53378947334729,-3.530696017326111,-3.527600806584798,-3.524504211455236,-3.5214065237454064,-3.518307973995951,-3.5152087448230946,-3.5121089812610102,-3.509008798798074,-3.5059082896364653,-3.502807527579731,-3.4997065718582676,-3.4966054701307314,-3.493504260844531,-3.4904029750967007,-3.4873016381043893,-3.4842002703696284,-3.481098888604115,-3.4779975064651762,-3.4748961351428522,-3.4717947838293095,-3.46869346009504,-3.465592170191061,-3.462490919292225,-3.4593897116935786,-3.456288550969181,-3.4531874401008653,-3.450086381582858,-3.446985377506987,-3.4438844296322246,-3.440783539441583,-3.4376827081887624,-3.4345819369364796,-3.4314812265880383,-3.4283805779133845,-3.4252799915706635,-3.422179468124087,-3.419079008058784,-3.4159786117931583,-3.4128782796892128,-3.4097780120611803,-3.406677809182755,-3.40357767129318,-3.40047759860236,-3.397377591295191,-3.3942776495352196,-3.391177773467746,-3.3880779632224693,-3.384978218915744,-3.381878540652512,-3.3787789285279652,-3.3756793826289804,-3.372579903035361,-3.369480489820927,-3.366381143054463,-3.363281862800564,-3.360182649120387,-3.357083502072328,-3.353984421712644,-3.3508854080960235,-3.347786461276126,-3.3446875813060957,-3.341588768239064,-3.3384900221286458,-3.3353913430294435,-3.3322927309975623,-3.3291941860911574,-3.326095708371013,-3.322997297901171,-3.3198989547496174,-3.3168006789890527,-3.3137024706977445,-3.3106043299605026,-3.3075062568697824,-3.3044082515269526,-3.3013103140437576,-3.298212444544009,-3.2951146431655594,-3.2920169100626024,-3.288919245408368,-3.285821649126353,-3.2827241211468423,-3.279626661406283,-3.27652926984672,-3.2734319464152946,-3.2703346910637903,-3.2672375037482304,-3.2641403844285115,-3.261043333068074,-3.2579463496336047,-3.254849434094772,-3.251752586423981,-3.2486558065961555,-3.245559094588538,-3.2424624503805104,-3.239365873953427,-3.2362693652904695,-3.2331729243765084,-3.230076551197982,-3.2269802457427823,-3.2238840080001534,-3.220787837960596,-3.2176917356157886,-3.214595700958503,-3.2114997339825417,-3.208403834682672,-3.20530800305457,-3.2022122390947736,-3.199116542800642,-3.1960209141703135,-3.1929253532026833,-3.1898298598973778,-3.186734434254745,-3.1836390762758477,-3.1805437859624743,-3.177448563317161,-3.1743534083432285,-3.171258321044839,-3.1681633014270805,-3.16506834949608,-3.161973465259158,-3.158878648725037,-3.15578389990411,-3.1526892188088027,-3.149594605454039,-3.1465000598578605,-3.14340558204223,-3.140311172034083,-3.1372168298667154,-3.1341225555815977,-3.1310283492307636,-3.1279342108799617,-3.124840140612821,-3.1217461385363574,-3.1186522047882947,-3.115558339546797,-3.112464543043454,-3.1093708155806405,-3.1062771575547927,-3.103183569487675,-3.1000900520685164,-3.096996606210912,-3.0939032331298777,-3.0908099344464524,-3.0877167123300566,-3.0846235696927398,-3.081530510454899,-3.0784375399096895,-3.075344665224076,-3.0722518961294947,-3.0691592458763246,-3.0660667325562994,-3.06297438093934,-3.059882225031434,-3.056790311645638,-3.053698705400125,-3.050607495731212,-3.04751680675851,-3.0444268111969133,-3.0413377500243417,-3.03824996035522,-3.0351639150396243,-3.0320802790557675,-3.0289999900057376,-3.025924373276897,-3.022855307152739,-3.0197954600113164,-3.016748631691234,-3.01372024549217,-3.010718058004748,-3.0077531836032563,-3.004841572292741,-3.002006137539656,-2.9992798082965977,-2.996709877554499,-2.994364131102304,-2.9923393376519987,-2.990772696864166,-2.9898566325525953
-3.5924534916521536,-3.5916638295431604,-3.5902954628369126,-3.5884996977732664,-3.5863862376067943,-3.584035323407646,-3.581506074386224,-3.578842315594558,-3.5760767064907357,-3.5732336988767903,-3.570331675871529,-3.5673845106584383,-3.564402709836818,-3.5613942567824495,-3.558365236771064,-3.5553203023468933,-3.552263021116524,-3.549196136602981,-3.546121764542822,-3.543041541064617,-3.539956734876643,-3.5368683324478156,-3.5337771028616323,-3.5306836473264833,-3.527588437071784,-3.52449184242932,-3.5213941552069947,-3.5182956059453874,-3.5151963772606716,-3.5120966141869765,-3.5089964322126437,-3.505895923539826,-3.5027951619720485,-3.4996942067396892,-3.496593105501389,-3.4934918967045405,-3.490390611446167,-3.487289274943411,-3.484187907698297,-3.4810865264225135,-3.477985144773384,-3.474883773940943,-3.471782423117356,-3.4686810998731117,-3.465579810459225,-3.4624785600505454,-3.459377352942117,-3.4562761927079966,-3.453175082330018,-3.4500740243024057,-3.446973020716988,-3.4438720733327366,-3.4407711836326627,-3.437670352870464,-3.434569582108858,-3.4314688722511475,-3.4283682240672793,-3.4252676382153977,-3.422167115259716,-3.4190666556853593,-3.415966259910734,-3.412865928297842,-3.409765661160917,-3.406665458773651,-3.403565321375287,-3.400465249175731,-3.397365242359878,-3.3942653010912753,-3.391165425515223,-3.3880656157614193,-3.384965871946219,-3.3818661941745627,-3.378766582541645,-3.3756670371343396,-3.3725675580324537,-3.369468145309804,-3.3663687990351776,-3.3632695192731683,-3.3601703060849335,-3.357071159528869,-3.353972079661231,-3.350873066536709,-3.3477741202089617,-3.3446752407311338,-3.341576428156356,-3.3384776825382443,-3.3353790039314,-3.332280392391929,-3.3291818479779867,-3.3260833707503576,-3.322984960773081,-3.319886618114147,-3.3167883428462535,-3.313690135047669,-3.3105919948032025,-3.30749392220531,-3.30439591735536,-3.301297980365097,-3.2982001113583346,-3.2951023104729242,-3.2920045778630587,-3.288906913701968,-3.2858093179131505,-3.282711790426889,-3.2796143311796317,-3.2765169401134226,-3.2734196171754033,-3.2703223623173585,-3.2672251754953106,-3.264128056669156,-3.261031005802334,-3.2579340228615337,-3.254837107816423,-3.2517402606394072,-3.2486434813054084,-3.24554676979167,-3.242450126077572,-3.2393535501444712,-3.236257041975549,-3.233160601555676,-3.23006422887129,-3.2269679239102818,-3.2238716866618957,-3.2207755171166346,-3.2176794152661743,-3.2145833811032887,-3.2114874146217787,-3.2083915158164102,-3.2052956846828624,-3.202199921217674,-3.1991042254182016,-3.1960085972825856,-3.1929130368097196,-3.189817543999231,-3.186722118851466,-3.183626761367489,-3.180531471549089,-3.1774362493988018,-3.174341094919947,-3.1712460081166878,-3.168150988994111,-3.1650560375583434,-3.1619611538167063,-3.1588663377779214,-3.155771589452383,-3.1526769088525146,-3.1495822959932425,-3.1464877508926086,-3.143393273572573,-3.1402988640600737,-3.137204522388404,-3.134110248599037,-3.1310160427440055,-3.1279219048890594,-3.1248278351178254,-3.121733833537321,-3.1186399002852694,-3.1155460355398343,-3.112452239532606,-3.10935851256596,-3.106264855036332,-3.1031712674654854,-3.10007775054265,-3.0969843051814214,-3.0938909325968167,-3.090797634409871,-3.087704412790008,-3.0846112706492743,-3.081518211908068,-3.078425241859545,-3.07533236767067,-3.0722395990728764,-3.0691469493165457,-3.0660544364934093,-3.062962085373385,-3.0598699299624594,-3.056778017073689,-3.05368641132524,-3.050595202153423,-3.047504513677839,-3.044414518613366,-3.041325457937904,-3.0382376687658437,-3.0351516239472143,-3.032067988460156,-3.028987699906654,-3.0259120836739144,-3.0228430180452017,-3.0197831713982266,-3.016736343571091,-3.0137079578627257,-3.0107057708626455,-3.0077408969434956,-3.004829286107883,-3.0019938518186557,-2.999267523023081,-2.9966975927042583,-2.994351846639699,-2.992327053524873,-2.9907604129968957,-2.989844348837014
-3.592440663979509,-3.591651001986749,-3.5902826354839332,-3.5884868706899655,-3.586373410843997,-3.584022497004646,-3.5814932483735897,-3.578829489996192,-3.5760638813254064,-3.57322087415929,-3.5703188516135564,-3.567371686869271,-3.564389886523836,-3.5613814339515395,-3.5583524144269334,-3.5553074804933185,-3.5522501997565423,-3.5491833157390458,-3.5461089441769156,-3.543028721198351,-3.5399439155113295,-3.536855513584527,-3.5337642845012502,-3.530670829469735,-3.5275756197192703,-3.524479025581544,-3.5213813388643795,-3.5182827901082883,-3.5151835619293896,-3.512083799361773,-3.5089836178937426,-3.5058831097274212,-3.502782348666309,-3.4996813939407643,-3.496580293209413,-3.4934790849196364,-3.490377800168445,-3.4872764641729708,-3.4841750974352323,-3.481073716666914,-3.4779723355253314,-3.474870965200516,-3.4717696148846273,-3.4686682921481533,-3.4655670032421044,-3.462465753341329,-3.4593645467408694,-3.4562633870147814,-3.4531622771448958,-3.4500612196254377,-3.446960216548233,-3.4438592696722536,-3.4407583804805095,-3.4376575502266986,-3.434556779973536,-3.4314560706243276,-3.428355422949018,-3.425254837605752,-3.422154315158742,-3.419053856093113,-3.41595346082727,-3.412853129723215,-3.40975286309518,-3.40665266121686,-3.4035525243274964,-3.400452452636994,-3.3973524463302516,-3.394252505570812,-3.391152630503977,-3.388052821259444,-3.3849530779535693,-3.3818534006912935,-3.37875378956781,-3.3756542446699935,-3.372554766077651,-3.3694553538645993,-3.366356008099624,-3.3632567288473196,-3.3601575161688437,-3.3570583701225916,-3.3539592907648204,-3.3508602781502184,-3.3477613323324453,-3.3446624533646454,-3.341563641299949,-3.338464896191972,-3.3353662180953156,-3.3322676070660875,-3.3291690631624427,-3.3260705864451645,-3.3229721769782934,-3.3198738348298176,-3.3167755600724362,-3.3136773527844183,-3.310579213050573,-3.307481140963356,-3.304383136624137,-3.30128520014466,-3.298187331648737,-3.2950895312742206,-3.291991799175303,-3.288894135525215,-3.2857965402474534,-3.2826990132723024,-3.27960155453621,-3.2765041639812202,-3.2734068415544755,-3.2703095872077594,-3.2672124008970953,-3.2641152825823787,-3.2610182322270496,-3.2579212497977963,-3.2548243352642863,-3.2517274885989247,-3.248630709776635,-3.2455339987746603,-3.24243735557238,-3.2393407801511516,-3.2362442724941554,-3.2331478325862624,-3.230051460413911,-3.2269551559649927,-3.2238589192287503,-3.2207627501956853,-3.217666648857475,-3.2145706152068927,-3.2114746492377404,-3.2083787509447848,-3.205282920323704,-3.2021871573710357,-3.1990914620841373,-3.1959958344611477,-3.192900274500963,-3.1898047822032103,-3.1867093575682346,-3.1836140005971,-3.1805187112915974,-3.1774234896542604,-3.17432833568841,-3.1712332493982083,-3.168138230788743,-3.1650432798661416,-3.1619483966377246,-3.158853581112214,-3.1557588333000037,-3.1526641532135193,-3.149569540867683,-3.146474996280538,-3.1433805194740456,-3.140286110475144,-3.1371917693171274,-3.1340974960414663,-3.131003290700195,-3.1279091533590613,-3.124815084101695,-3.121721083035112,-3.118627150297035,-3.115533286065628,-3.112439490572482,-3.1093457641199707,-3.106252107104531,-3.103158520047928,-3.10006500363939,-3.096971558792512,-3.093878186722311,-3.0907848890498237,-3.087691667944473,-3.0845985263183073,-3.0815054680917213,-3.0784124985578725,-3.0753196248837247,-3.0722268568007127,-3.0691342075592156,-3.0660416952509633,-3.0629493446458738,-3.05985718974993,-3.0567652773761855,-3.053673672142802,-3.050582463486083,-3.0474917755256197,-3.0444017809762745,-3.041312720815924,-3.0382249321589256,-3.0351388878552585,-3.0320552528829907,-3.0289749648439965,-3.025899349125324,-3.0228302840099976,-3.019770437875376,-3.01672361055904,-3.0136952253591454,-3.0106930388640567,-3.0077281654447154,-3.004816555101204,-3.0019811212926304,-2.999254792960743,-2.996684863080525,-2.994339117417638,-2.99231432465044,-2.9907476843917298,-2.989831620389032
-3.5924273720898796,-3.591637710217562,-3.5902693439255438,-3.588473579411018,-3.5863601198971544,-3.5840092064306264,-3.5814799582040684,-3.5788162002559356,-3.5760505920338628,-3.5732075853317875,-3.5703055632622154,-3.567358399003704,-3.564376599151691,-3.5613681470789156,-3.5583391280587113,-3.5552941946334107,-3.5522369144080965,-3.5491700309046004,-3.5460956598585263,-3.5430154373976848,-3.5399306322297446,-3.536842230823136,-3.533751002260968,-3.530657547751315,-3.527562338523339,-3.524465744908622,-3.521368058714904,-3.5182695104826287,-3.515170282827861,-3.5120705207846417,-3.508970339841239,-3.5058698321997457,-3.502769071663638,-3.4996681174632545,-3.4965670172572043,-3.493465809492855,-3.490364525267206,-3.487263189797379,-3.4841618235853864,-3.481060443342903,-3.47795906272724,-3.474857692928426,-3.471756343138614,-3.4686550209282903,-3.465553732548463,-3.4624524831739785,-3.4593512770998758,-3.45625011790021,-3.45314900855681,-3.4500479515639007,-3.446946949013307,-3.443846002663999,-3.440745113998986,-3.437644284271966,-3.434543514545655,-3.4314428057233566,-3.4283421585750156,-3.4252415737587754,-3.4221410518388486,-3.4190405933003594,-3.4159401985617137,-3.4128398679849137,-3.40973960188419,-3.4066394005332383,-3.4035392641712994,-3.400439193008279,-3.397339187229074,-3.3942392469972282,-3.391139372458043,-3.3880395637412177,-3.384939820963106,-3.381840144228649,-3.3787405336330396,-3.3756409892631547,-3.3725415111987984,-3.3694420995137895,-3.3663427542769115,-3.363243475552761,-3.3601442634024936,-3.3570451178845073,-3.353946039055059,-3.350847026968835,-3.347748081679496,-3.344649203240185,-3.3415503917040352,-3.3384516471246597,-3.3353529695566615,-3.3322543590561455,-3.329155815681269,-3.326057339492814,-3.322958930554823,-3.319860588935283,-3.3167623147068936,-3.313664107947925,-3.310565968743185,-3.307467897185128,-3.304369893375125,-3.30127195742492,-3.2981740894583265,-3.295076289613196,-3.291978558043721,-3.2888808949231323,-3.285783300174927,-3.28268577372939,-3.279588315522969,-3.276490925497708,-3.2733936036007476,-3.2702963497838717,-3.267199164003104,-3.2641020462183397,-3.2610049963930194,-3.2579080144938315,-3.2548111004904428,-3.2517142543552593,-3.2486174760632025,-3.2455207655915164,-3.2424241229195823,-3.2393275480287542,-3.2362310409022155,-3.2331346015248354,-3.230038229883053,-3.2269419259647596,-3.223845689759198,-3.2207495212568698,-3.2176534204494516,-3.214557387329718,-3.2114614218914697,-3.2083655241294737,-3.2052696940394094,-3.2021739316178133,-3.1990782368620425,-3.195982609770237,-3.1928870503412923,-3.189791558574834,-3.186696134471209,-3.1836007780314812,-3.1805054892574405,-3.177410268151622,-3.1743151147173463,-3.171220028958776,-3.1681250108809986,-3.16503006049014,-3.1619351777935205,-3.1588403627998636,-3.155745615519562,-3.1526509359650405,-3.1495563241512246,-3.146461780096156,-3.143367303821796,-3.1402728953550825,-3.13717855472931,-3.1340842819859485,-3.1309900771770325,-3.1278959403683113,-3.1248018716434123,-3.1217078711093524,-3.1186139389038545,-3.115520075205082,-3.1124262802446263,-3.1093325543248627,-3.106238897842226,-3.1031453113184817,-3.100051795442859,-3.096958351128952,-3.093864979591778,-3.090771682452374,-3.087678461880161,-3.084585320787189,-3.081492263093853,-3.078399294093309,-3.0753064209525203,-3.0722136534029216,-3.069121004694892,-3.066028492920161,-3.0629361428486455,-3.059843988486326,-3.056752076646251,-3.053660471946579,-3.0505692638236033,-3.047478576396907,-3.0443885823813357,-3.041299522754743,-3.038211734631451,-3.0351256908613884,-3.032042056422546,-3.0289617689166866,-3.025886153730689,-3.0228170891473334,-3.019757243543613,-3.0167104167565655,-3.0136820320835453,-3.010679846111728,-3.0077149732102892,-3.0048033633766926,-3.0019679300661735,-2.999241602214758,-2.996671672789022,-2.9943259275423486,-2.9923011351353614,-2.990734495155663,-2.989818431315837
-3.592413599409673,-3.5916239376621557,-3.5902555715885605,-3.588459807363585,-3.586346348193841,-3.583995435113623,-3.581466187306197,-3.5788024298028587,-3.5760368220457326,-3.573193815824487,-3.5702917942483046,-3.5673446304931447,-3.564362831152407,-3.561354379597227,-3.558325361099673,-3.5552804282010775,-3.5522231485057305,-3.549156265534833,-3.5460818950234865,-3.543001673099102,-3.5399168684690294,-3.536828467601439,-3.533737239579237,-3.5306437856103305,-3.527548576923749,-3.524451983850966,-3.5213542981996335,-3.5182557505101246,-3.515156523398448,-3.512056761898597,-3.5089565814988024,-3.5058560744011267,-3.502755314409019,-3.4996543607527975,-3.496553261091054,-3.493452053871141,-3.490350770190045,-3.4872494352648817,-3.484148069597652,-3.4810466899000256,-3.47794530982931,-3.474843940575525,-3.471742591330824,-3.468641269665688,-3.465539981831122,-3.462438733001969,-3.4593375274732674,-3.456236368819071,-3.4531352600212073,-3.4500342035738987,-3.44693320156897,-3.443832255765391,-3.4407313676461704,-3.437630538465005,-3.434529769284609,-3.4314290610082856,-3.428328414405979,-3.4252278301358334,-3.4221273087620596,-3.4190268507697836,-3.4159264565774103,-3.4128261265469417,-3.4097258609926095,-3.4066256601881086,-3.403525524372678,-3.400425453756225,-3.397325448523645,-3.394225508838483,-3.391125634846039,-3.3880258266760137,-3.38492608444476,-3.3818264082572194,-3.3787267982085845,-3.3756272543857317,-3.372527776868466,-3.369428365730604,-3.366329021040932,-3.3632297428640454,-3.3601305312611,-3.357031386290493,-3.353932308008481,-3.3508332964697516,-3.3477343517279645,-3.3446354738362647,-3.3415366628477834,-3.338437918816135,-3.335339241795922,-3.33224063184325,-3.3291420890162744,-3.326043613375779,-3.322945204985806,-3.3198468639143415,-3.3167485902340856,-3.313650384023308,-3.310552245366817,-3.3074541743570687,-3.304356171095432,-3.3012582356936515,-3.298160368275541,-3.295062568978952,-3.2919648379580764,-3.288867175386147,-3.2857695811866585,-3.282672055289898,-3.27957459763231,-3.2764772081559417,-3.2733798868079327,-3.270282633540067,-3.2671854483083664,-3.2640883310727276,-3.2609912817965916,-3.2578943004466456,-3.254797386992557,-3.2517005414067315,-3.248603763664092,-3.245507053741881,-3.2424104116194803,-3.2393138372782437,-3.2362173307013533,-3.2331208918736802,-3.2300245207816625,-3.226928217413192,-3.2238319817575114,-3.2207358138051227,-3.2176397135477033,-3.214543680978026,-3.2114477160898915,-3.2083518188780675,-3.2052559893382324,-3.202160227466924,-3.1990645332614998,-3.195968906720098,-3.192873347841613,-3.1897778566256725,-3.186682433072623,-3.1835870771835286,-3.1804917889601785,-3.177396568405109,-3.1743014155216396,-3.171206330313933,-3.1681113127870772,-3.165016362947199,-3.161921480801619,-3.1588266663590585,-3.155731919629911,-3.152637240626602,-3.1495426293640567,-3.146448085860316,-3.143353610137343,-3.1402592022220737,-3.137164862147803,-3.134070589956003,-3.130976385698706,-3.1278822494416607,-3.124788181268495,-3.1216941812862267,-3.118600249632579,-3.1155063864857153,-3.112412592077226,-3.1093188667094864,-3.106225210778931,-3.1031316248073253,-3.1000381094838985,-3.096944665722245,-3.093851294737382,-3.0907579981503477,-3.087664778130563,-3.0845716375900754,-3.0814785804492812,-3.0783856120013375,-3.075292739413206,-3.0721999724163225,-3.0691073242610645,-3.066014813039159,-3.0629224635205228,-3.059830309711132,-3.0567383984240344,-3.0536467942773817,-3.050555586707462,-3.0474648998338454,-3.044374906371362,-3.0412858472978397,-3.038198059727566,-3.0351120165104137,-3.032028382624296,-3.0289480956708594,-3.02587248103681,-3.0228034170046727,-3.019743571951062,-3.016696745712456,-3.013668361585375,-3.0106661761557616,-3.007701303790963,-3.004789694485731,-3.001954261691285,-2.9992279343377253,-2.9966580053829137,-2.9943122605675114,-2.9922874685337684,-2.990720828843179,-2.989804765172118
-3.5923993287902842,-3.59160966717208,-3.5902413013248076,-3.588445537399856,-3.58633207858668,-3.5839811659067453,-3.58145191853361,-3.5787881614911528,-3.5760225542157875,-3.5731795484927598,-3.570277527427808,-3.5673303641942016,-3.5643485653832285,-3.561340114364363,-3.558311096408361,-3.55526616405552,-3.552208884909307,-3.5491420024902687,-3.546067632532987,-3.5429874111644595,-3.539902607091702,-3.5368142067826214,-3.53372297931991,-3.530629525911304,-3.5275343177856935,-3.524437725274442,-3.5213400401851107,-3.5182414930580004,-3.5151422665090575,-3.5120425055722277,-3.508942325735702,-3.5058418192015113,-3.502741059773078,-3.499640106680698,-3.496539007582945,-3.4934378009271576,-3.490336517810312,-3.4872351834495103,-3.4841338183467467,-3.4810324392136853,-3.4779310597076254,-3.474829691018583,-3.4717283423387073,-3.468627021238474,-3.4655257339688874,-3.4624244857047874,-3.4593232807412106,-3.4562221226522096,-3.45312101441961,-3.450019958537633,-3.4469189570981027,-3.4438180118599866,-3.4407171243062935,-3.4376162956907192,-3.434515527075978,-3.431414819365372,-3.4283141733288462,-3.4252135896245437,-3.4221130688166763,-3.419012611390369,-3.415912217764024,-3.412811888299646,-3.4097116233114635,-3.4066114230731728,-3.403511287824015,-3.400411217773895,-3.3973112131077086,-3.394211273989001,-3.391111400563073,-3.3880115929596206,-3.384911851295001,-3.3818121756741544,-3.378712566192274,-3.375613022936236,-3.372513545985845,-3.369414135414918,-3.366314791292241,-3.363215513682409,-3.360116302646578,-3.357017158243145,-3.3539180805283677,-3.3508190695569335,-3.347720125382502,-3.344621248058217,-3.3415224376372104,-3.3384236941730974,-3.335325017720479,-3.3322264083354622,-3.3291278660762016,-3.3260293910034817,-3.3229309831813434,-3.319832642677774,-3.316734369565473,-3.3136361639227103,-3.3105380258342954,-3.307439955392683,-3.3043419526992435,-3.301244017865719,-3.2981461510159256,-3.295048352287714,-3.2919506218352788,-3.2888529598318494,-3.285755366200923,-3.2826578408727833,-3.279560383783878,-3.2764629948762525,-3.273365674097047,-3.270268421398046,-3.267171236735271,-3.2640741200686185,-3.2609770713615287,-3.257880090580689,-3.2547831776957663,-3.2516863326791667,-3.248589555505814,-3.24549284615295,-3.242396204599956,-3.2392996308281874,-3.2362031248208254,-3.23310668656274,-3.2300103160403695,-3.2269140132416068,-3.2238177781556936,-3.2207216107731322,-3.2176255110855996,-3.21452947908587,-3.211433514767743,-3.208337618125987,-3.2052417891562803,-3.2021460278551612,-3.1990503342199847,-3.195954708248891,-3.192859149940775,-3.189763659295262,-3.186668236312701,-3.183572880994155,-3.180477593341414,-3.1773823733570126,-3.174287221044271,-3.1711921364073516,-3.1680971194513434,-3.1650021701823725,-3.1619072886077606,-3.158812474736227,-3.1557177285781663,-3.152623050146004,-3.1495284394546665,-3.146433896522194,-3.143339421370548,-3.1402450140266653,-3.1371506745238418,-3.134056402903547,-3.1309621992178163,-3.1278680635323988,-3.12477399593092,-3.121679996520398,-3.1185860654385564,-3.115492202863558,-3.1123984090269943,-3.1093046842312417,-3.106211028872734,-3.1031174434732347,-3.1000239287219737,-3.0969304855325466,-3.09383711511997,-3.0907438191052816,-3.0876505996579016,-3.08455745968988,-3.081464403121613,-3.078371435246255,-3.075278563230768,-3.0721857968065875,-3.06909314922409,-3.066000638575003,-3.06290828962924,-3.059816136392777,-3.0567242256786558,-3.0536326221050243,-3.0505414151081625,-3.047450728807628,-3.0443607359182328,-3.0412716774177815,-3.038183890420524,-3.035097847776278,-3.032014214462875,-3.0289339280818384,-3.025858314019698,-3.022789250558713,-3.0197294060751054,-3.0166825804047726,-3.013654196843374,-3.0106520119755733,-3.0076871401668215,-3.004775531409061,-3.001940099149353,-2.9992137723116556,-2.9966438438447995,-2.9942980994762665,-2.992273307829266,-2.9907066684382393,-2.9897906049420473
-3.592384542489395,-3.5915948810051783,-3.590226515392409,-3.5884307517783243,-3.586317293334602,-3.583966381069416,-3.581437134146268,-3.578773377581351,-3.576007770805163,-3.573164765598365,-3.570262745063127,-3.567315582369928,-3.5643337841078693,-3.5613253336447017,-3.5582963162498267,-3.555251384462465,-3.5521941058852327,-3.5491272240380005,-3.546052854654812,-3.5429726338622327,-3.539887830366937,-3.536799430636556,-3.5337082037535583,-3.5306147509255057,-3.5275195433811444,-3.5244229514517222,-3.521325266944706,-3.518226720400322,-3.515127494434453,-3.512027734080996,-3.508927554828101,-3.505827048877763,-3.502726290033379,-3.4996253375252215,-3.4965242390118463,-3.4934230329405773,-3.490321750408376,-3.4872204166323364,-3.4841190521144427,-3.4810176735663516,-3.4779162946453552,-3.474814926541468,-3.4717135784468325,-3.468612257931922,-3.4655109712477365,-3.462409723569115,-3.459308519191092,-3.4562073616877163,-3.453106254040813,-3.450005198744603,-3.4469041978909085,-3.443803253238696,-3.4407023662709735,-3.4376015382414353,-3.4345007702127957,-3.431400063088357,-3.4282994176380632,-3.4251988345200575,-3.4220983142985504,-3.4189978574586664,-3.4158974644188094,-3.4127971355409814,-3.4096968711394133,-3.4065966714878004,-3.4034965368253833,-3.4003964673620684,-3.39729646328275,-3.394196524750971,-3.3910966519120342,-3.3879968448956386,-3.3848971038181372,-3.3817974287844708,-3.3786978198898323,-3.3755982772210977,-3.372498800858072,-3.3693993908745723,-3.366300047339385,-3.363200770317105,-3.3601015598688884,-3.3570024160531333,-3.353903338926094,-3.3508043285424605,-3.347705384955892,-3.344606508219531,-3.3415076983865113,-3.338408955510447,-3.33531027964594,-3.3322116708490968,-3.3291131291780722,-3.3260146546936498,-3.322916247459872,-3.3198179075447247,-3.3167196350209087,-3.313621429966693,-3.310523292466887,-3.307425222613946,-3.3043272205092395,-3.3012292862645136,-3.2981314200035805,-3.295033621864293,-3.2919358920008444,-3.288838230586465,-3.2857406375446514,-3.282643112805688,-3.2795456563060217,-3.276448267987697,-3.2733509477978555,-3.27025369568828,-3.2671565116149943,-3.2640593955378936,-3.260962347420418,-3.257865367229255,-3.254768454934072,-3.2516716105072754,-3.2485748339237883,-3.2454781251608518,-3.2423814841978467,-3.2392849110161293,-3.2361884055988814,-3.2330919679309726,-3.229995597998841,-3.226899295790379,-3.223803061294829,-3.2207068945026935,-3.2176107954056494,-3.21451476399647,-3.211418800268956,-3.2083229042178742,-3.2052270758389034,-3.2021313151285806,-3.199035622084263,-3.195939996704091,-3.192844438986959,-3.189748948932494,-3.186653526541042,-3.183558171813668,-3.18046288475216,-3.177367665359054,-3.1742725136376713,-3.1711774295921735,-3.1680824132276473,-3.1649874645502205,-3.161892583567213,-3.158797770287348,-3.155703024721019,-3.15260834688065,-3.1495137367811656,-3.146419194440609,-3.143324719880941,-3.1402303131290985,-3.137135974218377,-3.1340417031902463,-3.1309475000967417,-3.1278533650036118,-3.1247592979944847,-3.1216652991763767,-3.1185713686870105,-3.11547750670455,-3.1123837134605856,-3.1092899892574937,-3.1061963344917087,-3.1031027496849957,-3.100009235526584,-3.0969157929300684,-3.0938224231104643,-3.0907291276888107,-3.087635908834529,-3.0845427694596665,-3.0814497134846204,-3.078356746202545,-3.0752638747804024,-3.072171108949626,-3.0690784619605935,-3.0659859519050303,-3.062893603552848,-3.05980145091002,-3.0567095407895857,-3.053617937809687,-3.0505267314065954,-3.047436045699857,-3.044346053404267,-3.0412569954976014,-3.0381692090940726,-3.0350831670434406,-3.0319995343234525,-3.028919248535507,-3.0258436350659483,-3.022774572196761,-3.0197147283037618,-3.0166679032222445,-3.0136395202469775,-3.010637335961298,-3.0076724647286928,-3.004760856538195,-3.001925424832553,-2.999199098529362,-2.9966291705680987,-2.994283426662587,-2.9922586354163094,-2.990691996335675,-2.989775933020672
-3.592369222151772,-3.591579560806382,-3.590211195436589,-3.588415432144604,-3.5863019740836823,-3.58395106224823,-3.5814218157913262,-3.578758059721202,-3.5759924534622223,-3.573149448790301,-3.5702474288039103,-3.567300266670642,-3.564318468977328,-3.5613100190899374,-3.5582810022764613,-3.5552360710750084,-3.5521787930873145,-3.5491119118325476,-3.546037543044193,-3.5429573228483715,-3.5398725199514,-3.536784120820625,-3.5336928945382873,-3.530599442311763,-3.5275042353696504,-3.5244076440430776,-3.521309960139414,-3.5182114141988063,-3.515112188837075,-3.512012429088063,-3.508912250439879,-3.5058117450944857,-3.5027109868552495,-3.4996100349524206,-3.496508937044535,-3.4934077315788996,-3.490306449652465,-3.487205116482314,-3.4841037525704204,-3.4810023746284333,-3.477900996313639,-3.474799628816047,-3.471698281327796,-3.4685969614193546,-3.4654956753417205,-3.4623944282697305,-3.4592932244984165,-3.456192067601825,-3.4530909605617803,-3.4499899058725005,-3.4468889056258063,-3.4437879615806644,-3.4406870752200813,-3.437586247797752,-3.434485480376391,-3.4313847738592975,-3.428284129016417,-3.4251835465058913,-3.4220830268919293,-3.418982570659656,-3.415882178227477,-3.4127818499573923,-3.4096815861636336,-3.4065813871198953,-3.403481253065417,-3.400381184210105,-3.3972811807388537,-3.3941812428152094,-3.3910813705844705,-3.3879815641763367,-3.3848818237071616,-3.381782149281886,-3.3786825409957024,-3.375582998935488,-3.372483523181048,-3.369384113806199,-3.366284770879727,-3.3631854944662263,-3.3600862846268535,-3.356987141420005,-3.353888064901939,-3.3507890551273434,-3.347690112149877,-3.3445912360226826,-3.3414924267988932,-3.3383936845321234,-3.335295009276975,-3.3321964010895546,-3.3290978600280177,-3.325999386153147,-3.3229009795289848,-3.3198026402235183,-3.3167043683094475,-3.313606163865041,-3.31050802697511,-3.30740995773211,-3.3043119562374095,-3.301214022602753,-3.2981161569519544,-3.2950183594228664,-3.2919206301696824,-3.2888229693656332,-3.2857253769342156,-3.2826278528057133,-3.279530396916574,-3.276433009208842,-3.2733356896296573,-3.270238438130804,-3.2671412546683047,-3.264044139202055,-3.2609470916954946,-3.2578501121153125,-3.2547532004311757,-3.25165635661549,-3.2485595806431777,-3.2454628724914807,-3.2423662321397813,-3.2392696595694335,-3.236173154763619,-3.2330767177072097,-3.2299803483866416,-3.2268840467898072,-3.22378781290595,-3.220691646725571,-3.217595548240347,-3.214499517443052,-3.211403554327487,-3.2083076588884185,-3.2052118311215247,-3.202116071023344,-3.199020378591234,-3.1959247538233346,-3.192829196718539,-3.189733707276474,-3.186638285497487,-3.183542931382641,-3.1804476449337256,-3.1773524261532775,-3.174257275044616,-3.1711621916119026,-3.1680671758602275,-3.1649722277957157,-3.161877347425689,-3.1587825347588683,-3.1556877898056483,-3.1525931125784528,-3.1494985030922065,-3.1464039613649506,-3.143309487418648,-3.1402150812802354,-3.137120742983008,-3.1340264725684355,-3.1309322700885533,-3.127838135609111,-3.1247440692137363,-3.121650071009444,-3.1185561411339573,-3.1154622797654414,-3.112368487135485,-3.1092747635464657,-3.106181109394818,-3.103087525202307,-3.0999940116581612,-3.096900569675976,-3.0938072004707675,-3.090713905663574,-3.087620687423816,-3.0845275486635417,-3.0814344933031474,-3.078341526635788,-3.075248655828425,-3.072155890612492,-3.0690632442383645,-3.065970734797768,-3.0628783870606116,-3.0597862350328673,-3.0566943255275696,-3.053602723162854,-3.050511517374985,-3.0474208322834957,-3.044330840603163,-3.0412417833117362,-3.0381539975233873,-3.0350679560878167,-3.0319843239826842,-3.0289040388092587,-3.025828425953691,-3.0227593636976824,-3.019699520416628,-3.016652695945199,-3.013624313577236,-3.010622129894707,-3.0076572592590645,-3.004745651656323,-3.001910220524765,-2.9991838947753933,-2.9966139673379897,-2.994268223912226,-2.9922434330811476,-2.990676794322119,-2.9897607311948518
-3.5923533487894965,-3.5915636875879478,-3.590195322469902,-3.588399559511644,-3.586286101847347,-3.583935190457146,-3.5814059444833233,-3.5787421889258577,-3.575976583202765,-3.573133579085036,-3.5702315596673144,-3.567284398114195,-3.5643026010101626,-3.5612941517193386,-3.5582651355082557,-3.5552202049138693,-3.5521629275369997,-3.5490960468960893,-3.5460216787240446,-3.542941459146526,-3.5398566568694827,-3.536768258359965,-3.5336770326999756,-3.5305835810967,-3.527488374778583,-3.524391784076627,-3.521294100798103,-3.5181955554830733,-3.5150963307472933,-3.5119965716245547,-3.508896393602921,-3.5057958888843177,-3.5026951312720813,-3.4995941799964387,-3.4964930827159058,-3.4933918778777735,-3.490290596578978,-3.4871892640365902,-3.4840879007525767,-3.4809865234385784,-3.477885145751877,-3.4747837788824727,-3.4716824320225004,-3.4685811127424273,-3.465479827293247,-3.4623785808497916,-3.4592773777070915,-3.456176221439194,-3.453075115027918,-3.449974060967483,-3.446873061349707,-3.4437721179335563,-3.440671232202036,-3.4375704054088403,-3.4344696386166835,-3.431368932728866,-3.4282682885153304,-3.4251677066342183,-3.4220671876497395,-3.4189667320470196,-3.4158663402444613,-3.4127660126040666,-3.409665749440064,-3.406565551026149,-3.403465417601562,-3.4003653493762065,-3.3972653465349802,-3.394165409241427,-3.391065537640847,-3.387965731862939,-3.384865992024057,-3.3817663182291433,-3.378666710573388,-3.3755671691436686,-3.3724676940197895,-3.3693682852755695,-3.366268942979792,-3.363169667197052,-3.360070457988507,-3.356971315412553,-3.353872239525448,-3.3507732303818787,-3.347674288035505,-3.344575412539472,-3.34147660394691,-3.338377862311434,-3.3352791876876466,-3.332180580131655,-3.329082039701612,-3.325983566458303,-3.3228851604657694,-3.3197868217919995,-3.3166885505096917,-3.313590346697116,-3.3104922104390817,-3.307394141828045,-3.304296140965375,-3.3011982079628166,-3.2981003429441844,-3.2950025460473302,-3.291904817426447,-3.2888071572547672,-3.2857095654557855,-3.282612041959788,-3.2795145867032205,-3.2764171996281273,-3.2733198806816493,-3.27022262981557,-3.2671254469859123,-3.264028332152571,-3.260931285278987,-3.257834306331848,-3.2547373952808214,-3.2516405520983134,-3.2485437767592447,-3.2454470692408584,-3.2423504295225354,-3.2392538575856324,-3.2361573534133297,-3.233060916990498,-3.2299645483035753,-3.226868247340453,-3.2237720140903745,-3.2206758485438423,-3.217579750692532,-3.2144837205292167,-3.211387758047699,-3.208291863242744,-3.2051960361100305,-3.202100276646097,-3.1990045848483,-3.195908960714779,-3.1928134042444296,-3.1897179154368778,-3.186622494292471,-3.183527140812272,-3.180431854998071,-3.177336636852404,-3.1742414863785906,-3.1711464035807926,-3.168051388464098,-3.164956441034633,-3.161861561299719,-3.1587667492680778,-3.1556720049501035,-3.1525773283582197,-3.149482719507353,-3.1463881784155436,-3.1432937051047545,-3.1401992996019232,-3.1371049619403433,-3.1340106921614845,-3.130916490317383,-3.127822356473788,-3.1247282907143257,-3.1216342931460135,-3.1185403639065736,-3.115446503174171,-3.1123527111803964,-3.109258988227625,-3.1061653347122924,-3.1030717511561625,-3.0999782382484637,-3.0968847969027924,-3.093791428334165,-3.090698134163619,-3.0876049165605743,-3.0845117784370806,-3.0814187237135324,-3.0783257576830847,-3.0752328875127,-3.0721401229338103,-3.0690474771967913,-3.065954968393366,-3.062862621293443,-3.059770469902991,-3.056678561035041,-3.0535869593077223,-3.0504957541572906,-3.0474050697032666,-3.0443150786604076,-3.0412260220064353,-3.0381382368554792,-3.0350521960571792,-3.031968564589103,-3.0288882800523864,-3.0258126678329806,-3.022743606212292,-3.01968376356528,-3.0166369397259674,-3.013608557987239,-3.0106063749296412,-3.0076415049125163,-3.0047298979187542,-3.001894467382012,-2.9991681422064578,-2.996598215311831,-2.9942524723831414,-2.9922276819822557,-2.9906610435564462,-2.989744980623694
-3.592336902761662,-3.591547241709145,-3.590178876851936,-3.5883831142394524,-3.5862696569860932,-3.5839187460572126,-3.581389500583904,-3.5787257455575983,-3.5759601403897285,-3.5731171368461894,-3.5702151180176553,-3.5672679570656207,-3.564286160572135,-3.561277711899406,-3.558248696312457,-3.555203766347047,-3.5521464896030466,-3.5490796095981487,-3.54600524206466,-3.542925023127763,-3.5398402214930225,-3.5367518236271827,-3.533660598612001,-3.5305671476544664,-3.527471941982861,-3.524375351928061,-3.521277669297233,-3.5181791246303575,-3.5150799005431215,-3.5119801420692576,-3.5088799646967845,-3.505779460627591,-3.5026787036649836,-3.4995777530391625,-3.496476656408624,-3.4933754522206417,-3.4902741715721377,-3.487172839680171,-3.4840714770466996,-3.480970100383356,-3.477868723347412,-3.4747673571288664,-3.471666010919848,-3.4685646922908187,-3.46546340749277,-3.4623621617005322,-3.4592609592091326,-3.456159803592617,-3.453058697832802,-3.4499576444239066,-3.4468566454577476,-3.4437557026932892,-3.440654817613536,-3.4375539914721815,-3.434453225331937,-3.4313525200961044,-3.4282518765346253,-3.425151295305642,-3.422050776973364,-3.4189503220229143,-3.415849930872697,-3.4127496038847127,-3.409649341373192,-3.4065491436118283,-3.403449010839862,-3.400348943267199,-3.3972489410787348,-3.3941490044380136,-3.391049133490335,-3.3879493283653983,-3.384849589179557,-3.3817499160377533,-3.378650309035177,-3.3755507682587065,-3.3724512937881452,-3.36935188569731,-3.366252544054988,-3.363153268925772,-3.3600540603708215,-3.3569549184485306,-3.3538558432151566,-3.3507568347253884,-3.347657893032885,-3.344559018190791,-3.3414602102522375,-3.33836146927084,-3.3352627953011997,-3.332164188399423,-3.3290656486236663,-3.325967176034713,-3.322868770696604,-3.319770432677328,-3.3166721620495827,-3.3135739588916393,-3.310475823288307,-3.307377755332041,-3.304279755124212,-3.3011818227765635,-3.2980839584129105,-3.2949861621711056,-3.2918884342053416,-3.2887907746888514,-3.28569318354513,-3.282595660704463,-3.2794982061032956,-3.2764008196836727,-3.2733035013927347,-3.2702062511822656,-3.267109069008288,-3.2640119548306963,-3.2609149086129317,-3.257817930321681,-3.2547210199266123,-3.2516241774001307,-3.2485274027171593,-3.2454306958549397,-3.242334056792853,-3.239237485512255,-3.236140981996326,-3.233044546229937,-3.229948178199527,-3.2268518778929867,-3.2237556452995593,-3.2206594804097466,-3.2175633832152255,-3.2144673537087693,-3.211371391884179,-3.208275497736221,-3.205179671260574,-3.202083912453777,-3.1989882213131855,-3.1958925978369392,-3.1927970420239333,-3.1897015538737943,-3.1866061333868694,-3.1835107805642213,-3.18041549540764,-3.1773202779196614,-3.1742251281036054,-3.171130045963634,-3.168035031504836,-3.1649400847333373,-3.1618452056564585,-3.158750394282922,-3.15565565062312,-3.1525609746894783,-3.1494663664969216,-3.1463718260634925,-3.1432773534111527,-3.140182948566839,-3.137088611563845,-3.1339943424436436,-3.1309001412582678,-3.1278060080734664,-3.124711942972867,-3.1216179460634867,-3.1185240174830486,-3.115430157409716,-3.11233636607508,-3.109242643781517,-3.106148990925461,-3.1030554080286774,-3.0999618957803947,-3.0968684550942083,-3.093775087185135,-3.0906817936742117,-3.087588576730859,-3.0844954392671253,-3.0814023852034076,-3.0783094198328596,-3.0752165503224425,-3.072123786403587,-3.069031141326669,-3.0659386331834115,-3.0628462867437207,-3.059754136013562,-3.0566622278059614,-3.053570626739044,-3.0504794222490546,-3.0473887384555023,-3.0442987480731234,-3.0412096920796112,-3.038121907589051,-3.0350358674510196,-3.0319522366429914,-3.0288719527659613,-3.025796341205675,-3.0227272802432337,-3.019667438253145,-3.0166206150687627,-3.013592233981978,-3.0105900515718633,-3.0076251821955777,-3.0047135758327714,-3.0018781459123076,-2.999151821331278,-2.996581894999016,-2.99423615258534,-2.992211362630172,-2.9906447245496066,-2.989728661818388
-3.5923198637536666,-3.5915302028555556,-3.5901618382685863,-3.588366076014345,-3.586252619186746,-3.5839017087358243,-3.5813724637810815,-3.578708709305092,-3.575943104712473,-3.573100101763835,-3.5701980835457414,-3.567250923216472,-3.5642691273555553,-3.5612606793232144,-3.5582316643829066,-3.555186735069156,-3.552129458980852,-3.5490625796349042,-3.545988212763001,-3.542907994489827,-3.5398231935205535,-3.5367347963216065,-3.5336435719744888,-3.5305501216859843,-3.5274549166842104,-3.5243583272999115,-3.5212606453401456,-3.518162101344803,-3.515062877929502,-3.511963120127916,-3.508862943428018,-3.5057624400316563,-3.502661683742108,-3.4995607337895476,-3.4964596378324475,-3.4933584343180644,-3.4902571543433063,-3.48715582312522,-3.4840544611657527,-3.4809530851765285,-3.477851708814814,-3.4747503432706015,-3.4716489977360143,-3.468547679781513,-3.4654463956580823,-3.462345150540552,-3.4592439487239455,-3.456142793782305,-3.453041688697448,-3.449940635963589,-3.4468396376725465,-3.443738695583283,-3.4406378111788025,-3.4375369857127978,-3.4344362202479806,-3.43133551568765,-3.4282348728017475,-3.425134292248414,-3.422033774591857,-3.4189333203172043,-3.415832929842857,-3.412732603530815,-3.4096323416953114,-3.4065321446100376,-3.4034320125142337,-3.4003319456178067,-3.3972319441056498,-3.3941320081413076,-3.3910321378700803,-3.387932333421666,-3.38483259491242,-3.381732922447281,-3.3786333161214426,-3.3755337760217805,-3.3724343022281005,-3.369334894814219,-3.366235553848922,-3.3631362793968034,-3.36003707151902,-3.356937930273969,-3.353838855717906,-3.3507398479055204,-3.3476409068904713,-3.3445420327259034,-3.3414432254649475,-3.3383444851612185,-3.3352458118693185,-3.332147205645354,-3.329048666547481,-3.3259501946364827,-3.322851789976401,-3.319753452635225,-3.316655182685652,-3.3135569802059517,-3.3104588452809343,-3.3073607780030567,-3.304262778473687,-3.301164846804571,-3.298066983119523,-3.294969187556394,-3.2918714602693795,-3.2887738014317116,-3.285676210966886,-3.2825786888051858,-3.2794812348830584,-3.276383849142547,-3.2732865315307937,-3.270189281999581,-3.2670921005049327,-3.263994987006743,-3.260897941468452,-3.2578009638567478,-3.2547040541412966,-3.2516072122945046,-3.248510438291295,-3.2454137321089083,-3.2423170937267267,-3.239220523126105,-3.2361240202902257,-3.233027585203957,-3.229931217853739,-3.2268349182274627,-3.2237386863143715,-3.220642522104966,-3.217546425590924,-3.2144503967650175,-3.211354435621049,-3.2082585421537853,-3.205162716358904,-3.2020669582329444,-3.1989712677732633,-3.195875644977999,-3.192780089846046,-3.1896846023770324,-3.1865891825713026,-3.1834938304299225,-3.1803985459546813,-3.1773033291481148,-3.1742081800135415,-3.1711130985551246,-3.168018084777951,-3.1649231386881485,-3.161828260293038,-3.158733449601341,-3.15563870662345,-3.152544031371792,-3.14944942386129,-3.146354884109986,-3.143260412139843,-3.1401660079777978,-3.137071671657145,-3.133977403219355,-3.130883202716462,-3.127789070214216,-3.1246950057962444,-3.121601009569564,-3.1185070816718965,-3.115413222281407,-3.1123194316296856,-3.109225710019108,-3.106132057846108,-3.1030384756324514,-3.099944964067368,-3.0968515240644523,-3.0937581568387214,-3.0906648640112127,-3.0875716477513464,-3.084478510971171,-3.081385457591082,-3.0782924929042332,-3.075199624077586,-3.072106860842573,-3.069014216449566,-3.065921708990287,-3.0628293632346404,-3.0597372131885896,-3.0566453056651564,-3.0535537052824586,-3.050462501476732,-3.0473718183674716,-3.044281828669396,-3.0411927733601654,-3.038104989553821,-3.035018950099873,-3.0319353199756987,-3.0288550367821485,-3.0257794259047555,-3.0227103656243037,-3.019650524314834,-3.0166037018090055,-3.013575321397679,-3.010573139658402,-3.0076082709460694,-3.0046966652369766,-3.0018612359550207,-2.99913491198996,-2.9965649862403465,-2.9942192443602558,-2.992194454866882,-2.9906278171440133,-2.9897117546215997
-3.5923022107557085,-3.5915125500175704,-3.590144185710584,-3.5883484238275005,-3.5862349674410074,-3.5838840574852724,-3.581354813067789,-3.578691059161957,-3.5759254551653257,-3.5730824528330336,-3.5701804352473854,-3.5672332755633303,-3.5642514803577865,-3.561243032988919,-3.5582140187185654,-3.5551690900799655,-3.5521118146709925,-3.549044936007749,-3.545970569821279,-3.5428903522357555,-3.5398055519559377,-3.5367171554479246,-3.533625931792954,-3.530532482197598,-3.527437277889804,-3.5243406892001756,-3.5212430079356594,-3.518144464636057,-3.515045241916911,-3.511945484811838,-3.508845308808758,-3.5057448061094827,-3.502644050517254,-3.499543101262219,-3.4964420060028303,-3.493340803186326,-3.4902395239095974,-3.487138193389681,-3.4840368321285147,-3.480935456837713,-3.4778340811745343,-3.4747327163289636,-3.471631371493122,-3.4685300542374633,-3.46542877081297,-3.4623275263944677,-3.459226325276978,-3.4561251710345404,-3.4530240666489727,-3.4499230146144857,-3.446822017022896,-3.4437210756331673,-3.4406201919283013,-3.43751936716199,-3.4344186023969434,-3.4313178985364607,-3.4282172563504854,-3.4251166764971557,-3.4220161595406817,-3.418915705966187,-3.415815316192074,-3.4127149905803438,-3.409614729445225,-3.406514533060412,-3.4034144016651435,-3.400314335469325,-3.3972143346578516,-3.394114399394268,-3.391014529823874,-3.3879147260763687,-3.384814988268106,-3.3817153165040263,-3.378615710879322,-3.3755161714808684,-3.372416698388471,-3.369317291675945,-3.366217951412077,-3.363118677661462,-3.360019470485257,-3.3569203299418575,-3.3538212560875214,-3.350722248976936,-3.3476233086637617,-3.344524435201141,-3.3414256286422077,-3.3383268890405753,-3.3352282164508464,-3.332129610929127,-3.329031072533572,-3.325932601324967,-3.322834197367354,-3.319735860728719,-3.3166375914817623,-3.313539389704754,-3.310441255482503,-3.307343188907466,-3.304245190081012,-3.3011472591148876,-3.298049396132905,-3.2949516012729183,-3.291853874689121,-3.2887562165547455,-3.285658626793287,-3.2825611053350285,-3.2794636521164184,-3.2763662670795006,-3.2732689501714156,-3.270171701343947,-3.2670745205531166,-3.2639774077588193,-3.260880362924496,-3.2577833860168335,-3.2546864770054986,-3.251589635862898,-3.248492862563953,-3.245396157085906,-3.242299519408139,-3.239202949512006,-3.2361064473806884,-3.233010012999057,-3.2299136463535496,-3.226817347432059,-3.223721116223827,-3.2206249527193553,-3.217528856910322,-3.214432828789499,-3.211336868350689,-3.2082409755886565,-3.2051451504990816,-3.2020493930785014,-3.1989537033242743,-3.1958580812345385,-3.192762526808188,-3.1896670400448492,-3.1865716209448705,-3.1834762695093155,-3.180380985739973,-3.177285769639379,-3.1741906212108524,-3.171095540458557,-3.1680005273875795,-3.1649055820040473,-3.16181070431528,-3.1587158943299998,-3.1556211520586013,-3.152526477513508,-3.149431870709645,-3.1463373316650562,-3.1432428604017018,-3.140148456946519,-3.137054121332802,-3.133959853602023,-3.1308656538062154,-3.1277715220111277,-3.124677458300389,-3.1215834627810146,-3.118489535590729,-3.1153956769076947,-3.112301886963503,-3.10920816606053,-3.1061145145952094,-3.103020933089306,-3.0999274222320503,-3.0968339829370364,-3.093740616419281,-3.0906473242998214,-3.0875541087480802,-3.0844609726761036,-3.0813679200042876,-3.078274956025786,-3.0751820879075593,-3.072089325381038,-3.068996681696595,-3.06590417494595,-3.062811829899006,-3.0597196805617224,-3.0566277737471186,-3.053536174073306,-3.0504449709765087,-3.047354288576209,-3.0442642995871014,-3.0411752449868175,-3.038087461889351,-3.0350014231441453,-3.0319177937284754,-3.0288375112430437,-3.0257619010731607,-3.022692841499283,-3.0196330008949652,-3.016586179092149,-3.0135577993806297,-3.0105556183363724,-3.0075907503119277,-3.0046791452801154,-3.0018437166596854,-2.999117393332797,-2.9965474681868343,-2.9942017268595653,-2.9921769378446306,-2.9906103004923517,-2.9896942381862677
-3.5922839220410654,-3.591494261468664,-3.5901258974517467,-3.588330135953193,-3.586216680023698,-3.583865770580991,-3.581336526720121,-3.5786727734049824,-3.5759071700258063,-3.573064168332063,-3.570162151401643,-3.567214992386046,-3.5642331978594815,-3.5612247511779875,-3.5581957376017215,-3.555150809662595,-3.5520935349574265,-3.549026657001483,-3.5459522915251407,-3.5428720746520406,-3.5397872750865154,-3.536698879294324,-3.5336076563564327,-3.5305142074791926,-3.527419003890375,-3.5243224159204414,-3.521224735376222,-3.518126192797425,-3.515026970799513,-3.511927214416043,-3.508827039134885,-3.5057265371578077,-3.5026257822880202,-3.499524833755643,-3.4964237392191024,-3.4933225371256196,-3.490221258572071,-3.4871199287754786,-3.484018568237768,-3.480917193670545,-3.477815818731064,-3.474714454609302,-3.4716131104973753,-3.468511793965732,-3.465410511265352,-3.4623092675710594,-3.459208067177871,-3.4561069136598253,-3.4530058099987353,-3.4499047586888145,-3.4468037618218768,-3.4437028211568825,-3.440601938176835,-3.4375011141354235,-3.4344003500953595,-3.43129964695994,-3.428199005499107,-3.4250984263710005,-3.421997910139829,-3.4188974572907154,-3.4157970682420618,-3.412696743355869,-3.4095964829463656,-3.4064962872872466,-3.40339615661775,-3.400296091147782,-3.397196091062237,-3.3940961565246592,-3.3909962876803488,-3.387896484659002,-3.3847967475769742,-3.381697076539207,-3.378597471640892,-3.3754979329689063,-3.3723984606030517,-3.3692990546171466,-3.366199715079977,-3.3631004420561372,-3.360001235606784,-3.3569020957903133,-3.3538030226629822,-3.3507040162794794,-3.3476050766934637,-3.34450620395808,-3.3414073981264605,-3.3383086592522186,-3.335209987389957,-3.332111382595782,-3.329012844927849,-3.3259143744469433,-3.3228159712171053,-3.3197176353063225,-3.316619366787295,-3.313521165738293,-3.3104230322441253,-3.3073249663972493,-3.3042269682990346,-3.3011290380612257,-3.2980311758076377,-3.2949333816761235,-3.2918356558208757,-3.288737998415128,-3.2856404093823754,-3.2825428886529013,-3.279445436163153,-3.276348051855174,-3.273250735676105,-3.2701534875777294,-3.2670563075160697,-3.2639591954510214,-3.2608621513460236,-3.2577651751677634,-3.2546682668859095,-3.2515714264728657,-3.248474653903556,-3.2453779491552224,-3.2422813122072456,-3.23918474304098,-3.236088241639607,-3.2329918079879976,-3.229895442072589,-3.226799143881274,-3.2237029134032946,-3.2206067506291527,-3.217510655550525,-3.2144146281601853,-3.2113186684519355,-3.2082227764205404,-3.2051269520616796,-3.2020311953718914,-3.198935506348532,-3.1958398849897405,-3.1927443312944117,-3.189648845262173,-3.1865534268933704,-3.183458076189068,-3.1803627931510543,-3.1772675777818655,-3.174172430084823,-3.1710773500640865,-3.167982337724745,-3.1648873930729247,-3.1617925161159466,-3.158697706862533,-3.155602965323078,-3.152508291510006,-3.149413685438242,-3.1463191471258285,-3.143224676594726,-3.140130273871872,-3.137035938990561,-3.1339416719922637,-3.1308474729290148,-3.1277533418665637,-3.124659278888538,-3.121565284101953,-3.1184713576445326,-3.1153774996944406,-3.1122837104832675,-3.1091899903133897,-3.1060963395812413,-3.103002758808588,-3.099909248684658,-3.096815810123047,-3.0937224443387725,-3.0906291529528707,-3.0875359381347622,-3.0844428027964965,-3.0813497508584673,-3.078256787613829,-3.075163920229541,-3.072071158437034,-3.0689785154866795,-3.0658860094701974,-3.062793665157488,-3.0597015165545063,-3.056609610474267,-3.0535180115348752,-3.0504268091725475,-3.0473361275067474,-3.0442461392521505,-3.0411570853863545,-3.038069303023306,-3.0349832650123765,-3.031899636330737,-3.028819354578934,-3.025743745142049,-3.022674686300199,-3.0196148464264376,-3.016568025351961,-3.0135396463654587,-3.010537466041259,-3.007572598729483,-3.0046609943993476,-3.001825566464273,-2.9990992437985478,-2.9965293192779825,-2.994183578523452,-2.9921587900041935,-2.9905921530358563,-2.989676090953896
-3.5922649751435216,-3.5914753147428216,-3.5901069510264176,-3.5883111899262348,-3.5861977344701894,-3.583846825558977,-3.58131758227476,-3.5786538295715813,-3.5758882268320917,-3.5730452257998864,-3.570143209548284,-3.56719605122521,-3.5642142574020723,-3.561205811432701,-3.5581767985755124,-3.5551318713610405,-3.5520745973850136,-3.5490077201618306,-3.545933355421179,-3.5428531392861484,-3.539768340460633,-3.5366799454100377,-3.5335887232150456,-3.530495275081779,-3.5274000722378247,-3.524303485013496,-3.521205805215504,-3.51810726338346,-3.5150080421327483,-3.5119082864968596,-3.508808111963613,-3.505707610734735,-3.5026068566133977,-3.4995059088296925,-3.4964048150420237,-3.493303613697592,-3.4902023358932577,-3.487101006846029,-3.4839996470578214,-3.4808982732402307,-3.477796899050502,-3.4746955356786087,-3.4715941923166587,-3.468492876535099,-3.465391594584904,-3.4622903516408927,-3.459189151998082,-3.456087999230507,-3.4529868963199797,-3.44988584576071,-3.4467848496445104,-3.443683909730343,-3.4405830275012077,-3.4374822042107946,-3.4343814409218116,-3.431280738537558,-3.4281800978279735,-3.425079519451199,-3.421979003971441,-3.4188785518738234,-3.4157781635767472,-3.4126778394422126,-3.409577579784449,-3.40647738487715,-3.4033772549595547,-3.4002771902415674,-3.3971771909080846,-3.394077257122648,-3.390977389030558,-3.3878775867615123,-3.384777850431866,-3.38167818014656,-3.3785785760007863,-3.375479038081421,-3.3723795664682683,-3.3692801612351446,-3.3661808224508354,-3.3630815501799356,-3.359982344483602,-3.3568832054202313,-3.3537841330460796,-3.350685127415836,-3.3475861885831595,-3.3444873166011937,-3.3413885115230717,-3.338289773402407,-3.335191102293802,-3.332092498253364,-3.328993961339249,-3.3258954916122407,-3.3227970891363796,-3.319698753979653,-3.3166004862147633,-3.3135022859199776,-3.3104041531801074,-3.307306088087608,-3.3042080907438494,-3.3011101612605773,-3.2980122997616057,-3.294914506384788,-3.291816781284319,-3.28871912463343,-3.2856215363556167,-3.282524016381164,-3.2794265646465166,-3.2763291810937196,-3.273231865669912,-3.270134618326879,-3.2670374390206423,-3.2639403277110968,-3.2608432843616817,-3.257746308939086,-3.2546494014129763,-3.2515525617557572,-3.2484557899423523,-3.245359085950004,-3.2422624497580914,-3.239165881347971,-3.2360693807028227,-3.232972947807518,-3.2298765826484948,-3.226780285213643,-3.223684055492208,-3.2205878934746903,-3.217491799152766,-3.2143957725192096,-3.2112998135678215,-3.2082039222933694,-3.20510809869153,-3.2020123427588434,-3.1989166544926646,-3.195821033891133,-3.1927254809531433,-3.1896299956783225,-3.186534578067018,-3.1834392281202923,-3.1803439458399367,-3.177248731228486,-3.1741535842892588,-3.171058505026419,-3.167963493445053,-3.1648685495512883,-3.161773673352446,-3.1586788648572486,-3.1555841240760887,-3.152489451021392,-3.1493948457080827,-3.1463003081542023,-3.1432058383817134,-3.1401114364175524,-3.137017102295014,-3.1339228360555698,-3.130828637751253,-3.1277345074478125,-3.124640445228876,-3.12154645120146,-3.1184525255032907,-3.11535866831253,-3.1122648798607675,-3.1091711604503804,-3.1060775104778022,-3.1029839304647977,-3.0998904211005964,-3.0967969832987943,-3.0937036182744073,-3.0906103276484718,-3.0875171135904096,-3.0844239790122696,-3.081330927834446,-3.0782379653500924,-3.0751450987261686,-3.0720523376941036,-3.0689596955042684,-3.0658671902483796,-3.0627748466963367,-3.0596826988540933,-3.0565907935346575,-3.053499195356128,-3.05040799375471,-3.0473173128498536,-3.0442273253562107,-3.0411382722513456,-3.0380504906491557,-3.034964453398938,-3.0318808254777556,-3.0288005444859927,-3.0257249358084937,-3.0226558777250254,-3.01959603860812,-3.0165492182882017,-3.013520840052819,-3.010518660474601,-3.0075537939011507,-3.0046421902979548,-3.0018067630729113,-2.9990804410921523,-2.9965105172194995,-2.994164777058325,-2.9921399890525873,-2.990573352482015,-2.989657290632248
-3.59224534683443,-3.591455686611611,-3.5900873232065305,-3.588291562519053,-3.5861781075534918,-3.583827199192898,-3.5812979565060807,-3.5786342044368813,-3.5758686023600905,-3.573025602013225,-3.570123586464863,-3.567176428859228,-3.564194635764823,-3.561186190533192,-3.5581571784209487,-3.555112251957202,-3.5520549787365483,-3.5489881022724905,-3.5459137382939985,-3.542833522923591,-3.5397487248647077,-3.5366603305823876,-3.5335691091570185,-3.5304756617944903,-3.5273804597221985,-3.5242838732703015,-3.5211861942453853,-3.518087653186961,-3.514988432710331,-3.511888677848922,-3.5087885040904965,-3.5056880036367355,-3.5025872502907767,-3.4994863032826795,-3.496385210270826,-3.4932840097023945,-3.49018273267423,-3.4870814044033263,-3.483980045391586,-3.4808786723505984,-3.4777772989375997,-3.4746759363425546,-3.4715745937575666,-3.4684732787530765,-3.4653719975800557,-3.4622707554133205,-3.4591695565478844,-3.4560684045577803,-3.4529673024248195,-3.449866252643209,-3.446765257304761,-3.443664318168434,-3.440563436717227,-3.4374626142048297,-3.4343618516939514,-3.431261150087888,-3.42816051015658,-3.425059932558167,-3.4219594178568564,-3.418858966537771,-3.4157585790193097,-3.4126582556634752,-3.4095579967844962,-3.406457802656066,-3.4033576735174216,-3.4002576095784702,-3.3971576110241055,-3.394057678017872,-3.390957810705068,-3.3878580092153925,-3.3847582736651987,-3.381658604159427,-3.3785590007932704,-3.375459463653604,-3.372359992820232,-3.3692605883669726,-3.3661612503626106,-3.363061978871741,-3.359962773955521,-3.3568636356723456,-3.3537645640784715,-3.3506655592285877,-3.347566621176353,-3.3444677499749123,-3.3413689456773987,-3.3382702083374247,-3.3351715380095937,-3.332072934750011,-3.3289743986168334,-3.3258759296708442,-3.3227775279760854,-3.319679193600544,-3.316580926616922,-3.3134827271034872,-3.3103845951450515,-3.307286530834069,-3.304188534271911,-3.301090605570322,-3.297992744853117,-3.29489495225815,-3.2917972279396133,-3.2886995720707417,-3.2856019845750297,-3.2825044653827615,-3.279407014430383,-3.2763096316599385,-3.273212317018568,-3.270115070458054,-3.2670178919344197,-3.2639207814075606,-3.260823738840915,-3.257726764201171,-3.254629857457996,-3.2515330185837943,-3.248436247553489,-3.245339544344323,-3.2422429089356757,-3.2391463413089028,-3.236049841447186,-3.2329534093353955,-3.2298570449599686,-3.226760748308797,-3.223664519371124,-3.2205683581374513,-3.217472264599455,-3.214376238749909,-3.2112802805826135,-3.2081843900923355,-3.205088567274753,-3.2019928121264045,-3.198897124644648,-3.1958015048276227,-3.192705952674222,-3.1896104681840733,-3.1865150513575218,-3.1834197021956325,-3.1803244207001953,-3.177229206873745,-3.1741340607196014,-3.1710389822419263,-3.167943971445808,-3.1648490283373745,-3.161754152923946,-3.158659345214245,-3.1555646052186628,-3.1524699329496264,-3.14937532842206,-3.1462807916540054,-3.143186322667424,-3.140091921489253,-3.136997588152787,-3.133903322699497,-3.130809125181417,-3.127714995664296,-3.1246209342317623,-3.1215269409908313,-3.1184330160792273,-3.115339159675115,-3.1122453720100824,-3.109151653386508,-3.106058004200825,-3.1029644249747994,-3.09987091639766,-3.096777479383001,-3.09368411514584,-3.0905908253072143,-3.0874976120365445,-3.0844044782458777,-3.0813114278556095,-3.0782184661588925,-3.075125600322687,-3.0720328400784225,-3.068940198676468,-3.0658476942085393,-3.0627553514445323,-3.059663204390398,-3.0565712998591392,-3.0534797024688474,-3.0503885016557177,-3.0472978215391837,-3.044207834833874,-3.041118782517317,-3.0380310017033594,-3.034944965241223,-3.031861338107856,-3.028781057903479,-3.025705450012689,-3.0226363927148903,-3.0195765543820743,-3.016529734843865,-3.013501357386625,-3.010499178581227,-3.007534312772667,-3.0046227099225655,-3.0017872834330976,-2.9990609621619484,-2.9964910389605204,-2.9941452994140514,-2.9921205119403114,-2.9905538757818144,-2.9896378141725943
-3.5922250130991498,-3.5914353530606062,-3.590066989978044,-3.5882712297181105,-3.586157775260669,-3.5838068674704915,-3.5812776254025533,-3.578613873990125,-3.575848272599863,-3.573005272962975,-3.570103258143137,-3.5671561012807356,-3.5641743089412636,-3.5611658644739004,-3.5581368531333895,-3.555091927447362,-3.5520346550092445,-3.5489677793316057,-3.5458934161426776,-3.5428132015643867,-3.5397284042997006,-3.5366400108132794,-3.5335487901852076,-3.530455343621128,-3.527360142348241,-3.524263556696546,-3.5211658784725017,-3.5180673382155123,-3.5149681185407973,-3.51186836448171,-3.5087681915259616,-3.505667691875186,-3.5025669393324814,-3.499465993127879,-3.496364900919732,-3.4932637011552017,-3.4901624249311123,-3.4870610974644443,-3.483959739257089,-3.480858367020625,-3.47775699441228,-3.474655632622011,-3.4715542908419175,-3.468452976642434,-3.4653516962745297,-3.4622504549130158,-3.459149256852904,-3.456048105668223,-3.4529470043407833,-3.449845955364791,-3.446744960832056,-3.443644022501535,-3.440543141856227,-3.4374423201498203,-3.434341558445022,-3.4312408576451294,-3.4281402185200816,-3.425039641728017,-3.421939127833142,-3.4188386773205797,-3.4157382906087306,-3.412637968059594,-3.4095377099874007,-3.406437516665843,-3.403337388334158,-3.4002373252022515,-3.3971373274550176,-3.394037395256001,-3.3909375287505,-3.387837728068213,-3.3847379933254937,-3.381638324627283,-3.3785387220687717,-3.3754391857368375,-3.3723397157112847,-3.369240312065929,-3.3661409748695563,-3.3630417041867604,-3.359942500078699,-3.3568433626037693,-3.353744291818226,-3.3506452877767576,-3.3475463505330247,-3.344447480140172,-3.3413486766513305,-3.338249940120114,-3.3351512706011257,-3.332052668150471,-3.3289541328263073,-3.325855664689418,-3.322757263803845,-3.319658930237576,-3.3165606640633114,-3.3134624653593208,-3.3103643342104143,-3.307266270709048,-3.3041682749565924,-3.3010703470647926,-3.2979724871574634,-3.2948746953724575,-3.29177697186397,-3.2886793168052333,-3.2855817301197425,-3.2824842117377817,-3.2793867615957972,-3.276289379635833,-3.2731920658050293,-3.2700948200551694,-3.2669976423422753,-3.2639005326262414,-3.2608034908705084,-3.2577065170417634,-3.2546096111096725,-3.251512773046641,-3.2484160028275912,-3.245319300429766,-3.2422226658325455,-3.239126099017285,-3.236029599967167,-3.2329331686670604,-3.229836805103403,-3.2267405092640864,-3.223644281138354,-3.2205481207167077,-3.217452027990824,-3.2143560029534757,-3.211260045598464,-3.208164155920556,-3.20506833391543,-3.2019725795796234,-3.198876892910493,-3.1957812739061784,-3.192685722565575,-3.1895902388883077,-3.186494822874724,-3.183399474525888,-3.1803041938435896,-3.1772089808303634,-3.1741138354895293,-3.1710187578252493,-3.1679237478426123,-3.1648288055477454,-3.1617339309479684,-3.1586391240520033,-3.155544384870243,-3.1524497134151135,-3.149355109701539,-3.1462605737475613,-3.143166105575142,-3.1400717052112177,-3.1369773726890844,-3.133883108050213,-3.1307889113466376,-3.127694782644107,-3.1246007220262486,-3.1215067296000796,-3.118412805503323,-3.115318949914143,-3.11222516306413,-3.10913144525566,-3.106037796885168,-3.1029442184744176,-3.099850710712638,-3.096757274513427,-3.0936639110917974,-3.090570622068788,-3.0874774096138196,-3.0843842766389398,-3.0812912270645434,-3.0781982661837834,-3.07510540116362,-3.07201264173548,-3.068920001149732,-3.065827497498092,-3.062735155550453,-3.0596430093127616,-3.0565511055980186,-3.053459509024305,-3.0503683090278053,-3.047277629727937,-3.044187643839303,-3.0410985923393983,-3.0380108123420135,-3.034924776696292,-3.0318411503790657,-3.028760870990383,-3.0256852639145877,-3.0226162074307052,-3.019556369910167,-3.016509551181772,-3.0134811745306527,-3.0104789965258614,-3.0075141315096907,-3.0046025294397594,-3.001767103712314,-2.999040783176288,-2.9964708606702164,-2.994125121760553,-2.9921003348379385,-2.990533699106332,-2.989617637746307
-3.5922039491130118,-3.5914142892653644,-3.5900459265169076,-3.5882501666998774,-3.586136712768811,-3.5837858055695433,-3.5812565641427185,-3.5785928134106597,-3.575827212731592,-3.5729842138301953,-3.5700821997650576,-3.5671350436725935,-3.564153252115179,-3.56114480843954,-3.558115797898486,-3.5550708730181184,-3.552013601390649,-3.548946726527685,-3.545872364156687,-3.542792150398972,-3.5397073539570147,-3.5366189612950856,-3.533527741492953,-3.5304342957560086,-3.527339095311247,-3.524242510488504,-3.5211448330941018,-3.5180462936673402,-3.51494707482335,-3.5118473215954142,-3.5087471494711835,-3.5056466506522437,-3.502545898941654,-3.4994449535694145,-3.496343862193852,-3.4932426632621034,-3.490141387870977,-3.487040061237439,-3.483938703863368,-3.4808373324603306,-3.477735960685547,-3.4746345997289687,-3.4715332587826886,-3.4684319454171364,-3.465330665883276,-3.4622294253559147,-3.459128228130062,-3.456027077779744,-3.452925977286769,-3.4498249291453402,-3.4467239354472667,-3.443622997951503,-3.4405221181410486,-3.4374212972695894,-3.434320536399833,-3.431219836435074,-3.4281191981452515,-3.425018622188505,-3.4219181091290394,-3.4188176594519777,-3.4157172735757193,-3.4126169518622653,-3.409516694625844,-3.406416502140147,-3.403316374644412,-3.400216312348545,-3.3971163154374415,-3.394016384074643,-3.3909165184054495,-3.3878167185595585,-3.384716984653324,-3.381617316791688,-3.378517715069841,-3.375418179574659,-3.3723187103859464,-3.3692193075775214,-3.366119971218167,-3.3630207013724784,-3.359921498101613,-3.356822361463967,-3.3537232915157964,-3.3506242883117903,-3.3475253519056074,-3.344426482350393,-3.3413276796992775,-3.3382289440058766,-3.3351302753247927,-3.3320316737121316,-3.32893313922605,-3.3258346719273306,-3.3227362718800157,-3.3196379391520945,-3.316539673816267,-3.3134414759508015,-3.31034334564051,-3.3072452829778474,-3.3041472880641845,-3.3010493610112652,-3.297951501942906,-3.294853710996961,-3.2917559883276235,-3.2886583341081277,-3.2855607482619678,-3.282463230719429,-3.2793657814169546,-3.2762684002965905,-3.2731710873054753,-3.270073842395394,-3.2669766655223667,-3.2638795566462893,-3.2607825157306016,-3.257685542741989,-3.2545886376501225,-3.2514918004274045,-3.248395031048757,-3.2452983294914235,-3.242201695734784,-3.2391051297601936,-3.2360086315508343,-3.232912201091575,-3.2298158383688538,-3.2267195433705624,-3.223623316085943,-3.2205271565054985,-3.217431064620905,-3.2143350404249356,-3.211239083911391,-3.208143195075039,-3.205047373911557,-3.201951620417483,-3.1988559345901746,-3.1957603164277706,-3.192664765929166,-3.189569283093987,-3.1864738679225804,-3.1833785204160105,-3.180283240576065,-3.177188028405281,-3.1740928839069773,-3.1709978070853175,-3.167902797945388,-3.164807856493316,-3.161712982736423,-3.1586181766834303,-3.1555234383447313,-3.1524287677327507,-3.1493341648624145,-3.1462396297517636,-3.14314516242276,-3.1400507629023418,-3.1369564312238007,-3.1338621674286102,-3.130767971568803,-3.127673843710129,-3.1245797839362166,-3.1214857923540817,-3.1183918691014476,-3.115298014356479,-3.1122042283507643,-3.1091105113866813,-3.106016863860665,-3.10292328629448,-3.099829779377355,-3.0967363440228852,-3.0936429814460866,-3.090549693267997,-3.0874564816580374,-3.0843633495282554,-3.0812703007990447,-3.078177340763559,-3.0750844765887564,-3.0719917180060636,-3.068899078265849,-3.065806575459826,-3.0627142343578853,-3.059622088965972,-3.0565301860970786,-3.0534385903692804,-3.0503473912187506,-3.047256712764888,-3.0441667277222715,-3.041077677068357,-3.0379898979168822,-3.034903863116908,-3.0318202376451464,-3.0287399591014657,-3.0256643528699465,-3.022595297229222,-3.0195354605501468,-3.016488642660661,-3.0134602668446253,-3.0104580896692044,-3.0074932254738953,-3.004581624212166,-3.0017461992741232,-2.9990198794996332,-2.9964499577139025,-2.9941042194639254,-2.992079433112235,-2.9905127978228565,-2.989596736720979
-3.5921821292166323,-3.5913924695667356,-3.590024107164379,-3.5882283478061545,-3.5861148944203607,-3.5837639878332164,-3.5812347470705244,-3.5785709970432613,-3.5758053971009187,-3.5729623989614137,-3.5700603856780693,-3.567113230383183,-3.5641314396359025,-3.5611229967804126,-3.5580939870675183,-3.5550490630217344,-3.5519917922340163,-3.5489249182149725,-3.545850556691269,-3.542770343783588,-3.5396855481938982,-3.536597156386061,-3.533505937439521,-3.530412492559405,-3.5273172929724987,-3.5242207090084667,-3.521123032473494,-3.518024493906767,-3.514925275923327,-3.511825523556381,-3.508725352293519,-3.5056248543362774,-3.502524103487677,-3.4994231589776823,-3.4963220684645937,-3.493220870395525,-3.4901195958672666,-3.487018270096769,-3.4839169135858987,-3.4808155430462113,-3.477714172134918,-3.4746128120419626,-3.471511471959431,-3.468410159457748,-3.465308880787873,-3.4622076411246114,-3.459106444762967,-3.4560052952769658,-3.452904195648412,-3.4498031483715073,-3.4467021555380586,-3.4436012189070215,-3.440500339961392,-3.4373995199548566,-3.4342987599501207,-3.431198060850478,-3.4280974234258688,-3.424996848334429,-3.4218963361403665,-3.4187958873288005,-3.415695502318133,-3.4125951814703623,-3.4094949250997177,-3.406394733479891,-3.4032946068501198,-3.4001945454203097,-3.397094549375354,-3.3939946188787964,-3.390894754075936,-3.387794955096472,-3.384695222056756,-3.3815955550617294,-3.378495954206585,-3.375396419578197,-3.372296951256369,-3.3691975493149195,-3.366098213822634,-3.362998944844106,-3.3598997424404935,-3.356800606670191,-3.3537015375894557,-3.350602535252976,-3.347503599714412,-3.344404731026908,-3.3413059292435956,-3.3382071944180898,-3.3351085266049934,-3.332009925860411,-3.328911392242499,-3.325812925812042,-3.322714526633082,-3.3196161947736065,-3.316517930306316,-3.31341973330948,-3.3103216038679095,-3.30722354207406,-3.304125548029303,-3.3010276218453836,-3.297929763646117,-3.294831973569356,-3.291734251769297,-3.288636598419172,-3.285539013442477,-3.282441496769495,-3.2793440483366716,-3.276246668086051,-3.2731493559647715,-3.270052111924618,-3.266954935921612,-3.2638578279156474,-3.260760787870165,-3.257663815751852,-3.254566911530374,-3.2514700751781374,-3.248373306670064,-3.2452766059833964,-3.2421799730975156,-3.239083407993776,-3.2359869106553587,-3.232890481067134,-3.22979411921554,-3.226697825088468,-3.22360159867516,-3.2205054399661184,-3.217409348953019,-3.2143133256286354,-3.211217369986769,-3.208121482022187,-3.205025661730567,-3.201929909108447,-3.1988342241531837,-3.195738606862916,-3.1926430572365385,-3.189547575273679,-3.186452160974683,-3.1833568143406152,-3.180261535373265,-3.1771663240751673,-3.174071180449642,-3.170976104500852,-3.1678810962338844,-3.164786155654866,-3.1616912827711183,-3.1585964775913626,-3.155501740125993,-3.1524070703874334,-3.149312468390609,-3.146217934153562,-3.143123467698254,-3.140029069051622,-3.1369347382469615,-3.1338404753257425,-3.1307462803399995,-3.1276521533554815,-3.1245580944558156,-3.121464103748018,-3.118370181369814,-3.1152763274993664,-3.1121825423682656,-3.1090888262788874,-3.105995179627667,-3.102901602936369,-3.099808096894222,-3.096714662414823,-3.0936213007131865,-3.0905280134103514,-3.0874348026757374,-3.084341671421393,-3.081248623567711,-3.078155664407843,-3.0750628011087495,-3.071970043401856,-3.0688774045375307,-3.065784902607484,-3.0626925623816046,-3.0596004178658336,-3.0565085158731584,-3.053416921021646,-3.0503257227474574,-3.047235045169975,-3.04414506100375,-3.0410560112262,-3.0379682329510063,-3.0348821990271433,-3.0317985744311993,-3.028718296762858,-3.025642691405925,-3.02257363663863,-3.0195138008312283,-3.0164669838107696,-3.0134386088597984,-3.010436432543525,-3.0074715691985463,-3.0045599687740343,-3.0017245446537344,-2.9989982256681205,-2.9964283046285907,-2.9940825670619833,-2.9920577813017157,-2.9904911464704425,-2.989575085635982
-3.592159526890695,-3.591369867445642,-3.5900015054018013,-3.588205746518841,-3.58609229369788,-3.5837413877448205,-3.5812121476700827,-3.5785483983728965,-3.57578279919371,-3.5729398018434306,-3.570037789369927,-3.5670906349012315,-3.564108844993149,-3.5611004029872304,-3.558071394132206,-3.5550264709509465,-3.5519692010331054,-3.5489023278882574,-3.5458279672422446,-3.542747755215091,-3.539662960508243,-3.53657456958514,-3.5334833515248874,-3.5303899075323413,-3.5272947088340674,-3.524198125759554,-3.521100450114843,-3.5180019124390043,-3.5149026953469846,-3.5118029438719147,-3.5087027735013225,-3.5056022764366936,-3.502501526481005,-3.499400582864187,-3.4962994932445137,-3.4931982960690733,-3.490097022434639,-3.4869956975581444,-3.4838943419414408,-3.480792972296074,-3.477691602279246,-3.4745902430808933,-3.4714889038930954,-3.4683875922862724,-3.465286314511378,-3.4621850757432138,-3.4590838802767805,-3.455982731686102,-3.4528816329529786,-3.449780586571612,-3.4466795946338076,-3.4435786588985184,-3.44047778084874,-3.437376961738156,-3.434276202629472,-3.431175504425983,-3.428074867897625,-3.4249742937025345,-3.4218737824049197,-3.4187733344899,-3.4156729503758756,-3.4125726304248456,-3.409472374951037,-3.406372184228144,-3.403272058495404,-3.40017199796272,-3.3970720028149866,-3.393972073215747,-3.3908722093103,-3.3877724112283443,-3.384672679086232,-3.381573012988904,-3.378473413031554,-3.3753738793010553,-3.372274411877212,-3.369175010833841,-3.36607567623973,-3.3629764081594713,-3.359877206654222,-3.3567780717823785,-3.3536790036001976,-3.3505800021623675,-3.3474810675225473,-3.3443821997338823,-3.341283398849504,-3.338184664923027,-3.3350859980090535,-3.3319873981636907,-3.328888865445093,-3.325790399914046,-3.3226920016345907,-3.3195936706747156,-3.3164954071071207,-3.313397211010076,-3.3102990824683918,-3.307201021574526,-3.3041030284298474,-3.3010051031461027,-3.2979072458471057,-3.294809456670712,-3.291711735771115,-3.288614083321549,-3.285516499245509,-3.2824189834732787,-3.2793215359413033,-3.276224156591626,-3.273126845371387,-3.2700296022323703,-3.2669324271305973,-3.263835320025962,-3.260738280881904,-3.25764130966511,-3.2545444063452473,-3.2514475708947206,-3.2483508032884543,-3.245254103503688,-3.242157471519803,-3.239060907318154,-3.2359644108819237,-3.232867982195981,-3.229771621246764,-3.226675328022164,-3.223579102511424,-3.2204829447050467,-3.2173868545947064,-3.214290832173177,-3.2111948774342602,-3.2080989903727213,-3.20500317098424,-3.201907419265354,-3.19881173521342,-3.1957161188265775,-3.192620570103721,-3.1895250890444773,-3.186429675649192,-3.1833343299189303,-3.1802390518554806,-3.177143841461378,-3.1740486987399423,-3.170953623695336,-3.1678586163326488,-3.1647636766580054,-3.161668804678727,-3.158574000403535,-3.1554792638428237,-3.152384595009018,-3.149289993917043,-3.14619546058494,-3.1431009950346707,-3.1400065972931714,-3.136912267393738,-3.133818005377841,-3.1307238112975155,-3.12762968521851,-3.1245356272244513,-3.121441637422358,-3.1183477159499517,-3.1152538629853974,-3.1121600787602857,-3.109066363576991,-3.1059727178319494,-3.1028791420469255,-3.0997856369111476,-3.0966922033382125,-3.0935988425431353,-3.0905055561469545,-3.0874123463190886,-3.0843192159715866,-3.081226169024842,-3.0781332107720076,-3.0750403483800413,-3.0719475915803676,-3.0688549536233536,-3.0657624526007083,-3.062670113282319,-3.059577969674121,-3.056486068589098,-3.053394474645308,-3.0503032772789,-3.047212600609237,-3.0441226173508436,-3.041033568481098,-3.03794579111362,-3.0348597580972982,-3.031776134408591,-3.0286958576469916,-3.0256202531960215,-3.0225511993334915,-3.0194913644290344,-3.016444548308781,-3.013416174253909,-3.010413998827604,-3.0074491363634617,-3.004537536806202,-3.0017021135329816,-2.998975795364544,-2.9964058750979867,-2.994060138239265,-2.992035353091639,-2.9904687187349057,-2.9895526581774545
-3.5921361147302893,-3.5913464554974217,-3.5899780938249486,-3.5881823354342894,-3.586068883198409,-3.5837179779021615,-3.5811887385400403,-3.5785249899991034,-3.5757593916104287,-3.572916395077665,-3.5700143834430307,-3.5670672298301427,-3.5640854407913376,-3.5610769996654428,-3.558047991699037,-3.555003069413291,-3.55194580039651,-3.5488789281571944,-3.545804568420335,-3.542724357305276,-3.5396395635129148,-3.5365511735062576,-3.533459956364062,-3.530366513290901,-3.5272713155131132,-3.524174733360003,-3.521077058637465,-3.517978521884448,-3.514879305715802,-3.5117795551645785,-3.50867938571824,-3.505578889578219,-3.5024781405474505,-3.499377197855828,-3.4962761091615944,-3.493174912911816,-3.4900736402032466,-3.4869723162527992,-3.4838709615623142,-3.480769592843327,-3.477668223753029,-3.4745668654813477,-3.4714655272203574,-3.4683642165404716,-3.4652629396926407,-3.4621617018516626,-3.459060507312533,-3.4559593596492735,-3.4528582618436814,-3.449757216389955,-3.446656225379899,-3.4435552905724673,-3.4404544134506514,-3.437353595268136,-3.4342528370876244,-3.4311521398124105,-3.428051504212431,-3.4249509309458226,-3.421850420576789,-3.4187499735904527,-3.415649590405213,-3.412549271383068,-3.4094490168382454,-3.406348827044437,-3.40324870224088,-3.40014864263748,-3.397048648419129,-3.3939487197493707,-3.3908488567735047,-3.387749059621228,-3.3846493284088943,-3.3815496632414437,-3.378450064214069,-3.375350531413644,-3.3722510649199737,-3.369151664806876,-3.3660523311431336,-3.3629530639933445,-3.359853863418663,-3.3567547294774855,-3.3536556622260685,-3.3505566617191005,-3.3474577280102418,-3.3443588611526374,-3.3412600611994168,-3.3381613282041966,-3.335062662221579,-3.331964063307669,-3.328865531520623,-3.325767066921226,-3.3226686695735195,-3.3195703395454923,-3.3164720769098444,-3.313373881744846,-3.3102757541353074,-3.3071776941736846,-3.3040797019613484,-3.3009817776100454,-3.29788392124359,-3.2947861329998376,-3.291688413032982,-3.2885907615162577,-3.2854931783731587,-3.2823956635339697,-3.279298216935135,-3.2762008385186983,-3.2731035282317995,-3.270006286026221,-3.2669091118579856,-3.2638120056869875,-3.2607149674766656,-3.2576179971937074,-3.2545210948077803,-3.251424260291288,-3.2483274936191537,-3.2452307947686183,-3.2421341637190633,-3.2390376004518435,-3.2359411049501396,-3.2328446771988233,-3.229748317184331,-3.2266520248945545,-3.2235558003187372,-3.220459643447379,-3.2173635542721573,-3.2142675327858448,-3.2111715789822446,-3.208075692856121,-3.2049798744031532,-3.2018841236198785,-3.198788440503655,-3.1956928250526198,-3.1925972772656697,-3.18950179714243,-3.186406384683248,-3.1833110398891877,-3.1802157627620375,-3.1771205533043334,-3.174025411519395,-3.1709303374113844,-3.167835330985389,-3.1647403922475372,-3.1616455212051484,-3.1585507178669445,-3.15545598224332,-3.1523613143466984,-3.1492667141920068,-3.1461721817972856,-3.143077717184498,-3.139983320380579,-3.136888991418824,-3.1337947303407034,-3.1307005371982526,-3.1276064120572196,-3.1245123550012335,-3.121418366137309,-3.1183244456031716,-3.1152305935769835,-3.112136810290337,-3.1090430960456064,-3.105949451239226,-3.1028558763929617,-3.099762372196043,-3.096668939562066,-3.0935755797060454,-3.0904822942490187,-3.0873890853604062,-3.084295955952256,-3.0812029099449614,-3.0781099526316735,-3.07501709117935,-3.071924335319418,-3.06883169830224,-3.0657391982195246,-3.062646859841155,-3.0595547171730644,-3.056462817028229,-3.0533712240246995,-3.0502800275986113,-3.047189351869309,-3.0440993695512892,-3.0410103216218887,-3.0379225451946668,-3.03483651311842,-3.031752890369472,-3.0286726145471174,-3.0255970110345856,-3.022527958109252,-3.019468124140107,-3.0164213089523257,-3.0133929358256744,-3.0103907613212395,-3.007425899769507,-3.004514301110587,-3.0016788787148103,-2.998952561392843,-2.996382641926966,-2.9940369058015053,-2.9920121212884805,-2.9904454874232975,-2.989529427152786
-3.59211186441863,-3.591322205405549,-3.5899538441177445,-3.5881580862370175,-3.586044634607172,-3.5836937299912615,-3.58116449136728,-3.578500743609679,-3.5757351460398294,-3.5728921503538627,-3.5699901395881435,-3.567042986861713,-3.564061198723321,-3.5610527585089704,-3.558023751463011,-3.5549788301048517,-3.5519215620214015,-3.5488546907200513,-3.5457803319249073,-3.5427001217546095,-3.5396153289094907,-3.536526939852106,-3.533435723660848,-3.53034228154,-3.527247084715665,-3.5241505035169594,-3.5210528297496233,-3.5179542939524815,-3.514855078740281,-3.5117553291459904,-3.508655160657007,-3.5055546654747083,-3.502453917401984,-3.499352975668693,-3.4962518879330453,-3.493150692642084,-3.4900494208925394,-3.4869480979013097,-3.4838467441702194,-3.4807453764107925,-3.4776440082802105,-3.474542650968393,-3.4714413136674063,-3.468340003947659,-3.465238728060096,-3.4621374911795106,-3.459036297600896,-3.4559351508982696,-3.452834054053428,-3.4497330095605676,-3.446632019511491,-3.443531085665148,-3.440430209504532,-3.437329392283326,-3.4342286350642315,-3.431127938750541,-3.42802730411219,-3.4249267318073153,-3.4218262224001217,-3.4187257763757306,-3.415625394152539,-3.412525076092546,-3.4094248225099792,-3.406324633678531,-3.403224509837439,-3.4001244511966067,-3.397024457940926,-3.3939245302339414,-3.390824668220951,-3.387724872031653,-3.3846251417824,-3.381525477578134,-3.3784258795140434,-3.3753263476770057,-3.372226882146825,-3.369127482997319,-3.3660281502972706,-3.3629288841112754,-3.3598296845004905,-3.3567305515233126,-3.3536314852359976,-3.3505324856932344,-3.347433552948681,-3.3443346870554826,-3.341235888066771,-3.338137156036161,-3.335038491018255,-3.3319398930691597,-3.3288413622470303,-3.3257428986126523,-3.322644502230067,-3.3195461731672626,-3.3164479114969403,-3.3133497172973696,-3.3102515906533614,-3.307153531657372,-3.3040555404107725,-3.300957617025309,-3.297859761624796,-3.294761974347089,-3.291664255346383,-3.288566604795911,-3.285469022619168,-3.2823715087464373,-3.279274063114164,-3.2761766856643924,-3.273079376344261,-3.269982135105554,-3.266884961904293,-3.2637878567003713,-3.2606908194572295,-3.2575938501415544,-3.254496948723013,-3.251400115174009,-3.248303349469465,-3.2452066515866216,-3.242110021504861,-3.2390134592055384,-3.2359169646718344,-3.23282053788862,-3.229724178842332,-3.226627887520862,-3.2235316639134526,-3.220435508010605,-3.2173394198039955,-3.214243399286398,-3.2111474464516125,-3.208051561294408,-3.20495574381046,-3.2018599939963077,-3.198764311849308,-3.1956686973676005,-3.1925731505500794,-3.189477671396372,-3.1863822599068237,-3.1832869160824973,-3.1801916399251824,-3.177096431437415,-3.174001290622516,-3.1709062174846467,-3.167811212028896,-3.1647162742613895,-3.161621404189448,-3.158526601821795,-3.1554318671688217,-3.1523372002429553,-3.1492426010591195,-3.1461480696353563,-3.143053605993627,-3.139959210160869,-3.136864882170377,-3.133770622063621,-3.1306764298926355,-3.127582305723172,-3.124488249638857,-3.121394261746706,-3.118300342184442,-3.1152064911302313,-3.1121127088156624,-3.1090189955431113,-3.1059253517090135,-3.102831777835134,-3.099738274610703,-3.0966448429493143,-3.093551484065984,-3.0904581995817497,-3.0873649916660315,-3.0842718632308777,-3.0811788181966806,-3.0780858618565916,-3.0749930013775675,-3.071900246491033,-3.068807610447352,-3.0657151113382297,-3.062622773933548,-3.059530632239236,-3.0564387330682634,-3.053347141038671,-3.050255945586582,-3.047165270831322,-3.0440752894873584,-3.0409862425319836,-3.037898467078693,-3.0348124359761903,-3.03172881420066,-3.0286485393511917,-3.0255729368107094,-3.0225038848561385,-3.0194440518558037,-3.0163972376338934,-3.0133688654687085,-3.0103666919191645,-3.0074018313125235,-3.0044902335841206,-3.0016548120972155,-2.9989284956520375,-2.996358577015519,-2.994012841649583,-2.9919880577938884,-2.9904214244378613,-2.9895053644645677
-3.592086746700199,-3.5912970879147696,-3.589928727025399,-3.588132969672854,-3.5860195186707338,-3.5836686147595085,-3.5811393769000834,-3.5784756299538514,-3.5757100332321294,-3.5728670384232624,-3.569965028557553,-3.567017876749304,-3.5640360895435483,-3.5610276502733624,-3.5579986441807887,-3.554953723783413,-3.5518964566666957,-3.5488295863368773,-3.5457552285171494,-3.5426750193254204,-3.539590227461441,-3.536501839387296,-3.533410624181006,-3.530317183046552,-3.527221987209792,-3.5241254069996457,-3.5210277342216942,-3.5179291994146347,-3.514829985193109,-3.511730236590002,-3.508630069092639,-3.5055295749023405,-3.5024288278219493,-3.499327887081285,-3.4962268003385284,-3.4931256060406946,-3.4900243352844917,-3.486923013286803,-3.483821660549439,-3.480720293783908,-3.477618926647384,-3.4745175703297773,-3.4714162340231463,-3.468314925297894,-3.4652136504049613,-3.4621124145191358,-3.4590112219354094,-3.4559100762277946,-3.4528089803780864,-3.449707936880478,-3.446606947826771,-3.443506014975912,-3.4404051398108932,-3.437304323585396,-3.4342035673621227,-3.4311028720443653,-3.4280022384020583,-3.424901667093337,-3.4218011586824058,-3.4187007136543848,-3.4156003324276725,-3.4125000153642664,-3.409399762778393,-3.4062995749437452,-3.403199452099559,-3.4000993944557383,-3.3969994021971766,-3.393899475487417,-3.390799614471759,-3.3876998192799004,-3.3846000900281923,-3.3815004268215767,-3.378400829755244,-3.3753012989160704,-3.3722018343838593,-3.3691024362324278,-3.3660031045305607,-3.3629038393428514,-3.359804640730458,-3.3567055087517765,-3.3536064434630632,-3.350507444919008,-3.347408513173269,-3.34430964827899,-3.3412108502893036,-3.3381121192578247,-3.335013455239156,-3.331914858289403,-3.328816328466723,-3.3257178658318995,-3.322619470448975,-3.3195211423859377,-3.316422881715488,-3.313324688515895,-3.310226562871971,-3.307128504876172,-3.3040305146298694,-3.3009325922448083,-3.297834737844806,-3.294736951567716,-3.2916392335677336,-3.2885415840180925,-3.2854440028422873,-3.282346489970602,-3.2792490453394816,-3.2761516688909693,-3.2730543605722047,-3.269957120334971,-3.2668599481352896,-3.263762843933054,-3.2606658076917037,-3.257568839377926,-3.254471938961388,-3.2513751064144936,-3.2482783417121652,-3.2451816448316446,-3.242085015752314,-3.238988454455526,-3.2358919609244623,-3.232795535143993,-3.229699177100556,-3.2266028867820427,-3.2235066641776964,-3.220410509278019,-3.2173144220746863,-3.2142184025604714,-3.2111224507291745,-3.2080265665755614,-3.2049307500953113,-3.2018350012849632,-3.1987393201418723,-3.19564370666418,-3.1925481608507797,-3.189452682701297,-3.186357272216079,-3.183261929396191,-3.1801666542434206,-3.177071446760304,-3.173976306950161,-3.1708812348171524,-3.1677862303663678,-3.164691293603932,-3.161596424537168,-3.1585016231747964,-3.1554068895272116,-3.1523122236068377,-3.1492176254286006,-3.146123095010542,-3.143028632374623,-3.1399342375477794,-3.1368399105633085,-3.13374565146268,-3.1306514602979276,-3.1275573371348013,-3.1244632820569285,-3.1213692951713266,-3.1182753766157174,-3.1151815265682656,-3.1120877452605615,-3.108994032994982,-3.1059003901679607,-3.1028068173012637,-3.09971331508412,-3.0966198844301243,-3.093526526554293,-3.0904332430776624,-3.0873400361696537,-3.084246908742314,-3.0811538647160375,-3.078060909383975,-3.074968049913082,-3.071875296034782,-3.0687826609994375,-3.0656901628987523,-3.0625978265026066,-3.059505685816923,-3.056413787654666,-3.053322196633868,-3.050231002190637,-3.0471403284442786,-3.04405034810923,-3.0409613021627373,-3.0378735277182325,-3.0347874976243214,-3.0317038768570446,-3.028623603015278,-3.0255480014816327,-3.0224789505325673,-3.019419118535715,-3.016372305314243,-3.0133439341449324,-3.01034176158445,-3.007376901956722,-3.0044653051921357,-3.001629884646628,-2.9989035691096144,-2.996333651332134,-2.9939879167529018,-2.9919631335780617,-2.990396500749412,-2.9894804410839724
-3.5920607313535187,-3.591271072803881,-3.58990271232719,-3.5881069555217113,-3.5859935051697573,-3.5836426019884096,-3.5811133649208733,-3.5784496188150183,-3.575684022971749,-3.5728410290713413,-3.5699390201378214,-3.5669918692805838,-3.5640100830408095,-3.5610016447485484,-3.5579726396434506,-3.5549277202412113,-3.5518704541257913,-3.5488035848022403,-3.5457292279928025,-3.5426490198146303,-3.53956422896687,-3.536475841911123,-3.5333846277250194,-3.530291187612226,-3.527195992798352,-3.524099413612112,-3.5210017418589232,-3.5179032080773474,-3.5148039948819183,-3.511704247305433,-3.508604080835143,-3.5055035876723104,-3.502402841619731,-3.499301901907185,-3.496200816192819,-3.4930996229236224,-3.489998353196283,-3.4868970322276613,-3.483795680519554,-3.480694314783458,-3.4775929486765356,-3.4744915933886893,-3.471390258111969,-3.468288950416772,-3.4651876765540326,-3.4620864416985353,-3.4589852501452674,-3.4558841054682397,-3.4527830106492434,-3.449681968182471,-3.4465809801597196,-3.4434800483399366,-3.4403791742061127,-3.4372783590119274,-3.434177603820083,-3.431076909533868,-3.427976276923218,-3.4248757066462674,-3.42177519926722,-3.418674755271195,-3.4155743750765897,-3.4124740590454024,-3.409373807491859,-3.4062736206896527,-3.403173498878019,-3.400073442266862,-3.3969734510410743,-3.3938735253641985,-3.390773665381533,-3.387673871222777,-3.384574143004282,-3.3814744808309887,-3.3783748847980872,-3.375275354992454,-3.372175891493893,-3.3690764943762206,-3.3659771637082216,-3.3628778995544915,-3.3597787019761873,-3.3566795710317043,-3.3535805067772992,-3.3504815092676603,-3.347382578556447,-3.3442837146968025,-3.3411849177418613,-3.3380861877452377,-3.3349875247615333,-3.3318889288468543,-3.328790400059358,-3.3256919384598276,-3.3225935441123062,-3.3194952170847816,-3.3163969574499537,-3.313298765286093,-3.3102006406780102,-3.307102583718164,-3.3040045945079237,-3.300906673159037,-3.297808819795318,-3.2947110345546227,-3.2916133175911453,-3.2885156690781208,-3.285418088939043,-3.282320577104197,-3.2792231335100253,-3.2761257580985723,-3.2730284508169776,-3.2699312116170236,-3.2668340404547314,-3.263736937289996,-3.2606399020862558,-3.2575429348101985,-3.2544460354314912,-3.251349203922538,-3.2482524402582604,-3.245155744415902,-3.2420591163748416,-3.2389625561164346,-3.2358660636238623,-3.232769638881995,-3.229673281877269,-3.226576992597576,-3.2234807710321585,-3.2203846171715185,-3.2172885310073327,-3.214192512532374,-3.211096561740444,-3.2080006786263087,-3.2049048631856456,-3.2018091154149935,-3.1987134353117095,-3.195617822873931,-3.1925222781005536,-3.1894268009912037,-3.186331391546228,-3.1832360497666903,-3.1801407756543805,-3.177045569211834,-3.1739504304423694,-3.170855359350151,-3.167760355940265,-3.1646654202188382,-3.161570552193191,-3.1584757518720457,-3.1553810192657963,-3.152286354386868,-3.1491917572501857,-3.1460972278737906,-3.1430027662796443,-3.1399083724946837,-3.136814046552204,-3.1337197884936763,-3.1306255983711355,-3.127531476250329,-3.1244374222148856,-3.1213434363718213,-3.118249518858861,-3.1151556698541674,-3.11206188958933,-3.108968178366726,-3.1058745365827893,-3.1027809647592863,-3.0996874635854454,-3.096594033974862,-3.0935006771425524,-3.0904073947095534,-3.0873141888452857,-3.0842210624617956,-3.0811280194794777,-3.0780350651914827,-3.074942206764765,-3.071849453930748,-3.0687568199397917,-3.0656643228836002,-3.0625719875320483,-3.0594798478910556,-3.0563879507735807,-3.0532963607976455,-3.0502051673993438,-3.04711449469796,-3.0440245154078993,-3.0409354705063643,-3.0378476971067165,-3.0347616680574614,-3.031678048334489,-3.0285977755364564,-3.0255221750456474,-3.0224531251380387,-3.0193932941805492,-3.016346481995284,-3.013318111857457,-3.010315940321402,-3.007351081707588,-3.00443948594128,-3.001604066370829,-2.9988777517744536,-2.9963078348867276,-2.9939621011223307,-2.991937318652691,-2.9903706863702757,-2.989454627023697
-3.5920337871632775,-3.5912441288578534,-3.5898757688085854,-3.588080012569715,-3.585966562891156,-3.583615660465763,-3.5810864242184066,-3.578422678982949,-3.5756570840495128,-3.572814091090019,-3.5699120831219893,-3.5669649332497353,-3.5639831480104505,-3.560974710731046,-3.557945706648698,-3.5549007882771417,-3.5518435231987877,-3.548776654917452,-3.545702299154396,-3.542622092025989,-3.539537302230752,-3.5364489162297836,-3.53335770310031,-3.5302642640456745,-3.5271690702912246,-3.524072492165466,-3.5209748214736445,-3.5178762887541817,-3.514777076621502,-3.5116773301083097,-3.5085771647017827,-3.505476672603123,-3.5023759276150725,-3.499274988967371,-3.496173904318134,-3.493072712114322,-3.489971443452596,-3.486870123549802,-3.483768772907719,-3.4806674082378324,-3.4775660431972906,-3.474464688975988,-3.4713633547659692,-3.468262048137622,-3.4651607753418783,-3.4620595415535154,-3.4589583510675173,-3.455857207457892,-3.4527561137064273,-3.449655072307313,-3.4465540853523455,-3.4434531546004714,-3.4403522815346776,-3.437251467408644,-3.4341507132850713,-3.4310500200672474,-3.4279493885251062,-3.4248488193167823,-3.421748313006479,-3.418647870079315,-3.4155474909536867,-3.412447175991592,-3.4093469255072573,-3.4062467397743728,-3.403146619032176,-3.4000465634905708,-3.3969465733344486,-3.393846648727353,-3.390746789814582,-3.387646996725834,-3.3845472695774608,-3.3814476084744016,-3.3783480135118493,-3.375248484776679,-3.372149022348694,-3.3690496263017105,-3.3659502967045145,-3.362851033621701,-3.3597518371144264,-3.3566527072410866,-3.353553644057937,-3.3504546476196664,-3.3473557179799354,-3.3442568551918885,-3.341158059308657,-3.3380593303838557,-3.334960668472087,-3.3318620736294577,-3.3287635459141236,-3.3256650853868694,-3.3225666921117374,-3.3194683661567157,-3.316370107594505,-3.3132719165033757,-3.3101737929681376,-3.3070757370812487,-3.3039777489440807,-3.30087982866838,-3.2977819763779626,-3.294684192210682,-3.291586476320736,-3.288488828881358,-3.2853912498160427,-3.2822937390550724,-3.279196296534892,-3.2760989221975456,-3.2730016159901703,-3.2699043778645507,-3.266807207776708,-3.2637101056865365,-3.260613071557475,-3.2575161053562094,-3.2544192070524067,-3.251322376618472,-3.248225614029328,-3.2451289192622155,-3.2420322922965155,-3.2389357331135833,-3.2358392416965986,-3.2327428180304327,-3.2296464621015217,-3.226550173897757,-3.2234539534083826,-3.220357800623899,-3.2172617155359826,-3.2141656981374065,-3.2110697484219712,-3.207973866384444,-3.204878052020503,-3.2017823053266863,-3.19868662630035,-3.1955910149396343,-3.1924954712434332,-3.1893999952113727,-3.1863045868438,-3.1832092461417787,-3.180113973107097,-3.177018767742292,-3.173923630050683,-3.170828560036432,-3.167733557704627,-3.1646386230613963,-3.1615437561140585,-3.158448956871336,-3.155354225343622,-3.152259561543342,-3.14916496548542,-3.1460704371878982,-3.142975976672739,-3.1398815839668797,-3.136787259103615,-3.133693002124415,-3.1305988130813143,-3.1275046920400613,-3.124410639084284,-3.1213166543210003,-3.1182227378879324,-3.1151288899632448,-3.112035110778527,-3.108941400636157,-3.105847759932569,-3.102754189189527,-3.0996606890962615,-3.096567260566367,-3.0934739048148594,-3.0903806234627758,-3.0872874186795363,-3.084194293377188,-3.0811012514761242,-3.0780082982694936,-3.0749154409242534,-3.071822689171826,-3.0687300562625692,-3.065637560288184,-3.0625452260185426,-3.0594530874595613,-3.05636119142419,-3.0532696025304427,-3.050178410214398,-3.0470877385953163,-3.043997760387574,-3.0409087165683224,-3.0378209442508544,-3.0347349162835715,-3.0316512976422088,-3.0285710259251952,-3.025495426514477,-3.0224263776855294,-3.019366547804531,-3.01631973669249,-3.0132913676229918,-3.0102891971479577,-3.0073243395842773,-3.004412744851907,-3.0015773262913448,-2.9988510126692076,-2.9962810967030187,-2.993935363782563,-2.9919105820433134,-2.9903439503266447,-2.989427891310317
-3.5920058818920806,-3.591216223839587,-3.589847864232997,-3.5880521085809596,-3.585938659599827,-3.5835877579573667,-3.5810585225594616,-3.578394778225467,-3.5756291842343324,-3.5727861922493287,-3.569884185281245,-3.566937036429126,-3.5639552522260356,-3.560946815995635,-3.5579178129725366,-3.5548728956684474,-3.5518156316641702,-3.548748764462244,-3.5456744097829134,-3.5425942037417357,-3.5395094150365822,-3.5364210301280328,-3.533329818092897,-3.5302363801341836,-3.527141187476969,-3.5240446104495384,-3.520946940856961,-3.5178484092375184,-3.5147491982055157,-3.511649452793563,-3.508549288488761,-3.505448797492247,-3.5023480536067146,-3.4992471160618606,-3.4961460325157634,-3.493044841415355,-3.489943573857274,-3.4868422550583453,-3.4837409055203326,-3.480639541954707,-3.477538178018606,-3.4744368249019133,-3.471335491796665,-3.4682341862732433,-3.465132914582573,-3.4620316818994286,-3.458930492518791,-3.455829350014664,-3.4527282573688325,-3.449627217075484,-3.4465262312264113,-3.4434253015805596,-3.440324429620915,-3.4372236166011536,-3.4341228635839776,-3.4310221714726743,-3.4279215410371777,-3.424820972935619,-3.421720467732202,-3.418620025912044,-3.415519647893542,-3.412419334038694,-3.4093190846617247,-3.4062189000363254,-3.4031187804017318,-3.4000187259678474,-3.3969187369195644,-3.393818813420427,-3.390718955615733,-3.3876191636351787,-3.3845194375951166,-3.381419777600488,-3.378320183746484,-3.3752206561199776,-3.372121194800775,-3.3690217998626917,-3.3659224713745135,-3.3628232094008355,-3.359724014002812,-3.356624885238842,-3.3535258231651794,-3.350426827836514,-3.347327899306505,-3.3442290376282977,-3.341130242855022,-3.338031515040295,-3.3349328542387187,-3.331834260506398,-3.3287357339014902,-3.32563727448478,-3.3225388823203104,-3.3194405574760686,-3.3163423000247563,-3.3132441100446424,-3.310145987620538,-3.3070479328449016,-3.3039499458191037,-3.300852026654891,-3.2977541754760797,-3.2946563924205257,-3.2915586776424237,-3.288461031315009,-3.285363453361777,-3.282265943713008,-3.2791685023051484,-3.2760711290802407,-3.272973823985424,-3.2698765869724804,-3.266779417997431,-3.2636823170201703,-3.2605852840041387,-3.257488318916021,-3.2543914217254857,-3.251294592404936,-3.248197830929295,-3.2451011372758036,-3.242004511423843,-3.238907953354767,-3.2358114630517565,-3.2327150404996816,-3.2296186856849802,-3.2265223985955434,-3.2234261792206134,-3.2203300275506925,-3.2172339435774564,-3.2141379272936783,-3.211041978693159,-3.2079460977706655,-3.204850284521875,-3.2017545389433257,-3.198658861032375,-3.195563250787161,-3.192467708206579,-3.189372233290254,-3.186276826038535,-3.183181486452484,-3.1800862145338904,-3.1769910102852905,-3.1738958737100043,-3.1708008048121936,-3.1677058035969465,-3.16461087007039,-3.1615160042398442,-3.1584212061140318,-3.1553264757033457,-3.1522318130202103,-3.1491372180795505,-3.1460426908994084,-3.1429482315017445,-3.139853839913498,-3.1367595161679627,-3.133665260306609,-3.1305710723814717,-3.127476952458301,-3.1243829006207235,-3.121288916975756,-3.118195001661122,-3.115101154854986,-3.1120073767889376,-3.1089136677653535,-3.1058200281806685,-3.1027264585566474,-3.0996329595825194,-3.0965395321718803,-3.0934461775397457,-3.0903528973071523,-3.087259693643521,-3.0841665694608973,-3.081073528679675,-3.077980576593004,-3.0748877203678378,-3.0717949697355977,-3.068702337946644,-3.0656098430926733,-3.062517509943554,-3.059425372505199,-3.0563334775905515,-3.0532418898176137,-3.050150698622449,-3.047060028124297,-3.0439700510374985,-3.040881008339159,-3.037793237142495,-3.0347072102957995,-3.031623592774649,-3.0285433221772347,-3.025467723885154,-3.0223986761733643,-3.019338847407277,-3.016292037406764,-3.013263669443724,-3.0102615000675796,-3.0072966435915114,-3.004385049929981,-3.0015496324153497,-2.9988233198022223,-2.996253404790461,-2.993907672744068,-2.991882891761275,-2.9903162606305447,-2.989400201956256
-3.5919769822516003,-3.5911873244610555,-3.589818965312925,-3.5880232102686405,-3.585909762009799,-3.583558861178184,-3.581029626660015,-3.5783658832596212,-3.575600290244384,-3.572757299268617,-3.5698552933361296,-3.566908145540517,-3.5639263624105646,-3.560917927266568,-3.5578889253404844,-3.5548440091419216,-3.551786746250017,-3.548719880165985,-3.54564552660902,-3.542565321693836,-3.539480534117634,-3.536392150340454,-3.533300939438674,-3.5302075026149558,-3.527112311094096,-3.524015735204154,-3.520918066750015,-3.517819536269812,-3.5147203263777294,-3.51162058210628,-3.508520418942484,-3.5054199290874144,-3.5023191863437098,-3.499218249941023,-3.496117167537396,-3.493015977579732,-3.489914711164645,-3.486813393508938,-3.4837120451143577,-3.4806106826923613,-3.4775093199000753,-3.4744079679273736,-3.471306635966284,-3.4682053315871824,-3.4651040610409867,-3.4620028295024663,-3.4589016412665976,-3.4558004999073817,-3.4526994084066,-3.449598369258439,-3.446497384554688,-3.4433964560542902,-3.4402955852402304,-3.437194773366186,-3.4340940214948534,-3.430993330529521,-3.427892701240121,-3.4247921342847865,-3.4216916302277185,-3.4185911895540353,-3.415490812682133,-3.412390499974008,-3.409290251743886,-3.4061900682654582,-3.4030899497779594,-3.399989896491292,-3.39688990859035,-3.3937899862386747,-3.390690129581565,-3.3875903387487165,-3.384490613856484,-3.3813909550098065,-3.378291362303874,-3.375191835825562,-3.372092375654674,-3.368992981865028,-3.3658936545254075,-3.3627943937004083,-3.3596951994511874,-3.35659607183614,-3.3534970109115227,-3.350398016732025,-3.3472990893513037,-3.3442002288225057,-3.341101435198762,-3.338002708533688,-3.3349040488818855,-3.3318054562994615,-3.328706930844572,-3.3256084725780015,-3.3225100815637925,-3.3194117578699336,-3.3163135015691263,-3.3132153127396395,-3.310117191466286,-3.3070191378415212,-3.3039211519667178,-3.3008232339536216,-3.2977253839260503,-3.294627602021858,-3.2915298883952415,-3.288432243219436,-3.285334666417936,-3.282237157921024,-3.2791397176651436,-3.276042345592338,-3.272945041649746,-3.2698478057891505,-3.2667506379665725,-3.2636535381419054,-3.26055650627859,-3.2574595423433115,-3.2543626463057356,-3.2512658181382674,-3.24816905781583,-3.2450723653156643,-3.2419757406171508,-3.2388791837016435,-3.2357826945523236,-3.232686273154062,-3.2295899194932955,-3.226493633557916,-3.2233974153371654,-3.2203012648215448,-3.217205182002732,-3.214109166873498,-3.2110132194276435,-3.2079173396599368,-3.2048215275660543,-3.2017257831425345,-3.1986301063867346,-3.1955344972967934,-3.192438955871606,-3.189343482110798,-3.1862480760147176,-3.1831527375844275,-3.180057466821716,-3.1769622637291204,-3.1738671283099587,-3.1707720605683933,-3.1676770605095124,-3.164582128139443,-3.1614872634655065,-3.1583924664964234,-3.1552977372425888,-3.152203075716426,-3.1491084819328616,-3.146013955909937,-3.1429194976696135,-3.139825107238828,-3.1367307846508754,-3.1336365299472266,-3.130542343179916,-3.127448224414693,-3.124354173735184,-3.1212601912484073,-3.1181662770920853,-3.115072431444382,-3.1119786545368884,-3.10888494667198,-3.1057913082460917,-3.10269773978099,-3.0996042419659027,-3.0965108157144257,-3.0934174622415735,-3.0903241831683848,-3.0872309806642773,-3.084137857641301,-3.081044818019846,-3.0779518670930632,-3.0748590120279053,-3.0717662625557938,-3.068673631927085,-3.065581138233475,-3.06248880624483,-3.0593966699670556,-3.0563047762130893,-3.053213189600922,-3.050121999566603,-3.047031330229347,-3.043941354303461,-3.0408523127659963,-3.0377645427300966,-3.0346785170439414,-3.031594900682943,-3.028514631245046,-3.0254390341114856,-3.0223699875566843,-3.019310159945258,-3.0162633510959016,-3.0132349842787702,-3.0102328160406944,-3.0072679606910175,-3.0043563681385073,-3.001520951707099,-2.9987946401389567,-2.9962247261156523,-2.993878994974486,-2.991854214775123,-2.9902875842512215,-2.9893715259311664
-3.5919470538733256,-3.5911573963540593,-3.5897890376807178,-3.587993283265833,-3.5858798357550103,-3.5835289357631224,-3.5809997021560234,-3.578335959722484,-3.575570367717907,-3.572727377787323,-3.5698253729273204,-3.5668782262258447,-3.5638964442072525,-3.5608880101883558,-3.5578590093983604,-3.554814094344699,-3.5517568326047844,-3.548689967678464,-3.5456156152838374,-3.542535411534751,-3.539450625127707,-3.536362242522192,-3.533271032794135,-3.5301775971458365,-3.5270824068018047,-3.5239858320898634,-3.520888164814711,-3.517789635514324,-3.5146904268027632,-3.5115906837124395,-3.50849052173029,-3.5053900330573198,-3.502289291496113,-3.499188356276275,-3.4960872750558116,-3.492986086281594,-3.4898848210502105,-3.4867835045784443,-3.483682157368024,-3.4805807961303907,-3.4774794345226603,-3.4743780837346967,-3.4712767529585187,-3.4681754497644954,-3.4650741804035374,-3.461972950050411,-3.4588717630000865,-3.4557706228265617,-3.452669532511615,-3.4495684945494296,-3.446467511031794,-3.4433665837176495,-3.440265714089979,-3.4371649034024574,-3.4340641527177813,-3.4309634629392383,-3.427862834836758,-3.424762269068475,-3.421661766198588,-3.4185613267122137,-3.4154609510277503,-3.4123606395071926,-3.4092603924647658,-3.4061602101741597,-3.40306009287461,-3.3999600407760213,-3.3968600540632834,-3.39376013289994,-3.390660277431288,-3.3875604877870256,-3.3844607640835034,-3.3813611064256617,-3.378261514908692,-3.3751619896194693,-3.3720625306377965,-3.3689631380374916,-3.3658638118873387,-3.362764552251933,-3.3596653591924306,-3.3565662327672277,-3.3534671730325813,-3.3503681800431795,-3.347269253852682,-3.344170394514233,-3.3410716020809637,-3.3379728766064893,-3.3348742181454116,-3.3317756267538394,-3.328677102489928,-3.325578645414462,-3.322480255591485,-3.319381933088984,-3.3162836779796607,-3.3131854903417843,-3.310087370260167,-3.3069893178272656,-3.303891333144452,-3.300793416323474,-3.2976955674881476,-3.294597786776328,-3.2915000743422116,-3.288402430359034,-3.2853048547502897,-3.28220734744626,-3.27910990838339,-3.2760125375037212,-3.272915234754394,-3.2698180000871897,-3.2667208334581295,-3.263623734827107,-3.2605267041575625,-3.2574297414161815,-3.2543328465726313,-3.2512360195993155,-3.2481392604711563,-3.245042569165396,-3.2419459456614144,-3.2388493899405657,-3.23575290198603,-3.232656481782678,-3.229560129316947,-3.2264638445767284,-3.223367627551265,-3.2202714782310577,-3.2171753966077827,-3.214079382674213,-3.2109834364241507,-3.207887557852362,-3.2047917469545237,-3.2016960037271747,-3.1986003281676707,-3.195504720274151,-3.192409180045511,-3.189313707481377,-3.186218302582096,-3.183122965348731,-3.1800276957830707,-3.1769324938876515,-3.1738373596657925,-3.1707422931216573,-3.1676472942603326,-3.164552363087945,-3.161457499611816,-3.1583627038406656,-3.1552679757848887,-3.152173315456911,-3.149078722871656,-3.1459841980471666,-3.142889741005404,-3.1397953517733046,-3.136701030384164,-3.133606776879452,-3.1305125913112044,-3.1274184737451702,-3.124324424264976,-3.1212304429776396,-3.1181365300208843,-3.1150426855728743,-3.111948909865199,-3.108855203200236,-3.105761565974419,-3.1026679987095145,-3.0995745020947503,-3.096481077043721,-3.093387724771443,-3.090294446898954,-3.0872012455956734,-3.084108123773649,-3.0810150853532723,-3.0779221356276927,-3.0748292817638627,-3.071736533493202,-3.068643904066065,-3.065551411574147,-3.0624590807873107,-3.059366945711456,-3.056275053159513,-3.0531834677494616,-3.050092278917335,-3.0470016107823237,-3.043911636058697,-3.0408225957234554,-3.0377348268896625,-3.0346488024053837,-3.031565187245859,-3.0284849190087786,-3.0254093230750034,-3.0223402777184005,-3.0192804513027633,-3.016233643645567,-3.0132052780151586,-3.0102031109556893,-3.0072382567725224,-3.0043266653685343,-3.001491250058932,-2.9987649395729954,-2.9961950265733552,-2.993849296369657,-2.9918245169816267,-2.990257887086169,-2.9893418291329645
-3.5919160612789813,-3.5911264040406436,-3.5897580458589817,-3.5879622920958893,-3.585848845359699,-3.583497946237416,-3.5809687135738053,-3.578304972141523,-3.5755393811835647,-3.5726963923353536,-3.5697943885859935,-3.5668472430175853,-3.5638654621498973,-3.5608570292961317,-3.5578280296826468,-3.5547831158146237,-3.5517258552676885,-3.5486589915402695,-3.545584640349338,-3.5425044378078367,-3.5394196526115516,-3.5363312712193897,-3.533240062706815,-3.5301466282757583,-3.527051439150426,-3.5239548656584008,-3.520857199604183,-3.51775867152559,-3.514659464036554,-3.5115597221693817,-3.5084595614109224,-3.5053590739621114,-3.5022583336254747,-3.4991573996305703,-3.4960563196353656,-3.4929551320866996,-3.4898538680811355,-3.4867525528354335,-3.483651206851304,-3.480549846840173,-3.477448486459144,-3.47434713689807,-3.4712458073489616,-3.4681445053821793,-3.4650432372486293,-3.4619420081230707,-3.4588408223004716,-3.4557396833548246,-3.4526385942679063,-3.4495375575338945,-3.4464365752445785,-3.443335649158894,-3.4402347807598246,-3.437133971301044,-3.4340332218452474,-3.43093253329572,-3.427831906422393,-3.4247313418833962,-3.42163084024293,-3.41853040198611,-3.415430027531333,-3.412329717240595,-3.409229471428121,-3.4061292903675993,-3.403029174298267,-3.3999291234300255,-3.3968291379477678,-3.393729218015035,-3.3906293637771245,-3.387529575363735,-3.384429852891218,-3.3813301964645133,-3.37823060617881,-3.3751310821209852,-3.372031624370841,-3.368932233002196,-3.3658329080838323,-3.362733649680347,-3.359634457852895,-3.3565353326598726,-3.3534362741575365,-3.3503372824005755,-3.3472383574426483,-3.3441394993368996,-3.341040708136462,-3.3379419838949502,-3.3348433266669666,-3.331744736508618,-3.328646213478061,-3.32554775763608,-3.322449369046716,-3.31935104777796,-3.3162527939025113,-3.313154607498642,-3.310056488651163,-3.3069584374525314,-3.303860454004119,-3.3007625384176733,-3.2976646908170104,-3.294566911339986,-3.2914692001407975,-3.28837155739268,-3.285273983019129,-3.2821764769504256,-3.2790790391230127,-3.2759816694789334,-3.272884367965327,-3.2697871345339755,-3.2666899691409004,-3.263592871745995,-3.260495842312699,-3.257398880807697,-3.2543019872006558,-3.2512051614639805,-3.2481084035725933,-3.2450117135037346,-3.241915091236785,-3.238818536753099,-3.235722050035857,-3.232625631069929,-3.229529279841753,-3.2264329963392204,-3.2233367805515734,-3.2202406324693134,-3.2171445520841164,-3.2140485393887555,-3.2109525943770314,-3.207856717043712,-3.2047609073844736,-3.2016651653958546,-3.198569491075212,-3.195473884420683,-3.192378345431165,-3.189282874106283,-3.186187470446384,-3.1830921344525316,-3.179996866126515,-3.1769016654708686,-3.1738065324889138,-3.1707114671848116,-3.1676164695636504,-3.164521539631557,-3.161426677395852,-3.158331882865257,-3.1552371560501666,-3.1521424969630045,-3.1490479056186964,-3.1459533820352834,-3.1428589262347284,-3.1397645382439667,-3.136670218096294,-3.1335759658331814,-3.1304817815066626,-3.127387665182486,-3.1242936169442808,-3.1211996368990635,-3.1181057251845568,-3.1150118819789254,-3.11191810751376,-3.1088244020914364,-3.1057307661083895,-3.102637200086384,-3.09954370471465,-3.0964502809067818,-3.0933569298777956,-3.090263653248728,-3.087170453189,-3.0840773326106574,-3.0809842954340927,-3.077891346952453,-3.0747984943326934,-3.071705747306231,-3.0686131191234187,-3.0655206278759497,-3.062428298333682,-3.059336164502512,-3.056244273195361,-3.0531526890301985,-3.050061501443038,-3.0469708345530475,-3.043880861074458,-3.040791821984216,-3.0377040543953022,-3.034618031155663,-3.0315344172403598,-3.0284541502468216,-3.0253785555555206,-3.0223095114397474,-3.019249686262444,-3.0162028798398244,-3.0131745154383625,-3.010172349599433,-3.007207496624282,-3.004295906409679,-3.001460492261796,-2.9987341828965697,-2.9961642709570153,-2.9938185417241407,-2.99179376317631,-2.9902271339316555,-2.9893110763583532
-3.591883967850413,-3.591094310902991,-3.5897259532304866,-3.587930200142355,-3.5858167542083295,-3.5834658559865575,-3.580936624299965,-3.5782728839045217,-3.575507294030378,-3.5726643063030044,-3.569762303703759,-3.5668151593086854,-3.563833379632804,-3.5608249479855782,-3.5577959495904175,-3.55475103695017,-3.5516937776386137,-3.5486269151527066,-3.5455525652082507,-3.5424723639172577,-3.539387579974764,-3.5362991998390783,-3.5332079925851883,-3.530114559414636,-3.527019371551317,-3.5239227993225635,-3.5208251345326724,-3.517726607719298,-3.514627401496237,-3.511527660895686,-3.508427501404407,-3.5053270152232634,-3.502226276154719,-3.4991253434282843,-3.4960242647018864,-3.492923078422332,-3.4898218156861556,-3.4867205017100953,-3.483619156995842,-3.4805177982548066,-3.4774164391440783,-3.4743150908535005,-3.471213762575074,-3.4681124618791515,-3.465011195016633,-3.4619099671622724,-3.4588087826110323,-3.455707644936902,-3.452606557121654,-3.4495055216594657,-3.446404540642121,-3.443303615828557,-3.4402027487017537,-3.437101940515382,-3.4340011923321376,-3.430900505055303,-3.42779987945481,-3.4246993161887875,-3.4215988158214357,-3.4184983788378696,-3.4153980056564857,-3.4122976966392784,-3.409197452100472,-3.406097272313755,-3.402997157518363,-3.3998971079241977,-3.396797123716153,-3.393697205057769,-3.3905973520943444,-3.387497564955576,-3.3843978437578146,-3.381298188606001,-3.3781985995953248,-3.375099076812662,-3.371999620337817,-3.368900230244605,-3.3658009066018106,-3.3627016494740287,-3.359602458922416,-3.3565033350053675,-3.3534042777791395,-3.350305287298421,-3.347206363616872,-3.344107506787637,-3.341008716863848,-3.3379099938991192,-3.3348113379480546,-3.3317127490667606,-3.328614227313392,-3.325515772748735,-3.322417385436832,-3.319319065445671,-3.316220812847953,-3.313122627721949,-3.310024510152471,-3.3069264602319763,-3.3038284780618374,-3.300730563753801,-3.297632717431685,-3.2945349392333436,-3.2914372293129754,-3.288339587843816,-3.2852420147493584,-3.282144509959885,-3.2790470734118395,-3.2759497050472643,-3.272852404813298,-3.269755172661723,-3.2666580085485597,-3.2635609124337024,-3.2604638842805898,-3.2573669240559084,-3.2542700317293245,-3.251173207273241,-3.2480764506625808,-3.244979761874585,-3.241883140888634,-3.2387865876860817,-3.2356901022501097,-3.2325936845655874,-3.229497334618953,-3.2264010523980966,-3.2233048378922615,-3.2202086910919476,-3.2171126119888327,-3.2140166005756887,-3.2109206568463162,-3.207824780795482,-3.2047289724188643,-3.2016332317130023,-3.1985375586752514,-3.19544195330375,-3.192346415597392,-3.189250945555807,-3.1861555431793396,-3.183060208469053,-3.179964941426737,-3.1768697420549277,-3.173774610356944,-3.170679546336949,-3.1675845500000297,-3.1644896213523133,-3.16139476040112,-3.1582999671551706,-3.1552052416248606,-3.1521105838226147,-3.1490159937633573,-3.145921471465129,-3.1428270169498935,-3.1397326302445876,-3.1366383113825047,-3.133544060405117,-3.130449877364459,-3.1273557623262787,-3.1242617153742045,-3.121167736615253,-3.1180738261871475,-3.1149799842680523,-3.111886211089557,-3.108792506954039,-3.1056988722579324,-3.1026053075230022,-3.0995118134384785,-3.0964183909179557,-3.09332504117645,-3.0902317658349974,-3.0871385670630183,-3.0840454477725587,-3.0809524118840117,-3.0778594646905253,-3.074766613359051,-3.0716738676210062,-3.0685812407267434,-3.0654887507679516,-3.062396422514487,-3.05930428997224,-3.056212399954123,-3.053120817078094,-3.0500296307801498,-3.0469389651794305,-3.043848992990131,-3.040759955189139,-3.0376721888893523,-3.0345861669385923,-3.0315025543117353,-3.02842228860594,-3.025346695201274,-3.022277652370434,-3.019217828475479,-3.016171023331316,-3.01314266020248,-3.0101404956274704,-3.0071756439032695,-3.0042640549203248,-3.0014286419754512,-2.9987023337707672,-2.996132422928976,-2.99378669470143,-2.9917619170236622,-2.9901952884529424,-2.989279231273046
-3.5918507357990936,-3.5910610791529125,-3.5896927220076402,-3.5878969696184297,-3.585783524515044,-3.5834326272257515,-3.5809033965508634,-3.578239657229071,-3.57547406847722,-3.572631081910476,-3.5697290805021775,-3.566781937322096,-3.5638001588803334,-3.560791728482482,-3.5577627313488978,-3.5547178199800133,-3.5516605619476933,-3.5485937007473742,-3.545519352093646,-3.542439152097554,-3.5393543694533616,-3.5362659906187592,-3.5331747846682373,-3.5300813528029384,-3.5269861662464352,-3.5238895953257994,-3.5207919318451184,-3.5176934063418757,-3.51459420142973,-3.5114944621407647,-3.5083943039616523,-3.505293819093178,-3.5021930813377447,-3.4990921499248127,-3.4959910725122674,-3.492889887546878,-3.4897886261251525,-3.486687313463805,-3.4835859700645084,-3.4804846126386564,-3.4773832548433257,-3.474281907868347,-3.471180580905711,-3.468079281525764,-3.464978015979399,-3.461876789441365,-3.458775606206619,-3.4556744698491455,-3.4525733833507166,-3.4494723492055046,-3.4463713695052904,-3.443270446009009,-3.440169580199639,-3.4370687733308505,-3.433968026465336,-3.4308673405063796,-3.427766716223909,-3.4246661542760544,-3.421565655227015,-3.4184652195619045,-3.4153648476991187,-3.412264540000652,-3.4091642967807285,-3.4060641183130382,-3.4029640048368144,-3.3998639565619597,-3.396763973673366,-3.3936640563345746,-3.390564204690882,-3.387464418871986,-3.3843646989942373,-3.3812650451625768,-3.3781654574721935,-3.3750659360099635,-3.37196648085569,-3.3688670920831894,-3.3657677697612467,-3.362668513954456,-3.3595693247239735,-3.3564702021281954,-3.353371146223378,-3.3502721570642104,-3.3471732347043526,-3.3440743791969467,-3.3409755905951264,-3.3378768689525073,-3.3347782143236917,-3.3316796267647866,-3.3285811063339477,-3.32548265309196,-3.3223842671028665,-3.3192859484346564,-3.316187697160031,-3.313089513357259,-3.309991397111154,-3.306893348514173,-3.3037953676676883,-3.3006974546834478,-3.297599609685267,-3.294501832811003,-3.291404124214854,-3.288306484070056,-3.285208912300101,-3.2821114088352723,-3.2790139736120127,-3.2759166065723657,-3.272819307663468,-3.269722076837103,-3.266624914049291,-3.2635278192599264,-3.260430792432447,-3.257333833533539,-3.2542369425328688,-3.2511401194028404,-3.2480433641183755,-3.2449466766567157,-3.2418500569972415,-3.2387535051213074,-3.2356570210120923,-3.2325606046544677,-3.22946425603487,-3.2263679751411893,-3.22327176196267,-3.2201756164898128,-3.217079538714294,-3.2139835286288863,-3.2108875862273907,-3.207791711504574,-3.2046959044561136,-3.201600165078547,-3.1985044933692306,-3.195408889326305,-3.192313352948665,-3.189217884235935,-3.186122483188463,-3.183027149807312,-3.179931884094272,-3.1768366860518773,-3.1737415556834487,-3.170646492993148,-3.167551497986063,-3.1644565706683205,-3.1613617110472414,-3.1582669191315467,-3.1551721949316307,-3.1520775384599187,-3.1489829497313346,-3.1458884287639197,-3.1427939755796364,-3.139699590205421,-3.1366052726745695,-3.133511023028552,-3.130416841319402,-3.1273227276128694,-3.124228681992583,-3.1211347045655597,-3.1180407954695233,-3.114946954882637,-3.1118531830364913,-3.1087594802334615,-3.105665846869983,-3.1025722834678215,-3.099478790716205,-3.0963853695287296,-3.0932920211204094,-3.0901987471122836,-3.087105549673771,-3.084012431716918,-3.0809193971621167,-3.0778264513025144,-3.0747336013050637,-3.071640856901179,-3.068548231341212,-3.0654557427168485,-3.0623634157979414,-3.0592712845903747,-3.0561793959070545,-3.0530878143659255,-3.049996629402967,-3.0469059651372907,-3.0438159942830523,-3.04072695781708,-3.0376391928521853,-3.03455317223606,-3.0314695609433904,-3.0283892965710533,-3.0253137044987,-3.02224466299841,-3.01918484043133,-3.016138036611011,-3.0131096747999817,-3.0101075115337643,-3.0071426611049255,-3.0042310733973663,-3.001395661698211,-2.998669354695272,-2.9960994449902163,-2.993753717803691,-2.9917289410268753,-2.990162313154016,-2.9892462563814926
-3.5918163261353833,-3.5910266698011273,-3.589658313201782,-3.587862561536276,-3.5857491172929854,-3.5833982209692365,-3.580868991341926,-3.5782052531318533,-3.575439665542091,-3.5725966801771323,-3.569694680002009,-3.5667475380800013,-3.563765760916117,-3.5607573318119417,-3.5577283359846685,-3.5546834259322306,-3.551626169224506,-3.5485593093553605,-3.5454849620381275,-3.542404763382851,-3.539319982082997,-3.5362316045956126,-3.5331403999946747,-3.5300469694809102,-3.5269517842775624,-3.5238552147114324,-3.5207575525863897,-3.51765902843974,-3.5145598248849987,-3.5114600869541315,-3.5083599301337145,-3.5052594466244553,-3.5021587102286946,-3.4990577801758396,-3.495956704123732,-3.492855520519107,-3.4897542604584424,-3.4866529491584286,-3.4835516071207175,-3.480450251056685,-3.4773488946233937,-3.4742475490106632,-3.4711462234104764,-3.46804492539317,-3.46494366120963,-3.4618424360345985,-3.458741254163029,-3.455640119168902,-3.4525390340339834,-3.4494380012524437,-3.4463370229160626,-3.443236100783772,-3.4401352363385502,-3.4370344308340646,-3.433933685333008,-3.430833000738661,-3.4277323778209516,-3.4246318172380077,-3.421531319554027,-3.4184308852541263,-3.4153305147566972,-3.4122302084237344,-3.4091299665694628,-3.4060297894675697,-3.4029296773572906,-3.399829630448526,-3.396729648926169,-3.39362973295376,-3.390529882676596,-3.3874300982243732,-3.384330379713443,-3.3812307272487474,-3.3781311409254737,-3.375031620830497,-3.3719321670436226,-3.3688327796386655,-3.3657334586844114,-3.3626342042454542,-3.359535016382951,-3.3564358951552964,-3.3533368406187485,-3.350237852827995,-3.3471389318366946,-3.344040077697992,-3.34094129046502,-3.337842570191393,-3.334743916931714,-3.33164533074209,-3.328546811680677,-3.3254483598082607,-3.322349975188884,-3.3192516578905353,-3.316153407985916,-3.3130552255532963,-3.3099571106774883,-3.30685906345095,-3.3037610839750546,-3.300663172361549,-3.297565328734251,-3.294467553231016,-3.291369846006043,-3.2882722072325676,-3.2851746368340824,-3.28207713474087,-3.2789797008893733,-3.275882335221634,-3.2727850376847925,-3.269687808230629,-3.2665906468151635,-3.2634935533982916,-3.260396527943451,-3.257299570417328,-3.2542026807895885,-3.2511058590326365,-3.2480091051213944,-3.244912419033102,-3.2418158007471405,-3.2387192502448645,-3.2356227675094535,-3.232526352525777,-3.229430005280273,-3.2263337257608327,-3.2232375139566973,-3.220141369858369,-3.2170452934575247,-3.2139492847469353,-3.210853343720403,-3.2077574703726937,-3.2046616646994868,-3.2015659266973193,-3.198470256363547,-3.1953746536963106,-3.1922791186945023,-3.1891836513577503,-3.1860882516863986,-3.182992919681513,-3.179897655344883,-3.1768024586790427,-3.1737073296873137,-3.1706122683738585,-3.167517274743763,-3.1644223488031544,-3.161327490559353,-3.158232700021082,-3.155137977198734,-3.152043322104734,-3.148948734754007,-3.145854215164593,-3.1427597633584554,-3.1396653793625315,-3.1365710632101163,-3.1334768149426804,-3.130382634612258,-3.127288522284598,-3.1241944780433277,-3.121100501995464,-3.118006594278731,-3.1149127550712925,-3.111818984604739,-3.108725283181447,-3.105631651197851,-3.102538089175716,-3.0994445978042724,-3.0963511779971147,-3.093257830969259,-3.090164558341742,-3.087071362283983,-3.0839782457080283,-3.080885212534268,-3.0777922680558505,-3.074699419439726,-3.07160667641731,-3.068514052238951,-3.065421564996334,-3.0623292394593067,-3.059237109633748,-3.0561452223325554,-3.0530536421736603,-3.0499624585930243,-3.0468717957097313,-3.0437818262378946,-3.0406927911542825,-3.0376050275716158,-3.0345190083374516,-3.03143539842628,-3.0283551354346847,-3.025279544741887,-3.022210504619328,-3.019150683427207,-3.016103880977675,-3.013075520531182,-3.0100733586201667,-3.0071085095326233,-3.0041969231456753,-3.001361512736413,-2.998635206977832,-2.996065298449821,-2.9937195723412287,-2.991694796497312,-2.9901281693470585,-2.9892121129963525
-3.5917806986374647,-3.5909910426261793,-3.589622686592096,-3.5878269356759245,-3.5857134923231904,-3.5833625969991836,-3.5808333684565548,-3.5781696313975773,-3.575404045011059,-3.5725610608904486,-3.5696590619921773,-3.5667119213728014,-3.5637301455320545,-3.5607217177673727,-3.5576927232926776,-3.5546478146033094,-3.5515905592670953,-3.548523700776268,-3.5454493548428636,-3.54236915757589,-3.5392843776679843,-3.5361960015755307,-3.533104798371973,-3.5300113692576125,-3.526916185455342,-3.5238196172916862,-3.520721956570288,-3.517623433828272,-3.514524231679005,-3.5114244951543316,-3.508324339740728,-3.5052238576388226,-3.502123122650889,-3.4990221940062805,-3.4959211193627935,-3.4928199371671287,-3.4897186785157297,-3.486617368625262,-3.4835160279973576,-3.480414673343375,-3.477313318320363,-3.474211974118129,-3.4711106499286446,-3.4680093533222376,-3.464908090549787,-3.4618068667860307,-3.4587056863259154,-3.4556045527434187,-3.4525034690203023,-3.449402437650733,-3.4463014607264895,-3.4432005400065004,-3.4400996769737406,-3.4369988728818774,-3.433898128793601,-3.4307974456121912,-3.427696824107575,-3.4245962649378807,-3.4214957686673046,-3.41839533578096,-3.415294966697243,-3.4121946617781456,-3.4090944213378904,-3.405994245650166,-3.402894134954207,-3.3997940894599146,-3.3966941093521807,-3.3935941947945456,-3.3904943459323063,-3.3873945628951594,-3.3842948457994555,-3.3811951947501355,-3.3780956098423887,-3.37499609116309,-3.3718966387920437,-3.3687972528030654,-3.3656979332649395,-3.3625986802422605,-3.359499493796185,-3.3564003739851085,-3.353301320865287,-3.3502023344914105,-3.3471034149171377,-3.3440045621956127,-3.3409057763799677,-3.337807057523818,-3.3347084056817664,-3.331609820909919,-3.3285113032664335,-3.3254128528120948,-3.3223144696109452,-3.319216153730974,-3.316117905244883,-3.3130197242309416,-3.309921610773963,-3.3068235649664057,-3.303725586909642,-3.300627676715419,-3.2975298345075537,-3.294432060423904,-3.2913343546186686,-3.2882367172650833,-3.2851391482866408,-3.282041647613623,-3.2789442151824733,-3.2758468509352334,-3.2727495548190406,-3.2696523267856783,-3.2665551667911656,-3.2634580747953965,-3.260361050761809,-3.2572640946570903,-3.254167206450906,-3.25107038611566,-3.247973633626273,-3.2448769489599862,-3.2417803320961815,-3.2386837830162127,-3.23558730170326,-3.232490888142193,-3.229394542319448,-3.2262982642229168,-3.223202053841841,-3.2201059111667227,-3.217009836189238,-3.2139138289021587,-3.2108178892992867,-3.207722017375388,-3.20462621312614,-3.201530476548081,-3.1984348076385682,-3.1953392063957406,-3.1922436728184924,-3.1891482069064496,-3.186052808659958,-3.1829574780800827,-3.1798622151686122,-3.1767670199280826,-3.173671892361812,-3.170576832473964,-3.167481840269625,-3.164386915754924,-3.16129205893718,-3.1581972698251155,-3.155102548429125,-3.1520078947616317,-3.1489133088375603,-3.1458187906749533,-3.1427243402957727,-3.1396299577269553,-3.1365356430017965,-3.1334413961617664,-3.1303472172588998,-3.1272531063589453,-3.1241590635455307,-3.1210650889256737,-3.1179711826370964,-3.1148773448579634,-3.111783575819865,-3.108689875825178,-3.1055962452703376,-3.102502684677109,-3.0994091947347204,-3.0963157763567675,-3.093222430758266,-3.090129159560252,-3.0870359649321455,-3.0839428497859935,-3.0808498180421857,-3.0777568749938697,-3.0746640278079957,-3.0715712862159767,-3.0684786634681616,-3.0653861776562294,-3.0622938535500266,-3.0592017251554244,-3.0561098392853117,-3.0530182605576077,-3.049927078408254,-3.0468364169563054,-3.043746448915832,-3.040657415263539,-3.037569653112054,-3.034483635308796,-3.0314000268280505,-3.0283197652661005,-3.025244176001719,-3.022175137305686,-3.0191153175372225,-3.016068516507027,-3.0130401574733967,-3.010037996965579,-3.007073149266834,-3.004161564247266,-3.001326155173578,-2.9985998507034273,-2.99602994339415,-2.9936842184016723,-2.9916594435236967,-2.9900928171216434,-2.989176761207695
-3.591743811819933,-3.5909541561430434,-3.589585800694217,-3.5877900505538887,-3.5856766081232134,-3.58332571383431,-3.5807964864147284,-3.5781327505475615,-3.57536716540685,-3.572524182574603,-3.5696221849983467,-3.566675045727676,-3.5636932712568665,-3.5606848448790576,-3.5576558518047805,-3.554610944526695,-3.551553690610503,-3.5484868335467485,-3.545412489046121,-3.542332293216557,-3.539247514749835,-3.536159140101655,-3.533067938344907,-3.529974510679448,-3.526879328327815,-3.5237827616162423,-3.520685102348141,-3.517586581060445,-3.5144873803663677,-3.5113876452976287,-3.5082874913406017,-3.50518701069583,-3.50208627716552,-3.49898534997897,-3.495884276793928,-3.492783096057056,-3.489681838864768,-3.486580530433704,-3.4834791912654732,-3.4803778380714157,-3.4772764845085655,-3.4741751417667173,-3.4710738190378327,-3.467972523892232,-3.464871262580786,-3.4617700402782243,-3.4586688612794902,-3.4555677291585565,-3.45246664689718,-3.4493656169895264,-3.446264641527369,-3.4431637222696363,-3.4400628606992996,-3.4369620580700255,-3.4338613154445015,-3.430760633726008,-3.42766001368447,-3.4245594559780144,-3.4214589611708375,-3.418358529748052,-3.4152581621280516,-3.4121578586728285,-3.409057619696607,-3.405957445473075,-3.4028573362414654,-3.399757292211679,-3.3966573135686065,-3.393557400475789,-3.3904575530785235,-3.387357771506505,-3.384258055876087,-3.381158406292207,-3.3780588228500563,-3.3749593056365095,-3.371859854731371,-3.368760470208456,-3.365661152136549,-3.362561900580243,-3.3594627156006958,-3.3563635972563035,-3.353264545603321,-3.3501655606964382,-3.3470666425893154,-3.343967791335096,-3.3408690069869107,-3.3377702895983767,-3.334671639224095,-3.3315730559201744,-3.32847453974477,-3.3253760907586694,-3.3222777090259132,-3.3191793946144905,-3.316081147597104,-3.3129829680520246,-3.309884856064063,-3.3067868117256785,-3.3036888351382436,-3.300590926413506,-3.297493085675284,-3.294395313061434,-3.291297608726154,-3.2881999728426834,-3.285102405334513,-3.282004906131925,-3.278907475171362,-3.2758101123948653,-3.272712817749574,-3.2696155911872693,-3.2665184326639705,-3.263421342139572,-3.2603243195775113,-3.257227364944475,-3.254130478210129,-3.2510336593468776,-3.2479369083296414,-3.2448402251356625,-3.2417436097443195,-3.2386470621369674,-3.235550582296787,-3.232454170208648,-3.2293578258589872,-3.2262615492356965,-3.2231653403280163,-3.220069199126449,-3.21697312562267,-3.213877119809453,-3.210781181680598,-3.2076853112308723,-3.2045895084559533,-3.2014937733523783,-3.1983981059175046,-3.1953025061494715,-3.192206974047172,-3.1891115096102336,-3.1860161128390017,-3.1829207837345406,-3.1798255222986382,-3.1767303285338317,-3.1736352024434407,-3.1705401440316274,-3.1674451533034795,-3.164350230265124,-3.1612553749238814,-3.158160587288473,-3.155065867369293,-3.1519712151787656,-3.148876630731816,-3.145782114046486,-3.142687665144738,-3.1395932840535075,-3.1364989708060897,-3.1334047254439565,-3.130310548019142,-3.127216438597396,-3.1241223972623438,-3.1210284241210045,-3.1179345193111003,-3.1148406830107955,-3.111746915451681,-3.1086532169361334,-3.105559587860587,-3.1024660287468064,-3.0993725402840213,-3.096279123385827,-3.0931857792672397,-3.090092509549296,-3.086999316401414,-3.0839062027356414,-3.080813172472367,-3.0777202309047382,-3.0746273851997046,-3.0715346450886787,-3.068442023822005,-3.065349539491364,-3.062257216866594,-3.059165089953563,-3.0560732055651507,-3.0529816283192615,-3.049890447651816,-3.0467997876818402,-3.0437098211233606,-3.040620788953016,-3.037533028283336,-3.034447011961597,-3.0313634049618754,-3.028283144880139,-3.0252075570947006,-3.022138519875655,-3.019078701581208,-3.0160319020205555,-3.013003544449766,-3.0100013853947836,-3.007036539133964,-3.0041249555301466,-3.0012895478392774,-2.9985632447031305,-2.9959933386556945,-2.993647614818807,-2.991622840940939,-2.99005621531355,-2.9891401598518077
-3.5917056229022775,-3.590915967571595,-3.5895476127287,-3.587751863391619,-3.5856384219155735,-3.583287528698339,-3.5807583024414766,-3.578094567808219,-3.575328983957321,-3.572486002458948,-3.5695840062514073,-3.5666368683770884,-3.5636550953246102,-3.560646670382666,-3.557617678758277,-3.554572772941328,-3.551515520495321,-3.5484486649090488,-3.545374321891812,-3.5422941275504356,-3.53920935057581,-3.536120977422922,-3.53302977716409,-3.529936350998714,-3.526841170148962,-3.5237446049407684,-3.5206469471773025,-3.5175484273953024,-3.5144492282078206,-3.511349494646447,-3.508249342197451,-3.5051488630612893,-3.502048131040096,-3.4989472053631108,-3.4958461336880347,-3.4927449544614895,-3.489643698779857,-3.4865423918597505,-3.483441054202755,-3.480339702520196,-3.4772383504690905,-3.4741370092392194,-3.4710356880225324,-3.4679343943893404,-3.4648331345905086,-3.4617319138007585,-3.4586307363150275,-3.4555296057072846,-3.4524285249592834,-3.449327496565186,-3.4462265226167634,-3.4431256048729386,-3.440024744816685,-3.436923943701665,-3.433823202590565,-3.430722522386665,-3.427621903859889,-3.424521347668362,-3.42142085437628,-3.418320424468755,-3.4152200583641794,-3.4121197564245467,-3.4090195189640773,-3.4059193462564594,-3.402819238540926,-3.3997191960273785,-3.396619218900707,-3.393519307324453,-3.390419461443913,-3.3873196813887816,-3.3842199672754125,-3.3811203192087422,-3.3780207372839626,-3.3749212215879476,-3.371821772200501,-3.3687223891954376,-3.3656230726415433,-3.362523822603413,-3.359424639142201,-3.3563255223163053,-3.3532264721819813,-3.350127488793917,-3.347028572205772,-3.3439297224706905,-3.3408309396418057,-3.3377322237727314,-3.3346335749180707,-3.3315349931339315,-3.3284364784784706,-3.325338031012473,-3.322239650799981,-3.319141337908985,-3.3160430924121855,-3.3129449143878538,-3.3098468039208027,-3.3067487611034903,-3.3036507860372897,-3.300552878833949,-3.297455039617286,-3.2943572685251588,-3.2912595657117656,-3.288161931350343,-3.2850643653643843,-3.28196686768417,-3.278869438246143,-3.275772076992345,-3.2726747838699137,-3.2695775588306306,-3.2664804018305165,-3.2633833128294643,-3.2602862917909134,-3.257189338681549,-3.2540924534710363,-3.250995636131779,-3.247898886638699,-3.244802204969038,-3.241705591102175,-3.238609045019464,-3.2355125667040854,-3.232416156140909,-3.2293198133163714,-3.226223538218364,-3.223127330836129,-3.220031191160167,-3.2169351191821547,-3.213839114894865,-3.2107431782920983,-3.207647309368622,-3.204551508120113,-3.20145577454311,-3.1983601086349682,-3.195264510393828,-3.1921689798185824,-3.1890735169088584,-3.185978121665001,-3.182882794088077,-3.179787534179873,-3.176692341942924,-3.1735972173805496,-3.1705021604969152,-3.1674071712971066,-3.1643122497872502,-3.1612173959746674,-3.1581226098680797,-3.15502789147788,-3.151933240816493,-3.1488386578988448,-3.1457441427429775,-3.142649695370851,-3.139555315809403,-3.136461004091929,-3.1333667602598987,-3.1302725843653483,-3.1271784764740254,-3.1240844366695595,-3.120990465058967,-3.11789656177997,-3.1148027270107344,-3.1117089609828494,-3.108615263998692,-3.105521636454696,-3.1024280788726277,-3.099334591941716,-3.096241176575556,-3.0931478339891636,-3.0900545658035745,-3.08696137418821,-3.0838682620551143,-3.080775233324678,-3.0776822932900454,-3.074589449118167,-3.0714967105404534,-3.0684040908072476,-3.065311608010226,-3.0622192869192246,-3.059127161540104,-3.0560352786857345,-3.0529437029740065,-3.0498525238408196,-3.04676186540517,-3.043671900381036,-3.0405828697449904,-3.0374951106094628,-3.0344090958215824,-3.031325490355204,-3.0282452318059727,-3.0251696455517223,-3.022100609861838,-3.019040793093477,-3.015993995054279,-3.012965638998007,-3.009963481447181,-3.0069986366750836,-3.00408705453703,-3.0012516482778295,-2.998525346522813,-2.9959554417817946,-2.993609719141321,-2.9915849462988917,-2.9900183214735345,-2.989102266479974
-3.591666087777107,-3.590876432804847,-3.589508078589258,-3.5877123300837606,-3.585598889596021,-3.583247997488261,-3.580718772435134,-3.578055039079317,-3.5752894565637345,-3.572446476446291,-3.569544481655751,-3.566597345227042,-3.563615573642933,-3.560607150187508,-3.557578160064158,-3.554533255759891,-3.5514760048359326,-3.5484091507792663,-3.5453348092977506,-3.5422546164970594,-3.539169841067165,-3.5360814694623177,-3.5329902707542473,-3.5298968461418774,-3.526801666846991,-3.5237051031952134,-3.520607446989462,-3.517508928766275,-3.514409731138537,-3.5113099991377053,-3.5082098482499378,-3.505109370675603,-3.5020086402167636,-3.4989077161025968,-3.4958066459907555,-3.4927054683278196,-3.489604214210138,-3.4865029088542947,-3.4834015727618524,-3.4803002226441153,-3.477198872158085,-3.474097532493528,-3.4709962128423846,-3.467894920774956,-3.464793662542099,-3.4616924433185288,-3.458591267399178,-3.4554901383580092,-3.452389059176773,-3.4492880323496267,-3.446187059968339,-3.4430861437918323,-3.439985285303075,-3.4368844857557295,-3.433783746212481,-3.4306830675766076,-3.4275824506180297,-3.424481895994874,-3.4213814042713353,-3.418280975932524,-3.415180611396833,-3.412080311026253,-3.4089800751350063,-3.405879903996781,-3.402779797850809,-3.399679756906991,-3.3965797813502183,-3.393479871344029,-3.390380027033721,-3.3872802485489903,-3.3841805360061867,-3.38108088951025,-3.3779813091563704,-3.3748817950314227,-3.3717823472152086,-3.3686829657815456,-3.365583650799218,-3.36248440233282,-3.359385220443508,-3.3562861051896777,-3.3531870566275868,-3.3500880748119215,-3.346989159796342,-3.343890311633993,-3.3407915303780054,-3.337692816081996,-3.3345941688005665,-3.331495588589825,-3.3283970755079286,-3.325298629615661,-3.3222002509770663,-3.319101939660134,-3.3160036957375643,-3.3129055192876296,-3.309807410395143,-3.306709369152562,-3.303611395661262,-3.300513490032989,-3.2974156523915616,-3.2943178828748385,-3.2912201816370175,-3.288122548851337,-3.2850249844412893,-3.281927488337155,-3.278830060475377,-3.2757327007979957,-3.27263540925215,-3.2695381857896213,-3.2664410303664293,-3.2633439429424675,-3.2602469234811733,-3.257149971949232,-3.25405308831631,-3.2509562725548116,-3.247859524639657,-3.2447628445480876,-3.2416662322594827,-3.238569687755197,-3.2354732110184106,-3.2323768020339934,-3.2292804607883823,-3.2261841872694683,-3.2230879814664934,-3.2199918433699586,-3.21689577297154,-3.213799770264011,-3.210703835241171,-3.2076079678977876,-3.204512168229538,-3.20141643623296,-3.1983207719054105,-3.195225175245028,-3.192129646250707,-3.1890341849220745,-3.185938791259476,-3.182843465263975,-3.17974820693736,-3.1766530162821685,-3.17355789330172,-3.170462838000176,-3.1673678503826252,-3.1642729304551924,-3.161178078225199,-3.158083293701366,-3.154988576894088,-3.151893927815789,-3.148799346481395,-3.1457048329089474,-3.1426103871204076,-3.139516009142713,-3.1364216990091576,-3.133327456761212,-3.1302332824509125,-3.1271391761440075,-3.1240451379241243,-3.12095116789828,-3.1178572662041995,-3.1147634330200447,-3.111669668577408,-3.108575973178665,-3.10548234722025,-3.10238879122393,-3.099295305878932,-3.0962018920988523,-3.093108551098706,-3.0900152844995312,-3.086922094470746,-3.0838289839243953,-3.0807359567808703,-3.077643018333316,-3.074550175748678,-3.0714574387583693,-3.0683648206127296,-3.0652723394034327,-3.0621800199003086,-3.059087896109212,-3.055996014843004,-3.052904440719561,-3.0498132631747605,-3.0467226063275654,-3.043632642891909,-3.0405436138442923,-3.0374558562970395,-3.0343698430971275,-3.0312862392181845,-3.0282059822555225,-3.025130397586478,-3.022061363479703,-3.0190015482912673,-3.0159547518272007,-3.0129263973388762,-3.0099242413452734,-3.0069593981144176,-3.0040478174938383,-3.001212412716813,-2.9984861123916513,-2.99591620900314,-2.9935704876012887,-2.9915457158308256,-2.9899790918357927,-2.98906303732693
-3.591625160978399,-3.590835506377187,-3.5894671528110034,-3.587671405166386,-3.585557965701769,-3.583207074742571,-3.5806778509355883,-3.5780141189022143,-3.575248537768989,-3.5724055590811266,-3.569503565757506,-3.5665564308253326,-3.5635746607613163,-3.5605662388447783,-3.557537250275345,-3.55449234753705,-3.55143509818876,-3.548368245715584,-3.5452939058238884,-3.5422137146181583,-3.539128940787415,-3.536040570785145,-3.5329493736824675,-3.5298559506778115,-3.526760772992564,-3.523664210952031,-3.5205665563588697,-3.5174680397494074,-3.5143688437363605,-3.511269113351045,-3.5081689640795064,-3.5050684881220198,-3.5019677592805722,-3.498866836784277,-3.4957657682907377,-3.492664592246491,-3.489563339747851,-3.486462036011374,-3.4833607015385986,-3.480259353040809,-3.4771580041749885,-3.4740566661308914,-3.4709553481004445,-3.4678540576539403,-3.4647528010422257,-3.461651583440011,-3.4585504091422203,-3.4554492817228133,-3.4523482041635356,-3.4492471789585424,-3.446146208199598,-3.4430452936456226,-3.4399444367795824,-3.4368436388551378,-3.4337429009349734,-3.4306422239223626,-3.4275416085872292,-3.4244410555876965,-3.4213405654879585,-3.418240138773125,-3.4151397758615887,-3.4120394771153397,-3.4089392428485987,-3.405839073335053,-3.402738968813935,-3.3996389294951457,-3.3965389555635745,-3.3934390471827616,-3.3903392044980025,-3.3872394276389928,-3.384139716722084,-3.3810400718522144,-3.3779404931245747,-3.3748409806260398,-3.3717415344364103,-3.3686421546295047,-3.3655428412741073,-3.362443594434812,-3.3593444141727744,-3.356245300546391,-3.3531462536119174,-3.3500472734240425,-3.346948360036426,-3.3438495135022124,-3.340750733874534,-3.3376520212070053,-3.33455337555423,-3.3314547969723143,-3.328356285519416,-3.3252578412563194,-3.3221594642470684,-3.3190611545596522,-3.315962912266773,-3.3128647374467017,-3.3097666301842517,-3.30666859057188,-3.3035706187109617,-3.3004727147132438,-3.2973748787025454,-3.2942771108167253,-3.2911794112099826,-3.2880817800555557,-3.2849842172769357,-3.281886722804404,-3.2787892965744025,-3.275691938528974,-3.272594648615254,-3.269497426785025,-3.2664002729943067,-3.2633031872029914,-3.2602061693745172,-3.2571092194755704,-3.254012337475816,-3.2509155233476577,-3.2478187770660165,-3.2447220986081327,-3.241625487953387,-3.238528945083134,-3.2354324699805526,-3.2323360626305138,-3.2292397230194534,-3.226143451135263,-3.223047246967184,-3.2199511105057184,-3.2168550417425408,-3.2137590406704253,-3.2106631072831706,-3.2075672415755445,-3.204471443543224,-3.2013757131827485,-3.198280050491473,-3.1951844554675377,-3.1920889281098366,-3.188993468417995,-3.1858980763923603,-3.182802752033995,-3.1797074953446898,-3.176612306326979,-3.173517184984183,-3.1704221313204624,-3.1673271453409066,-3.164232227051642,-3.1611373764599886,-3.1580425935746677,-3.1549478784060745,-3.151853230966633,-3.1487586512712693,-3.1456641393380242,-3.142569695188859,-3.1394753188507094,-3.1363810103568732,-3.13328676974882,-3.1301925970785827,-3.1270984924119127,-3.124004455832437,-3.1209104874471727,-3.1178165873938433,-3.1147227558506128,-3.111628993049071,-3.1085352992915953,-3.10544167497462,-3.102348120619911,-3.099254636916698,-3.0961612247785752,-3.0930678854205587,-3.0899746204636855,-3.086881432077374,-3.083788323173668,-3.080695297672959,-3.0776023608683913,-3.0745095199269112,-3.0714167845799287,-3.068324168077783,-3.065231688512143,-3.062139370652836,-3.0590472485057094,-3.055955368883614,-3.05286379640441,-3.0497726205039526,-3.0466819653011727,-3.0435920035099526,-3.0405029761067226,-3.0374152202036986,-3.0343292086476983,-3.0312456064121167,-3.0281653510919178,-3.025089768063924,-3.0220207355960285,-3.018960922043177,-3.0159141272097303,-3.01288577434459,-3.0098836199630665,-3.0069187783277482,-3.0040071992781003,-3.0011717960354662,-2.998445497190531,-2.9958755952021745,-2.993529875082582,-2.9915051044218504,-2.9899384812863956,-2.9890224272793073
-3.5915827956495465,-3.590793141432435,-3.5894247885385018,-3.5876290417850467,-3.585515603379543,-3.583164713609307,-3.5806354910923033,-3.577971760427893,-3.575206180725653,-3.5723632035176576,-3.569461211712559,-3.5665140783295666,-3.563532309839119,-3.5605238895156006,-3.5574949025547435,-3.554450001437506,-3.55139275372031,-3.5483259028863268,-3.5452515646403797,-3.5421713750857204,-3.539086602910382,-3.5359982345670633,-3.532907039126249,-3.5298136177858614,-3.526718441766875,-3.523621881394264,-3.5205242284704195,-3.5174257135314484,-3.514326519189892,-3.511226790476922,-3.5081266428784663,-3.5050261685947057,-3.5019254414275447,-3.4988245206060364,-3.495723453787729,-3.492622279419116,-3.4895210285964753,-3.4864197265363313,-3.483318393740198,-3.480217046919338,-3.477115699730719,-3.4740143633640814,-3.4709130470113405,-3.467811758242777,-3.46471050330923,-3.461609287385403,-3.4585081147662162,-3.4554069890256214,-3.4523059131453606,-3.4492048896195837,-3.4461039205400534,-3.443003007665686,-3.4399021524794464,-3.4368013562349917,-3.4337006199950055,-3.430599944662761,-3.427499331008179,-3.424398779689383,-3.421298291270565,-3.4181978662368357,-3.4150975050065844,-3.4119972079418033,-3.408896975356713,-3.4057968075249994,-3.402696704685894,-3.399596667049296,-3.396496694800097,-3.3933967881018345,-3.390296947099807,-3.387197171923707,-3.384097462689888,-3.380997819503288,-3.377898242459096,-3.3747987316441854,-3.3716992871383606,-3.368599909015438,-3.3655005973442016,-3.362401352189245,-3.359302173611725,-3.356203061670037,-3.3531040164204375,-3.3500050379176156,-3.346906126215231,-3.3438072813664275,-3.3407085034243367,-3.337609792442574,-3.334511148475743,-3.331412571579951,-3.328314061813354,-3.3252156192367384,-3.3221172439141458,-3.3190189359135664,-3.3159206953077027,-3.312822522174827,-3.3097244165997513,-3.306626378674935,-3.3035284085017507,-3.300430506191948,-3.297332671869346,-3.2942349056718028,-3.2911372077535166,-3.2880395782877274,-3.2849420171979253,-3.2818445244143923,-3.278747099873571,-3.275649743517501,-3.272552455293321,-3.269455235152812,-3.2663580830519936,-3.2632609989507575,-3.2601639828125424,-3.2570670346040336,-3.253970154294897,-3.250873341857535,-3.24777659726687,-3.244679920500143,-3.2415833115367327,-3.238486770357993,-3.2353902969471036,-3.232293891288935,-3.2291975533699238,-3.22610128317796,-3.223005080702287,-3.219908945933407,-3.216812878862994,-3.2137168794838207,-3.210620947789688,-3.2075250837753617,-3.204429287436521,-3.2013335587697025,-3.1982378977722616,-3.1951423044423386,-3.1920467787788276,-3.188951320781355,-3.1858559304502667,-3.182760607786627,-3.1796653527922256,-3.176570165469598,-3.173475045822062,-3.170379993853781,-3.1672850095698433,-3.164190092976375,-3.161095244080696,-3.158000462891529,-3.154905749419267,-3.151811103676334,-3.1487165256776564,-3.1456220154412744,-3.1425275729891515,-3.1394331983482235,-3.1363388915517856,-3.13324465264131,-3.13015048166883,-3.1270563787000953,-3.1239623438187327,-3.12086837713176,-3.1177744787768993,-3.114680648932317,-3.1115868878296022,-3.1084931957711315,-3.105399573153339,-3.1023060204979913,-3.0992125384943177,-3.096119128055913,-3.0930257903977925,-3.0899325271409936,-3.086839340454934,-3.0837462332516585,-3.080653209451558,-3.0775602743477757,-3.074467435107257,-3.071374701461411,-3.068282086660573,-3.0651896087964117,-3.0620972926387484,-3.0590051721934235,-3.055913294273276,-3.0528217234961503,-3.049730549297881,-3.0466398957973624,-3.0435499357084264,-3.0404609100074276,-3.037373155806473,-3.034287145952214,-3.031203545417803,-3.028123291797845,-3.025047710468632,-3.0219786796972707,-3.0189188678375403,-3.0158720746920755,-3.012843723507219,-3.0098415707944866,-3.006876730810835,-3.003965153387383,-3.001129751733118,-2.9984034544204814,-2.9958335538815346,-2.993487835089308,-2.991463065577346,-2.9898964433317072,-2.9889803898440443
-3.591538943511585,-3.5907492896920656,-3.5893809374939947,-3.5875851916630057,-3.5854717543538173,-3.583120865814307,-3.5805916446325905,-3.5779279153852244,-3.5751623371642296,-3.5723193614880784,-3.569417371254837,-3.566470239475439,-3.5634884726138285,-3.560480053939284,-3.5574510686435064,-3.5544061692042637,-3.551348923175454,-3.5482820740382386,-3.545207737495842,-3.5421275496502402,-3.5390427791884487,-3.5359544125623485,-3.5328632188417686,-3.5297697992241033,-3.526674624929903,-3.5235780662837985,-3.520480415087902,-3.517381901878097,-3.5142827092667406,-3.5111829822848555,-3.5080828364182497,-3.5049823638670032,-3.5018816384329394,-3.498780719345043,-3.4956796542608077,-3.4925784816266816,-3.489477232538906,-3.4863759322139733,-3.4832746011533717,-3.4801732560683436,-3.477071910615839,-3.473970575985582,-3.4708692613694754,-3.467767974337791,-3.464666721141359,-3.461565506954874,-3.4584643360732485,-3.4553632120704303,-3.4522621379281575,-3.4491611161405764,-3.446060148799446,-3.4429592376636813,-3.4398583842162425,-3.4367575897107865,-3.4336568552099944,-3.430556181617138,-3.4274555697021367,-3.424355020123113,-3.4212545334442592,-3.4181541101506827,-3.4150537506607725,-3.4119534553365205,-3.408853224492146,-3.4057530584013342,-3.402652957303318,-3.399552921407998,-3.3964529509002617,-3.393353045943649,-3.3902532066834565,-3.387153433249378,-3.3840537257577648,-3.3809540843135553,-3.37785450901194,-3.3747549999397912,-3.3716555571769136,-3.368556180797123,-3.3654568708692025,-3.362357627457747,-3.359258450623912,-3.3561593404260948,-3.3530602969205496,-3.3499613201619662,-3.346862410204004,-3.343763567099807,-3.3406647909025087,-3.3375660816657233,-3.334467439444054,-3.331368864293609,-3.328270356272544,-3.325171915441645,-3.3220735418649547,-3.318975235610464,-3.3158769967508737,-3.3127788253644552,-3.309680721536023,-3.306582685358036,-3.3034847169318677,-3.300386816369267,-3.297288983794052,-3.2941912193440834,-3.2910935231735596,-3.287995895455721,-3.2848983361140585,-3.281800845078851,-3.2787034222865405,-3.275606067679169,-3.272508781203874,-3.2694115628124343,-3.2663144124608707,-3.263217330109077,-3.2601203157204903,-3.2570233692617956,-3.2539264907026584,-3.2508296800154826,-3.247732937175188,-3.2446362621590175,-3.241539654946348,-3.2384431155185345,-3.2353466438587573,-3.2322502399518855,-3.2291539037843555,-3.22605763534406,-3.22296143462024,-3.2198653016033965,-3.2167692362852054,-3.2136732386584383,-3.2105773087168963,-3.207481446455347,-3.2043856518694667,-3.2012899249557933,-3.1981942657116833,-3.195098674135276,-3.1920031502254647,-3.1889076939818772,-3.185812305404858,-3.1827169844954715,-3.1796217312555064,-3.176526545687499,-3.1734314277947684,-3.1703363775814783,-3.1672413950527156,-3.1641464802146073,-3.1610516330744747,-3.157956853641037,-3.154862141924688,-3.1517674979378536,-3.1486729216954585,-3.1455784132155453,-3.1424839725200746,-3.1393895996359835,-3.1362952945965668,-3.1332010574432956,-3.1301068882282044,-3.1270127870170428,-3.1239187538934376,-3.1208247889644065,-3.117730892367672,-3.1146370642814,-3.1115433049371806,-3.10844961463739,-3.1053559937784634,-3.1022624428821652,-3.0991689626377257,-3.09607555395874,-3.092982218060224,-3.0898889565632137,-3.086795771637127,-3.08370266619401,-3.0806096441542508,-3.077516710810993,-3.074423873331181,-3.071331141446223,-3.068238528406452,-3.065146052303532,-3.0620537379072816,-3.058961619223533,-3.0558697430651134,-3.0527781740498527,-3.0496870016135604,-3.0465963498750956,-3.0435063915482377,-3.0404173676092627,-3.037329615170163,-3.03424360707742,-3.031160008303934,-3.028079756443939,-3.025004176873176,-3.021935147857938,-3.0188753377507993,-3.0158285463526093,-3.0128001969070604,-3.0097980459217357,-3.006833207647766,-3.0039216319076285,-3.001086231897523,-2.9983599361710063,-2.995790037132378,-2.99344431971414,-2.991419551391298,-2.989852930066729,-2.988936877116735
-3.5914935548314264,-3.590703901423441,-3.589335549945636,-3.5875398050694614,-3.5854263688950336,-3.5830754816294075,-3.5805462618298067,-3.5778825340491824,-3.5751169573613804,-3.572273983270796,-3.5693719946645355,-3.5664248645449663,-3.563443099369314,-3.560434682401567,-3.557405698829258,-3.554360801126856,-3.551303556845642,-3.548236709464699,-3.5451623746855967,-3.5420821886089895,-3.5389974199208383,-3.535909055072179,-3.5328178631321614,-3.529724445297633,-3.5266292727887056,-3.523532715929656,-3.5204350665223068,-3.5173365551023084,-3.514237364281828,-3.5111376390917357,-3.508037495017712,-3.5049370242597337,-3.501836300619542,-3.498735383326052,-3.4956343200367,-3.492533149197888,-3.489431901905817,-3.4863306033769472,-3.4832292741127424,-3.4801279308244215,-3.4770265871689148,-3.4739252543359314,-3.4708239415173625,-3.4677226562834664,-3.464621404885064,-3.4615201924968444,-3.458419023413714,-3.455317901209616,-3.452216828866282,-3.4491158088778544,-3.4460148433360884,-3.4429139339998964,-3.439813082352237,-3.4367122896467652,-3.4336115569461585,-3.430510885153688,-3.427410275039273,-3.424309727261033,-3.4212092423831595,-3.41810882089076,-3.415008463202224,-3.411908169679541,-3.4088079406369296,-3.405707776348076,-3.402607677052211,-3.3995076429592346,-3.396407674254035,-3.393307771100151,-3.3902079336428788,-3.387108162011913,-3.3840084563236035,-3.38090881668289,-3.377809243184961,-3.3747097359166918,-3.3716102949578852,-3.3685109203823567,-3.3654116122588897,-3.362312370652079,-3.35921319562308,-3.356114087230289,-3.3530150455299625,-3.3499160705767883,-3.3468171624244256,-3.3437183211260204,-3.3406195467347035,-3.337520839304091,-3.3344221988887868,-3.331323625544897,-3.3282251193305785,-3.325126680306617,-3.322028308537056,-3.3189300040898853,-3.3158317670378077,-3.3127335974590943,-3.30963549543856,-3.306537461068663,-3.3034394944507763,-3.30034159569665,-3.2972437649301045,-3.2941460022889975,-3.291048307927529,-3.2879506820189395,-3.284853124486719,-3.2817556352611477,-3.2786582142786678,-3.2755608614813196,-3.2724635768162407,-3.2693663602352103,-3.2662692116942496,-3.263172131153251,-3.260075118575651,-3.256978173928136,-3.2538812971803712,-3.2507844883047587,-3.247687747276221,-3.2445910740719968,-3.2414944686714673,-3.238397931055985,-3.235301461208731,-3.2322050591145732,-3.22910872475995,-3.226012458132752,-3.2229162592222207,-3.2198201280188563,-3.216724064514336,-3.2136280687014316,-3.2105321405739433,-3.2074362801266383,-3.2043404873551946,-3.2012447622561493,-3.1981491048268578,-3.19505351506546,-3.1919579929708504,-3.188862538542655,-3.1857671517812203,-3.1826718326876096,-3.1795765812636114,-3.1764813975117616,-3.17338628143538,-3.1702912330386286,-3.1671962523265953,-3.1641013393054065,-3.161006493982384,-3.157911716366248,-3.154817006467392,-3.151722364298241,-3.1486277898737205,-3.145533283211873,-3.142438844334659,-3.139344473269016,-3.1362501700482386,-3.133155934713798,-3.130061767317728,-3.126967667925778,-3.123873636621576,-3.120779673512139,-3.117685778735191,-3.114591952468896,-3.111498194944844,-3.1084045064654116,-3.105310887427034,-3.1022173383514766,-3.09912385992797,-3.0960304530701066,-3.092937118992903,-3.0898438593173965,-3.086750676213005,-3.083657572591773,-3.080564552374089,-3.077471620853096,-3.0743787851957385,-3.0712860551334216,-3.068193443916478,-3.065100969636568,-3.0620086570635032,-3.0589165402031084,-3.0558246658682013,-3.052733098676595,-3.049641928064072,-3.0465512781494564,-3.0434613216464723,-3.0403722995313154,-3.0372845489158586,-3.0341985426464086,-3.0311149456956046,-3.0280346956572943,-3.0249591179066506,-3.021890090709124,-3.0188302824160416,-3.015783492826402,-3.012755145181156,-3.0097529959838187,-3.0067881594794876,-3.0038765854817,-3.0010411871734157,-2.9983148930886467,-2.9957449956029554,-2.993399279606892,-2.9913745125148727,-2.9898078921436766,-2.9888918397502087
-3.591446578390282,-3.590656925408241,-3.5892885746759204,-3.5874928307879914,-3.5853793957880558,-3.5830285098409167,-3.5804992914718223,-3.5778355652092917,-3.5750699901083607,-3.5722270176588564,-3.5693250307365414,-3.5663779023349176,-3.5633961389042543,-3.560387723703068,-3.5573587419145727,-3.554313846009823,-3.551256603537391,-3.5481897579742108,-3.545115425020138,-3.5420352407744624,-3.5389504739220503,-3.5358621109130643,-3.5327709208159512,-3.529677504826992,-3.5265823341658455,-3.523485779156418,-3.5203881316002366,-3.51728962203271,-3.5141904330658105,-3.511090709730246,-3.507990567511568,-3.5048900986096467,-3.5017893768261357,-3.4986884613898788,-3.4955873999582527,-3.4924862309776117,-3.489384985544116,-3.4862836888741944,-3.48318236146928,-3.4800810200405703,-3.4769796782449767,-3.4738783472721937,-3.470777036314097,-3.467675752940935,-3.464574503403519,-3.461473292876529,-3.4583721256548663,-3.455271005312466,-3.4521699348310557,-3.4490689167047743,-3.445967953025374,-3.442867045551763,-3.4397661957668975,-3.436665404924431,-3.4335646740870387,-3.4304640041579915,-3.427363395907206,-3.4242628499927994,-3.4211623669789626,-3.418061947350804,-3.4149615915267106,-3.4118612998686717,-3.4087610726909077,-3.405660910267101,-3.4025608128364846,-3.3994607806089547,-3.396360813769402,-3.3932609124813657,-3.3901610768901396,-3.387061307125419,-3.3839616033035527,-3.3808619655294807,-3.377762393898392,-3.3746628884971592,-3.3715634494055884,-3.3684640766974927,-3.3653647704416567,-3.362265530702674,-3.359166357541701,-3.3560672510171337,-3.3529682111852286,-3.349869238100675,-3.3467703318171313,-3.343671492387742,-3.340572719865639,-3.3374740143044384,-3.334375375758743,-3.3312768042846597,-3.3281782999403466,-3.3250798627865894,-3.321981492887431,-3.3188831903108613,-3.3157849551295824,-3.3126867874218675,-3.309588687272528,-3.3064906547740254,-3.303392690027733,-3.3002947931454005,-3.297196964250849,-3.294099203481936,-3.2910015109928628,-3.2879038869568693,-3.2848063312974456,-3.2817088439448714,-3.2786114248355887,-3.275514073911639,-3.272416791120158,-3.2693195764129257,-3.2662224297459623,-3.26312535107916,-3.260028340375956,-3.256931397603035,-3.253834522730064,-3.2507377157294437,-3.247640976576096,-3.2445443052472607,-3.2414477017223184,-3.2383511659826234,-3.2352546980113543,-3.2321582977933816,-3.2290619653151404,-3.2259657005645224,-3.222869503530769,-3.219773374204381,-3.2166773125770343,-3.2135813186415016,-3.2104853923915826,-3.207389533822045,-3.204293742928565,-3.2011980197076824,-3.1981023641567528,-3.1950067762739143,-3.1919112560580616,-3.188815803508821,-3.1857204186265387,-3.182625101412278,-3.1795298518678283,-3.1764346699957247,-3.173339555799287,-3.1702445092826776,-3.167149530450984,-3.1640546193103316,-3.1609597758680423,-3.1578650001328374,-3.1547702921151104,-3.1516756518272864,-3.148581079284291,-3.1454865745041665,-3.142392137508873,-3.1392977683253473,-3.136203466986885,-3.133109233534957,-3.130015068021597,-3.126920970512556,-3.12382694109146,-3.120732979865327,-3.11763908697188,-3.1145452625892833,-3.1114515069491273,-3.108357820353789,-3.1052642031997046,-3.1021706560086377,-3.0990771794698175,-3.095983774496841,-3.0928904423047214,-3.089797184514496,-3.0867040032955835,-3.0836109015600286,-3.0805178832282176,-3.077424953593295,-3.0743321198222033,-3.0712393916463454,-3.0681467823160515,-3.065054309922979,-3.0619619992369356,-3.058869884263737,-3.0557780118161895,-3.0526864465120886,-3.0495952777871915,-3.046504629760283,-3.043414675145033,-3.0403256549175524,-3.03723790618959,-3.0341519018072707,-3.0310683067429642,-3.0279880585901218,-3.0249124827233267,-3.021843457407156,-3.0187836509916455,-3.0157368632738786,-3.0127085174919683,-3.0097063701452225,-3.006741535472493,-3.0038299632780605,-3.000994566731184,-2.9982682743456444,-2.9956983784672624,-2.9933526639431687,-2.991327898125067,-2.989761278740624,-2.9888452269231682
-3.5913979614524383,-3.5906083089112286,-3.589239958950447,-3.5874442160853053,-3.585330782300911,-3.582979897718344,-3.5804506808297565,-3.5777869561383833,-3.5750213826797927,-3.5721784119287303,-3.569276426749221,-3.5663293001255894,-3.5633475385009077,-3.5603391251280296,-3.5573101451856997,-3.5542652511414365,-3.5512080105410115,-3.548141166859133,-3.545066835793882,-3.5419866534431352,-3.5389018884906283,-3.535813527385618,-3.5327223391958245,-3.529628925116945,-3.5265337563681647,-3.5234372032730095,-3.5203395576327012,-3.5172410499823967,-3.5141418629338657,-3.5110421415176507,-3.5079420012191687,-3.5048415342381793,-3.5017408143762467,-3.498639900862139,-3.495538841353174,-3.4924376742956547,-3.4893364307856998,-3.4862351360397024,-3.483133810559069,-3.4800324710549724,-3.4769311311843056,-3.4738298021367426,-3.470728493104148,-3.467627211656758,-3.4645259640453747,-3.4614247554446695,-3.458323590149537,-3.455222471733906,-3.452121403179501,-3.4490203869804548,-3.4459194252285164,-3.4428185196825902,-3.439717671825632,-3.43661688291129,-3.433516154002241,-3.4304154860017513,-3.4273148796797357,-3.4242143356943124,-3.4211138546096693,-3.4180134369109147,-3.414913083016436,-3.4118127932882194,-3.4087125680404853,-3.4056124075469163,-3.4025123120467446,-3.3994122817498673,-3.3963123168411733,-3.3932124174842007,-3.3901125838242447,-3.387012815990999,-3.383913114100815,-3.3808134782586303,-3.3777139085596333,-3.3746144050906985,-3.3715149679316294,-3.3684155971562406,-3.3653162928333162,-3.3622170550274513,-3.3591178837998013,-3.3560187792087612,-3.352919741310587,-3.3498207701599685,-3.346721865810564,-3.343623028315519,-3.340524257727965,-3.3374255541015194,-3.3343269174907837,-3.331228347951866,-3.3281298455429225,-3.32503141032474,-3.321933042361362,-3.3188347417207784,-3.3157365084756907,-3.312638342704372,-3.3095402444916355,-3.3064422139299414,-3.303344251120664,-3.300246356175552,-3.2971485292184277,-3.2940507703871496,-3.290953079835919,-3.287855457737976,-3.2847579040168107,-3.2816604186027036,-3.2785630014320954,-3.2754656524470267,-3.272368371594633,-3.269271158826695,-3.2661740140992324,-3.263076937372136,-3.2599799286088444,-3.256882987776043,-3.253786114843395,-3.250689309783305,-3.2475925725706936,-3.2444959031828,-3.241399301599004,-3.2383027678006604,-3.235206301770949,-3.232109903494739,-3.229013572958466,-3.2259173101500203,-3.2228211150586445,-3.21972498767484,-3.2166289279902824,-3.2135329359977436,-3.210437011691024,-3.2073411550648907,-3.204245366115021,-3.2011496448379533,-3.1980539912310415,-3.1949584052924256,-3.1918628870209997,-3.188767436416391,-3.185672053478945,-3.1825767382097254,-3.179481490610521,-3.176386310683869,-3.1732911984330863,-3.1701961538623364,-3.167101176976707,-3.164006267782324,-3.1609114262865075,-3.157816652497981,-3.154721946427138,-3.1516273080864017,-3.1485327374906977,-3.145438234658069,-3.1423437996104764,-3.1392494323748568,-3.1361551329845048,-3.1330609014808912,-3.129966737916051,-3.1268726423557327,-3.1237786148835656,-3.120684655606566,-3.117590764662458,-3.114496942229404,-3.1114031885389966,-3.1083095038936115,-3.1052158886896835,-3.1021223434489786,-3.0990288688607257,-3.0959354658385205,-3.092842135597378,-3.089748879758334,-3.0866557004908066,-3.08356260070684,-3.080469584326822,-3.0773766566438963,-3.074283824825003,-3.0711910986015436,-3.068098491223848,-3.065006020783568,-3.0619137120505058,-3.05882159903047,-3.055729728536254,-3.052638165185635,-3.049546998414344,-3.0464563523411274,-3.0433663996795954,-3.040277381405772,-3.0371896346312792,-3.0341036322020543,-3.0310200390901874,-3.0279397928887195,-3.024864218971621,-3.021795195602568,-3.0187353911302597,-3.015688605349798,-3.0126602614963587,-3.0096581160648914,-3.006693283287786,-3.0037817129597446,-3.0009463182358447,-2.9982200276089284,-2.995650133394039,-2.9933044203933674,-2.9912796558937136,-2.9897130375305148,-2.9887969863092056
-3.5913476497343297,-3.590557997649335,-3.5891896484870176,-3.5873939066803526,-3.5852804741539197,-3.58292959098354,-3.580400375627121,-3.5777366525617285,-3.5749710808027833,-3.5721281118094264,-3.569226128433534,-3.5662790036499343,-3.563297243894251,-3.5602888324134745,-3.5572598543817255,-3.554214962262866,-3.5511577235997667,-3.5480908818648316,-3.545016552754309,-3.541936372364611,-3.5388516093783027,-3.5357632502437033,-3.5326720640277793,-3.5295786519256254,-3.5264834851559383,-3.5233869340418518,-3.520289290384266,-3.51719078471808,-3.5140915996548534,-3.51099188022496,-3.507891741913675,-3.5047912769206446,-3.501690559047338,-3.4985896475224494,-3.4954885900032324,-3.492387424935937,-3.489286183416641,-3.4861848906617,-3.4830835671724905,-3.4799822296601617,-3.476880891781584,-3.4737795647264176,-3.4706782576865103,-3.467576978232088,-3.464475732613942,-3.461374526006736,-3.4582733627053557,-3.455172246283725,-3.452071179723563,-3.448970165518998,-3.4458692057617752,-3.4427683022107978,-3.4396674563490155,-3.4365666694300754,-3.4334659425166514,-3.4303652765120085,-3.4272646721860616,-3.4241641301969272,-3.4210636511087924,-3.4179632354067633,-3.414862883509226,-3.4117625957781685,-3.4086623725278087,-3.4055622140318285,-3.40246212052946,-3.3993620922306005,-3.396262129320137,-3.393162231961609,-3.390062400300311,-3.3869626344659367,-3.3838629345748363,-3.3807633007319478,-3.37766373303246,-3.3745642315632463,-3.37146479640411,-3.3683654276288655,-3.3652661253062988,-3.362166889501003,-3.3590677202741337,-3.355968617684087,-3.352869581787119,-3.3497706126379185,-3.346671710290144,-3.3435728747969407,-3.340474106211441,-3.3373754045872603,-3.334276769979002,-3.331178202442773,-3.3280797020367303,-3.3249812688216602,-3.321882902861607,-3.31878460422456,-3.3156863729832224,-3.3125882092158663,-3.3094901130073056,-3.3063920844499997,-3.3032941236453253,-3.300196230705031,-3.2970984057529384,-3.294000648926905,-3.290902960381134,-3.287805340288866,-3.2847077885735914,-3.2816103051655894,-3.2785128900013,-3.2754155430227643,-3.2723182641771182,-3.269221053416142,-3.266123910695855,-3.263026835976148,-3.2599298292204586,-3.2568328903954726,-3.2537360194708542,-3.2506392164190068,-3.2475424812148503,-3.2444458138356254,-3.2413492142607114,-3.2382526824714617,-3.235156218451056,-3.232059822184363,-3.2289634936578193,-3.2258672328593163,-3.2227710397780953,-3.2196749144046573,-3.216578856730679,-3.213482866748932,-3.2103869444532167,-3.2072910898382996,-3.204195302899857,-3.2010995836344276,-3.1980039320393665,-3.1949083481128127,-3.191812831853662,-3.1887173832615394,-3.185622002336791,-3.182526689080482,-3.1794314434944013,-3.1763362655810825,-3.1732411553438458,-3.1701461127868535,-3.167051137915193,-3.1639562307349904,-3.1608613912535675,-3.157766619479646,-3.1546719154236187,-3.1515772790979106,-3.1484827105174475,-3.1453882097002706,-3.142293776668341,-3.139199411448596,-3.13610511407433,-3.1330108845870153,-3.1299167230386855,-3.126822629495089,-3.123728604039856,-3.120634646780002,-3.1175407578532504,-3.114446937437766,-3.111353185765139,-3.108259503137747,-3.105165889952024,-3.102072346729736,-3.0989788741601116,-3.0958854731567476,-3.092792144934658,-3.089698891114879,-3.0866057138668284,-3.0835126161025497,-3.080419601742431,-3.0773266760796134,-3.0742338462810386,-3.071141122078105,-3.0680485167211398,-3.064956048301792,-3.0618637415898573,-3.058771630591137,-3.055679762118412,-3.0525882007894403,-3.0494970360399254,-3.0464063919885715,-3.0433164413489298,-3.040227425096935,-3.037139680344078,-3.0340536799361,-3.030970088844803,-3.0278898446627993,-3.024814272763431,-3.021745251409439,-3.018685448948138,-3.015638665172581,-3.012610323314903,-3.0096081798655443,-3.006643349050209,-3.003731780653683,-3.0008963878163706,-2.9981700990094455,-2.9956002065160954,-2.993254495092004,-2.991229731956804,-2.989663114650486,-2.988747064046126
-3.5912955873741184,-3.5905059357612275,-3.5891375874251827,-3.5873418467138585,-3.585228415489198,-3.582877533780192,-3.5803483200093056,-3.5776845986265253,-3.574919028626424,-3.5720760614519915,-3.569174079942534,-3.5662269570630527,-3.563245199241462,-3.5602367897186884,-3.5572078136640664,-3.554162923537672,-3.551105686879376,-3.5480388471591966,-3.5449645200714834,-3.5418843417111354,-3.5387995807595076,-3.5357112236639487,-3.5326200394906464,-3.529526629434068,-3.5264314647124055,-3.5233349156483853,-3.5202372740425787,-3.517138770429618,-3.514039587420844,-3.510939870046453,-3.5078397337915774,-3.504739270855745,-3.50163855504033,-3.4985376455739443,-3.4954365901137767,-3.492335427106023,-3.4892341876467166,-3.4861328969521788,-3.483031575523754,-3.479930240072566,-3.476828904255464,-3.4737275792620896,-3.4706262742842773,-3.46752499689224,-3.4644237533367574,-3.4613225487924857,-3.458221387554302,-3.455120273196124,-3.452019208699664,-3.4489181965590476,-3.4458172388660158,-3.442716337379467,-3.4396154935823504,-3.436514708728311,-3.43341398388002,-3.4303133199407414,-3.4272127176803875,-3.4241121777570727,-3.421011700734984,-3.4179112870992268,-3.4148109372681854,-3.411710651603848,-3.4086104304204303,-3.4055102739916148,-3.4024101825566326,-3.3993101563253805,-3.396210195482746,-3.393110300192268,-3.3900104705992407,-3.386910706833357,-3.3838110090109677,-3.3807113772370108,-3.3776118116066742,-3.374512312206833,-3.3714128791172886,-3.368313512411856,-3.3652142121593207,-3.3621149784242754,-3.359015811267876,-3.355916710748517,-3.3528176769224562,-3.349718709844382,-3.3466198095679536,-3.343520976146316,-3.340422209632601,-3.3373235100804237,-3.334224877544388,-3.331126312080602,-3.3280278137472226,-3.324929382605035,-3.3218310187180835,-3.3187327221543588,-3.3156344929865638,-3.3125363312929705,-3.309438237158392,-3.3063402106752897,-3.3032422519450377,-3.3001443610793886,-3.2970465382021623,-3.2939487834512184,-3.290851096980759,-3.2877534789640257,-3.284655929324508,-3.281558447992484,-3.278461034904394,-3.27536369000228,-3.272266413233277,-3.269169204549166,-3.2660720639059653,-3.2629749912635657,-3.259877986585405,-3.2567810498381675,-3.253684180991519,-3.2505873800178615,-3.247490646892115,-3.24439398159152,-3.241297384095456,-3.2382008543852767,-3.235104392444161,-3.2320079982569783,-3.228911671810165,-3.225815413091613,-3.2227192220905616,-3.2196230987975136,-3.2165270432041444,-3.213431055303225,-3.210335135088556,-3.207239282554904,-3.2041434976979475,-3.201047780514223,-3.197952131001087,-3.19485654915668,-3.1917610349798933,-3.188665588470354,-3.1855702096284086,-3.18247489845512,-3.179379654952278,-3.1762844791224176,-3.1731893709688586,-3.170094330495763,-3.1669993577082183,-3.1639044526123516,-3.1608096152154843,-3.157714845526336,-3.1546201435553014,-3.151525509314805,-3.1484309428197728,-3.1453364440882456,-3.1422420131421864,-3.139147650008532,-3.136053354720575,-3.132959127319788,-3.129864967858205,-3.126770876401574,-3.123676853033525,-3.120582897861074,-3.1174890110219464,-3.114395192694305,-3.111301443109741,-3.1082077625706312,-3.1051141514734084,-3.102020610339841,-3.098927139859156,-3.0958337409449497,-3.092740414812236,-3.0896471630820526,-3.086553987923817,-3.0834608922495725,-3.080367879979706,-3.0772749564073583,-3.0741821286994693,-3.0710894065874372,-3.067996803321586,-3.0649043369935605,-3.0618120323731515,-3.0587199234661515,-3.055628057085327,-3.052536497848418,-3.0494453351910993,-3.0463546932320336,-3.0432647446847074,-3.0401757305249646,-3.0370879878641586,-3.0340019895478285,-3.030918400547478,-3.027838158455278,-3.024762588643917,-3.021693569375171,-3.018633768994922,-3.0155869872941024,-3.0125586475017,-3.00955650610349,-3.006591677318254,-3.0036801109205213,-3.000844720035507,-2.998118433111965,-2.9955485424001163,-2.9932028326075213,-2.9911780708843,-2.9896114546716746,-2.988695404705751
-3.5912417169018527,-3.5904520657774768,-3.5890837182964277,-3.587287978718524,-3.585174548840889,-3.5828236686440578,-3.5802944565138226,-3.577630736872149,-3.574865168692037,-3.572022203399767,-3.569120223821634,-3.56617310291247,-3.5631913470922125,-3.560182939595512,-3.55715396558675,-3.5541090775220883,-3.551051842938291,-3.547985005302908,-3.544910680308328,-3.541830504047881,-3.538745745201669,-3.5356573902160338,-3.5325662081563616,-3.52947280021647,-3.526377637614031,-3.5232810906713485,-3.52018345118865,-3.5170849497002923,-3.5139857688173928,-3.510886053569964,-3.507785919442989,-3.504685458635873,-3.501584744949891,-3.4984838376135716,-3.495382784284036,-3.492281623407425,-3.489180386079725,-3.4860790975172193,-3.4829777782212217,-3.479876444902829,-3.4767751112188687,-3.4736737883589637,-3.4705724855149325,-3.467471210256976,-3.4643699688358636,-3.4612687664262403,-3.4581676073229763,-3.455066495099984,-3.45196543273897,-3.4488644227340544,-3.4457634671769752,-3.4426625678266274,-3.4395617261659557,-3.4364609434486044,-3.4333602207372405,-3.4302595589351275,-3.427158958812175,-3.4240584210264973,-3.4209579461422797,-3.4178575346446265,-3.4147571869519218,-3.4116569034261515,-3.408556684381533,-3.4054565300917483,-3.402356440796026,-3.399256416704263,-3.3961564580013466,-3.3930565648508155,-3.389956737397964,-3.3868569757724853,-3.383757280090729,-3.3806576504576324,-3.3775580869683837,-3.3744585897098567,-3.371359158761854,-3.3682597941981895,-3.3651604960876487,-3.362061264494824,-3.3589620994808724,-3.3558630011041894,-3.3527639694210305,-3.3496650044860847,-3.3465661063530114,-3.3434672750749557,-3.3403685107050496,-3.337269813296909,-3.334171182905137,-3.3310726195858407,-3.3279741233971785,-3.3248756943999362,-3.3217773326581574,-3.318679038239833,-3.3155808112176657,-3.3124826516699275,-3.309384559681434,-3.306286535344646,-3.303188578760937,-3.3000906900420595,-3.296992869311832,-3.2938951167081165,-3.2907974323851157,-3.2876998165160716,-3.284602269024473,-3.281504789840599,-3.278407378900891,-3.2753100361473875,-3.2722127615272245,-3.269115554992181,-3.266018416498276,-3.2629213460054016,-3.259824343476995,-3.25672740887974,-3.253630542183302,-3.2505337433600823,-3.247437012385002,-3.2443403492353005,-3.2412437538903576,-3.238147226331527,-3.235050766541988,-3.2319543745066097,-3.2288580502118287,-3.225761793645536,-3.2226656047969713,-3.2195694836566373,-3.2164734302162086,-3.2133774444684575,-3.210281526407185,-3.2071856760271573,-3.2040898933240505,-3.2009941782944025,-3.1978985309355688,-3.19480295124569,-3.191707439223659,-3.1886119948691025,-3.1855166181823673,-3.1824213091645164,-3.179326067817339,-3.1762308941433703,-3.1731357881459297,-3.17004074982918,-3.166945779198208,-3.1638508762591413,-3.160756041019299,-3.1576612734874048,-3.154566573673851,-3.1514719415910637,-3.148377377253967,-3.1452828806806017,-3.1421884518929297,-3.139094090917889,-3.1359997977887732,-3.1329055725470534,-3.129811415244764,-3.126717325947655,-3.1236233047393527,-3.1205293517268764,-3.1174354670479496,-3.114341650880736,-3.111247903456826,-3.1081542250785965,-3.105060616142483,-3.1019670771702508,-3.098873608851129,-3.095780212098712,-3.092686888128015,-3.0895936385600753,-3.0865004655643093,-3.0834073720527604,-3.0803143619458155,-3.0772214405366145,-3.074128614992097,-3.0710358950436594,-3.067943293941621,-3.064850829777624,-3.061758527321453,-3.058666420578891,-3.0555745563626924,-3.052482999290577,-3.0493918387981904,-3.0463011990041515,-3.0432112526218824,-3.040122240627131,-3.0370345001311088,-3.0339485039791443,-3.030864917142434,-3.027784677212691,-3.02470910956193,-3.0216400924509244,-3.0185802942240767,-3.0155335146701225,-3.0125051770147966,-3.009503037739044,-3.006538211054486,-3.003626646725035,-3.000791257860193,-2.9980649728855098,-2.9954950840170973,-2.9931493759127163,-2.9911246156505626,-2.9895580005696534,-2.9886419512643627
-3.5911859792103558,-3.590396328591447,-3.5890279819950632,-3.587232243589909,-3.5851188151060414,-3.582767936473855,-3.580238726041198,-3.5775750082010425,-3.574809441904068,-3.571966478559264,-3.5690645009794655,-3.566117382108981,-3.5631356283594977,-3.560127222959169,-3.5570982510672544,-3.5540533651358603,-3.5509961326985398,-3.5479292972202927,-3.5448549743914706,-3.541774800303783,-3.5386900436360365,-3.535601690833536,-3.532510510960831,-3.529417105211072,-3.5263219448013876,-3.5232254000536445,-3.5201277627677205,-3.5170292634776845,-3.5139300847944206,-3.5108303717477525,-3.507730239822509,-3.50462978121797,-3.5015290697353048,-3.4984281646029594,-3.495327113477984,-3.49222595480646,-3.4891247196843267,-3.4860234333278286,-3.482922116238247,-3.47982078512665,-3.476719453649845,-3.4736181329974345,-3.4705168323612208,-3.4674155593113904,-3.464314320098703,-3.461213119897794,-3.4581119630035273,-3.455010852989806,-3.4519097928383324,-3.4488087850432225,-3.4457078316962075,-3.44260693455618,-3.439506095106084,-3.4364053145995577,-3.4333045940992677,-3.4302039345084756,-3.427103336597089,-3.4240028010232213,-3.4209023283510556,-3.4178019190656945,-3.4147015735855226,-3.411601292272526,-3.408501075440918,-3.405400923364382,-3.4023008362821456,-3.399200814404105,-3.3961008579151493,-3.393000966978815,-3.389901141740396,-3.3868013823295864,-3.3837016888627334,-3.380602061444775,-3.377502500170901,-3.3744030051279834,-3.371303576395825,-3.368204214048241,-3.3651049181540142,-3.3620056887777405,-3.358906525980575,-3.3558074298209117,-3.352708400355009,-3.3496094376375543,-3.346510541722207,-3.343411712662112,-3.340312950510401,-3.3372142553206903,-3.3341156271475834,-3.331017066047187,-3.3279185720776594,-3.324820145299787,-3.3217217857776147,-3.3186234935791314,-3.3155252687770402,-3.3124271114496158,-3.309329021681671,-3.3062309995656674,-3.30313304520298,-3.300035158705359,-3.2969373401966267,-3.293839589814644,-3.290741907713614,-3.287644294066779,-3.284546748797629,-3.2814492718364416,-3.278351863119657,-3.275254522589315,-3.2721572501925498,-3.269060045881141,-3.265962909611109,-3.2628658413423435,-3.259768841038282,-3.2566719086656084,-3.253575044193988,-3.2504782475958227,-3.2473815188460327,-3.244284857921858,-3.2411882648026777,-3.2380917394698447,-3.234995281906539,-3.2318988920976284,-3.2288025700295506,-3.225706315690196,-3.2226101290688054,-3.2195140101558812,-3.2164179589430972,-3.213321975423226,-3.2102260595900667,-3.2071302114383875,-3.2040344309638646,-3.2009387181630355,-3.197843073033257,-3.194747495572667,-3.1916519857801604,-3.188556543655363,-3.1854611691986223,-3.1823658624110007,-3.1792706232942867,-3.176175451851017,-3.1730803480845093,-3.169985311998928,-3.166890343599359,-3.1637954428919297,-3.1607006098839596,-3.15760584458417,-3.1545111470029563,-3.151416517152742,-3.1483219550484534,-3.14522746070813,-3.1421330341537352,-3.1390386754122055,-3.1359443845168347,-3.1328501615090953,-3.129756006441022,-3.1266619193783636,-3.1235679004047485,-3.1204739496271925,-3.11738006718342,-3.114286253251597,-3.1111925080633127,-3.1080988319209437,-3.1050052252209244,-3.101911688485021,-3.098818222402462,-3.0957248278868437,-3.0926315061531797,-3.0895382588225075,-3.0864450880642442,-3.0833519967904346,-3.080258988921462,-3.0771660697504672,-3.074073246444387,-3.070980528734616,-3.0678879298714725,-3.064795467946594,-3.0617031677297577,-3.0586110632267394,-3.055519201250278,-3.052427646418074,-3.049336488165741,-3.046245850611852,-3.043155906469762,-3.04006689671512,-3.0369791584589936,-3.0338931645464946,-3.0308095799484995,-3.0277293422562477,-3.0246537768410553,-3.021584761962662,-3.018524965963937,-3.0154781886313433,-3.0124498531872472,-3.0094477161075988,-3.006482891596608,-3.003571329407205,-3.000735942632633,-2.9980096596744317,-2.99543977271342,-2.9930940663558325,-2.9910693076054433,-2.989502693695518,-2.9885866450737835
-3.591128313526983,-3.5903386634310435,-3.5889703177499563,-3.5871745805581594,-3.585061153516322,-3.5827102765029593,-3.580181067826663,-3.5775173518504086,-3.57475178750178,-3.5719088261718768,-3.569006850659608,-3.5660597338983986,-3.5630779822913925,-3.560069579060026,-3.5570406093582565,-3.553995725633999,-3.5509384954174825,-3.547871662171064,-3.5447973415829948,-3.5417171697433045,-3.5386324153294595,-3.5355440647856904,-3.5324528871756837,-3.529359483691895,-3.526264325550895,-3.5231677830740993,-3.5200701480610195,-3.516971651045429,-3.5138724746379704,-3.51077276386827,-3.5076726342209996,-3.5045721778953074,-3.501471468692255,-3.498370565840199,-3.4952695169961183,-3.4921683606060374,-3.489067127765845,-3.4859658436917447,-3.482864528884981,-3.4797632000565972,-3.4766618708633743,-3.473560552494898,-3.470459254142953,-3.4673579833777124,-3.4642567464499248,-3.461155548534215,-3.4580543939254373,-3.4549532861974894,-3.4518522283320667,-3.4487512228232804,-3.445650271762859,-3.442549376909691,-3.4394485397467154,-3.4363477615275704,-3.433247043314918,-3.430146386012018,-3.4270457903887785,-3.4239452571033078,-3.42084478671979,-3.4177443797233273,-3.4146440365323025,-3.4115437575086993,-3.4084435429667335,-3.4053433931800865,-3.4022433083879857,-3.3991432888003263,-3.3960433346019956,-3.3929434459565306,-3.389843623009225,-3.3867438658897724,-3.3836441747145223,-3.3805445495884103,-3.3774449906066257,-3.374345497856041,-3.3712460714164583,-3.368146711361693,-3.3650474177605294,-3.361948190677561,-3.358849030173942,-3.3557499363080696,-3.3526509091362002,-3.3495519487130214,-3.3464530550921934,-3.34335422832686,-3.3402554684701538,-3.337156775575691,-3.3340581496980755,-3.3309595908934133,-3.3278610992198634,-3.3247626747382117,-3.3216643175125036,-3.3185660276107285,-3.3154678051055906,-3.3123696500753623,-3.3092715626048586,-3.30617354278654,-3.303075590721782,-3.299977706522337,-3.2968798903120264,-3.2937821422287117,-3.2906844624265963,-3.2875868510789226,-3.2844893081091793,-3.2813918334476444,-3.2782944270307586,-3.2751970888005615,-3.2720998187041865,-3.2690026166934145,-3.265905482724263,-3.262808416756623,-3.259711418753932,-3.2566144886828736,-3.2535176265131125,-3.2504208322170505,-3.2473241057696076,-3.244227447148024,-3.241130856331678,-3.2380343333019237,-3.23493787804194,-3.2318414905365964,-3.228745170772328,-3.225648918737026,-3.2225527344199323,-3.2194566178115473,-3.2163605689035464,-3.213264587688702,-3.2101686741608124,-3.207072828314646,-3.20397705014588,-3.200881339651051,-3.1977856968275145,-3.19469012167341,-3.1915946141876304,-3.188499174369804,-3.1854038022202764,-3.182308497740111,-3.179213260931097,-3.1761180917957685,-3.1730229903374476,-3.169927956560293,-3.1668329904693944,-3.163738092070877,-3.1606432613720634,-3.157548498381674,-3.1544538031101026,-3.1513591755697736,-3.1482646157756125,-3.14517012374566,-3.142075699501879,-3.138981343071205,-3.135887054486935,-3.132792833790538,-3.12969868103405,-3.1266045962832196,-3.1235105796216747,-3.1204166311564325,-3.117322751025217,-3.1142289394061917,-3.111135196530948,-3.108041522701863,-3.10494791831537,-3.1018543838932358,-3.0987609201246893,-3.0956675279233266,-3.0925742085041628,-3.0894809634882328,-3.0863877950449545,-3.0832947060863725,-3.08020170053287,-3.0771087836775854,-3.0740159626874557,-3.070923247293874,-3.067830650747155,-3.064738191138932,-3.0616458932389765,-3.0585537910530527,-3.0554619313938876,-3.0523703788791585,-3.049279222944448,-3.046188587708283,-3.0430986458839486,-3.0400096384469917,-3.036921902508327,-3.0338359109128437,-3.0307523286310873,-3.0276720932538095,-3.024596530151602,-3.0215275175831326,-3.0184677238896858,-3.0154209488553754,-3.012392615699081,-3.0093904808915837,-3.0064256586294293,-3.0035140986541826,-3.0006787140422633,-2.9979524331703726,-2.995382548182814,-2.993036843632509,-2.9910120864462337,-2.989445473747843,-2.9885294258333355
-3.591068657386282,-3.5902790078313838,-3.5889106630972236,-3.5871149271607132,-3.5850015016107344,-3.5826506262721374,-3.580121419412896,-3.577457705364952,-3.574692143031996,-3.571849183786619,-3.5689472104133255,-3.566000095834277,-3.563018346443783,-3.5600099454563283,-3.5569809780203876,-3.5539360965795366,-3.5508788686605643,-3.547812037723096,-3.544737719453208,-3.5416575499391962,-3.5385727978571353,-3.5354844496501467,-3.532393274381024,-3.5292998732415057,-3.526204717447584,-3.523108177320208,-3.520010544658509,-3.516912049995956,-3.5138128759429414,-3.510713167528892,-3.5076130402383106,-3.5045125862702102,-3.501411879425543,-3.498310978932575,-3.4952099324482098,-3.49210877841841,-3.489007547939013,-3.4859062662261784,-3.482804953781118,-3.4797036273148447,-3.476602300484115,-3.4735009844784948,-3.4703996884897523,-3.4672984200880475,-3.4641971855241134,-3.4610959899725664,-3.457994837728253,-3.454893732365063,-3.4517926768646867,-3.44869167372123,-3.445590725026417,-3.442489832539131,-3.4393889977423084,-3.436288221889584,-3.4331875060436183,-3.4300868511076685,-3.426986257851641,-3.423885726933645,-3.4207852589178622,-3.417684854289392,-3.4145845134666173,-3.4114842368115204,-3.4083840246383157,-3.4052838772206835,-3.4021837947978524,-3.399083777579717,-3.3959838257511636,-3.3928839394757295,-3.389784118898708,-3.386684364149793,-3.383584675345332,-3.3804850525902617,-3.377385495979771,-3.3742860056007316,-3.371186581532946,-3.36808722385023,-3.3649879326213656,-3.361888707910949,-3.358789549780134,-3.355690458287317,-3.352591433488754,-3.3494924754391335,-3.3463935841921137,-3.3432947598008402,-3.340196002318446,-3.3370973117985474,-3.333998688295746,-3.3309001318661506,-3.3278016425679193,-3.324703220461838,-3.321604865611952,-3.3185065780862506,-3.3154083579574385,-3.3123102053037887,-3.3092121202101157,-3.306114102768881,-3.30301615308146,-3.2999182712596054,-3.2968204574271396,-3.2937227117219243,-3.2906250342981624,-3.287527425329099,-3.2844298847382207,-3.2813324124558063,-3.2782350084182954,-3.2751376725677264,-3.272040404851234,-3.2689432052205976,-3.265846073631836,-3.2627490100448395,-3.2596520144230436,-3.256555086733134,-3.2534582269447747,-3.250361435030367,-3.2472647109648314,-3.244168054725407,-3.241071466291473,-3.2379749456443823,-3.234878492767315,-3.23178210764514,-3.228685790264292,-3.2255895406126625,-3.2224933586794924,-3.219397244455283,-3.2163011979317093,-3.213205219101543,-3.2101093079585845,-3.2070134644975994,-3.203917688714266,-3.200821980605123,-3.1977263401675233,-3.1946307673996084,-3.191535262300271,-3.1884398248691372,-3.1853444551065535,-3.182249153013583,-3.1791539185920135,-3.1760587518443817,-3.172963652774006,-3.1698686213850493,-3.1667736576825996,-3.163678761672782,-3.1605839333629193,-3.157489172761732,-3.154394479879614,-3.1512998547289897,-3.1482052973247847,-3.1451108076850405,-3.1420163858317176,-3.1389220317917546,-3.1358277455984447,-3.1327335272932606,-3.129639376928236,-3.1265452945691203,-3.123451280299543,-3.1203573342265187,-3.1172634564877715,-3.114169647261467,-3.111075906779195,-3.107982235343332,-3.1048886333503147,-3.101795101321907,-3.0987016399473393,-3.095608250140206,-3.0925149331155226,-3.0894216904943246,-3.086328524446029,-3.083235437882679,-3.08014243472466,-3.077049520265109,-3.0739567016709604,-3.070863988673606,-3.0677713945233585,-3.0646789373118457,-3.061586641808833,-3.058494542020075,-3.0554026847582834,-3.052311134641113,-3.049219981104114,-3.0461293482657634,-3.043039408839277,-3.0399504038000953,-3.0368626702589756,-3.0337766810605755,-3.0306931011750993,-3.0276128681927914,-3.0245373074834965,-3.021468297304776,-3.0184085059962715,-3.0153617333396663,-3.0123334025502326,-3.009331270093406,-3.0063664501578,-3.0034548924732225,-3.000619510098689,-2.9978932313852065,-2.995323348439296,-2.992977645758728,-2.9909528901906177,-2.989386278745628,-2.988470231562787
-3.5910069466039283,-3.590217297608727,-3.588848953854144,-3.587053219216203,-3.5849397952095248,-3.5825889216034406,-3.580059716623906,-3.577396004570759,-3.574630444322976,-3.5717874872340025,-3.568885516073438,-3.565938403751793,-3.562956656654239,-3.559948257988069,-3.5569192928960836,-3.5538744138173706,-3.5508171882751625,-3.547750359726259,-3.5446760438544844,-3.5415958767463405,-3.5385111270764664,-3.535422781286832,-3.5323316084393106,-3.529238209724894,-3.526143056358979,-3.523046518662031,-3.5199488884327925,-3.516850396204412,-3.5137512245870264,-3.5106515186098517,-3.5075513937572182,-3.5044509422280004,-3.501350237823036,-3.498249339770499,-3.4951482957272124,-3.492047144139075,-3.488945916101871,-3.485844636831719,-3.4827433268297936,-3.4796420028070774,-3.4765406784203035,-3.473439364859013,-3.4703380713149583,-3.467236805358283,-3.46413557323971,-3.461034380133845,-3.457933230335526,-3.4548321274186344,-3.4517310743648544,-3.4486300736682844,-3.445529127420646,-3.4424282373808186,-3.4393274050317357,-3.4362266316270276,-3.4331259182293548,-3.430025265741971,-3.4269246749347806,-3.4238241464658903,-3.4207236808994805,-3.4176232787206517,-3.414522940347784,-3.4114226661428604,-3.408322456420094,-3.405222311453165,-3.4021222314812998,-3.3990222167143935,-3.395922267337332,-3.392822383513652,-3.389722565388646,-3.3866228130920053,-3.383523126740079,-3.380423506437805,-3.377323952280371,-3.3742244643546497,-3.3711250427404424,-3.3680256875115653,-3.3649263987368014,-3.3618271764807446,-3.3587280208045494,-3.355628931766613,-3.3525299094231897,-3.349430953828969,-3.3463320650376094,-3.343233243102257,-3.3401344880760435,-3.337035800012585,-3.3339371789664853,-3.3308386249938513,-3.327740138152843,-3.3246417185042447,-3.321543366112102,-3.318445081044405,-3.315346863373857,-3.312248713178733,-3.309150630543847,-3.306052615561662,-3.3029546683335527,-3.2998567889712707,-3.2967589775986403,-3.2936612343535225,-3.290563559390123,-3.2874659528816847,-3.284368414751697,-3.2812709449304363,-3.278173543354342,-3.275076209965454,-3.2719789447109044,-3.268881747542474,-3.2657846184161805,-3.262687557291915,-3.2595905641331133,-3.256493638906458,-3.2533967815816136,-3.2502999921309823,-3.2472032705294853,-3.2441066167543604,-3.2410100307849876,-3.2379135126027188,-3.234817062190734,-3.2317206795339017,-3.2286243646186583,-3.2255281174328942,-3.222431937965851,-3.2193358262080274,-3.2162397821511,-3.213143805787841,-3.2100478971120494,-3.206952056118492,-3.2038562828028456,-3.200760577161649,-3.197664939192257,-3.1945693688928083,-3.191473866262197,-3.1883784313000496,-3.185283064006712,-3.1821877643832477,-3.1790925324314454,-3.1759973681538414,-3.172902271553753,-3.169807242635344,-3.166712281403701,-3.163617387864951,-3.1605225620264163,-3.1574278038968173,-3.154333113486548,-3.1512384908080313,-3.148143935876193,-3.1450494487090754,-3.14195502932864,-3.1388606777618233,-3.1357663940419203,-3.132672178210402,-3.129578030319303,-3.126483950434374,-3.123389938639242,-3.120295995040923,-3.1172021197771413,-3.1141083130260623,-3.1110145750192766,-3.1079209060591606,-3.1048273065421483,-3.101733776990007,-3.098640318091965,-3.095546930761618,-3.0924536162139806,-3.089360376070089,-3.08626721249936,-3.0831741284138365,-3.0800811277339015,-3.076988215752693,-3.073895399637144,-3.070802689118645,-3.067710097447503,-3.0646176427153438,-3.0615253496919257,-3.0584332523829922,-3.055341397601239,-3.0522498499642987,-3.0491586989076884,-3.046068068549836,-3.0429781316038813,-3.039889129045154,-3.0368013979842514,-3.0337154112655917,-3.0306318338590246,-3.0275516033542718,-3.024476045120403,-3.0214070374138333,-3.018347248572508,-3.0153004783755946,-3.0122721500346374,-3.009270020009537,-3.0063052024807044,-3.0033936471657836,-3.000558267105786,-2.997831990625134,-2.995262109791272,-2.9929164090449127,-2.9908916551507656,-2.989325045002397,-2.988408998576451
-3.590943115251854,-3.5901534668356048,-3.5887851240943007,-3.586989390799604,-3.5848759683893214,-3.582525096575352,-3.5799958935401923,-3.5773321835504728,-3.574566625459602,-3.571723670601221,-3.5688217017295107,-3.565874591742931,-3.5628928470171983,-3.5598844507521705,-3.5568554880847785,-3.553810611449469,-3.5507533883657953,-3.547686562287631,-3.5446122488964744,-3.5415320842769678,-3.538447337102266,-3.5353589938131513,-3.53226782347054,-3.5291744272646577,-3.526079276410282,-3.5229827412273766,-3.519885113514281,-3.516786623803817,-3.5136874547058525,-3.510587751249388,-3.507487628918578,-3.5043871799121504,-3.5012864780308237,-3.498185582502675,-3.4950845409844487,-3.491983391921977,-3.488882166410991,-3.4857808896675606,-3.482679582192825,-3.4795782606977346,-3.476476938838994,-3.4733756278061265,-3.4702743367908657,-3.4671730733633384,-3.4640718437742555,-3.460970653198213,-3.457869505930038,-3.4547684055436045,-3.4516673550205907,-3.4485663568550904,-3.4454654131388183,-3.4423645256306505,-3.439263695813517,-3.436162924941047,-3.4330622140758966,-3.4299615641213173,-3.426860975847211,-3.423760449911684,-3.4206599868789165,-3.4175595872340057,-3.4144592513953316,-3.4113589797248753,-3.408258772536851,-3.405158630104936,-3.402058552668358,-3.3989585404370106,-3.39585859359578,-3.392758712308202,-3.3896588967195678,-3.3865591469595695,-3.3834594631445563,-3.3803598453794654,-3.377260293759484,-3.3741608083714842,-3.371061389295269,-3.367962036604653,-3.3648627503684194,-3.3617635306511615,-3.358664377514035,-3.3555652910154343,-3.352466271211617,-3.3493673181572707,-3.3462684319060547,-3.343169612511115,-3.3400708600255835,-3.3369721745030763,-3.333873555998197,-3.3307750045670526,-3.327676520267802,-3.3245781031612314,-3.321479753311385,-3.318381470786255,-3.3152832556585445,-3.3121851080065285,-3.3090870279150217,-3.3059890154764857,-3.302891070792297,-3.2997931939742084,-3.2966953851460437,-3.293597644445664,-3.2904999720272747,-3.2874023680641216,-3.284304832479691,-3.2812073652042604,-3.2781099661742683,-3.275012635331753,-3.2719153726238495,-3.268818178002336,-3.26572105142323,-3.2626239928464225,-3.2595270022353495,-3.2564300795566945,-3.2533332247801208,-3.250236437878031,-3.2471397188253457,-3.2440430675993035,-3.240946484179283,-3.2378499685466373,-3.234753520684544,-3.2316571405778727,-3.22856082821306,-3.225464583577996,-3.2223684066619214,-3.219272297455337,-3.2161762559499185,-3.213080282138437,-3.209984376014694,-3.206888537573453,-3.2037927668103925,-3.2006970637220507,-3.1976014283057834,-3.1945058605597283,-3.1914103604827804,-3.188314928074564,-3.1852195633354268,-3.182124266266432,-3.1790290368693683,-3.1759338751467707,-3.17283878110196,-3.1697437547390974,-3.1666487960632708,-3.163553905080606,-3.160459081798423,-3.1573643262254434,-3.1542696383720616,-3.151175018250703,-3.148080465876292,-3.1449859812668706,-3.1418915644444,-3.138797215435817,-3.135702934274417,-3.1326087210016715,-3.1295145756696146,-3.1264204983439945,-3.1233264891084405,-3.1202325480699686,-3.117138675366303,-3.114044871175609,-3.1109511357294766,-3.107857469330283,-3.104763872374464,-3.101670345383784,-3.0985768890474716,-3.095483504279123,-3.092390192293753,-3.0892969547123976,-3.0862037937044735,-3.083110712182024,-3.0800177140654315,-3.0769248046478315,-3.073831991096158,-3.0707392831417963,-3.0676466940350546,-3.0645542418675515,-3.0614619514090378,-3.0583698566652466,-3.055278004448857,-3.0521864593774803,-3.0490953108865964,-3.046004683094581,-3.042914748714499,-3.039825748721568,-3.0367380202262138,-3.033652036072609,-3.0305684612302373,-3.027488233288279,-3.0244126776150018,-3.021343672465636,-3.0182838861763717,-3.0152371185237747,-3.0122087927155317,-3.0092066652058214,-3.006241850166565,-3.003330297302828,-3.0004949196369983,-2.9977686454659995,-2.99519876681685,-2.9928530680712444,-2.9908283159086535,-2.9892617071015155,-2.988345661458506
-3.5908770956349207,-3.5900874478174956,-3.588719106124248,-3.5869233742188995,-3.584809953459805,-3.5824590834994634,-3.579929882475417,-3.577266174619948,-3.57450061876002,-3.5716576662087904,-3.568755699704495,-3.565808592133129,-3.5628268498606306,-3.559818456079163,-3.5567894959195874,-3.5537446218115503,-3.550687401270797,-3.547620577748177,-3.544546266922782,-3.541466104877331,-3.5383813602834455,-3.535293019580676,-3.5322018518289533,-3.529108458217707,-3.5260133099610735,-3.522916777378502,-3.5198191522679108,-3.5167206651617837,-3.5136214986697163,-3.5105217978204806,-3.5074216780980496,-3.5043212317010015,-3.5012205324299313,-3.4981196395128156,-3.495018600606317,-3.4919174541561984,-3.4888162312581334,-3.485714957128148,-3.48261365226734,-3.4795123333866282,-3.476411014142693,-3.4733097057250326,-3.470208417325362,-3.467107156513792,-3.4640059295410213,-3.4609047415816327,-3.4578035969304444,-3.454702499161325,-3.451601451255943,-3.4485004557083876,-3.4453995146103686,-3.442298629720758,-3.439197802522482,-3.4360970342691655,-3.432996326023463,-3.429895678688624,-3.4267950930345497,-3.4236945697193435,-3.420594109307183,-3.4174937122831657,-3.414393379065669,-3.4112931100166746,-3.408192905450394,-3.4050927656405063,-3.401992690826236,-3.3988926812174785,-3.3957927369991174,-3.3926928583346876,-3.3895930453694834,-3.386493298233195,-3.383393617042171,-3.380294001901349,-3.377194452905915,-3.3740949701427425,-3.370995553691632,-3.367896203626398,-3.3647969200158254,-3.3616977029245065,-3.3585985524135977,-3.3554994685414945,-3.3524004513644527,-3.3493015009371607,-3.3462026173132777,-3.343103800545949,-3.3400050506883066,-3.3369063677939668,-3.333807751917533,-3.3307092031151133,-3.327610721444866,-3.324512306967578,-3.321413959747293,-3.318315679852003,-3.315217467354411,-3.312119322332792,-3.3090212448719627,-3.305923235064385,-3.302825293011434,-3.299727418824865,-3.2966296126285,-3.2935318745602027,-3.290434204774179,-3.2873366034436726,-3.284239070492171,-3.2811416058499527,-3.278044209453455,-3.2749468812447153,-3.2718496211708685,-3.2687524291836922,-3.265655305239203,-3.2625582492972933,-3.2594612613213987,-3.256364341278202,-3.253267489137367,-3.250170704871296,-3.2470739884549076,-3.2439773398654426,-3.2408807590822786,-3.2377842460867683,-3.234687800862091,-3.2315914233931147,-3.228495113666276,-3.2253988716694644,-3.2223026973919207,-3.219206590824146,-3.2161105519578146,-3.2130145807857002,-3.2099186773016024,-3.2068228415002866,-3.2037270733774292,-3.200631372929568,-3.1975357401540596,-3.1944401750490417,-3.1913446776134093,-3.1882492478467883,-3.1851538857495245,-3.1820585913226807,-3.1789633645680464,-3.175868205488156,-3.1727731140863296,-3.1696780903667285,-3.166583134334442,-3.1634882459955964,-3.160393425357511,-3.157298672428907,-3.15420398722018,-3.151109369743753,-3.148014820014551,-3.144920338050617,-3.141825923873913,-3.1387315775113738,-3.1356372989962957,-3.1325430883701495,-3.1294489456849686,-3.1263548710065034,-3.1232608644183832,-3.120166926027625,-3.117073055971951,-3.1139792544295255,-3.1108855216319404,-3.107791857881572,-3.1046982635748566,-3.1016047392335584,-3.098511285546908,-3.0954179034285008,-3.09232459409335,-3.0892313591624925,-3.0861382008053435,-3.0830451219339463,-3.079952126468682,-3.076859219702687,-3.0737664088028933,-3.0706737035006855,-3.067581117046367,-3.064488667531551,-3.06139637972598,-3.0583042876353788,-3.0552124380724095,-3.052120895654656,-3.0490297498175654,-3.04593912467946,-3.042849192953324,-3.0397601956142575,-3.0366724697725154,-3.0335864882720114,-3.0305029160818497,-3.027422690790652,-3.0243471377658584,-3.0212781352614733,-3.0182183516118712,-3.0151715865909243,-3.01214326340233,-3.0091411384943494,-3.006176326030125,-3.003264775701709,-3.000429400512227,-2.9977031287301608,-2.995133252340716,-2.9927875556645422,-2.9907628052929423,-2.9891961978730723,-2.9882801530398733
-3.5908088182692057,-3.5900191710711087,-3.588650830461805,-3.5868550999933784,-3.5847416809420096,-3.582390812898766,-3.579861613954696,-3.5771979083065584,-3.574432354753965,-3.5715894045888894,-3.5686874405330737,-3.565740335459621,-3.562758595724358,-3.5597502045114893,-3.556721246945599,-3.5536763754513667,-3.550619157540603,-3.54755233666103,-3.5444780284892476,-3.5413978691059915,-3.5383131271812918,-3.5352247891534274,-3.5321336240813066,-3.5290402331535384,-3.5259450875835956,-3.5228485576903945,-3.519750935271422,-3.5166524508588095,-3.5135532870618675,-3.5104535889091357,-3.5073534718843966,-3.504253028186076,-3.501152331614642,-3.498051441397965,-3.4949504051926232,-3.491849261444307,-3.488748041248634,-3.4856467698215803,-3.482545467664205,-3.479444151487393,-3.476342834947796,-3.473241529234889,-3.4701402435403677,-3.467038985434328,-3.4639377611674527,-3.4608365759143145,-3.457735433969722,-3.454634338907534,-3.451533293709413,-3.4484323008694426,-3.445331362479327,-3.442230480297934,-3.439129655808187,-3.4360288902637075,-3.432928184727147,-3.4298275401017517,-3.4267269571574204,-3.4236264365522566,-3.420525978850436,-3.417425584537053,-3.414325254030486,-3.4112249876927137,-3.408124785837949,-3.4050246487398685,-3.401924576637698,-3.3988245697413313,-3.395724628235652,-3.392624752284194,-3.3895249420322515,-3.3864251976095137,-3.383325519132329,-3.380225906705633,-3.3771263604246147,-3.374026880376145,-3.3709274666400257,-3.367828119290072,-3.3647288383950666,-3.361629624019604,-3.358530476224839,-3.355431395069168,-3.3523323806088445,-3.34923343289856,-3.346134551991972,-3.3430357379422255,-3.339936990802453,-3.336838310626271,-3.333739697468284,-3.3306411513845986,-3.3275426724333736,-3.324444260675397,-3.321345916174712,-3.3182476389993103,-3.315149429221897,-3.3120512869207466,-3.3089532121806746,-3.3058552050941437,-3.3027572657625304,-3.299659394297588,-3.2965615908231407,-3.293463855477052,-3.290366188413527,-3.2872685898058136,-3.284171059577398,-3.2810735976585566,-3.277976203985727,-3.274878878500947,-3.27178162115135,-3.268684431888714,-3.2655873106690563,-3.2624902574522685,-3.259393272201785,-3.2562963548842885,-3.253199505469444,-3.2501027239296527,-3.247006010239835,-3.2439093643772283,-3.240812786321212,-3.237716276053138,-3.234619833556186,-3.2315234588152233,-3.2284271518166863,-3.225330912548464,-3.2222347409997987,-3.2191386371611905,-3.216042601024316,-3.2129466325819447,-3.2098507318278777,-3.2067548987568815,-3.203659133364632,-3.2005634356476675,-3.197467805603343,-3.194372243229798,-3.191276748525925,-3.188181321491351,-3.1850859621264216,-3.1819906704322007,-3.1788954464104764,-3.1758002900637843,-3.172705201395444,-3.1696101804096166,-3.166515227111391,-3.1634203415068938,-3.160325523603445,-3.1572307734097653,-3.1541360909362495,-3.1510414761953216,-3.147946929201909,-3.14485244997405,-3.141758038533707,-3.138663694907818,-3.1355694191296775,-3.132475211240756,-3.1293810712930883,-3.1262869993524247,-3.1231929955023934,-3.1200990598500105,-3.117005192533001,-3.113911393729528,-3.110817663671183,-3.1077240026603423,-3.104630411093442,-3.101536889492248,-3.098443438545988,-3.095350059168258,-3.0922567525740736,-3.08916352038447,-3.0860703647688625,-3.082977288639293,-3.0798842959161448,-3.0767913918925522,-3.0736985837354456,-3.070605881176206,-3.067513297465134,-3.064420850693838,-3.061328565632055,-3.058236476285496,-3.0551446294668057,-3.0520530897935454,-3.0489619467011218,-3.0458713243078024,-3.04278139532649,-3.039692400732163,-3.036604677634897,-3.033518698878341,-3.0304351294312077,-3.0273549068815413,-3.024279356595924,-3.021210356827091,-3.018150575907538,-3.0151038136083557,-3.0120754931291143,-3.0090733709119526,-3.006108561110935,-3.0031970134046553,-3.000361640776317,-2.9976353714649853,-2.99506549741262,-2.9927198028767372,-2.9906950543574546,-2.9891284483723566,-2.988212404376698
-3.590738211862263,-3.5899485653046472,-3.5885802258163113,-3.5867844968338867,-3.584671079548575,-3.5823202134879075,-3.579791016694855,-3.5771273133294397,-3.574361762162988,-3.571518814465564,-3.5686168529418536,-3.5656697504516295,-3.562688013340261,-3.559679624783723,-3.556650669900107,-3.5536058011089566,-3.550548585918012,-3.5474817677717616,-3.544407462344229,-3.5413273057140957,-3.5382425665497497,-3.535154231288152,-3.5320630689871555,-3.528969680834521,-3.5258745380430363,-3.5227780109310625,-3.5196803912956405,-3.51658190966854,-3.5134827486587743,-3.5103830532946465,-3.507282939059743,-3.504182498152327,-3.5010818043727365,-3.497980916948734,-3.494879883536808,-3.491778742582578,-3.4886775251816,-3.4855762565497987,-3.482474957188193,-3.479373643807633,-3.476272330064741,-3.47317102714897,-3.470069744251994,-3.4669684889438925,-3.4638672674753352,-3.4607660850208815,-3.45766494587533,-3.4545638536125303,-3.4514628112141383,-3.448361821174231,-3.4452608855845077,-3.442160006203833,-3.439059184515124,-3.435958421772001,-3.432857719037113,-3.4297570772137043,-3.426656497071669,-3.423555979269109,-3.4204555243701993,-3.417355132860033,-3.4142548051569874,-3.4111545416230418,-3.4080543425724055,-3.4049542082787565,-3.401854138981318,-3.3987541348899835,-3.395654196189637,-3.392554323043812,-3.3894545155978006,-3.386354773981294,-3.38325509831064,-3.3801554886907748,-3.377055945216885,-3.373956467975843,-3.37085705704745,-3.3677577125055205,-3.364658434418838,-3.361559222851995,-3.358460077866147,-3.3553609995196902,-3.35226198786888,-3.3491630429684043,-3.346064164871924,-3.3429653536325827,-3.3398666093035136,-3.3367679319383328,-3.3336693215916435,-3.3305707783195544,-3.3274723021802237,-3.324373893234438,-3.3212755515462433,-3.318177277183631,-3.3150790702193067,-3.311980930731543,-3.308882858805158,-3.305784854532613,-3.302686918015286,-3.2995890493649305,-3.296491248705371,-3.2933935161744707,-3.2902958519264374,-3.287198256134517,-3.284100728722197,-3.281003269619752,-3.2779058787636215,-3.274808556095841,-3.2717113015635446,-3.2686141151185106,-3.265516996716755,-3.2624199463181687,-3.2593229638861865,-3.256226049387492,-3.253129202791748,-3.2500324240713567,-3.2469357132012364,-3.243839070158627,-3.2407424949229062,-3.237645987475427,-3.234549547799368,-3.2314531758795972,-3.2283568717025504,-3.2252606352561184,-3.2221644665295415,-3.2190683655133197,-3.215972332199128,-3.2128763665797373,-3.209780468648949,-3.206684638401528,-3.2035888758331534,-3.200493180940361,-3.1973975537205077,-3.1943019941717306,-3.1912065022929244,-3.188111078083715,-3.185015721544448,-3.1819204326761863,-3.1788252114807194,-3.1757300579605814,-3.172634972119093,-3.1695399539604163,-3.1664450034896388,-3.163350120712885,-3.160255305637477,-3.157160558272136,-3.1540658786272573,-3.1509712667152643,-3.147876722551082,-3.144782246152752,-3.141687837542236,-3.1385934967464713,-3.135499223798753,-3.132405018740551,-3.1293108816239017,-3.1262168125145524,-3.123122811496133,-3.1200288786756603,-3.116935014190859,-3.113841218219892,-3.1107474909943496,-3.10765383281661,-3.1045602440831073,-3.1014667253156083,-3.0983732772033425,-3.095279900659905,-3.0921865969003095,-3.089093367545592,-3.0860002147651686,-3.082907141471081,-3.0798141515837107,-3.076721250396192,-3.073628445075452,-3.0705357453528714,-3.0674431644787465,-3.06435072054468,-3.061258438320402,-3.05816635181161,-3.055074507830935,-3.0519829709959096,-3.0488918307419026,-3.0458012111871238,-3.0427112850443905,-3.0396222932885553,-3.036534573029508,-3.0334485971106253,-3.030365030500215,-3.0272848107857198,-3.0242092633328386,-3.0211402663929947,-3.0180804882967416,-3.0150337288122917,-3.012005411134945,-3.009003291700512,-3.0060384846536685,-3.0031269396590896,-3.0002915696793755,-2.9975653029231717,-2.994995431287717,-2.9926497389652362,-2.9906249923615444,-2.9890583878602275,-2.9881423447307185
-3.590665203295339,-3.589875557400024,-3.5885072190708414,-3.58671149162504,-3.584598076165948,-3.582247212155398,-3.579718017586643,-3.5770543165817146,-3.5742887678826927,-3.5714458227369854,-3.5685438638316436,-3.5655967640126534,-3.5626150296145678,-3.559606643804853,-3.556577691694887,-3.553532825698906,-3.550475613320438,-3.547408798000627,-3.5443344954108325,-3.541254341627611,-3.538169605317653,-3.535081272916559,-3.5319901134810903,-3.528896728198128,-3.5258015882797524,-3.522705064043754,-3.5196074472867096,-3.5165089685400135,-3.513409810412375,-3.5103101179318488,-3.5072100065818193,-3.5041095685603842,-3.5010088776677453,-3.497907993131555,-3.4948069626082083,-3.4917058245432506,-3.488604610032173,-3.485503344290851,-3.4824020478202584,-3.479300737331211,-3.4761994264803007,-3.473098126456956,-3.4699968464528297,-3.466895594037985,-3.4637943754630762,-3.460693195902651,-3.457592059651497,-3.454490970283455,-3.4513899307801745,-3.448288943635723,-3.4451880109417967,-3.442087134457254,-3.43898631566501,-3.4358855558186794,-3.432784855980908,-3.4296842170549398,-3.426583639810667,-3.4234831249061894,-3.4203826729056797,-3.4172822842942314,-3.414181959490218,-3.4110816988556185,-3.407981502704642,-3.4048813713109642,-3.401781304913808,-3.3986813037230674,-3.395581367923625,-3.3924814976790136,-3.3893816931345255,-3.386281954419852,-3.3831822816513406,-3.3800826749339272,-3.376983134362798,-3.3738836600248243,-3.370784251999808,-3.3676849103615636,-3.3645856351788734,-3.3614864265163305,-3.358387284435091,-3.3552882089935503,-3.352189200247964,-3.349090258253021,-3.34599138306238,-3.342892574729187,-3.339793833306574,-3.336695158848157,-3.3335965514085397,-3.330498011043831,-3.32739953781219,-3.324301131774402,-3.3212027929945136,-3.318104521540517,-3.315006317485116,-3.3119081809065856,-3.3088101118897426,-3.30571211052705,-3.302614176919886,-3.2995163111800037,-3.2964185134312287,-3.2933207838114242,-3.2902231224747984,-3.2871255295946,-3.284028005094313,-3.280930548904214,-3.27783316096074,-3.2747358412059286,-3.271638589586913,-3.2685414060554696,-3.2654442905676153,-3.2623472430832408,-3.25925026356578,-3.2561533519819172,-3.2530565083013148,-3.249959732496374,-3.246863024542014,-3.2437663844154736,-3.2406698120961304,-3.2375733075653375,-3.2344768708062737,-3.231380501803807,-3.2282842005443726,-3.2251879670158607,-3.2220918012075126,-3.2189957031098286,-3.215899672714483,-3.212803710014248,-3.2097078150029232,-3.2066119876752746,-3.203516228026979,-3.2004205360545748,-3.1973249117554152,-3.19422935512764,-3.1911338661701434,-3.188038444882551,-3.184943091265209,-3.181847805319181,-3.1787525870462554,-3.1756574364489674,-3.172562353530636,-3.1694673382954237,-3.1663723907484176,-3.163277510895745,-3.1601826987447263,-3.157087954304083,-3.1539932775842088,-3.1508986685975278,-3.147804127358965,-3.1447096538865624,-3.1416152482022803,-3.138520910333058,-3.1354266403121893,-3.1323324381811446,-3.1292383039919596,-3.126144237810384,-3.1230502397200453,-3.119956309827961,-3.116862448271855,-3.1137686552298915,-3.110674930933662,-3.1075812756855425,-3.104487689881969,-3.1013941740447057,-3.0983007288629825,-3.095207355250396,-3.0921140544219603,-3.08902082799871,-3.0859276781500617,-3.082834607788057,-3.0797416208330755,-3.07664872257825,-3.073555920190508,-3.0704632234012275,-3.0673706454607013,-3.0642782044605275,-3.0611859251704256,-3.058093841596083,-3.0550020005501106,-3.051910466650013,-3.048819329331122,-3.045728712711586,-3.0426387895041365,-3.0395498006834964,-3.0364620833593645,-3.033376110374832,-3.030292546697789,-3.027212329915059,-3.024136785391422,-3.0210677913769484,-3.0180080162001826,-3.0149612596263595,-3.011932944846367,-3.0089308282894685,-3.0059660240906303,-3.0030544819001364,-3.0002191146592825,-2.9974928505452567,-2.9949229814090517,-2.9925772913753783,-2.990552546752537,-2.9889859437855506,-2.988069901551699
-3.590589717607967,-3.589800072397456,-3.588431735266813,-3.5866360094098466,-3.584522595839021,-3.582171733948246,-3.579642541679363,-3.5769788431151226,-3.5742132969673657,-3.571370354460074,-3.568468398262063,-3.565521301205062,-3.562539569612445,-3.55953118664288,-3.5565022374008017,-3.553457374294957,-3.5504001648245205,-3.547333352427177,-3.544259052771535,-3.5411789019319513,-3.5380941685733616,-3.5350058391299606,-3.5319146826573773,-3.5288213003415874,-3.525726163393939,-3.5226296421316303,-3.5195320283507594,-3.5164335525823325,-3.5133343974347446,-3.5102347079357936,-3.507134599568654,-3.504034164531252,-3.50093347662365,-3.4978325950733837,-3.4947315675367556,-3.4916304324592318,-3.4885292209362397,-3.485427958183602,-3.4823266647022475,-3.4792253572029552,-3.476124049342287,-3.4730227523096424,-3.4699214752966547,-3.4668202258733682,-3.463719010290421,-3.46061783372235,-3.457516700463931,-3.454415614088997,-3.4513145775791885,-3.4482135934285676,-3.445112663728824,-3.4420117902388117,-3.4389109744414417,-3.4358102175903253,-3.4327095207481055,-3.429608884818022,-3.4265083105699663,-3.4234077986620353,-3.4203073496584,-3.4172069640441527,-3.414106642237666,-3.411006384600918,-3.407906191448117,-3.4048060630529378,-3.401705999654603,-3.3986060014630053,-3.3955060686630274,-3.3924062014182024,-3.389306399873821,-3.3862066641595736,-3.3831069943918086,-3.38000739067546,-3.376907853105715,-3.3738083817694458,-3.3707089767464513,-3.367609638110548,-3.364510365930518,-3.3614111602709538,-3.3583120211930115,-3.355212948755086,-3.3521139430134332,-3.3490150040227413,-3.3459161318366704,-3.342817326508366,-3.339718588090959,-3.336619916638067,-3.333521312204294,-3.330422774845748,-3.327324304620588,-3.3242259015896005,-3.3211275658168313,-3.318029297370273,-3.3149310963226295,-3.3118329627521765,-3.308734896743731,-3.305636898389756,-3.3025389677916306,-3.2994411050611077,-3.296343310322014,-3.293245583712214,-3.290147925385916,-3.287050335516368,-3.283952814027055,-3.2808553608482525,-3.2777579759163977,-3.2746606591735268,-3.271563410566773,-3.2684662300479137,-3.265369117572964,-3.2622720731018156,-3.2591750965979016,-3.256078188027905,-3.2529813473614886,-3.2498845745710545,-3.246787869631521,-3.243691232520127,-3.2405946632162506,-3.2374981617012435,-3.234401727958284,-3.231305361972241,-3.2282090637295497,-3.2251128332181,-3.2220166704271334,-3.2189205753471484,-3.21582454796982,-3.2127285882879217,-3.209632696295253,-3.206536871986579,-3.2034411153575775,-3.200345426404785,-3.1972498051255576,-3.194154251518033,-3.191058765581104,-3.1879633473143985,-3.184867996718262,-3.1817727137937553,-3.1786774985426707,-3.1755823509675416,-3.1724872710716885,-3.169392258859274,-3.166297314335383,-3.163202437506143,-3.1601076283788743,-3.1570128869622986,-3.1539182132668104,-3.150823607304834,-3.1477290690912936,-3.1446345986442306,-3.141540195985608,-3.1384458611423636,-3.1353515941477905,-3.1322573950433603,-3.1291632638811073,-3.126069200726782,-3.122975205664012,-3.1198812787998134,-3.116787420271912,-3.113693630258471,-3.1105999089910816,-3.1075062567721212,-3.104412673998025,-3.1013191611905575,-3.098225719038949,-3.095132348456795,-3.0920390506591104,-3.088945827266931,-3.085852680449671,-3.0827596131193715,-3.079666629196413,-3.076573733973927,-3.073480934618839,-3.0703882408625245,-3.067295665955271,-3.0642032279886724,-3.0611109517324415,-3.0580188711922514,-3.0549270331806953,-3.05183550231525,-3.048744368031204,-3.045653754446646,-3.042563834274215,-3.0394748484885006,-3.036387134199002,-3.0333011642485195,-3.030217603604509,-3.0271373898531544,-3.024061848358289,-3.0209928573685803,-3.017933085210496,-3.0148863316461947,-3.0118580198619993,-3.008855906280406,-3.0058911050263406,-3.0029795657352074,-3.0001442013262722,-2.9974179399441976,-2.9948480733921596,-2.9925023857250603,-2.990477643150374,-2.9889110417698497,-2.987995000462088
-3.5905116779851625,-3.589722033482658,-3.588353697591162,-3.5865579733768613,-3.584444561758282,-3.582093702059099,-3.5795645121680058,-3.5769008161271456,-3.5741352726170907,-3.571292332837606,-3.5683903794386502,-3.5654432852372184,-3.562461556545122,-3.559453176511933,-3.5564242302349096,-3.5533793701171206,-3.550322163653241,-3.5472553542773824,-3.544181057655303,-3.5411009098590904,-3.538016179551865,-3.5349278531663666,-3.5318366997570556,-3.528743320508968,-3.5256481866326963,-3.5225516684448275,-3.519454057740966,-3.516355585051717,-3.513256432985149,-3.510156746568793,-3.5070566412856072,-3.5039562093333436,-3.500855524511917,-3.4977546460487448,-3.4946536216000315,-3.4915524896111623,-3.4884512811774986,-3.485350021514804,-3.4822487311239647,-3.479147426715721,-3.4760461219466037,-3.4729448280059865,-3.4698435540854793,-3.4667423077551067,-3.4636410952654937,-3.460539921791161,-3.457438791626874,-3.4543377083464573,-3.4512366749315433,-3.448135693876188,-3.445034767272074,-3.441933896878051,-3.4388330841770234,-3.435732330422601,-3.4326316366774243,-3.4295310038447293,-3.4264304326944064,-3.423329923884549,-3.4202294779793285,-3.417129095463834,-3.414028776756437,-3.410928522219115,-3.4078283321660736,-3.4047282068709883,-3.401628146573082,-3.398528151482245,-3.3954282217833596,-3.392328357639958,-3.389228559197331,-3.38612882658517,-3.3830291599198206,-3.3799295593062184,-3.376830024839549,-3.3737305566066853,-3.3706311546874264,-3.3675318191555865,-3.3644325500799495,-3.361333347525108,-3.358234211552218,-3.355135142219674,-3.3520361395837317,-3.3489372036990797,-3.3458383346193776,-3.3427395323977707,-3.339640797087391,-3.3365421287418555,-3.3334435274157688,-3.3303449931652396,-3.3272465260484263,-3.324148126126116,-3.3210497934623535,-3.317951528125131,-3.314853330187155,-3.3117551997267,-3.3086571368285824,-3.3055591415852668,-3.3024612140981318,-3.299363354478932,-3.2962655628514934,-3.2931678393536816,-3.2900701841397058,-3.2869725973828148,-3.283875079006493,-3.2807776289410153,-3.277680247122819,-3.2745829334939396,-3.2714856880015106,-3.2683885105973087,-3.265291401237349,-3.2621943598815206,-3.2590973864932584,-3.256000481039244,-3.2529036434891414,-3.2498068738153507,-3.246710171992791,-3.2436135379987023,-3.2405169718124616,-3.237420473415421,-3.234324042790759,-3.231227679923344,-3.228131384799611,-3.225035157407449,-3.2219389977360997,-3.2188429057760635,-3.2157468815190127,-3.2126509249577206,-3.209555036085988,-3.2064592148985795,-3.203363461391171,-3.2002677755603015,-3.197172157403325,-3.194076606918381,-3.1909811241043635,-3.1878857089608976,-3.184790361488329,-3.1816950816877214,-3.1785998695608644,-3.1755047251102924,-3.172409648339325,-3.1693146392521236,-3.1662196978537764,-3.1631248241504095,-3.1600300181493433,-3.156935279859299,-3.15384060929067,-3.150746006455882,-3.147651471369859,-3.1445570040506436,-3.1414626045201977,-3.138368272805457,-3.1352740089397173,-3.132179812964449,-3.1290856849316877,-3.125991624907183,-3.122897632974562,-3.1198037092408435,-3.1167098538437497,-3.1136160669614457,-3.1105223488255223,-3.1074286997383567,-3.104335120096384,-3.1012416104213707,-3.0981481714025456,-3.095054803953503,-3.091961509289259,-3.08886828903085,-3.08577514534769,-3.0826820811518183,-3.0795891003636138,-3.076496208276209,-3.0734034120565275,-3.0703107214359417,-3.0672181496647375,-3.064125714834502,-3.0610334417149376,-3.057941364311706,-3.0548495294373796,-3.051758001709408,-3.0486668705630366,-3.0455762601162895,-3.0424863430817117,-3.039397360433754,-3.0363096492817125,-3.0332236824680834,-3.030140124959875,-3.027059914342609,-3.0239843759791403,-3.0209153881166846,-3.0178556190795645,-3.0148088686267562,-3.011780559939866,-3.0087784494343888,-3.0058136512248748,-3.0029021149313406,-3.0000667534502785,-2.9973404948927227,-2.994770631012413,-2.992424945792075,-2.9904002053349408,-2.988833605594634,-2.9879175652443406
-3.59043100574727,-3.58964136197669,-3.5882730273662036,-3.5864773048500633,-3.584363895249683,-3.582013037816134,-3.579483850383165,-3.5768201569509355,-3.574054616167696,-3.571211679208173,-3.5683097287028382,-3.565362637453447,-3.5623809117598593,-3.5593725347622454,-3.556343591550446,-3.553298734521659,-3.5502415311659083,-3.5471747249136083,-3.544100431427576,-3.5410202867775515,-3.537935559624775,-3.5348472364004837,-3.5317560861579333,-3.5286627100811874,-3.5255675793800547,-3.522471064370492,-3.5193734568475907,-3.5162749873415415,-3.5131758384600773,-3.510076155230455,-3.506976053135409,-3.5038756243725064,-3.5007749427415145,-3.4976740674697266,-3.4945730462132465,-3.4914719174173747,-3.4883707121774052,-3.485269455709045,-3.482168168513132,-3.4790668673003653,-3.475965565727243,-3.4728642749831113,-3.469763004259558,-3.46666176112659,-3.463560551834814,-3.460459381558738,-3.457358254593117,-3.4542571745117634,-3.451156144296301,-3.448055166440779,-3.4449542430368756,-3.4418533758434333,-3.438752566343355,-3.4356518157902456,-3.4325511252467416,-3.4294504956160776,-3.4263499276681393,-3.4232494220610215,-3.4201489793588893,-3.4170486000468325,-3.4139482845432227,-3.4108480332100344,-3.407747846361473,-3.404647724271214,-3.401547667178478,-3.3984476752931556,-3.3953477488001282,-3.3922478878629287,-3.3891480926268476,-3.386048363221573,-3.382948699763451,-3.3798491023574178,-3.3767495710986584,-3.3736501060740443,-3.370550707363377,-3.3674513750404698,-3.364352109174107,-3.3612529098288797,-3.358153777065943,-3.3550547109436932,-3.351955711518385,-3.348856778844708,-3.345757912976322,-3.3426591139663704,-3.3395603818679875,-3.336461716734789,-3.3333631186213797,-3.3302645875838675,-3.3271661236804118,-3.324067726971799,-3.320969397522077,-3.317871135399237,-3.314772940675984,-3.3116748134305936,-3.308576753747883,-3.3054787617203174,-3.302380837449275,-3.2992829810465123,-3.2961851926358547,-3.2930874723551677,-3.2899898203586626,-3.2868922368195874,-3.283794721661427,-3.2806972748144556,-3.27759989621511,-3.2745025858054255,-3.2714053435325345,-3.268308169348213,-3.2652110632084774,-3.2621140250732172,-3.2590170549058666,-3.255920152673107,-3.252823318344601,-3.249726551892749,-3.2466298532924713,-3.243533222521005,-3.240436659557729,-3.2373401643839954,-3.2342437369829815,-3.231147377339555,-3.228051085440152,-3.22495486127266,-3.221858704826322,-3.2187626160916363,-3.2156665950602794,-3.2125706417250206,-3.2094747560796613,-3.2063789381189665,-3.2032831878386143,-3.20018750523514,-3.1970918903058996,-3.1939963430490326,-3.190900863463432,-3.1878054515487224,-3.1847101073052517,-3.181614830734082,-3.178519621837003,-3.1754244806165484,-3.1723294070760395,-3.1692344012196365,-3.1661394630524278,-3.16304459258054,-3.159949789811293,-3.156855054753409,-3.1537603874172815,-3.150665787815334,-3.1475712559624918,-3.144476791876796,-3.14138239558021,-3.13828806709967,-3.135193806468472,-3.1320996137280854,-3.129005488930545,-3.1259114321416024,-3.1228174434448834,-3.1197235229474063,-3.1166296707868946,-3.113535887141513,-3.110442172242853,-3.107348526393291,-3.1042549499892624,-3.1011614435525323,-3.0980680077723313,-3.094974643562254,-3.091881352137315,-3.0887881351185507,-3.085694994675375,-3.0826019337198285,-3.07950895617229,-3.0764160673258885,-3.0733232743475454,-3.070230586968632,-3.0671380184394295,-3.0640455868515186,-3.0609533169745933,-3.057861242814302,-3.054769411183197,-3.0516778866986973,-3.0485867587960045,-3.0454961515930776,-3.042406237802366,-3.0393172583981753,-3.0362295504895895,-3.0331435869187913,-3.0300600326523273,-3.0269798252750344,-3.023904290148756,-3.0208353055192094,-3.0177755397084955,-3.014728792472302,-3.0117004869873574,-3.0086983796619253,-3.005733584599823,-3.002822051405163,-2.9999866929508925,-2.997260437313282,-2.9946905761949636,-2.9923448935040518,-2.990320155236012,-2.9887535571913375,-2.9878375178308607
-3.590347620343031,-3.5895579773290294,-3.5881896440426995,-3.586393923281918,-3.5842805157677136,-3.5819296606761113,-3.5794004757840625,-3.576736785048329,-3.57397124708375,-3.5711283130391718,-3.568226365524919,-3.565279277326999,-3.562297554732919,-3.5592891808731286,-3.5562602408297974,-3.553215386994059,-3.550158186851129,-3.5470913838275986,-3.544017093583245,-3.540936952185379,-3.5378522282933025,-3.5347639083366964,-3.53167276136757,-3.5285793885689816,-3.5254842611499333,-3.5223877494257265,-3.5192901451909266,-3.5161916789752956,-3.5130925333862186,-3.5099928534506675,-3.506892754651145,-3.5037923291850297,-3.500691650851935,-3.497590778879026,-3.4944897609223013,-3.4913886354269765,-3.4882874334882725,-3.4851861803218376,-3.482084896428461,-3.4789835985188033,-3.4758823002493258,-3.4727810128093473,-3.4696797453904313,-3.466578505562565,-3.4634772995763377,-3.4603761326062434,-3.457275008947025,-3.454173932172486,-3.451072905264241,-3.4479719307163323,-3.4448710106204308,-3.441770146735376,-3.4386693405440645,-3.4355685933000966,-3.432467906066105,-3.4293672797453243,-3.4262667151076363,-3.423166212811133,-3.420065773419979,-3.4169653974192618,-3.4138650852273518,-3.410764837206223,-3.407664653670079,-3.4045645348925935,-3.401464481112987,-3.3983644925411487,-3.3952645693619607,-3.392164711738955,-3.3890649198174203,-3.3859651937270474,-3.3828655335841806,-3.3797659394937556,-3.376666411550957,-3.373566949842657,-3.3704675544486555,-3.3673682254427666,-3.3642689628937736,-3.361169766866268,-3.358070637421406,-3.3549715746175814,-3.351872578511051,-3.348773649156503,-3.345674786607598,-3.3425759909174797,-3.339477262139282,-3.3363786003266207,-3.3332800055341,-3.33018147781783,-3.3270830172359678,-3.3239846238493014,-3.3208862977218785,-3.3177880389216905,-3.314689847521443,-3.311591723599411,-3.308493667240414,-3.3053956785369154,-3.3022977575902948,-3.2991999045123084,-3.2961021194267826,-3.2930044024715848,-3.2899067538009255,-3.2868091735880536,-3.283711661756454,-3.2806142182363995,-3.2775168429643267,-3.2744195358822705,-3.2713222969373636,-3.2682251260813815,-3.2651280232703392,-3.2620309884641268,-3.2589340216261777,-3.2558371227231735,-3.2527402917247774,-3.2496435286033893,-3.246546833333929,-3.2434502058936343,-3.240353646261883,-3.237257154420026,-3.234160730351242,-3.2310643740403986,-3.2279680854739308,-3.224871864639728,-3.2217757115270316,-3.2186796261263395,-3.215583608429327,-3.212487658428767,-3.2093917761184585,-3.2062959614931654,-3.2032002145485667,-3.200104535281199,-3.197008923688417,-3.19391337976836,-3.190817903519921,-3.1877224949427263,-3.184627154037121,-3.18153188080417,-3.17843667524566,-3.175341537364126,-3.172246467162889,-3.1691514646461103,-3.166056529818878,-3.1629616626873167,-3.1598668632587477,-3.156772131541893,-3.1536774675471464,-3.1505828712869315,-3.1474883427761746,-3.1443938820329174,-3.14129948907912,-3.1382051639417208,-3.135110906654014,-3.1320167172574718,-3.128922595804127,-3.125828542359731,-3.1227345570079112,-3.1196406398556844,-3.1165467910407756,-3.1134530107413485,-3.1103592991889943,-3.1072656566860903,-3.1041720836290714,-3.1010785805397036,-3.0979851481072163,-3.0948917872452046,-3.0917984991686835,-3.0887052854986874,-3.0856121484046324,-3.0825190907985576,-3.0794261166008403,-3.07633323110461,-3.0732404414767864,-3.070147757448737,-3.067055192270739,-3.0639627640343687,-3.0608704975093084,-3.057778426701193,-3.054686598422554,-3.05159507729078,-3.0485039527410263,-3.0454133488911856,-3.042323438453605,-3.039234462402444,-3.0361467578465673,-3.033060797627834,-3.0299772467123107,-3.026897042684129,-3.0238215109040834,-3.0207525296163427,-3.017692767140715,-3.0146460232294867,-3.0116177210543453,-3.008615617016074,-3.005650825207401,-3.0027392952159975,-2.999903939890474,-2.9971776872711646,-2.994607829007874,-2.9922621489315895,-2.9902374129263833,-2.9886708166344573,-2.9877547782971385
-3.590261439345965,-3.589471797113945,-3.5881034651962356,-3.586307746249754,-3.584194340891777,-3.58184348822076,-3.5793143059549486,-3.576650618006254,-3.573885082954981,-3.571042151923228,-3.5681402075004933,-3.5651931224565083,-3.5622114030660117,-3.559203032449404,-3.5561740956809307,-3.553129245145455,-3.550072048323222,-3.547005248636875,-3.543930961743046,-3.5408508237065393,-3.537766103184648,-3.5346777866054473,-3.531586643019657,-3.5284932736093007,-3.525398149582542,-3.5223016412540096,-3.5192040404177196,-3.5161055776029926,-3.513006435416853,-3.5099067588859807,-3.5068066634926387,-3.5037062414340103,-3.500605566509548,-3.4975046979462876,-3.4944036834001175,-3.491302561316164,-3.488201362789574,-3.485100113035937,-3.4819988325559916,-3.4788975380603535,-3.4757962432054508,-3.472694959180572,-3.469593695177257,-3.4664924587654706,-3.463391256195785,-3.460290092642682,-3.457188972400889,-3.4540878990442008,-3.4509868755542237,-3.4478859044249917,-3.444784987748169,-3.441684127282589,-3.4385833245111455,-3.4354825806874336,-3.4323818968740842,-3.429281273974325,-3.426180712758038,-3.4230802138833134,-3.419979777914315,-3.416879405336126,-3.4137790965671173,-3.4106788519692586,-3.4075786718567556,-3.4044785565032796,-3.401378506148052,-3.398278521000961,-3.395178601246886,-3.3920787470493594,-3.3889789585536705,-3.385879235889508,-3.382779579173217,-3.379679988509733,-3.37658046399424,-3.37348100571361,-3.3703816137476426,-3.3672822881701516,-3.36418302904992,-3.3610838364515407,-3.357984710436168,-3.3548856510621983,-3.3517866583858864,-3.348687732461921,-3.345588873343961,-3.3424900810851517,-3.3393913557386266,-3.336292697358002,-3.3331941059978814,-3.3300955817143754,-3.3269971245656427,-3.32389873461247,-3.3208004119189045,-3.3177021565529388,-3.3146039685872783,-3.3115058481001998,-3.308407795176521,-3.305309809908706,-3.3022118923981356,-3.2991140427565666,-3.2960162611078254,-3.2929185475897804,-3.2898209023566425,-3.2867233255816615,-3.2836258171883217,-3.2805283771068963,-3.2774310052738205,-3.27433370163113,-3.2712364661259565,-3.268139298710075,-3.2650421993395016,-3.2619451679741225,-3.2588482045773737,-3.255751309115936,-3.2526544815594725,-3.2495577218803833,-3.246461030053587,-3.243364406056322,-3.2402678498679642,-3.237171361469866,-3.2340749408452045,-3.2309785879788486,-3.2278823028572323,-3.224786085468246,-3.22168993580113,-3.2185938538463836,-3.2154978395956824,-3.2124018930417964,-3.2093060141785252,-3.2062102030006345,-3.203114459503802,-3.200018783684564,-3.1969231755402747,-3.193827635069075,-3.190732162269857,-3.1876367571422466,-3.18454141968659,-3.181446149903951,-3.1783509477961163,-3.1752558133656223,-3.1721607466157873,-3.1690657475507744,-3.1659708161756703,-3.1628759524966026,-3.1597811565208906,-3.156686428257257,-3.153591767716094,-3.1504971749098263,-3.14740264985338,-3.1443081925647958,-3.1412138030660364,-3.138119481384038,-3.1350252275520964,-3.1319310416116823,-3.1288369236148297,-3.125742873627289,-3.122648891732687,-3.1195549780380434,-3.1164611326810796,-3.1133673558399613,-3.11027364774628,-3.1071800087024126,-3.104086439104793,-3.100992939475189,-3.0978995105028293,-3.094806153101308,-3.0917128684856414,-3.0886196582768637,-3.0855265246443904,-3.08243347050026,-3.0793404997648506,-3.0762476177312887,-3.073154831566493,-3.0700621510018293,-3.066969589287569,-3.0638771645152807,-3.06078490145464,-3.057692834111266,-3.0546010092976683,-3.0515094916312044,-3.0484183705469823,-3.0453277701628236,-3.042237863190973,-3.039148890605436,-3.036061189514852,-3.032975232760744,-3.029891685308686,-3.026811484742076,-3.023735956420629,-3.0206669785869127,-3.017607219558363,-3.0145604790837517,-3.011532180329555,-3.0085300796888275,-3.0055652912428337,-3.002653764562253,-2.99981841247054,-2.9970921629708873,-2.9945223076584973,-2.99217663028464,-2.990151896618253,-2.988585302137933,-2.98766926485813
-3.5901723784543607,-3.5893827370304954,-3.588014406527212,-3.586218689455757,-3.5841052863261758,-3.5817544361567584,-3.5792252566050853,-3.5765615715367103,-3.5737960394962514,-3.570953111578161,-3.5680511703504174,-3.56510408856593,-3.5621223724862396,-3.5591140052213657,-3.5560850718373604,-3.5530402247126083,-3.5499830313222165,-3.546916235084749,-3.5438419516535866,-3.54076181709094,-3.537677100052034,-3.5345887869632833,-3.5314976468740715,-3.5284042809653497,-3.5253091604444204,-3.522212655625214,-3.5191150583011814,-3.5160165990011865,-3.512917460331881,-3.509817787319642,-3.5067176954464863,-3.503617276909394,-3.5005166055076526,-3.4974157404681603,-3.494314729446696,-3.491213610888294,-3.4881124158880246,-3.4850111696614126,-3.4819098927091434,-3.4788086017417914,-3.4757073104157463,-3.472606029920269,-3.469504769446872,-3.4664035365654997,-3.463302337526708,-3.46020117750496,-3.4571000607949744,-3.4539989909705326,-3.450897971013232,-3.4477970034170995,-3.4446960902737924,-3.441595233342138,-3.4384944341050243,-3.435393693816045,-3.432293013537826,-3.429192394173593,-3.4260918364932236,-3.4229913411548063,-3.4198909087225036,-3.4167905396813976,-3.4136902344498563,-3.410589993389848,-3.4074898168155783,-3.4043897050007175,-3.401289658184484,-3.3981896765767674,-3.3950897603624464,-3.3919899097050514,-3.3888901247498717,-3.3857904056265955,-3.3826907524515692,-3.3795911653297255,-3.3764916443562507,-3.3733921896180155,-3.370292801194819,-3.3671934791604765,-3.36409422358377,-3.3609950345292914,-3.357895912058196,-3.3547968562288792,-3.351697867097595,-3.348598944719034,-3.3455000891468547,-3.3424013004342026,-3.3393025786342094,-3.3362039238004937,-3.3331053359876583,-3.3300068152518136,-3.3269083616511175,-3.3238099752463586,-3.3207116561015835,-3.3176134042847845,-3.314515219868668,-3.311417102931511,-3.3083190535581326,-3.3052210718409976,-3.3021231578814856,-3.2990253117913544,-3.295927533694431,-3.292829823728584,-3.2897321820480245,-3.2866346088260046,-3.283537103986008,-3.280439667458307,-3.2773422991793373,-3.274244999091133,-3.2711477671408242,-3.2680506032801877,-3.264953507465237,-3.2618564796558607,-3.258759519815492,-3.2556626279108127,-3.2525658039114855,-3.2494690477899097,-3.2463723595210046,-3.2432757390820073,-3.2401791864522953,-3.23708270161322,-3.2339862845479592,-3.2308899352413807,-3.22779365367992,-3.2246974398514654,-3.221601293745257,-3.2185052153517963,-3.215409204662756,-3.212313261670907,-3.2092173863700504,-3.2061215787549506,-3.2030258388212838,-3.1999301665655877,-3.1968345619852188,-3.1937390250783144,-3.190643555843767,-3.1875481542812043,-3.1844528203909706,-3.1813575541741295,-3.1782623556324694,-3.175167224768525,-3.1720721615856173,-3.1689771660879065,-3.1658822382804805,-3.162787378169466,-3.1596925857621834,-3.156597861067354,-3.1535032040953705,-3.150408614858659,-3.147314093372144,-3.144219639653867,-3.14112525372579,-3.1380309356148497,-3.1349366853543423,-3.131842502985738,-3.1287483885610707,-3.125654342146091,-3.1225603638244266,-3.1194664537030947,-3.11637261191982,-3.1132788386527666,-3.1101851341335247,-3.107091498664473,-3.103997932642046,-3.1009044365880114,-3.0978110111915975,-3.0947176573663984,-3.091624376327429,-3.0885311696957243,-3.085438039640699,-3.0823449890743917,-3.0792520219171786,-3.076159143462187,-3.0730663608763336,-3.069973683890979,-3.0668811257563915,-3.0637887045641348,-3.060696445083872,-3.057604381321209,-3.054512560088633,-3.0514210460034685,-3.0483299285007748,-3.0452393316983013,-3.042149428308186,-3.0390604593042743,-3.035972761794972,-3.0328868086214578,-3.029803264748793,-3.0267230677596215,-3.023647543012539,-3.02057856874846,-3.0175188132823676,-3.0144720763594033,-3.011443781140657,-3.0084416840111965,-3.005476899040438,-3.0025653757814994,-2.999730027031838,-2.997003780756263,-2.994433928493544,-2.992088253912569,-2.990063522663285,-2.9884969300552084,-2.9875808938683184
-3.590080351495285,-3.5892907109065337,-3.5879223818648627,-3.5861266667309817,-3.584013265904133,-3.581662418319769,-3.5791332415727752,-3.576469559480805,-3.5737040305515966,-3.5708611058510353,-3.5679591679248617,-3.5650120895086013,-3.562030376850161,-3.559022013048829,-3.5559930831621918,-3.552948239561939,-3.5498910497178704,-3.546824257044331,-3.5437499771913465,-3.5406698462184463,-3.5375851327787133,-3.5344968232968457,-3.5314056868208503,-3.5283123245305736,-3.5252172076324233,-3.522120706439608,-3.5190231127449967,-3.5159246570769787,-3.5128255220418207,-3.5097258526655892,-3.506625764430045,-3.5035253495319614,-3.5004246817704527,-3.497323820372278,-3.4942228129930983,-3.4911216980778526,-3.4880205067215337,-3.484919264139602,-3.4818179908326874,-3.4787167035113193,-3.4756154158318524,-3.4725141389835135,-3.46941288215779,-3.4663116529246043,-3.463210457534492,-3.460109301161903,-3.45700818810154,-3.453907121927174,-3.4508061056203947,-3.447705141675219,-3.4446042321832997,-3.4415033789034575,-3.438402583318576,-3.435301846682243,-3.432201170057081,-3.4291005543463124,-3.426000000319814,-3.4228995086356697,-3.41979907985804,-3.4166987144720053,-3.413598412895934,-3.410498175491793,-3.4073980025737853,-3.40429789441558,-3.4011978512563963,-3.398097873306121,-3.3949979607496346,-3.3918981137504662,-3.3887983324539044,-3.3856986169896373,-3.3825989674740087,-3.379499384011952,-3.376399866698655,-3.373300415620987,-3.3702010308587473,-3.3671017124857494,-3.364002460570776,-3.3609032751784187,-3.3578041563698333,-3.3547051042034144,-3.3516061187354174,-3.348507200020532,-3.345408348112416,-3.342309563064216,-3.339210844929064,-3.3361121937605773,-3.3330136096133605,-3.329915092543523,-3.3268166426092236,-3.323718259871251,-3.3206199443936524,-3.3175216962444196,-3.3144235154962596,-3.311325402227449,-3.3082273565228064,-3.3051293784747977,-3.3020314681848038,-3.298933625764582,-3.2958358513379618,-3.292738145042811,-3.289640507033342,-3.2865429374828072,-3.2834454363146897,-3.2803480034592605,-3.277250638852956,-3.2741533424378093,-3.271056114160951,-3.2679589539741567,-3.2648618618334417,-3.261764837698693,-3.258667881533343,-3.255570993304074,-3.252474172980548,-3.2493774205351644,-3.246280735942841,-3.2431841191808157,-3.240087570228466,-3.2369910890671436,-3.233894675680025,-3.2307983300519787,-3.2277020521694393,-3.2246058420202948,-3.2215096995937857,-3.2184136248804123,-3.2153176178718486,-3.2122216785608666,-3.2091258069412647,-3.2060300030078084,-3.202934266756175,-3.1998385981829003,-3.196742997285342,-3.193647464061636,-3.190551998510676,-3.1874566006320877,-3.184361270426218,-3.1812660078941275,-3.178170813037608,-3.175075685859192,-3.1719806263622,-3.168885634550794,-3.1657907104300613,-3.1626958540061283,-3.1596010652863153,-3.156506344279344,-3.153411690995608,-3.150317105447533,-3.1472225876500435,-3.1441281376211796,-3.141033755382904,-3.1379394409621533,-3.1348451943922218,-3.1317510157145825,-3.128656904981269,-3.1255628622580303,-3.122468887628495,-3.1193749811996816,-3.1162811431093127,-3.113187373535555,-3.1100936727099975,-3.107000040935019,-3.1039064786070534,-3.1008129862478677,-3.0977195645466913,-3.094626214417119,-3.0915329370741653,-3.0884397341388645,-3.0853466077806315,-3.082253560911503,-3.0791605974518563,-3.0760677226948165,-3.072974943807298,-3.0698822705206608,-3.0667897160851676,-3.0636972985923734,-3.060605042811933,-3.0575129827494356,-3.054421165217347,-3.051329654832957,-3.048238541031273,-3.0451479479299706,-3.042058048241077,-3.0389690829382747,-3.035881389129728,-3.0327954396562573,-3.0297118994823964,-3.026631706190007,-3.023556185136531,-3.0204872145611716,-3.017427462776382,-3.014380729523548,-3.011352437958196,-3.008350344457139,-3.0053855630775512,-3.0024740433544013,-2.999638698058283,-2.9969124551143413,-2.9943426060030336,-2.991996934308114,-2.9899722055565694,-2.988405614883196,-2.9874895798256778
-3.589985270432958,-3.589195630707084,-3.587827303175614,-3.586031590043719,-3.5839181915961555,-3.581567346682779,-3.5790381728337013,-3.576374493817081,-3.5736089681025516,-3.5707660467264812,-3.567864112211634,-3.5649170372755723,-3.561935328152115,-3.5589269679294633,-3.555898041656458,-3.5528532016978684,-3.5497960155180115,-3.5467292265268755,-3.5436549503710153,-3.540574823107194,-3.5374901133862795,-3.5344018076312,-3.5313106748885374,-3.5282173163369936,-3.5251222031820535,-3.52202570573618,-3.51892811579164,-3.5158296638763353,-3.512730532596137,-3.5096308669767855,-3.50653078249978,-3.5034303713616746,-3.500329707361408,-3.4972288497255954,-3.4941278461097793,-3.4910267349588002,-3.487925547367568,-3.4848243085514756,-3.481723039011099,-3.4786217554569188,-3.4755204715452517,-3.472419198465292,-3.4693179454085,-3.4662167199447755,-3.4631155283246366,-3.4600143757225137,-3.456913266433099,-3.4538122040301507,-3.4507111914952477,-3.447610231322401,-3.4445093256032533,-3.441408476096621,-3.438307684285382,-3.435206951423121,-3.4321062785724568,-3.429005666636607,-3.425905116385446,-3.4228046284770564,-3.419704203475595,-3.4166038418661415,-3.4135035440670602,-3.4104033104403197,-3.4073031413001207,-3.4042030369201326,-3.401102997539572,-3.398003023368325,-3.394903114591272,-3.3918032713719413,-3.388703493855621,-3.385603782171998,-3.3825041364374173,-3.3794045567568136,-3.3763050432253703,-3.3732055959299583,-3.3701062149503764,-3.367006900360438,-3.3639076522289257,-3.360808470620432,-3.357709355596112,-3.35461030721436,-3.3515113255314324,-3.3484124106020174,-3.3453135624797734,-3.342214781217846,-3.339116066869369,-3.3360174194879586,-3.332918839128219,-3.3298203258462613,-3.3267218797002434,-3.3236235007509536,-3.320525189062439,-3.317426944702694,-3.314328767744425,-3.3112306582659095,-3.3081326163519655,-3.3050346420950594,-3.3019367355965725,-3.298838896968264,-3.2957411263339624,-3.2926434238315365,-3.2895457896151994,-3.286448223858204,-3.2833507264840334,-3.2802532974229592,-3.2771559366114156,-3.2740586439914363,-3.2709614195101504,-3.267864263119334,-3.2647671747750016,-3.261670154437039,-3.2585732020688805,-3.255476317637207,-3.2523795011116805,-3.2492827524646994,-3.246186071671183,-3.2430894587083676,-3.2399929135556302,-3.236896436194322,-3.2338000266076214,-3.2307036847803947,-3.2276074106990773,-3.2245112043515567,-3.2214150657270744,-3.21831899481613,-3.2152229916103985,-3.2121270561026494,-3.2090311882866827,-3.2059353881572643,-3.2028396557100693,-3.199743990941636,-3.196648393849318,-3.193552864431255,-3.19045740268634,-3.187362008614198,-3.1842666822151764,-3.181171423490338,-3.1780762324414695,-3.1749811090711066,-3.1718860533825706,-3.1687910653800206,-3.165696145068546,-3.162601292454272,-3.1595065075445183,-3.156411790348008,-3.1533171408751337,-3.150222559138321,-3.147128045152494,-3.144033598935695,-3.1409392205098845,-3.1378449099020007,-3.1347506671453376,-3.1316564922813668,-3.1285623853621245,-3.125468346453358,-3.1223743756386972,-3.119280473025158,-3.1161866387504653,-3.1130928729927843,-3.1099991759837056,-3.106905548025607,-3.103811989514924,-3.100718500973422,-3.0976250830903314,-3.0945317367792455,-3.0914384632551806,-3.0883452641391704,-3.0852521416006295,-3.0821590985515934,-3.0790661389124385,-3.075973267976288,-3.072880492910056,-3.069787823445098,-3.066695272831673,-3.0636028591613287,-3.06051060720371,-3.05741855096439,-3.05432673725581,-3.0512352306952253,-3.048144120717592,-3.045053531440507,-3.0419636355758826,-3.0388746740972348,-3.035786984112475,-3.032701038462055,-3.0296175021099643,-3.026537312637257,-3.0234617954001815,-3.020392828636176,-3.0173330806550736,-3.014286351194385,-3.0112580634038846,-3.008255973651858,-3.0052911959828292,-3.002379679913018,-2.9995443381852587,-2.996818098683712,-2.9942482528285836,-2.9919025841156643,-2.989877857944896,-2.988311269270545,-2.9873952353799456
-3.589887045381688,-3.5890974065472716,-3.5877290805760245,-3.585933369512427,-3.5838199735229552,-3.5814691313690377,-3.578939960513865,-3.5762762846744622,-3.5735107622810935,-3.570667844339634,-3.5677659133491075,-3.564818842008522,-3.561837136537138,-3.5588287800117056,-3.5557998574720275,-3.5527550212757273,-3.549697838881455,-3.546631053694698,-3.543556781358426,-3.5404766579265416,-3.537391952047627,-3.534303650142777,-3.5312125212571086,-3.528119166568137,-3.5250240572803944,-3.5219275637055762,-3.518829977635327,-3.5157315295970415,-3.512632402196181,-3.509532740458152,-3.5064326598641795,-3.5033322526105977,-3.5002315924961622,-3.4971307387473383,-3.494029739019543,-3.4909286317575163,-3.4878274480560854,-3.4847262131305725,-3.4816249474814955,-3.4785236678192875,-3.475422387800224,-3.472321118613467,-3.469219869450448,-3.4661186478810433,-3.463017460155751,-3.459916311448987,-3.4568152060554276,-3.45371414754882,-3.450613138910733,-3.4475121826351693,-3.444411280813764,-3.441310435205327,-3.4382096472927293,-3.435108918329552,-3.43200824937841,-3.428907641342519,-3.4258070949917485,-3.4227066109841795,-3.4196061898839676,-3.4165058321761914,-3.4134055382792114,-3.4103053085549955,-3.407205143317742,-3.4041050428411195,-3.4010050073643456,-3.397905037097306,-3.394805132224878,-3.3917052929105904,-3.3886055192997313,-3.385505811521987,-3.382406169693701,-3.379306593919807,-3.3762070842954883,-3.373107640907617,-3.3700082638359907,-3.3669089531544243,-3.3638097089316985,-3.3607105312324066,-3.3576114201177014,-3.3545123756459803,-3.3514133978734972,-3.3483144868549415,-3.345215642643972,-3.3421168652937343,-3.3390181548573623,-3.335919511388473,-3.3328209349416706,-3.3297224255730637,-3.326623983340813,-3.323525608305706,-3.32042730053179,-3.31732906008706,-3.3142308870442223,-3.311132781481554,-3.3080347434838746,-3.30493677314365,-3.301838870562264,-3.298741035851474,-3.29564326913511,-3.2925455705510416,-3.2894479402534826,-3.2863503784156873,-3.2832528849611378,-3.280155459820105,-3.2770581029290224,-3.2739608142299232,-3.2708635936699366,-3.2677664412008385,-3.264669356778643,-3.2615723403632364,-3.258475391918051,-3.255378511409769,-3.25228169880805,-3.2491849540852944,-3.2460882772164195,-3.242991668178663,-3.239895126951401,-3.236798653515984,-3.233702247855589,-3.230605909955085,-3.227509639800905,-3.2244134373809388,-3.2213173026844264,-3.2182212357018667,-3.2151252364249356,-3.212029304846403,-3.2089334409600685,-3.2058376447606958,-3.202741916243962,-3.199646255406404,-3.1965506622453774,-3.193455136759021,-3.190359678946229,-3.1872642888066247,-3.1841689663405557,-3.1810737115490832,-3.1779785244339966,-3.1748834049978307,-3.1717883532439046,-3.1686933691763803,-3.1655984528003436,-3.162503604121922,-3.159408823148437,-3.1563141098886094,-3.153219464352832,-3.150124886553531,-3.1470303765056307,-3.1439359342271715,-3.1408415597401165,-3.1377472530714017,-3.134653014254324,-3.131558843330352,-3.1284647403515224,-3.125370705383584,-3.122276738510166,-3.119182839838286,-3.116089009505667,-3.112995247690474,-3.1099015546242983,-3.1068079306095178,-3.1037143760425665,-3.1006208914452116,-3.0975274775066826,-3.0944341351405735,-3.0913408655618992,-3.0882476703916937,-3.0851545517993717,-3.08206151269697,-3.078968557004863,-3.075875690016173,-3.072782918897811,-3.069690253381129,-3.066597706716382,-3.063505296995111,-3.0604130489869483,-3.057320996697452,-3.0542291869390383,-3.0511376843289257,-3.048046578302017,-3.04495599297583,-3.0418661010621566,-3.0387771435343396,-3.0356894575000317,-3.032603515799305,-3.0295199833955833,-3.0264397978690893,-3.0233642845748374,-3.020295321748439,-3.0172355776970257,-3.0141888521540996,-3.0111605682634974,-3.0081584823846907,-3.0051937085491374,-3.002282196253683,-2.9994468582124876,-2.9967206222673677,-2.994150779776284,-2.991805114144149,-2.9897803906396496,-2.9882138040305413,-2.987297771345517
-3.5897855846238382,-3.588995946710299,-3.587627622350765,-3.585831913423722,-3.5837185199734636,-3.581367680670071,-3.578838512907605,-3.57617484035027,-3.5734093213876634,-3.5705664069941587,-3.567664479644259,-3.5647174120178033,-3.561735710319014,-3.5587273576128107,-3.555698438929663,-3.5526536066198107,-3.5495964281360504,-3.5465296468792187,-3.543455378488582,-3.5403752590150908,-3.5372905571049644,-3.5342022591774063,-3.5311111342760135,-3.5280177835770816,-3.524922678284158,-3.5218261887081432,-3.5187286066400363,-3.515630162606713,-3.5125310392132088,-3.5094313814845877,-3.506331304901792,-3.503230901660926,-3.500130245560556,-3.4970293958269907,-3.4939284001155237,-3.490827296870788,-3.4877261171875227,-3.4846248862809808,-3.4815236246516186,-3.4784223490098207,-3.4753210730118202,-3.472219807846745,-3.4691185627059977,-3.4660173451594307,-3.4629161614575206,-3.459815016774666,-3.456713915405529,-3.453612860923844,-3.45051185631117,-3.4474109040615,-3.4443100062664636,-3.441209164684864,-3.4381083807995676,-3.435007655864148,-3.4319069909412168,-3.4288063869339873,-3.425705844612327,-3.4226053646343115,-3.4195049475640946,-3.4164045938867527,-3.413304304020646,-3.4102040783277414,-3.4071039171222353,-3.404003820677795,-3.400903789233638,-3.3978038229996477,-3.3947039221607005,-3.391604086880327,-3.3885043173038114,-3.385404613560841,-3.3823049757677595,-3.3792054040294994,-3.3761058984412453,-3.373006459089867,-3.3699070860551648,-3.366807779410951,-3.3637085392260064,-3.3606093655649234,-3.357510258488858,-3.3544112180562036,-3.351312244323217,-3.348213337344586,-3.34511449717397,-3.3420157238645145,-3.3389170174693525,-3.335818378042101,-3.332719805637365,-3.329621300311254,-3.326522862121928,-3.323424491130176,-3.3203261874000454,-3.3172279509995293,-3.314129782001336,-3.3110316804837434,-3.3079336465315703,-3.304835680237285,-3.301737781702268,-3.2986399510382793,-3.29554218836915,-3.2924444938327504,-3.2893468675832955,-3.28624930979404,-3.2831518203884644,-3.2800543992968403,-3.2769570464556006,-3.273859761806778,-3.2707625452975018,-3.2676653968795466,-3.2645683165089254,-3.2614713041455254,-3.2583743597527794,-3.255277483297366,-3.252180674748947,-3.249083934079922,-3.245987261265208,-3.2428906562820425,-3.2397941191098014,-3.2366976497298365,-3.2336012481253245,-3.230504914281132,-3.2274086481836943,-3.2243124498208995,-3.2212163191819885,-3.218120256257459,-3.215024261038987,-3.2119283335193423,-3.208832473692325,-3.2057366815526986,-3.2026409570961403,-3.1995453003191865,-3.1964497112191927,-3.193354189794297,-3.1902587360433934,-3.1871633499661063,-3.184068031562782,-3.1809727808344834,-3.1778775977829996,-3.1747824824108646,-3.1716874347213984,-3.1685924547187616,-3.1654975424080423,-3.162402697795367,-3.1593079208880552,-3.1562132116948294,-3.1531185702260824,-3.1500239964942396,-3.146929490514225,-3.1438350523040817,-3.140740681885771,-3.1376463792862297,-3.134552144538752,-3.1314579776848093,-3.1283638787764376,-3.125269847879385,-3.1221758850772807,-3.119081990477142,-3.1159881642166933,-3.1128944064740987,-3.1098007174809505,-3.1067070975396254,-3.1036135470465585,-3.100520066523516,-3.097426656659728,-3.0943333183687898,-3.0912400528657153,-3.0881468617715386,-3.0850537472556736,-3.081960712230156,-3.078867760615361,-3.0757748977044086,-3.072682130664207,-3.069589469226105,-3.0664969266403537,-3.0634045209984855,-3.060312277070122,-3.0572202288608037,-3.0541284231829224,-3.0510369246536584,-3.047945822707858,-3.0448552414629573,-3.0417653536306273,-3.0386764001840287,-3.035588718230549,-3.0325027806098657,-3.0294192522848205,-3.026339070834776,-3.023263561613471,-3.020194602854632,-3.017134862862599,-3.014088141366735,-3.0110598615047377,-3.00805777962698,-3.0050930097514166,-3.002181501354884,-2.999346167121919,-2.9966199348505995,-2.9940500958345826,-2.991704433384906,-2.9896797126346684,-2.9881131281589606,-2.9871970967192985
-3.589680794633312,-3.5888911576709237,-3.5875228349760864,-3.5857271282558356,-3.5836137374282657,-3.581262901069108,-3.5787337365010177,-3.5760700673336445,-3.5733045519145827,-3.5704616411856693,-3.567559717596078,-3.5646126538058476,-3.561630956003673,-3.558622607242252,-3.5555936925424123,-3.5525488642467677,-3.549491689802071,-3.546424912604354,-3.5433506482890587,-3.540270532904085,-3.5371858350932133,-3.5340975412736926,-3.531006420487551,-3.5279130739098226,-3.5248179727430395,-3.5217214872972797,-3.5186239093628804,-3.515525469466176,-3.512426350211764,-3.5093266966243526,-3.5062266241845945,-3.503126225088354,-3.5000255731340055,-3.4969247275476953,-3.493823735984587,-3.490722636889204,-3.4876214613561953,-3.4845202346007387,-3.4814189771232313,-3.478317705634005,-3.475216433789253,-3.4721151727780653,-3.469013931791814,-3.4659127184003258,-3.4628115388540586,-3.4597103983273922,-3.4566093011149737,-3.4535082507905264,-3.450407250335596,-3.4473063022441686,-3.4442054086078637,-3.441104571185478,-3.4380037914598724,-3.434903070684618,-3.4318024099223203,-3.4287018100761886,-3.425601271916087,-3.422500796100091,-3.41940038319235,-3.416300033677939,-3.413199747975217,-3.4100995264461473,-3.406999369404927,-3.403899277125221,-3.4007992498462465,-3.3976992877778858,-3.3945993911050145,-3.391499559991162,-3.3883997945816136,-3.3853000950060563,-3.3822004613808327,-3.379100893810875,-3.376001392391368,-3.3729019572091796,-3.3698025883441107,-3.3667032858699733,-3.3636040498555486,-3.3605048803654283,-3.357405777460767,-3.35430674119996,-3.3512077716392623,-3.348108868833363,-3.345010032835921,-3.3419112637000827,-3.3388125614789814,-3.3357139262262336,-3.332615357996444,-3.329516856845723,-3.3264184228322313,-3.3233200560167573,-3.320221756463348,-3.3171235242399972,-3.3140253594194142,-3.310927262079875,-3.3078292323062013,-3.3047312701908593,-3.3016333758352334,-3.298535549351083,-3.2954377908622385,-3.2923401005065718,-3.2892424784382985,-3.286144924830675,-3.283047439607182,-3.279950022698089,-3.2768526740398287,-3.2737553935744326,-3.27065818124903,-3.267561037015395,-3.2644639608295405,-3.261366952651353,-3.258270012444265,-3.2551731401749566,-3.2520763358130877,-3.2489795993310584,-3.2458829307037846,-3.2427863299085047,-3.239689796924594,-3.2365933317334026,-3.2334969343181084,-3.230400604663578,-3.227304342756246,-3.2242081485840006,-3.2211120221360816,-3.2180159634029883,-3.214919972376394,-3.2118240490490715,-3.208728193414818,-3.2056324054684,-3.2025366852054926,-3.199441032622634,-3.196345447717178,-3.1932499304872626,-3.190154480931781,-3.1870590990503587,-3.1839637848433426,-3.180868538311795,-3.1777733594575035,-3.1746782482830045,-3.1715832047916166,-3.1684882289875027,-3.1653933208757485,-3.1622984804624807,-3.1592037077550197,-3.156109002762086,-3.153014365494073,-3.1499197959634064,-3.1468252941850112,-3.143730860176929,-3.1406364939611215,-3.1375421955645257,-3.134447965020437,-3.1313538023703265,-3.1282597076662286,-3.125165680973892,-3.1220717223769467,-3.1189778319824093,-3.115884009928004,-3.1127902563918974,-3.1096965716056784,-3.1066029558717254,-3.1035094095864735,-3.1004159332716896,-3.0973225276166025,-3.094229193534808,-3.091135932241321,-3.0880427453571735,-3.0849496350517795,-3.081856604237175,-3.0787636568337327,-3.0756707981345723,-3.072578035306601,-3.069485378081164,-3.066392839708506,-3.063300438280151,-3.0602081985657112,-3.057116154570709,-3.0540243531075086,-3.050932858793254,-3.047841761062731,-3.0447511840332915,-3.041661300416482,-3.0385723511852754,-3.035484673446785,-3.0323987400402808,-3.0293152159280026,-3.0262350386884216,-3.0231595336739647,-3.0200905791164088,-3.0170308433172095,-3.013984126001455,-3.0109558503005065,-3.0079537725553336,-3.004989006769949,-3.002077502400519,-2.999242172100981,-2.9965159436242392,-2.9939461081975343,-2.9916004490349413,-2.989575731129515,-2.9880091488573455,-2.9870931187039873
-3.5895725801047624,-3.5887829441246666,-3.5874146231490305,-3.5856189187078265,-3.583505530588814,-3.5811546972702875,-3.5786255360011623,-3.5759618703347424,-3.5731963585752444,-3.5703534516309037,-3.5674515319247364,-3.564504472096336,-3.561522778318357,-3.5585144336308754,-3.5554855230447626,-3.5524406988947583,-3.549383528621369,-3.5463167556156674,-3.5432424955091473,-3.5401623843465573,-3.5370776907691566,-3.5339894011921773,-3.530898284656028,-3.5278049423344386,-3.5247098454288914,-3.521613364248618,-3.518515790583269,-3.5154173549586223,-3.512318239978824,-3.509218590668214,-3.506118522507144,-3.503018127691234,-3.4999174800186554,-3.4968166387153907,-3.4937156514364656,-3.490614556626293,-3.487513385379429,-3.484412162910976,-3.4813109097212656,-3.478209642520578,-3.47510837496506,-3.472007118243765,-3.4689058815480367,-3.4658046724476756,-3.4627034971931163,-3.4596023609587214,-3.4565012680391223,-3.453400222008028,-3.4502992258469756,-3.4471982820499383,-3.4440973927085303,-3.440996559581541,-3.437895784151825,-3.434795067672948,-3.4316944112075123,-3.428593815658722,-3.4254932817964385,-3.422392810278734,-3.4192924016697575,-3.4161920564545802,-3.41309177505156,-3.409991557822658,-3.4068914050820713,-3.403791317103464,-3.4006912941260485,-3.39759133635971,-3.394491443989324,-3.391391617178416,-3.388291856072272,-3.385192160800578,-3.3820925314796777,-3.378992968214502,-3.3758934711002353,-3.3727940402237464,-3.3696946756648334,-3.366595377497309,-3.3634961457899557,-3.360396980607364,-3.357297882010689,-3.354198850058325,-3.3510998848065285,-3.3480009863099873,-3.344902154622362,-3.3418033897967967,-3.3387046918864263,-3.3356060609448672,-3.332507497026725,-3.3294090001881087,-3.3263105704871783,-3.323212207984723,-3.320113912744791,-3.3170156848353773,-3.31391752432919,-3.3108194313045063,-3.3077214058461473,-3.304623448046581,-3.3015255580071914,-3.298427735839738,-3.295329981668053,-3.2922322956300083,-3.28913467787982,-3.286037128590747,-3.2829396476862676,-3.2798422350966514,-3.276744890758332,-3.2736476146133398,-3.2705504066088036,-3.2674532666964966,-3.264356194832431,-3.2612591909764936,-3.2581622550921163,-3.255065387145978,-3.25196858710774,-3.2488718549497997,-3.245775190647076,-3.2426785941768044,-3.239582065518361,-3.236485604653097,-3.2333892115641887,-3.2302928862365023,-3.2271966286564733,-3.224100438811989,-3.22100431669229,-3.2179082622878754,-3.2148122755904174,-3.211716356592688,-3.208620505288486,-3.205524721672577,-3.2024290057406364,-3.199333357489201,-3.1962377769156256,-3.193142264018048,-3.190046818795363,-3.186951441247194,-3.183856131373887,-3.1807608891765056,-3.1776657146568383,-3.1745706078174205,-3.1714755686615703,-3.1683805971934498,-3.165285693418147,-3.1621908573417876,-3.159096088971692,-3.156001388316581,-3.1529067553868484,-3.1498121901949196,-3.1467176927557197,-3.14362326308729,-3.1405289012115922,-3.137434607155563,-3.1343403809524966,-3.1312462226438655,-3.1281521322817043,-3.1250581099317616,-3.1219641556776665,-3.118870269626437,-3.1157764519157967,-3.112682702723911,-3.1095890222823717,-3.1064954108935554,-3.103401868953899,-3.100308396985168,-3.0972149956765906,-3.0941216659417634,-3.091028408995699,-3.087935226459433,-3.084842120502376,-3.0817490940365646,-3.078656150982372,-3.0755632966329154,-3.0724705381550987,-3.069377885280264,-3.066285351258652,-3.0631929541817797,-3.0601007188192444,-3.0570086791765507,-3.0539168820660376,-3.0508253921048074,-3.0477342987275877,-3.0446437260516417,-3.0415538467883847,-3.0384649019105985,-3.035377228525112,-3.0322912994707742,-3.0292077797092047,-3.026127606817957,-3.023052106148096,-3.0199831559293897,-3.0169234244603156,-3.013876711461547,-3.010848440057898,-3.0078463665806283,-3.004881605019351,-3.001970104808887,-2.999134778571575,-2.996408554013662,-2.9938387222937983,-2.9914930665259223,-2.989468351558458,-2.987901771561981,-2.986985742737047
-3.5894608439890034,-3.5886712090232296,-3.587302889822852,-3.5855071877350064,-3.5833938024128695,-3.581042972234119,-3.5785138143715276,-3.5758501523202177,-3.5730846443396116,-3.5702417413032483,-3.567339825607131,-3.5643927698697415,-3.5614110802471695,-3.558402739766463,-3.5553738334282103,-3.5523290135590186,-3.549271847592948,-3.546205078915948,-3.543130823155435,-3.5400507163529022,-3.536966027147009,-3.5338777419509038,-3.530786629803321,-3.5276932918766466,-3.5245981993712787,-3.521501722595573,-3.518404153338471,-3.5153057221251767,-3.512206611559369,-3.5091069666650068,-3.5060069029221332,-3.5029065125261156,-3.499805869274916,-3.496705032394347,-3.4936040495392935,-3.490502959154053,-3.4874017923330864,-3.484300574291417,-3.48119932552931,-3.478098062756991,-3.4749967996305617,-3.4718955473390385,-3.46879431507373,-3.4656931104044126,-3.4625919395814972,-3.4594908077793276,-3.456389719292519,-3.4532886776947684,-3.4501876859675984,-3.4470867466049753,-3.443985861698503,-3.4408850330069654,-3.43778426201321,-3.4346835499707966,-3.4315828979423246,-3.428482306830995,-3.4253817774066646,-3.4222813103274032,-3.4191809061573566,-3.416080565381595,-3.4129802884184732,-3.4098800756299523,-3.4067799273302253,-3.4036798437929576,-3.4005798252573607,-3.3974798719333177,-3.3943799840057034,-3.3912801616380444,-3.3881804049756234,-3.385080714148127,-3.3819810892718984,-3.378881530451869,-3.3757820377832215,-3.372682611352824,-3.369583251240477,-3.3664839575199914,-3.3633847302601487,-3.360285569525541,-3.357186475377323,-3.354087447873888,-3.350988487071492,-3.3478895930248234,-3.344790765787543,-3.341692005412796,-3.3385933119537152,-3.3354946854639196,-3.332396125998011,-3.3292976336121014,-3.326199208364351,-3.3231008503155492,-3.3200025595297444,-3.316904336074931,-3.313806180023817,-3.3107080914546825,-3.3076100704523466,-3.3045121171092786,-3.3014142315268633,-3.298316413816861,-3.2952186641031043,-3.2921209825234667,-3.289023369232165,-3.285925824402458,-3.282828347957825,-3.2797309398285335,-3.2766335999510154,-3.2735363282673027,-3.2704391247245232,-3.267341989274449,-3.264244921873093,-3.261147922480341,-3.2580509910596254,-3.2549541275776246,-3.251857332003999,-3.2487606043111463,-3.245663944473983,-3.2425673524697465,-3.239470828277813,-3.236374371879532,-3.233277983258081,-3.2301816623983255,-3.227085409286701,-3.223989223911094,-3.220893106260745,-3.2177970563261526,-3.2147010740989908,-3.2116051595720303,-3.2085093127390696,-3.2054135335948737,-3.2023178221351194,-3.199222178356343,-3.1961266022559,-3.1930310938319284,-3.189935653083321,-3.186840280009703,-3.1837449746114204,-3.1806497368895337,-3.177554566845833,-3.174459464482852,-3.1713644298039116,-3.168269462813173,-3.165174563515724,-3.1620797319176903,-3.1589849680263926,-3.155890271850551,-3.1527956434005597,-3.1497010826888436,-3.1466065897303293,-3.1435121645430564,-3.1404178071489874,-3.1373235175750596,-3.134229295854568,-3.131135142028983,-3.12804105615034,-3.124947038284388,-3.1218530885147557,-3.1187592069484613,-3.115665393723228,-3.1125716490172217,-3.1094779730620337,-3.1063843661600408,-3.103290828707679,-3.100197361226714,-3.097103964406376,-3.09401063916026,-3.090917386703381,-3.0878242086567704,-3.0847311071898433,-3.081638085214632,-3.0785451466515097,-3.075452296793592,-3.072359542807781,-3.069266894425416,-3.06617436489673,-3.063081972313233,-3.059989741444511,-3.056897706296048,-3.0538059136801547,-3.050714428213894,-3.0476233393319316,-3.0445327711514394,-3.041442896383698,-3.038353956001291,-3.0352662871107525,-3.0321803625505006,-3.0290968472815107,-3.0260166788803877,-3.022941182696795,-3.019872236958422,-3.0168125099606713,-3.013765801419656,-3.010737534453432,-3.0077354653832336,-3.0047707081838047,-3.0018592122679233,-2.9990238902253004,-2.996297669714002,-2.9937278418218543,-2.991382189559392,-2.9893574776256924,-2.987790899979114,-2.9868748725259207
-3.5893454875351885,-3.5885558536166675,-3.587187536249184,-3.5853918365911,-3.5832784541566425,-3.580927627219605,-3.5783984728741416,-3.575734814555307,-3.572969310476276,-3.570126411474762,-3.5672244999188836,-3.56427744840532,-3.561295763073065,-3.5582874269357094,-3.5552585249832265,-3.552213709533826,-3.5491565480149116,-3.546089783807146,-3.5430155325337336,-3.539935430232809,-3.5368507455403457,-3.5337624648673405,-3.5306713572508004,-3.5275780238617243,-3.5244829358993885,-3.521386463671246,-3.5182888989655066,-3.5151904723067804,-3.512091366298267,-3.508991725963532,-3.505891666782297,-3.502791280949667,-3.4996906422633898,-3.4965898099491044,-3.4934888316615487,-3.4903877458449,-3.487286583593522,-3.4841853701223537,-3.4810841259315946,-3.477982867731414,-3.4748816091778654,-3.4717803614599263,-3.4686791337688745,-3.4655779336744557,-3.462476767427059,-3.459375640201009,-3.456274556290905,-3.4531735192704285,-3.450072532121091,-3.446971597336849,-3.4438707170092973,-3.4407698928972112,-3.437669126483434,-3.434568419021521,-3.4314677715740647,-3.4283671850442623,-3.425266660201969,-3.4221661977052498,-3.419065798118248,-3.4159654619260325,-3.4128651895469564,-3.409764981342978,-3.406664837628291,-3.4035647586765574,-3.4004647447269876,-3.3973647959894637,-3.3942649126488598,-3.3911650948687027,-3.388065342794275,-3.384965656555262,-3.3818660362680055,-3.3787664820374377,-3.3756669939587414,-3.372567572118785,-3.3694682165973653,-3.366368927468296,-3.3632697048003566,-3.36017054865814,-3.357071459102801,-3.3539724361927337,-3.3508734799841933,-3.3477745905318685,-3.3446757678894197,-3.3415770121099913,-3.3384783232467172,-3.3353797013532147,-3.3322811464840894,-3.329182658695451,-3.3260842380454596,-3.3229858845949054,-3.3198875984078366,-3.3167893795522496,-3.313691228100851,-3.3105931441319214,-3.3074951277302818,-3.3043971789884012,-3.3012992980076636,-3.2982014848998316,-3.2951037397887375,-3.292006062812255,-3.2889084541246034,-3.2858109138990432,-3.282713442059051,-3.279616038534896,-3.2765187032630076,-3.273421436185418,-3.2703242372492536,-3.267227106406288,-3.264130043612532,-3.2610330488278723,-3.257936122015739,-3.2548392631428102,-3.251742472178747,-3.248645749095948,-3.245549093869329,-3.242452506476127,-3.2393559868957156,-3.236259535109446,-3.2331631511004963,-3.2300668348537314,-3.226970586355585,-3.223874405593947,-3.2207782925580544,-3.2176822472384075,-3.21458626962668,-3.2114903597156412,-3.208394517499091,-3.205298742971794,-3.202203036129426,-3.199107396968524,-3.196011825486443,-3.192916321681321,-3.189820885552051,-3.186725517098257,-3.1836302163202856,-3.180534983219199,-3.177439817796787,-3.174344720055583,-3.1712496899989073,-3.1681547276309208,-3.165059832956711,-3.1619650059824034,-3.158870246715318,-3.155775555164176,-3.1526809313393738,-3.149586375253333,-3.1464918869209804,-3.1433974663603568,-3.1403031135934243,-3.1372088286471205,-3.13411461155474,-3.1310204623577538,-3.1279263811081974,-3.1248323678718193,-3.1217384227322484,-3.1186445457965024,-3.115550737202306,-3.1124569971278246,-3.1093633258046482,-3.1062697235351555,-3.103176190715781,-3.1000827278682905,-3.096989335681915,-3.09389601507025,-3.0908027672483085,-3.0877095938371246,-3.084616497006111,-3.0815234796673003,-3.078430545741064,-3.0753377005205156,-3.072244951172555,-3.0691523074285185,-3.066059782538634,-3.0629673945944025,-3.059875168365396,-3.056783137857081,-3.053691349881739,-3.050599869056389,-3.0475087848156357,-3.0444182212765556,-3.0413283511502915,-3.038239415409221,-3.0351517511595745,-3.0320658312393203,-3.028982320608775,-3.0259021568435633,-3.0228266652918987,-3.0197577241793283,-3.016698001798076,-3.01365129785955,-3.010623035474827,-3.007620970954791,-3.0046562182588317,-3.0017447267769706,-2.9989094090652295,-2.9961831927319333,-2.9936133687917796,-2.991267720148546,-2.989243011347112,-2.9876764361267294,-2.9867604100898157
-3.5892264103399976,-3.5884367775025763,-3.587068462027227,-3.5852727648774376,-3.583159385423991,-3.5808085618334426,-3.578279411118786,-3.5756157566530646,-3.572850256601712,-3.5700073617654593,-3.5671054544836345,-3.5641584073304164,-3.5611767264271434,-3.5581683947735168,-3.5551394973485513,-3.5520946864617913,-3.5490375295337695,-3.545970769939687,-3.5428965232984027,-3.539816425644581,-3.536731745611426,-3.53364346960771,-3.53055236666866,-3.527459037963838,-3.524363954691368,-3.5212674871577674,-3.5181699271504923,-3.5150715051935415,-3.5119724038896156,-3.508872768261874,-3.505772713789711,-3.502672332667959,-3.4995716986941448,-3.4964708710937242,-3.493369897521287,-3.4902688164208886,-3.4871676588867913,-3.484066450133848,-3.480965210662187,-3.4778639571819205,-3.474762703349053,-3.471661460352522,-3.468560237383571,-3.465459042011917,-3.4623578804879247,-3.4592567579858993,-3.4561556788004215,-3.45305464650516,-3.449953664081615,-3.4468527340237296,-3.4437518584230924,-3.4406510390384706,-3.4375502773527007,-3.434449574619332,-3.431348931900954,-3.4282483501007572,-3.4251478299885942,-3.422047372222529,-3.4189469773667005,-3.4158466459061745,-3.412746378259304,-3.409646174788045,-3.406546035806589,-3.403445961588597,-3.4003459523732804,-3.397246008370518,-3.3941461297651845,-3.3910463167208036,-3.3879465693826596,-3.3848468878804363,-3.3817472723304753,-3.3786477228377074,-3.375548239497315,-3.372448822396167,-3.3693494716140613,-3.3662501872248094,-3.363150969297192,-3.3600518178958008,-3.35695273308179,-3.3538537149135537,-3.3507547634473482,-3.347655878737862,-3.344557060838754,-3.341458309803171,-3.3383596256842463,-3.3352610085355967,-3.332162458411828,-3.32906397536905,-3.3259655594654243,-3.32286721076174,-3.319768929322046,-3.3166707152143373,-3.3135725685113235,-3.310474489291284,-3.3073764776390413,-3.3042785336470644,-3.301180657416738,-3.2980828490598246,-3.2949851087001583,-3.2918874364756134,-3.2887898325404104,-3.28569229706781,-3.2825948299812895,-3.2794974312111154,-3.276400100693719,-3.2733028383711305,-3.2702056441904763,-3.2671085181035293,-3.2640114600662993,-3.2609144700386725,-3.257817547984079,-3.2547206938691984,-3.2516239076636886,-3.248527189339949,-3.2454305388728963,-3.242333956239766,-3.2392374414199328,-3.2361409943947463,-3.2330446151473833,-3.2299483036627117,-3.2268520599271633,-3.223755883928626,-3.2206597756563404,-3.2175637351008035,-3.2144677622536904,-3.211371857107771,-3.208276019656844,-3.2051802498956743,-3.202084547819938,-3.198988913426171,-3.195893346711729,-3.1927978476747487,-3.1897024163141237,-3.1866070526294785,-3.1835117566211584,-3.1804165282902277,-3.177321367638473,-3.1742262746684307,-3.171131249383419,-3.1680362917876006,-3.1649414018860615,-3.161846579684928,-3.1587518251915214,-3.155657138414561,-3.152562519364442,-3.1494679680535898,-3.146373484496929,-3.1432790687125007,-3.140184720722267,-3.1370904405531626,-3.1339962282384857,-3.130902083819707,-3.1278080073488614,-3.1247139988916977,-3.121620058531845,-3.11852618637632,-3.115432382562847,-3.112338647269591,-3.1092449807281453,-3.106151383240886,-3.1030578552042494,-3.099964397140002,-3.0968710097373737,-3.0937776939099577,-3.09068445087277,-3.0875912822468425,-3.0844981902015878,-3.081405177649039,-3.0783122485095653,-3.0752194080762796,-3.0721266635160807,-3.069034024560299,-3.0659415044591567,-3.0628491213041453,-3.0597568998648246,-3.056664874146641,-3.053573090961847,-3.050481614927417,-3.0473905354778905,-3.0442999767302474,-3.041210111395487,-3.0381211804457737,-3.0350335209870267,-3.0319476058567507,-3.028864100014577,-3.025783941035122,-3.0227084542651026,-3.019639517927853,-3.016579800312319,-3.013533101125051,-3.010504843469918,-3.00750278364712,-3.0045380356001985,-3.0016265486956795,-2.998791235454808,-2.9960650234345594,-2.993495203574142,-2.9911495586671206,-2.989124853099197,-2.987558280383432,-2.9866422558085763
-3.5891035104044966,-3.5883138786829565,-3.586945565160614,-3.5851498705998126,-3.583036494223278,-3.580685674086877,-3.578156527119833,-3.5754928766311846,-3.5727273807370827,-3.569884490200089,-3.5669825873298193,-3.564035544677222,-3.561053868345414,-3.5580455413197627,-3.5550166485679693,-3.5519718423906346,-3.548914690201196,-3.545847935369222,-3.5427736935090834,-3.5396936006518676,-3.536608925427913,-3.533520654243703,-3.530429556132621,-3.5273362322627517,-3.524241153831024,-3.5211446911429927,-3.5180471359853356,-3.5149487188814192,-3.51184962243343,-3.5087499916641103,-3.5056499420525116,-3.50254956579319,-3.4994489366834434,-3.49634811394854,-3.4932471452429157,-3.4901460690104957,-3.487044916345437,-3.483943712462506,-3.480842477861761,-3.4777412292532515,-3.4746399802929333,-3.4715387421697024,-3.468437524074765,-3.465336333577811,-3.462235176929181,-3.4591340593031568,-3.4560329849943026,-3.4529319575762707,-3.4498309800305496,-3.446730054851073,-3.4436291841294198,-3.4405283696243485,-3.4374276128186905,-3.4343269149659883,-3.4312262771288258,-3.4281257002103915,-3.425025184980534,-3.4219247320973127,-3.418824342124866,-3.415724015548256,-3.4126237527858327,-3.409523554199551,-3.4064234201036014,-3.403323350771643,-3.4002233464428855,-3.397123407327208,-3.3940235336094835,-3.3909237254532365,-3.387823983003748,-3.384724306390703,-3.3816246957304426,-3.3785251511278966,-3.3754256726782477,-3.372326260468364,-3.3692269145780416,-3.3661276350810936,-3.363028422046302,-3.359929275538256,-3.3568301956181106,-3.35373118234426,-3.3506322357729585,-3.3475333559588965,-3.3444345429557334,-3.341335796816614,-3.338237117594672,-3.335138505343526,-3.33203996011778,-3.328941481973546,-3.325843070968984,-3.3227447271648844,-3.3196464506252963,-3.3165482414182157,-3.313450099616352,-3.310352025297984,-3.307254018547935,-3.3041560794586755,-3.3010582081315913,-3.297960404678444,-3.294862669223069,-3.291765001903342,-3.288667402873484,-3.285569872306757,-3.282472410126636,-3.2793750162633892,-3.2762776906534463,-3.273180433238837,-3.270083243966687,-3.266986122788768,-3.263889069661092,-3.260792084543542,-3.2576951673995493,-3.2545983181957925,-3.2515015369019307,-3.2484048234903615,-3.2453081779360002,-3.2422116002160832,-3.239115090309986,-3.2360186481990576,-3.232922273866474,-3.2298259672971015,-3.2267297284773737,-3.2236335573951784,-3.2205374540397544,-3.2174414184016,-3.2143454504723894,-3.2112495502448937,-3.208153717712911,-3.2050579528712055,-3.2019622557154532,-3.1988666262421908,-3.1957710644487736,-3.1926755703333383,-3.1895801438947786,-3.1864847851327185,-3.183389494047504,-3.180294270640197,-3.1771991149125873,-3.174104026867208,-3.1710090065073793,-3.167914053837263,-3.1648191688619463,-3.161724351587555,-3.1586296020214095,-3.155534920172231,-3.152440306050414,-3.149345759668382,-3.14625128104106,-3.1431568701864907,-3.1400625271266347,-3.136968251888429,-3.1338740445051694,-3.130779905018327,-3.1276858334799376,-3.1245918299557505,-3.1214978945293925,-3.1184040273078812,-3.1153102284289433,-3.1122164980707425,-3.1091228364648718,-3.106029243913707,-3.102935720813684,-3.099842267686569,-3.096748885221593,-3.0936555743323506,-3.090562336233856,-3.0874691725471415,-3.0843760854416185,-3.0812830778293203,-3.0781901536306155,-3.0750973181386154,-3.0720045785202155,-3.068911944506743,-3.065819429348413,-3.062727051136709,-3.0596348346411752,-3.056542813867239,-3.0534510356271216,-3.0503595645377515,-3.047268490033601,-3.0441779362315495,-3.041088075842449,-3.037999149838247,-3.034911495324536,-3.031825585138347,-3.0287420842386057,-3.0256619301988823,-3.0225864483643528,-3.0195175169560646,-3.016457804259579,-3.0134111099764316,-3.010382857203057,-3.007380802228624,-3.004416058980315,-3.001504576800407,-2.9986692681742495,-2.995943060605814,-2.993373244956392,-2.99102760390579,-2.989002901675409,-2.9874363315448442,-2.9865203084790863
-3.5889766841989696,-3.5881870536290377,-3.5868187421222317,-3.5850230502333105,-3.582909677032203,-3.58055886046054,-3.5780297173610944,-3.575366070976848,-3.572600579373099,-3.569757693273014,-3.5668557949555417,-3.563908756947659,-3.560927085333681,-3.5579187630841766,-3.5548898751551765,-3.5518450738380465,-3.548787926538905,-3.545721176621504,-3.542646939695584,-3.5395668517885395,-3.5364821815277567,-3.5333939153173506,-3.5303028221888084,-3.527209503308686,-3.524114429872682,-3.5210179721853576,-3.5179204220325846,-3.5148220099370775,-3.511722918500494,-3.5086232927451455,-3.505523248149729,-3.502422876908513,-3.4993222528185632,-3.49622143510495,-3.49312047142195,-3.490019400213359,-3.4869182525732247,-3.4838170537162254,-3.480715824142344,-3.477614580561568,-3.4745133366298004,-3.4714121035358936,-3.4683108904710194,-3.465209705004836,-3.4621085533876568,-3.4590074407937443,-3.4559063715176457,-3.452805349132997,-3.4497043766212725,-3.4466034564763968,-3.443502590789937,-3.440401781320646,-3.4373010295513455,-3.4342003367355747,-3.4310997039359097,-3.427999132055537,-3.4248986218643003,-3.4217981740202554,-3.4186977890875387,-3.4155974675512093,-3.4124972098296156,-3.4093970162847107,-3.4062968872306842,-3.4031968229411937,-3.400096823655447,-3.3969968895833236,-3.3938970209096926,-3.3907972177980796,-3.3876974803937667,-3.384597808826437,-3.3814982032124297,-3.3783986636566756,-3.375299190254357,-3.372199783092341,-3.3691004422504234,-3.366001167802417,-3.362901959817102,-3.3598028183590714,-3.356703743489477,-3.3536047352667144,-3.3505057937470384,-3.347406918985137,-3.344308111034671,-3.3412093699487855,-3.3381106957806144,-3.335012088583776,-3.3319135484128757,-3.3288150753240235,-3.3257166693753817,-3.3226183306277393,-3.3195200591451455,-3.3164218549955984,-3.3133237182518065,-3.3102256489920494,-3.3071276473011517,-3.304029713271583,-3.30093184700473,-3.2978340486123554,-3.2947363182182947,-3.2916386559604254,-3.288541061992968,-3.285443536489187,-3.282346079372558,-3.2792486905733464,-3.276151370027981,-3.2730541176784915,-3.2699569334720047,-3.2668598173602907,-3.2637627692993596,-3.260665789249096,-3.2575688771729294,-3.254472033037539,-3.251375256812583,-3.2482785484704593,-3.245181907986083,-3.2420853353366894,-3.2389888305016536,-3.2358923934623247,-3.232796024201879,-3.229699722705183,-3.2266034889586694,-3.2235073229502262,-3.220411224669092,-3.2173151941057663,-3.214219231251922,-3.2111233361003286,-3.208027508644785,-3.2049317488800555,-3.2018360568018163,-3.198740432406603,-3.195644875691771,-3.192549386655457,-3.1894539652965554,-3.1863586116146907,-3.1832633256102087,-3.1801681072841714,-3.177072956638367,-3.1739778736753306,-3.1708828583983806,-3.167787910811679,-3.164693030920313,-3.1615982187304086,-3.1585034742492866,-3.1554087974856677,-3.152314188449945,-3.1492196471545446,-3.1461251736143905,-3.143030767847524,-3.1399364298759083,-3.1368421597264793,-3.1337479574325333,-3.1306538230355407,-3.127559756587537,-3.1244657581542703,-3.1213718278193707,-3.1182779656898556,-3.115184171903448,-3.112090446638315,-3.108996790126047,-3.105903202669022,-3.1028096846636766,-3.0997162366317768,-3.0966228592625518,-3.093529553469597,-3.090436320467925,-3.08734316187857,-3.0842500798709422,-3.081157077357075,-3.078064158257335,-3.0749713278648327,-3.0718785933464603,-3.0687859644335407,-3.065693454376284,-3.0626010812661644,-3.0595088698727118,-3.0564168542013306,-3.0533250810642114,-3.050233615078236,-3.0471425456778056,-3.0440519969796984,-3.040962141694613,-3.0378732207942702,-3.0347855713839325,-3.0316996663001357,-3.028616170501077,-3.0255360215592506,-3.02246054481824,-3.0193916184967335,-3.0163319108768003,-3.0132852216547996,-3.0102569739194913,-3.0072549239486612,-3.0042901856526103,-3.001378708348591,-2.9985434044849057,-2.995817201510829,-2.9932473902072356,-2.9909017531365336,-2.988877054350563,-2.9873104868879756,-2.9863944653796355
-3.5888458267364247,-3.5880561973547875,-3.586687887927727,-3.5848921987958033,-3.5827788288712834,-3.5804280159779207,-3.577898876869283,-3.5752352347201937,-3.572469747543474,-3.569626866021643,-3.566724972402003,-3.5637779391867994,-3.560796272440944,-3.5577879551197378,-3.5547590721671662,-3.551714275865068,-3.5486571336120103,-3.5455903887657434,-3.5425161569312325,-3.5394360741320567,-3.536351408992555,-3.5332631479144023,-3.530172059927128,-3.52707874619571,-3.5239836779145763,-3.5208872253872636,-3.517789680398814,-3.514691273471267,-3.511592187205735,-3.5084925666240836,-3.505392527204648,-3.502292161141399,-3.4991915422311557,-3.4960907296987935,-3.492989771198423,-3.489888705173705,-3.4867875627185763,-3.4836863690476205,-3.480585144660742,-3.477483906267867,-3.474382667524843,-3.471281439620478,-3.468180231745907,-3.4650790514707577,-3.4619779050453174,-3.4588767976438257,-3.4557757335608104,-3.452674716369892,-3.4495737490525316,-3.446472834102641,-3.44337197361178,-3.4402711693386916,-3.437170422766191,-3.434069735147811,-3.4309691075461233,-3.427868540864309,-3.424768035872208,-3.421667593227874,-3.418567213495439,-3.41546689715996,-3.412366644639784,-3.409266456296861,-3.4061663324453804,-3.403066273358997,-3.399966279276918,-3.396866350409021,-3.393766486940176,-3.3906666890339068,-3.387566956835494,-3.3844672904746207,-3.3813676900676257,-3.378268155719439,-3.3751686875252416,-3.372069285571901,-3.3689699499392147,-3.3658706807009944,-3.36277147792602,-3.359672341678883,-3.356573272020738,-3.3534742690099777,-3.3503753327028583,-3.3472764631540675,-3.3441776604172655,-3.341078924545598,-3.3379802555921985,-3.3348816536106853,-3.3317831186556637,-3.3286846507832455,-3.3255862500515905,-3.322487916521491,-3.319389650256996,-3.3162914513261015,-3.3131933198015187,-3.310095255761528,-3.3069972592909522,-3.3038993304822633,-3.3008014694368466,-3.2977036762664684,-3.2946059510949635,-3.29150829406021,-3.2884107053164304,-3.2853131850368893,-3.2822157331450628,-3.279118349571215,-3.2760210342517757,-3.2729237871287715,-3.269826608149329,-3.2667294972652177,-3.263632454432449,-3.260535479610905,-3.2574385727640163,-3.254341733858461,-3.2512449628638973,-3.248148259752722,-3.2450516244998506,-3.241955057082518,-3.2388585574800994,-3.2357621256739435,-3.2326657616472265,-3.229569465384814,-3.226473236873139,-3.223377076100088,-3.2202809830549026,-3.217184957728079,-3.2140890001112914,-3.2109931101973093,-3.2078972879799315,-3.204801533453922,-3.2017058466149564,-3.198610227459571,-3.1955146759851196,-3.192419192189741,-3.1893237760723285,-3.186228427632507,-3.183133146870622,-3.180037933787736,-3.1769427883856367,-3.1738477106668572,-3.170752700634718,-3.1676577582933807,-3.1645628836479323,-3.1614680767044985,-3.1583733374704,-3.1552786659543592,-3.152184062166769,-3.149089526120053,-3.1459950578291367,-3.1429006573120617,-3.1398063245907903,-3.136712059692259,-3.1336178626497637,-3.1305237335047753,-3.1274296723093284,-3.124335679129174,-3.1212417540479396,-3.1181478971726424,-3.1150541086410075,-3.1119603886312,-3.1088667373748127,-3.105773155174222,-3.102679642425864,-3.099586199651504,-3.096492827540374,-3.093399527006068,-3.090306299263599,-3.087213145934,-3.084120069186683,-3.0810270719336788,-3.0779341580953523,-3.0748413329648137,-3.0717486037089516,-3.068655980059086,-3.0655634752654195,-3.062471107419416,-3.0593789012905916,-3.0562868908843295,-3.053195123012787,-3.050103662292797,-3.0470125981586893,-3.0439220547271355,-3.0408322047086767,-3.0377432890748013,-3.0346556449304276,-3.0315697451115815,-3.0284862545757103,-3.0254061108941968,-3.0223306394089793,-3.019261718336315,-3.01620201595467,-3.01315533195506,-3.010127089418329,-3.0071250446105164,-3.0041603114245023,-3.0012488391517156,-2.998413540202233,-2.9956873419688868,-2.993117535149576,-2.990771902185572,-2.988747206953749,-2.987180642244138,-2.986264622342835
-3.5887108316550993,-3.5879212034994175,-3.5865528962180147,-3.584757209930466,-3.5826438433863736,-3.5802930342878843,-3.5777638992965337,-3.5751002615168237,-3.572334778907436,-3.5694919021089526,-3.566590013336031,-3.563642985065396,-3.5606613233419417,-3.55765301110522,-3.5546241332867896,-3.55157934215866,-3.5485222051116057,-3.545455465497186,-3.542381238915436,-3.539301161386004,-3.536216501530086,-3.5331282457468367,-3.5300371630637626,-3.526943854644218,-3.5238487916813206,-3.520752344477548,-3.5176548048170875,-3.5145564032212837,-3.5114573222906835,-3.5083577070466925,-3.505257672967273,-3.50215731224609,-3.4990566986797114,-3.495955891492805,-3.492854938339311,-3.4897538776627517,-3.486652740556948,-3.4835515522363885,-3.480450333200898,-3.4773491001603345,-3.474247866770494,-3.471146644220138,-3.4680454417003617,-3.4649442667807606,-3.4618431257115954,-3.458742023667082,-3.4556409649417286,-3.45253995310914,-3.4494389911507635,-3.4463380815604983,-3.443237226429895,-3.4401364275176873,-3.4370356863066838,-3.4339350040504093,-3.430834381811433,-3.4277338204929304,-3.424633320864737,-3.4215328835849013,-3.418432509217554,-3.4153321982477514,-3.412231951093836,-3.4091317681177573,-3.406031649633701,-3.402931595915322,-3.399831607201827,-3.39673168370309,-3.3936318256039826,-3.3905320330680273,-3.3874323062405014,-3.3843326452510882,-3.3812330502161294,-3.378133521240551,-3.3750340584195357,-3.371934661839949,-3.3688353315815887,-3.3657360677182666,-3.3626368703187617,-3.3595377394476666,-3.356438675166134,-3.353339677532558,-3.3502407466031934,-3.347141882432729,-3.3440430850748246,-3.3409443545826267,-3.337845691009268,-3.334747094408368,-3.331648564834532,-3.32855010234387,-3.3254517069945444,-3.322353378847346,-3.3192551179663248,-3.316156924419478,-3.313058798279516,-3.30996073962472,-3.306862748539913,-3.3037648251175673,-3.3006669694590705,-3.297569181676188,-3.2944714618927575,-3.291373810246657,-3.28827622689211,-3.2851787120023825,-3.2820812655009477,-3.278983887318071,-3.275886577390181,-3.2727893356593034,-3.269692162072565,-3.2665950565817363,-3.263498019142825,-3.260401049715715,-3.2573041482638363,-3.2542073147538653,-3.2511105491554613,-3.2480138514410197,-3.244917221585457,-3.241820659566007,-3.2387241653620435,-3.235627738954916,-3.232531380327801,-3.2294350894655626,-3.2263388663546353,-3.223242710982905,-3.2201466233396117,-3.2170506034152537,-3.213954651201503,-3.210858766691131,-3.2077629498779348,-3.204667200756678,-3.201571519323038,-3.198475905573549,-3.1953803595055668,-3.1922848811172297,-3.189189470407429,-3.1860941273757897,-3.1829988520226578,-3.1799036443490953,-3.17680850435689,-3.173713432048578,-3.1706184274274767,-3.1675234904977483,-3.1644286212644803,-3.1613338197337986,-3.1582390859130225,-3.155144419810874,-3.152049821437748,-3.148955290806067,-3.145860827930758,-3.1427664328298617,-3.13967210552534,-3.1365778460441294,-3.133483654419526,-3.130389530693001,-3.1272954749165884,-3.124201487156039,-3.121107567494981,-3.1180137160404318,-3.1149199329301145,-3.111826218342196,-3.108732572508268,-3.10563899573071,-3.1025454884059545,-3.09945205105577,-3.096358684369386,-3.093265389260398,-3.0901721669438187,-3.0870790190406803,-3.0839859477203935,-3.08089295589499,-3.0778000474848346,-3.0747072277830343,-3.071614503956474,-3.068521885736471,-3.0654293863732205,-3.0623370239581753,-3.0592448232608387,-3.05615281828657,-3.0530610558474938,-3.049969600560391,-3.0468785418595195,-3.0437880038614398,-3.0406981592765305,-3.037609249076041,-3.034521610364533,-3.03143571597751,-3.028352230871642,-3.0252720926171652,-3.0221966265543228,-3.019127710896861,-3.0160680139195275,-3.013021335307831,-3.009993098134443,-3.006991058653287,-3.0040263307392685,-3.0011148636571776,-2.9982795697776505,-2.995553376435291,-2.992983574242392,-2.9906379455152443,-2.988613253950215,-2.9870466920808365,-2.986130673837504
-3.588571591310633,-3.5877819644195497,-3.5864136593514404,-3.5846179759979253,-3.5825046129408196,-3.5801538077568233,-3.577624677012541,-3.574961043739937,-3.5721955658418483,-3.5693526939155977,-3.5664508101421695,-3.5635037869719635,-3.560522130429225,-3.557513823437258,-3.5544849509148033,-3.5514401651237306,-3.548383033446779,-3.5453162992291225,-3.5422420780657107,-3.539162005972135,-3.5360773515663464,-3.532989101244904,-3.529898024033228,-3.5268047210929963,-3.5237096636159753,-3.520613221903549,-3.5175156877390212,-3.514417291643022,-3.5113182162155163,-3.5082186064774374,-3.5051185779063587,-3.502018222695629,-3.49891761464156,-3.4958168129686045,-3.4927158653305304,-3.489614810170713,-3.4865136785828543,-3.483412495781345,-3.4803112822659275,-3.4772100547463918,-3.4741088268784774,-3.4710076098508975,-3.467906412854708,-3.46480524345947,-3.461704107915417,-3.458603011396742,-3.455501958197933,-3.4524009518925776,-3.449299995462109,-3.4461990914004144,-3.443098241799032,-3.439997448416689,-3.4368967127361865,-3.433796036011042,-3.4306954193038193,-3.4275948635176894,-3.424494369422483,-3.4213939376762474,-3.418293568843109,-3.4151932634081192,-3.4120930217896204,-3.4089928443495596,-3.405892731402121,-3.4027926832209565,-3.3996927000452724,-3.3965927820849435,-3.393492929524838,-3.3903931425284775,-3.3872934212411407,-3.3841937657925105,-3.381094176298924,-3.3779946528653104,-3.3748951955868502,-3.3717958045504113,-3.368696479835789,-3.3655972215167935,-3.3624980296622056,-3.3593989043366164,-3.3562998456011783,-3.353200853514287,-3.350101928132198,-3.3470030695096,-3.343904277700151,-3.3408055527569984,-3.3377068947332744,-3.3346083036825984,-3.331509779659575,-3.3284113227203163,-3.325312932922985,-3.3222146103283716,-3.319116355000526,-3.316018167007446,-3.312920046421842,-3.3098219933219952,-3.3067240077927313,-3.3036260899265217,-3.3005282398247555,-3.2974304575991984,-3.2943327433736878,-3.2912350972861035,-3.2881375194906712,-3.285040010160658,-3.2819425692195368,-3.2788451965975716,-3.275747892231189,-3.272650656062416,-3.269553488038377,-3.266456388110842,-3.263359356235818,-3.2602623923731895,-3.2571654964863854,-3.2540686685420828,-3.25097190850994,-3.2478752163623525,-3.244778592074236,-3.241682035622825,-3.238585546987493,-3.2354891261495893,-3.232392773092288,-3.229296487800455,-3.2262002702605233,-3.2231041204603805,-3.220008038389265,-3.2169120240376756,-3.2138160773972846,-3.2107201984608604,-3.2076243872222023,-3.204528643676074,-3.201432967818152,-3.1983373596449725,-3.1952418191538894,-3.19214634634304,-3.1890509412113177,-3.185955603758346,-3.182860333984471,-3.179765131890755,-3.1766699974789874,-3.1735749307517014,-3.170479931712215,-3.167385000364692,-3.164290136714217,-3.161195340766917,-3.1581006125301125,-3.155005952012525,-3.151911359224547,-3.1488168341786045,-3.1457223768896214,-3.14262798737564,-3.1395336656586226,-3.1364394117655054,-3.133345225729585,-3.130251107592332,-3.1271570574057805,-3.124063075235681,-3.1209691611656623,-3.1178753153027423,-3.1147815377846446,-3.1116878287895364,-3.1085941885490076,-3.1055006173654367,-3.102407115635258,-3.0993136838802395,-3.0962203227896117,-3.09312703327697,-3.090033816557327,-3.0869406742517143,-3.0838476085295423,-3.0807546223028424,-3.0776617194919766,-3.0745689053900507,-3.0714761871639475,-3.068383574544978,-3.0652910807833327,-3.0621987239704542,-3.0591065288758292,-3.0560145295047936,-3.0529227726694375,-3.0498313229864915,-3.0467402698901362,-3.0436497374968177,-3.0405598985167477,-3.0374709939209272,-3.034383360813553,-3.0312974720295855,-3.028213992524897,-3.0251338598685398,-3.0220583993990093,-3.0189894893274616,-3.015929797924809,-3.0128831248708767,-3.0098548932299085,-3.006852859243329,-3.0038881367675043,-3.0009766750397424,-2.9981413863900004,-2.995415198092813,-2.99284540067217,-2.990499776315444,-2.9884750885328026,-2.9869085295931925,-2.985992513060097
-3.588427996878264,-3.58763837129142,-3.5862700685059785,-3.584474388178467,-3.582361028717648,-3.580010227570851,-3.5774811012067698,-3.574817472582557,-3.572051999543453,-3.5692091326421647,-3.5663072540249448,-3.563360236115046,-3.560378584915417,-3.5573702833326077,-3.554341416272137,-3.55129663598542,-3.548239509846903,-3.545172781195175,-3.5420985656199417,-3.539018499132611,-3.5359338503477904,-3.5328456056593582,-3.5297545340905856,-3.526661236801418,-3.523566184982229,-3.5204697489332775,-3.5173722204369566,-3.514273830013157,-3.5111747602612455,-3.508075156201665,-3.5049751333115915,-3.5018747837840474,-3.4987741814150755,-3.495673385428912,-3.492572443479144,-3.4894713940089974,-3.4863702681120508,-3.483269091002592,-3.480167883180279,-3.4770666613548324,-3.473965439181932,-3.470864227850242,-3.46776303655078,-3.464661872853071,-3.4615607430073205,-3.458459652187696,-3.4553586046886644,-3.452257604083797,-3.449156653354513,-3.446055754994686,-3.4429549110958457,-3.439854123416708,-3.4367533934400663,-3.4336527224194326,-3.4305521114173634,-3.427451561337025,-3.424351072948245,-3.421250646909065,-3.4181502837836106,-3.41504998405693,-3.4119497481473617,-3.4088495764168525,-3.4057494691795833,-3.4026494267092082,-3.399549449244928,-3.3964495369966166,-3.393349690149143,-3.3902499088660263,-3.387150193292546,-3.384050543558381,-3.3809509597798706,-3.3778514420619428,-3.3747519904997785,-3.3716526051802442,-3.3685532861831353,-3.365454033582263,-3.3623548474464067,-3.3592557278401576,-3.35615667482467,-3.353057688458336,-3.3499587687974115,-3.3468599158965855,-3.343761129809517,-3.3406624105893528,-3.337563758289225,-3.3344651729627532,-3.3313666546645435,-3.3282682034507074,-3.325169819379407,-3.322071502511434,-3.3189732529108387,-3.3158750706456184,-3.312776955788485,-3.3096789084177205,-3.306580928618149,-3.3034830164822435,-3.300385172111395,-3.2972873956173685,-3.2941896871240037,-3.2910920467691804,-3.2879944747071255,-3.2848969711111073,-3.2817995359045984,-3.2787021690178615,-3.275604870387323,-3.2725076399550104,-3.2694104776680457,-3.2663133834781983,-3.263216357341478,-3.2601193992177655,-3.2570225090704903,-3.253925686866328,-3.2508289325749367,-3.2477322461687126,-3.2446356276225687,-3.241539076913741,-3.238442594021602,-3.2353461789275024,-3.2322498316146153,-3.2291535520678076,-3.2260573402735107,-3.2229611962196105,-3.219865119895348,-3.216769111291219,-3.2136731703988968,-3.210577297211152,-3.207481491721782,-3.2043857539255507,-3.2012900838181335,-3.1981944813960665,-3.195098946656705,-3.192003479598185,-3.188908080219399,-3.1858127485199734,-3.182717484500252,-3.179622288161298,-3.176527159504899,-3.1734320985335898,-3.170337105250688,-3.167242179660356,-3.164147321767681,-3.161052531578791,-3.1579578091010037,-3.1548631543430403,-3.1517685673152953,-3.1486740480301942,-3.1455795965026603,-3.1424852127507346,-3.1393908967963795,-3.1362966486665336,-3.133202468394492,-3.1301083560217253,-3.127014311600268,-3.1239203351958715,-3.1208264268921613,-3.117732586796158,-3.114638815045585,-3.111545111818609,-3.108451477346822,-3.105357911932601,-3.1022644159723813,-3.0991709899879303,-3.096077634668478,-3.0929843509276194,-3.089891139980367,-3.0867980034477527,-3.083704943499187,-3.080611963046699,-3.077519066010653,-3.0744262576841512,-3.0713335452340726,-3.068240938391724,-3.065148450407288,-3.0620560993721972,-3.058963910055922,-3.0558719164637753,-3.0527801654078095,-3.0496887215047024,-3.0465976741885545,-3.043507147575698,-3.04041731437617,-3.037328415560717,-3.0342407882331575,-3.0311549052278957,-3.0280714314999764,-3.0249913046172354,-3.0219158499163603,-3.018846945605838,-3.015787259952626,-3.012740592630687,-3.0097123666955734,-3.0067103383758167,-3.0037456215086658,-3.0008341653030834,-2.9979988820470727,-2.995272698953219,-2.992702906454439,-2.990357286605144,-2.9883326027234647,-2.986766046805469,-2.9858500320362267
-3.5882799384659263,-3.587490314223968,-3.586122013792338,-3.5843263365851366,-3.582212980832686,-3.5798621838489066,-3.5773330620015313,-3.5746694381705724,-3.5719039701418787,-3.569061108422152,-3.5661592351218325,-3.563212222636177,-3.5602305769461755,-3.557222280941098,-3.554193419512832,-3.5511486449020095,-3.548091524474529,-3.5450248015621875,-3.541950591749285,-3.5388705310429143,-3.5357858880542334,-3.5326976491743594,-3.529606583424344,-3.5265132919623516,-3.523418245977318,-3.5203218157683414,-3.5172242931168753,-3.514125908542049,-3.5110268446426085,-3.5079272464384945,-3.504827229406472,-3.501726885739225,-3.498626289232523,-3.4955254991103746,-3.4924245630261823,-3.4893235194230177,-3.4862223993943333,-3.4831212281543116,-3.4800200262025247,-3.4769188102486193,-3.4738175939482168,-3.47071638848993,-3.467615203064732,-3.4645140452421153,-3.461412921272253,-3.458311836329289,-3.455210794707669,-3.452109799980947,-3.4490088551305247,-3.4459079626502658,-3.4428071246316847,-3.4397063428334915,-3.43660561873847,-3.4335049536001256,-3.4304043484810096,-3.427303804284283,-3.424203321779769,-3.4211029016255066,-3.4180025443856157,-3.414902250545144,-3.4118020205224266,-3.408701854679408,-3.4056017533302683,-3.402501716748657,-3.3994017451737757,-3.3963018388154977,-3.3932019978586885,-3.3901022224668678,-3.387002512785314,-3.3839028689437063,-3.3808032910583834,-3.3777037792342735,-3.374604333566555,-3.371504954142094,-3.3684056410406873,-3.365306394336144,-3.3622072140972454,-3.3591081003885805,-3.3560090532713036,-3.3529100728038084,-3.34981115904235,-3.3467123120416176,-3.3436135318552704,-3.340514818536453,-3.3374161721383007,-3.3343175927144313,-3.331219080319451,-3.3281206350094723,-3.325022256842659,-3.321923945879801,-3.3188257021849497,-3.3157275258261025,-3.312629416875971,-3.3095313754128375,-3.3064334015215286,-3.303335495294517,-3.3002376568331933,-3.2971398862493246,-3.2940421836667513,-3.2909445492233558,-3.2878469830733654,-3.2847494853900487,-3.281652056096878,-3.278554695124116,-3.275457402408187,-3.2723601778911164,-3.2692630215200293,-3.266165933246693,-3.2630689130271135,-3.2599719608211744,-3.2568750765923036,-3.253778260307177,-3.2506815119354524,-3.2475848314495255,-3.24448821882431,-3.2413916740370396,-3.238295197067089,-3.2351987878958064,-3.2321024465063664,-3.229006172883633,-3.2259099670140388,-3.2228138288854713,-3.219717758487169,-3.2166217558096295,-3.2135258208445237,-3.210429953584623,-3.207334154023724,-3.204238422156592,-3.2011427579789027,-3.1980471614871906,-3.1949516326788108,-3.1918561715519,-3.1887607781053506,-3.185665452338788,-3.182570194252556,-3.179475003847719,-3.1763798811260657,-3.173284826090129,-3.1701898387432283,-3.1670949190895246,-3.164000067134104,-3.1609052828830935,-3.157810566343812,-3.154715917524983,-3.1516213364369987,-3.148526823092284,-3.1454323775057635,-3.142337999695479,-3.139243689683392,-3.1361494474964413,-3.13305527316792,-3.1299611667393,-3.1268671282626177,-3.1237731578036225,-3.1206792554459426,-3.1175854212965963,-3.1144916554933078,-3.111397958214241,-3.1083043296909896,-3.105210770225932,-3.1021172802155035,-3.09902386018147,-3.095930510813062,-3.0928372330238747,-3.089744028028922,-3.086650897449234,-3.083557843454222,-3.080464868955913,-3.077371977874669,-3.074279175503591,-3.071186469009557,-3.0680938681238676,-3.065001386096699,-3.0619090410194727,-3.058816857661642,-3.0557248700284942,-3.0526331249320457,-3.0495416869889205,-3.0464506456331377,-3.0433601249809072,-3.0402702977420892,-3.0371814048871655,-3.034093783519565,-3.0310079064731172,-3.0279244387020157,-3.024844317772839,-3.021768869020416,-3.0186999706504776,-3.0156402909259037,-3.012593629514612,-3.009565409463192,-3.0065633869868833,-3.0035986759032167,-3.00068722539193,-2.997851947697762,-2.995125769969418,-2.9925559825459027,-2.990210367344525,-2.988185687485392,-2.9866191346831874,-2.9857031217327727
-3.5881273052383835,-3.587337682382973,-3.5859693843780693,-3.5841737103878377,-3.5820603584586315,-3.579709565766831,-3.577180448576081,-3.5745168296868615,-3.5717513668237895,-3.5689085104461373,-3.5660066426274213,-3.563059635734037,-3.560077995724335,-3.557069705469771,-3.554040849848177,-3.550996081089069,-3.5479389665495353,-3.5448722495543707,-3.541798045682299,-3.538717990935966,-3.5356333539229747,-3.532545121031595,-3.5294540612805907,-3.5263607758262863,-3.523265735856135,-3.52016931166804,-3.5170717950424852,-3.513973416497816,-3.5108743586321394,-3.5077747664648773,-3.504674755472369,-3.501574417846956,-3.4984738273841205,-3.495373043307641,-3.4922721132707246,-3.4891710757162873,-3.48606996173765,-3.482968796548888,-3.4798676006494818,-3.4767663907490056,-3.473665180503016,-3.4705639811000744,-3.4674628017311098,-3.4643616499655785,-3.4612605320536236,-3.458159453169363,-3.455058417607222,-3.4519574289407338,-3.4488564901512855,-3.445755603732726,-3.4426547717765623,-3.4395539960414916,-3.4364532780102914,-3.4333526189364574,-3.430252019882536,-3.427151481751683,-3.424051005313717,-3.420950591226673,-3.417850240054667,-3.414749952282744,-3.4116497283292375,-3.4085495685560896,-3.405449473277478,-3.4023494427670506,-3.399249477264009,-3.396149576978223,-3.3930497420945587,-3.389949972776535,-3.3868502691694284,-3.3837506314029198,-3.3806510595933443,-3.37755155384563,-3.3744521142549564,-3.371352740908188,-3.368253433885121,-3.365154193259566,-3.362055019100303,-3.3589559114719205,-3.3558568704355722,-3.3527578960496527,-3.349658988370416,-3.346560147452551,-3.343461373349717,-3.3403626661150616,-3.3372640258017183,-3.3341654524633046,-3.331066946154429,-3.327968506931202,-3.324870134851787,-3.3217718299769747,-3.3186735923708177,-3.315575422101314,-3.3124773192411756,-3.309379283868685,-3.306281316068668,-3.3031834159336,-3.3000855835648717,-3.2969878190742503,-3.293890122585578,-3.2907924942367384,-3.2876949341819595,-3.284597442594512,-3.281500019397866,-3.2784026645222837,-3.27530537790419,-3.2722081594856096,-3.269111009213665,-3.2660139270401234,-3.2629169129209923,-3.259819966816153,-3.256723088689034,-3.25362627850631,-3.2505295362376385,-3.247432861855414,-3.2443362553345505,-3.241239716652282,-3.238143245787983,-3.2350468427230004,-3.231950507440509,-3.2288542399253735,-3.225758040164026,-3.2226619081443517,-3.21956584385559,-3.2164698472882383,-3.213373918433969,-3.2102780572855534,-3.207182263836788,-3.204086538082437,-3.2009908800181743,-3.1978952896405364,-3.194799766946877,-3.1917043119353337,-3.1886089246047984,-3.185513604954897,-3.182418352985974,-3.1793231686990917,-3.176228052096038,-3.173133003179348,-3.17003802195234,-3.166943108419175,-3.16384826258494,-3.1607534844557614,-3.1576587740389597,-3.1545641313432555,-3.1514695563790416,-3.1483750491587443,-3.1452806096972883,-3.1421862380127137,-3.1390919341269843,-3.1359976980670363,-3.132903529866165,-3.1298094295658423,-3.1267153972181023,-3.123621432888695,-3.1205275366612506,-3.117433708642785,-3.1143399489710237,-3.1112462578241327,-3.1081526354337035,-3.1050590821021133,-3.1019655982257985,-3.098872184326527,-3.0957788410935274,-3.0926855694403965,-3.089592370582146,-3.086499246139808,-3.083406198282791,-3.080313229923123,-3.0772203449811646,-3.0741275487500146,-3.071034848396547,-3.0679422536520575,-3.0648497777667147,-3.0617574388319295,-3.0586652616171377,-3.055573280127602,-3.0524815411752995,-3.049390109376798,-3.0462990741660323,-3.043208559659089,-3.040118738565645,-3.0370298518559102,-3.0339422366329116,-3.0308563657298846,-3.027772904100147,-3.02469278930898,-3.0216173466892933,-3.0185484544439816,-3.0154887808317175,-3.012442125514188,-3.0094139115287426,-3.0064118950769148,-3.0034471899559083,-3.00053574531533,-2.9977004733553136,-2.994974301158705,-2.99240451896769,-2.9900589085582245,-2.9880342328462586,-2.9864676832563744,-2.985551672181136
-3.587969985553339,-3.5871803641271627,-3.585812068623692,-3.5840163979494655,-3.5819030499612032,-3.5795522616935105,-3.577023149302737,-3.5743595355073854,-3.571594077968955,-3.568751227097829,-3.5658493649294645,-3.5629023638005064,-3.5599207296459667,-3.556912445318941,-3.553883595682774,-3.5508388329555234,-3.547781724485193,-3.544715013589361,-3.541640815841006,-3.5385607672381876,-3.5354761363848435,-3.532387909666306,-3.529296856098983,-3.5262035768373043,-3.5231085430671976,-3.520012125085331,-3.51691461467119,-3.51381624234231,-3.5107171906961425,-3.5076176047515726,-3.504517599984503,-3.501417268586916,-3.4983166843540032,-3.4952159065093023,-3.4921149827058238,-3.489013951386319,-3.485912843643974,-3.482811684692753,-3.4797104950320445,-3.4766092913713442,-3.4735080873661457,-3.4704068942049573,-3.467305721078664,-3.464204575556684,-3.461103463889128,-3.458002391250086,-3.454901361933962,-3.45180037951427,-3.448699446972381,-3.44559856680213,-3.4424977410950106,-3.4393969716097113,-3.4362962598290006,-3.433195607006369,-3.430095014204356,-3.4269944823261103,-3.4238940121414463,-3.4207936043083964,-3.417693259391073,-3.414592977874518,-3.4114927601770626,-3.4083926066606463,-3.405292517639443,-3.4021924933871013,-3.3990925341428193,-3.395992640116468,-3.392892811492911,-3.389793048435666,-3.3866933510900092,-3.38359371958562,-3.3804941540388334,-3.3773946545545774,-3.3742952212280284,-3.371195854146053,-3.3680965533884475,-3.364997319029022,-3.3618981511365544,-3.3587990497756355,-3.355700015007417,-3.3526010468902943,-3.349502145480522,-3.3464033108327884,-3.3433045430007526,-3.3402058420375624,-3.337107207996351,-3.3340086409307372,-3.3309101408953277,-3.3278117079462346,-3.324713342141621,-3.3216150435422778,-3.318516812212257,-3.3154186482195582,-3.3123205516368937,-3.309222522542548,-3.3061245610213477,-3.303026667165767,-3.299928841077198,-3.296831082867409,-3.2937333926602417,-3.290635770593582,-3.2875382168216585,-3.2844407315177446,-3.2813433146053095,-3.278245966014613,-3.275148685682079,-3.272051473549733,-3.2689543295646972,-3.265857253678737,-3.262760245847861,-3.2596633060319484,-3.2565664341944274,-3.253469630301973,-3.2503728943242414,-3.247276226233627,-3.244179626005045,-3.241083093615727,-3.237986629045046,-3.234890232274351,-3.2317939032868157,-3.2286976420673046,-3.2256014486022506,-3.2225053228795386,-3.2194092648884074,-3.2163132746193543,-3.2132173520640515,-3.2101214972152685,-3.2070257100668034,-3.2039299906134193,-3.200834338850792,-3.1977387547754565,-3.1946432383847676,-3.191547789676861,-3.18845240865063,-3.1853570953056978,-3.182261849642411,-3.179166671661831,-3.176071561365747,-3.172976518756693,-3.1698815438379877,-3.166786636613793,-3.1636917970891947,-3.1605970252703193,-3.1575023211644866,-3.1544076847804186,-3.151313116128508,-3.1482186152211806,-3.1451241820733604,-3.1420298167030882,-3.138935519132327,-3.1358412893880137,-3.1327471275034435,-3.1296530335200874,-3.12655900748998,-3.123465049478873,-3.120371159570394,-3.117277337871561,-3.1141835845200987,-3.1110898996941723,-3.107996283625374,-3.104902736616083,-3.1018092590627346,-3.0987158514870963,-3.0956225145783964,-3.092529249250232,-3.0894360567176142,-3.0863429386015766,-3.0832498970715267,-3.080156935039491,-3.0770640564258285,-3.0739712665236367,-3.0708785724997854,-3.067785984085567,-3.06469351453114,-3.0616011819279043,-3.0585090110452784,-3.0554170358884987,-3.0523253032695035,-3.0492338778048023,-3.046142848928243,-3.0430523407557852,-3.0399625259969145,-3.0368736456215615,-3.0337860367323404,-3.0307001721618736,-3.0276167168625765,-3.0245366083983924,-3.0214611721002544,-3.01839228616813,-3.0153326188563585,-3.0122859698202027,-3.0092577620874867,-3.0062557518456168,-3.0032910528708454,-3.00037961428172,-2.997544348232395,-2.9948181817378305,-2.9922484049404106,-2.989902799470389,-2.9878781280332722,-2.986311581754608,-2.985395572612277
-3.5878078671099125,-3.587018247156681,-3.5856499542311493,-3.5838542869743484,-3.5817409430475635,-3.5793901593392903,-3.5768610518953032,-3.574197443349617,-3.5714319912986845,-3.5685891461025023,-3.5656872897573053,-3.56274029456908,-3.559758666448786,-3.556750388230594,-3.5537215447629187,-3.5506767882520087,-3.547619686036507,-3.544552981426553,-3.541478789989203,-3.5383987477177934,-3.5353141232124843,-3.532225902855581,-3.5291348556610656,-3.526041582781414,-3.522946555400978,-3.519850143815155,-3.516752639802401,-3.5136542738794194,-3.510555228642981,-3.507455649111421,-3.504355650760192,-3.501255325780908,-3.4981547479684605,-3.4950539765461364,-3.491953059166743,-3.4888520342728655,-3.48575093295755,-3.4826497804346452,-3.4795485972034457,-3.4764473999733685,-3.4733462023998385,-3.4702450156713103,-3.4671438489786213,-3.464042709891151,-3.460941604658977,-3.4578405384561646,-3.4547395155770917,-3.4516385395952542,-3.448537613492005,-3.4454367397611665,-3.44233592049422,-3.439235157449843,-3.436134452110797,-3.4330338057305636,-3.429933219371675,-3.426832693937276,-3.423732230197177,-3.420631828809403,-3.417531490338065,-3.4144312152682006,-3.4113310040181393,-3.4082308569498174,-3.405130774377409,-3.402030756574559,-3.398930803780465,-3.395830916204995,-3.392731094033014,-3.389631337428038,-3.386531646535342,-3.3834320214846034,-3.3803324623921576,-3.3772329693629306,-3.374133542492101,-3.371034181866534,-3.367934887566025,-3.364835659664383,-3.3617364982303863,-3.3586374033286255,-3.3555383750202528,-3.3524394133636637,-3.3493405184151115,-3.3462416902292853,-3.3431429288598444,-3.340044234359937,-3.336945606782695,-3.333847046181738,-3.3307485526116736,-3.327650126128614,-3.3245517667907225,-3.3214534746587905,-3.31835524979687,-3.3152570922729603,-3.312159002159775,-3.3090609795355976,-3.3059630244852567,-3.3028651371012283,-3.2997673174849043,-3.296669565748054,-3.2935718820145206,-3.2904742664221898,-3.287376719125292,-3.284279240297102,-3.281181829861088,-3.27808448774751,-3.2749872138927913,-3.2718900082389557,-3.2687928707331237,-3.2656958013270616,-3.2625987999767765,-3.259501866642148,-3.2564050012866024,-3.253308203876815,-3.250211474382442,-3.2471148127758775,-3.2440182190320352,-3.240921693128148,-3.237825235043588,-3.234728844759704,-3.2316325222596687,-3.228536267528347,-3.2254400805521715,-3.2223439613190266,-3.2192479098181503,-3.21615192604004,-3.213056009976369,-3.209960161619905,-3.2068643809644475,-3.2037686680047592,-3.2006730227365154,-3.1975774451562518,-3.1944819352613214,-3.1913864930498614,-3.188291118520764,-3.1851958116736534,-3.1821005725088756,-3.1790054010274926,-3.175910297231292,-3.1728152611228078,-3.16972029270536,-3.166625391983108,-3.1635305589611398,-3.160435793645581,-3.1573410960437513,-3.154246466164373,-3.15115190401784,-3.1480574096165763,-3.1449629829755064,-3.141868624112672,-3.1387743330500357,-3.1356801098145337,-3.1325859544394623,-3.1294918669662923,-3.126397847447059,-3.1233038959475117,-3.1202100125512797,-3.117116197365381,-3.1140224505275405,-3.1109287722159236,-3.1078351626621226,-3.104741622168516,-3.10164815113154,-3.0985547500729615,-3.095461419682009,-3.0923681608722786,-3.0892749748587827,-3.0861818632625533,-3.083088828252997,-3.0799958727421406,-3.0769030006503417,-3.0738102172706956,-3.070717529770069,-3.0676249478797493,-3.0645324848498885,-3.061440158771872,-3.0583479944151013,-3.055256025784785,-3.052164299692821,-3.049072880755659,-3.0459818584070577,-3.042891356762845,-3.0398015485323104,-3.0367126746850963,-3.033625072323391,-3.0305392142791874,-3.027455765503967,-3.024375663560297,-3.021300233777074,-3.018231354351247,-3.0151716935326895,-3.0121250509700435,-3.0090968496813177,-3.006094845839359,-3.0031301531988253,-3.0002187208462545,-2.9973834608884182,-2.994657300270313,-2.9920875290314703,-2.9897419286519806,-2.987717261620472,-2.9861507187543124,-2.9852347116040145
-3.5876408371100172,-3.5868512186744796,-3.5854829284052063,-3.583687264669652,-3.581573924927731,-3.5792231459173913,-3.5766940435704733,-3.5740304404339356,-3.5712649940372083,-3.5684221546883728,-3.565520304343248,-3.5625733152762273,-3.5595916933734917,-3.5565834214497123,-3.5535545843379226,-3.550509834232201,-3.5474527384615455,-3.544386040328431,-3.5413118553938117,-3.538231819646157,-3.5351472016817325,-3.5320589878797293,-3.5289679472516244,-3.5258746809478803,-3.5227796601512273,-3.5196832551557535,-3.5165857577388557,-3.513487398416377,-3.5103883597843915,-3.5072887868606637,-3.504188795120183,-3.5010884767541857,-3.497987905557249,-3.494887140752407,-3.4917862299922575,-3.4886852117192118,-3.4855841170261734,-3.482482971126874,-3.4793817945205077,-3.4762806039164094,-3.4731794129699365,-3.4700782328694855,-3.4669770728058475,-3.4638759403483625,-3.4607748417470745,-3.4576737821760184,-3.4545727659295498,-3.4514717965811434,-3.448370877112138,-3.44527001001634,-3.4421691973852173,-3.439068440977438,-3.4359677422757513,-3.432867102533633,-3.429766522813609,-3.4266660040188186,-3.423565546919066,-3.420465152172374,-3.417364820342849,-3.4142645519155255,-3.4111643473087305,-3.4080642068843967,-3.4049641309566963,-3.4018641197992725,-3.3987641736513217,-3.3956642927227114,-3.3925644771983037,-3.389464727241614,-3.3863650429979164,-3.3832654245968885,-3.380165872154866,-3.377066385776772,-3.373966965557785,-3.370867611584772,-3.3677683239375265,-3.3646691026898563,-3.3615699479105405,-3.358470859664169,-3.355371838011895,-3.3522728830121125,-3.3491739947210752,-3.3460751731934724,-3.342976418482964,-3.3398777306426957,-3.3367791097258026,-3.3336805557859033,-3.3305820688776056,-3.3274836490570214,-3.3243852963823133,-3.3212870109142756,-3.3181887927169584,-3.3150906418583626,-3.3119925584112018,-3.308894542453762,-3.3057965940708693,-3.302698713355001,-3.2996009004075506,-3.2965031553402895,-3.293405478277061,-3.2903078693557526,-3.287210328730596,-3.2841128565748674,-3.281015452812034,-3.2779181173723546,-3.2748208501922513,-3.271723651213747,-3.2686265203839633,-3.2655294576546647,-3.262432462981856,-3.2593355363254184,-3.2562386776487773,-3.2531418869186077,-3.2500451641045647,-3.2469485091790427,-3.2438519221169537,-3.2407554028955317,-3.237658951494148,-3.23456256789415,-3.231466252078712,-3.228370004032698,-3.2252738237425396,-3.2221777111961227,-3.219081666382685,-3.215985689292724,-3.2128897799179112,-3.209793938251015,-3.2066981642858323,-3.2036024580171265,-3.2005068194405735,-3.1974112485527084,-3.1943157453508846,-3.1912203098332412,-3.1881249419986695,-3.185029641846793,-3.1819344093779574,-3.1788392445932248,-3.175744147494383,-3.1726491180839655,-3.1695541563652925,-3.1664592623425247,-3.163364436020748,-3.1602696774060894,-3.157174986505869,-3.154080363328808,-3.150985807885299,-3.1478913201877665,-3.1447969002511362,-3.1417025480934493,-3.1386082637366672,-3.1355140472077285,-3.1324198985399265,-3.1293258177747343,-3.1262318049641853,-3.1231378601740314,-3.120043983487901,-3.116950175012812,-3.113856434886489,-3.110762763287099,-3.1076691604462323,-3.1045756266662687,-3.101482162343644,-3.0983887680001256,-3.0952954443249427,-3.0922021922316896,-3.08910901293538,-3.086015908057045,-3.0829228797660915,-3.079829930974545,-3.0767370656027615,-3.073644288943834,-3.0705516081646254,-3.067459032996417,-3.0643665766893537,-3.0612742573348095,-3.0581820997021647,-3.055090137796601,-3.051998418429976,-3.0489070062186774,-3.0458159905963704,-3.042725495678747,-3.0396356941748968,-3.0365468270541642,-3.0334592314182975,-3.03037338009864,-3.0272899380457154,-3.02420984282067,-3.0211344197503003,-3.0180655470284496,-3.015005892900387,-3.011959257007933,-3.008931062358983,-3.0059290651113812,-3.0029643789975364,-3.000052953071005,-2.997217699389735,-2.9944915448266336,-2.9919217793152524,-2.9895761841809603,-2.987551521688916,-2.985984982338943,-2.985068977241201
-3.587468782433364,-3.586679165561307,-3.5853108780284253,-3.5835152179203464,-3.581401882489539,-3.579051108318859,-3.576522011222776,-3.5738584136585687,-3.571092973086621,-3.568250139761533,-3.565348295597489,-3.5624013128363368,-3.5594196973387278,-3.556411431899249,-3.5533826013350827,-3.5503378578277762,-3.547280768696388,-3.544214077235498,-3.541139898999777,-3.538059869972676,-3.5349752587464556,-3.5318870516970917,-3.5287960178334847,-3.525702758304023,-3.5226077442897656,-3.5195113460834513,-3.516413855461386,-3.5133155029385272,-3.510216471110229,-3.5071169049936723,-3.504016920063369,-3.500916608510163,-3.497816044128311,-3.494715286140584,-3.491614382199363,-3.488513370746882,-3.485412282875896,-3.4823111438000143,-3.479209974018331,-3.476108790240096,-3.473007606120598,-3.4699064328481755,-3.4668052796135695,-3.463704153986078,-3.4606030622157116,-3.4575020094764763,-3.4544010000627017,-3.4513000375478415,-3.448199124913217,-3.445098264652618,-3.4419974588575015,-3.4388967092865252,-3.43579601742243,-3.432695384518682,-3.4295948116378017,-3.42649429968292,-3.4233938494238383,-3.4202934615185727,-3.417193136531228,-3.4140928749468338,-3.4109926771837142,-3.407892543603801,-3.404792474521263,-3.4016924702097424,-3.398592530908434,-3.395492656827204,-3.392392848150913,-3.389293105043076,-3.3861934276489656,-3.383093816098258,-3.379994270507288,-3.3768947909809794,-3.3737953776145106,-3.3706960304947446,-3.367596749701477,-3.3644975353085167,-3.361398387384641,-3.3582993059944397,-3.355200291199066,-3.3521013430569133,-3.3490024616242358,-3.3459036469557217,-3.3428048991050323,-3.3397062181253134,-3.336607604069699,-3.3335090569918093,-3.3304105769462504,-3.327312163989135,-3.3242138181786287,-3.3211155395755223,-3.318017328243869,-3.314919184251669,-3.3118211076716375,-3.308723098582059,-3.305625157067762,-3.3025272832212242,-3.2994294771438386,-3.296331738947379,-3.2932340687556896,-3.290136466706659,-3.2870389329545207,-3.283941467672553,-3.2808440707842217,-3.2777467422197835,-3.2746494819156613,-3.271552289813876,-3.2684551658615475,-3.2653581100104416,-3.2622611222165636,-3.2591642024397904,-3.2560673506435487,-3.2529705667945135,-3.2498738508623393,-3.2467772028194193,-3.243680622640666,-3.2405841103033124,-3.2374876657867304,-3.2343912890722666,-3.2312949801430957,-3.2281987389840796,-3.2251025655816505,-3.2220064599236937,-3.2189104219994475,-3.215814451799408,-3.212718549315247,-3.209622714539733,-3.206526947466664,-3.203431248090804,-3.2003356164078265,-3.197240052414268,-3.1941445561074806,-3.1910491274856034,-3.1879537665475266,-3.184858473292876,-3.1817632477219964,-3.178668089835949,-3.1755729996365223,-3.17247797712625,-3.1693830223084523,-3.166288135187289,-3.163193315767848,-3.1600985640562542,-3.1570038800598272,-3.153909263787288,-3.1508147152490307,-3.1477202344574797,-3.1446258214275598,-3.141531476177312,-3.1384371987286994,-3.1353429891086586,-3.132248847350485,-3.1291547734956495,-3.1260607675961882,-3.1229668297178512,-3.1198729599442667,-3.1167791583824527,-3.113685425170135,-3.110591760485479,-3.1074981645600768,-3.104404637696306,-3.101311180290604,-3.0982177928647388,-3.095124476107939,-3.0920312309338005,-3.088938058557335,-3.085844960599574,-3.082751939229924,-3.0796589973604096,-3.076566138911385,-3.0734733691759417,-3.0703806953209387,-3.0672881270776515,-3.064195677696215,-3.061103365267991,-3.058011214562343,-3.0549192595844223,-3.051827547146044,-3.0487361418635297,-3.0456451331704524,-3.0425546451823626,-3.039464850608144,-3.0363759904168344,-3.033288401709729,-3.030202557317502,-3.027119122189688,-3.024039033885972,-3.0209636177309873,-3.0178947519153763,-3.0148351046796664,-3.01178847565865,-3.008760287849803,-3.0057582973955173,-3.002793618005278,-2.999882198698665,-2.9970469514833296,-2.9943208031579163,-2.991751043546798,-2.9894054538159542,-2.9873807960003327,-2.9858142602726314,-2.9848982572893736
-3.587291589826578,-3.5865019745648246,-3.585133689850286,-3.583338033478321,-3.581224702487739,-3.5788739333016597,-3.576344841613667,-3.5736812497886725,-3.570915815215948,-3.568072988095008,-3.5651711502971546,-3.56222417403072,-3.559242565130061,-3.5562343063690753,-3.553205482548624,-3.550160745837342,-3.547103663544056,-3.5440369789552144,-3.5409628076190125,-3.537882785513735,-3.534798181227514,-3.531709981133018,-3.5286189542364914,-3.525525701684188,-3.522430694655446,-3.5193343034416142,-3.5162368198178733,-3.5131384742982705,-3.510039449477418,-3.5069398903718927,-3.5038399124557147,-3.5007396079193267,-3.497639050556655,-3.4945382995902,-3.491437402672122,-3.4883363982444684,-3.485235317399845,-3.4821341853517342,-3.4790330225991246,-3.47593184585118,-3.472830668763116,-3.469729502523211,-3.4666283563221576,-3.463527237729208,-3.4604261529943385,-3.457325107291525,-3.454224104915073,-3.4511231494384145,-3.4480222438428516,-3.4449213906221603,-3.441820591867783,-3.4387198493383657,-3.43561916451664,-3.432518538656064,-3.4294179728191505,-3.4263174679090245,-3.423217024695482,-3.4201166438365362,-3.4170163258962862,-3.41391607135976,-3.4108158806452775,-3.4077157541147676,-3.4046156920823987,-3.401515694821811,-3.3984157625721965,-3.3953158955434186,-3.392216093920338,-3.389116357866468,-3.386016687527081,-3.382917083031853,-3.3798175444971172,-3.3767180720277987,-3.3736186657190728,-3.3705193256578045,-3.3674200519237876,-3.364320844590829,-3.3612217037277086,-3.3581226293990154,-3.3550236216659006,-3.351924680586758,-3.3488258062178433,-3.345726998613845,-3.3426282578284217,-3.3395295839147208,-3.336430976925877,-3.33333243691551,-3.330233963938226,-3.3271355580501396,-3.324037219309414,-3.320938947776842,-3.317840743516477,-3.3147426065963206,-3.3116445370890863,-3.30854653507306,-3.3054486006330714,-3.3023507338615987,-3.299252934860036,-3.296155203740158,-3.29305754062581,-3.289959945654881,-3.286862418981607,-3.283764960779268,-3.2806675709713287,-3.277570249488046,-3.2744729962658394,-3.271375811246731,-3.268278694377839,-3.2651816456109284,-3.262084664902003,-3.2589877522109423,-3.2558909075011697,-3.2527941307393586,-3.2496974218951653,-3.2466007809409825,-3.2435042078517218,-3.2404077026046143,-3.237311265179033,-3.234214895556326,-3.2311185937196654,-3.2280223596539144,-3.2249261933455045,-3.2218300947823204,-3.2187340639536,-3.2156381008498394,-3.21254220546271,-3.2094463777849813,-3.2063506178104495,-3.2032549255338796,-3.2001593009509444,-3.197063744058181,-3.1939682548529413,-3.190872833333362,-3.1877774794983362,-3.1846821933474883,-3.1815869748811623,-3.178491824100421,-3.1753967410070514,-3.1723017256035893,-3.1692067778933506,-3.166111897880499,-3.1630170855701207,-3.1599223409683406,-3.1568276640824795,-3.1537330549212577,-3.15063851349507,-3.1475440398163395,-3.1444496338999923,-3.141355295764069,-3.1382610254305314,-3.1351668229263185,-3.1320726882847243,-3.1289786215472213,-3.1258846227658426,-3.1227906920063386,-3.119696829352339,-3.1166030349108627,-3.113509308819634,-3.110415651256818,-3.107322062454007,-3.1042285427135807,-3.1011350924319747,-3.0980417121309562,-3.094948402499757,-3.091855164451971,-3.08876199920261,-3.0856689083727047,-3.0825758941316614,-3.079482959391504,-3.0763901080725855,-3.073297345467994,-3.0702046787445854,-3.067112117633629,-3.064019675385253,-3.0609273700908064,-3.05783522651963,-3.054743278676846,-3.0516515733742255,-3.0485601752280247,-3.0454691736717203,-3.0423786928207175,-3.0392889053836867,-3.03620005232935,-3.033112470758536,-3.03002663350123,-3.026943205505949,-3.0238631243308705,-3.020787715298402,-3.0177188565958866,-3.0146592164589676,-3.011612594515201,-3.008584413751331,-3.005582430293831,-3.002617757828581,-2.9997063453401656,-2.996871104784432,-2.9941449628835364,-2.9915752093494064,-2.9892296251838566,-2.9872049721847267,-2.9856384401877936,-2.984722439382353
-3.5871091461069398,-3.5863195325033557,-3.5849512506909305,-3.5831555981661283,-3.581042271747748,-3.5786915076944266,-3.5761624215752685,-3.5734988356600734,-3.5707334072648864,-3.5678905865325,-3.5649887552900617,-3.5620417857113855,-3.5590601836037554,-3.5560519317197654,-3.5530231148434672,-3.549978385130205,-3.546921309878264,-3.5438546323657225,-3.540780468134107,-3.5377004531563863,-3.5346158560164374,-3.531527663083525,-3.5284366433611583,-3.5253433979933937,-3.522248398157795,-3.519152014144282,-3.5160545377268755,-3.5129561994186838,-3.5098571818135564,-3.506757629927451,-3.503657659233878,-3.5005573619228665,-3.4974568117880036,-3.494356068051513,-3.4912551783653236,-3.4881541811712937,-3.4850531075618725,-3.481951982750414,-3.4788508272358,-3.4757496577271043,-3.4726484878794692,-3.46954732888111,-3.466446189922665,-3.4633450785733455,-3.4602440010830904,-3.457142962625843,-3.454041967495883,-3.450941019266621,-3.4478401209193397,-3.4447392749478007,-3.441638483443432,-3.4385377481648676,-3.435437070594829,-3.4323364519867674,-3.4292358934031872,-3.4261353957472087,-3.423034959788622,-3.4199345861854344,-3.416834275501741,-3.413734028222567,-3.41063384476623,-3.4075337254946554,-3.4044336707220086,-3.4013336807219288,-3.398233755733607,-3.395133895966905,-3.392034101606682,-3.3889343728164496,-3.385834709741479,-3.382735112511445,-3.3796355812426797,-3.3765361160401084,-3.373436716998907,-3.3703373842059383,-3.3672381177409965,-3.36413891767789,-3.3610397840853956,-3.357940717028103,-3.354841716567164,-3.3517427827609714,-3.3486439156657806,-3.3455451153362805,-3.34244638182613,-3.3393477151884765,-3.3362491154764546,-3.333150582743683,-3.33005211704477,-3.326953718435829,-3.323855386975025,-3.3207571227231507,-3.31765892574426,-3.3145607961063543,-3.3114627338821476,-3.3083647391499276,-3.305266811994525,-3.302168952508417,-3.2990711607930003,-3.2959734369600486,-3.292875781133409,-3.2897781934509727,-3.286680674066978,-3.283583223154704,-3.280485840637617,-3.2773885264459706,-3.2742912805161852,-3.2711941027902807,-3.268096993215376,-3.264999951743234,-3.261902978329858,-3.2588060729351263,-3.2557092355224633,-3.252612466058542,-3.249515764513017,-3.2464191308582815,-3.2433225650692465,-3.240226067123143,-3.237129636999342,-3.2340332746791915,-3.2309369801458647,-3.227840753384224,-3.2247445943807,-3.2216485031231787,-3.218552479600896,-3.2154565238043493,-3.2123606357252092,-3.2092648153562453,-3.2061690626912545,-3.2030733777249987,-3.199977760453153,-3.196882210872252,-3.193786728979651,-3.1906913147734866,-3.1875959682526496,-3.184500689416764,-3.181405478266175,-3.178310334801945,-3.175215259025862,-3.172120250940459,-3.169025310549056,-3.1659304378558124,-3.1628356328658165,-3.159740895585193,-3.1566462260212633,-3.153551624182748,-3.150457090080038,-3.1473626237255607,-3.144268225134241,-3.1411738943241185,-3.1380796313171575,-3.1349854361402927,-3.1318913088268205,-3.1287972494182124,-3.1257032579665034,-3.122609334537444,-3.1195154792146633,-3.11642169210518,-3.1133279733467174,-3.110234323117443,-3.107140741648949,-3.104047229243614,-3.1009537862978727,-3.097860413333494,-3.0947671110397077,-3.0916738803301094,-3.088580722419711,-3.0854876389295427,-3.08239463202901,-3.079301704630135,-3.0762088606532716,-3.0731161053915037,-3.070023446011685,-3.0669308922450784,-3.0638384573418023,-3.0607461593931906,-3.0576540231685656,-3.0545620826730198,-3.051470384718278,-3.0483789939205272,-3.0452879997131443,-3.0421975262113863,-3.0391077461237033,-3.036018900418492,-3.0329313261961026,-3.02984549628581,-3.026762075635083,-3.0236820018005486,-3.0206066001023197,-3.017537748724345,-3.014478115897238,-3.011431501241103,-3.0084033277316324,-3.0054013514789095,-3.002436686144504,-2.9995252806769663,-2.9966900469788014,-2.993963911693402,-2.991394164416907,-2.9890485859820854,-2.9870239379426233,-2.985457409787359,-2.9845414112244733
-3.586921338381494,-3.5861317264849766,-3.5847634476602495,-3.5829677990960658,-3.5808544773847273,-3.5785037186155324,-3.575974638229436,-3.5733110583983225,-3.57054563636285,-3.5677028222074156,-3.564800997713709,-3.5618540350200125,-3.558872439905736,-3.5558641951015417,-3.5528353853741805,-3.5497906628653078,-3.5467335948623613,-3.5436669246347976,-3.540592767717281,-3.537512760077305,-3.5344281702943707,-3.531339984734234,-3.5282489723975923,-3.5251557344262348,-3.5220607419959027,-3.5189643653950418,-3.5158668963964823,-3.512768565512363,-3.5096695553357495,-3.5065700108819593,-3.503470047623984,-3.5003697577514234,-3.4972692150575178,-3.494168478764202,-3.4910675965231683,-3.4879666067760824,-3.484865540615231,-3.481764423253835,-3.4786632751906654,-3.4755621131347034,-3.472460950741015,-3.4693597991977505,-3.466258667695496,-3.463157563803419,-3.460056493771419,-3.456955462773409,-3.45385447510364,-3.4507535343355014,-3.447652643450256,-3.4445518049416477,-3.441451020901092,-3.438350293087211,-3.435249622982716,-3.432149011841049,-3.429048460724706,-3.425947970536802,-3.422847542047121,-3.419747175913667,-3.4166468727005297,-3.4135466328927317,-3.4104464569085855,-3.4073463451100157,-3.4042462978111856,-3.4011463152857306,-3.3980463977728395,-3.3949465454823744,-3.391846758599192,-3.3887470372868034,-3.385647381690479,-3.3825477919398925,-3.3794482681513776,-3.376348810429856,-3.373249418870503,-3.3701500935601834,-3.3670508345786883,-3.363951641999826,-3.360852515892374,-3.3577534563209213,-3.3546544633466198,-3.3515555370278634,-3.348456677420906,-3.345357884580437,-3.342259158560115,-3.339160499413087,-3.3360619071924886,-3.332963381951939,-3.3298649237460456,-3.3267665326309235,-3.3236682086647362,-3.320569951908278,-3.317471762425602,-3.31437364028471,-3.3112755855583176,-3.308177598324713,-3.305079678668727,-3.3019818266828387,-3.298884042468445,-3.295786326137321,-3.2926886778133158,-3.289591097634322,-3.2864935857545774,-3.2833961423473648,-3.2802987673361472,-3.2772014606511792,-3.274104222228879,-3.2710070520112673,-3.2679099499454596,-3.2648129159832195,-3.2617159500805504,-3.2586190521973295,-3.25552222229698,-3.252425460346175,-3.2493287663145685,-3.2462321401745524,-3.2431355819010377,-3.2400390914712567,-3.2369426688645793,-3.233846314062353,-3.230750027047749,-3.227653807805631,-3.22455765632243,-3.22146157258603,-3.2183655565856677,-3.2152696083118397,-3.2121737277562183,-3.209077914911571,-3.2059821697716955,-3.2028864923313543,-3.1997908825862207,-3.1966953405328304,-3.1935998661685367,-3.1905044594914758,-3.1874091205005395,-3.184313849195353,-3.1812186455762603,-3.1781235096443243,-3.175028441401332,-3.171933440849818,-3.1688385079931,-3.1657436428353387,-3.162648845381621,-3.1595541156380724,-3.156459453612014,-3.153364859312167,-3.1502703327489243,-3.147175873934711,-3.144081482884451,-3.1409871596161874,-3.13789290415188,-3.1347987165184668,-3.1317045967492434,-3.1286105448856802,-3.125516560979813,-3.122422645097393,-3.119328797322049,-3.1162350177607983,-3.113141306551367,-3.1100476638719217,-3.106954089954054,-3.1038605851001426,-3.100767149706624,-3.0976737842952646,-3.0945804895552946,-3.0914872664003097,-3.088394116045322,-3.085301040111362,-3.0822080407678354,-3.079115120926763,-3.076022284508496,-3.072929536806116,-3.0698368849864726,-3.0667443387808233,-3.063651911439277,-3.0605596210531534,-3.0574674923917535,-3.0543755594601385,-3.051283869069986,-3.0481924858374163,-3.045101499195701,-3.042011033259943,-3.0389212607383675,-3.0358324225990376,-3.0327448559418073,-3.0296590335952205,-3.0265756205056658,-3.023495554228176,-3.020420160080501,-3.0173513162430945,-3.014291690941394,-3.011245083787829,-3.0082169177467164,-3.005214948911266,-3.0022502909180213,-2.9993388926784337,-2.996503666040091,-2.9937775375653044,-2.991207796731005,-2.988862224195933,-2.9868375812624186,-2.9852710570621293,-2.9843550608079403
-3.58672805428183,-3.5859384441423137,-3.5845701683926765,-3.582774523904962,-3.580661207038347,-3.5783104537078425,-3.5757813792225033,-3.573117805653432,-3.5703523901636958,-3.567509582777591,-3.5646077652300194,-3.5616608096226896,-3.558679221706324,-3.5556709841890113,-3.5526421818196936,-3.5495974667259405,-3.5465404061840213,-3.543473743454522,-3.5403995940650437,-3.5373195939774438,-3.5342350117667167,-3.5311468337950087,-3.5280558290601185,-3.524962598701509,-3.5218676138930447,-3.5187712449216533,-3.5156737835589373,-3.512575460316042,-3.5094764577852264,-3.506376920981147,-3.503276965376257,-3.5001766831597205,-3.4970761481244175,-3.4939754194919854,-3.4908745449138756,-3.4877735628315523,-3.4846725043371376,-3.4815713946437143,-3.47847025424994,-3.475369099864704,-3.472267945142991,-3.4691668012728853,-3.4660656774449166,-3.4629645812282064,-3.459863518872616,-3.4567624955520255,-3.45366151556066,-3.4505605824718826,-3.4474596992669375,-3.444358868439551,-3.441258092081126,-3.438157371950271,-3.4350567095296864,-3.431956106072805,-3.428855562642118,-3.425755080140733,-3.4226546593384266,-3.419554300893198,-3.4164540053691335,-3.4133537732512504,-3.41025360495786,-3.407153500850883,-3.4040534612444806,-3.4009534864122872,-3.3978535765934894,-3.394753731997947,-3.3916539528105156,-3.3885542391947037,-3.3854545912957836,-3.382355009243426,-3.3792554931539636,-3.376156043132319,-3.373056659273666,-3.369957341664868,-3.3668580903857155,-3.3637589055100174,-3.3606597871065516,-3.3575607352399075,-3.3544617499712355,-3.3513628313589288,-3.348263979459243,-3.3451651943268654,-3.342066476015457,-3.3389678245781633,-3.3358692400681202,-3.3327707225389473,-3.3296722720452534,-3.326573888643152,-3.323475572390807,-3.3203773233490135,-3.317279141581826,-3.3141810271572467,-3.3110829801479906,-3.307985000632347,-3.3048870886951467,-3.30178924442887,-3.2986914679349146,-3.2955937593250573,-3.2924961187231476,-3.2893985462670803,-3.286301042111095,-3.2832036064284766,-3.280106239142686,-3.277008940183978,-3.273911709488769,-3.270814546999078,-3.267717452662022,-3.264620426429362,-3.2615234682571015,-3.258426578105116,-3.2553297559368297,-3.252233001718914,-3.249136315421022,-3.246039697015547,-3.2429431464773977,-3.2398466637838066,-3.236750248914143,-3.2336539018497525,-3.2305576225738086,-3.227461411071174,-3.2243652673282788,-3.221269191333008,-3.2181731830745988,-3.215077242543546,-3.2119813697315216,-3.2088855646312924,-3.2057898272366554,-3.202694157542374,-3.1995985555441235,-3.196503021238438,-3.1934075546226697,-3.190312155694957,-3.1872168244541905,-3.184121560899994,-3.181026365032713,-3.177931236853409,-3.1748361763638697,-3.1717411835666285,-3.168646258465004,-3.165551401063156,-3.1624566113661725,-3.15936188938018,-3.156267235112497,-3.153172648571845,-3.1500781297686187,-3.1469836787152414,-3.1438892954266393,-3.1407949799208534,-3.137700732219845,-3.1346065523505513,-3.1315124403462686,-3.1284183962484677,-3.125324420109184,-3.1222305119941667,-3.119136671987045,-3.1160429001948384,-3.112949196755272,-3.109855561846511,-3.106761995700148,-3.1036684986185628,-3.1005750709981914,-3.0974817133608012,-3.094388426395623,-3.091295211016251,-3.0882020684376963,-3.08510900028099,-3.0820160087155366,-3.078923096653356,-3.0758302680147986,-3.0727375280929436,-3.0696448840546364,-3.066552345631127,-3.0634599260725155,-3.060367643470108,-3.0572755225931845,-3.0541835974467735,-3.0510919148425035,-3.0480005393964213,-3.044909560541694,-3.0418191023932684,-3.038729337659135,-3.035640507307013,-3.0325529484362477,-3.0294671338746326,-3.0263837285674438,-3.0233036700680698,-3.0202282836918313,-3.0171594476155827,-3.0140998300594335,-3.0110532306279167,-3.0080250722736395,-3.005023111072444,-3.0020584606351153,-2.999147069834921,-2.9963118504629285,-2.9935857289979886,-2.9910159947943438,-2.9886704283316123,-2.986645790653414,-2.9850792705237974,-2.984163276645844
-3.586529182215337,-3.585739573883781,-3.5843713012984217,-3.582575661005403,-3.5804623491240215,-3.578111601389946,-3.5755825329765045,-3.5729189658510943,-3.570153557096941,-3.5673107566764943,-3.564408946276514,-3.561461997961075,-3.5584804174513773,-3.555472187432283,-3.5524433926344074,-3.549398685170827,-3.5463416323063215,-3.5432749772923455,-3.5402008356492316,-3.53712084333304,-3.534036268914128,-3.530948098750929,-3.527857101838262,-3.5247638793131912,-3.521668902347647,-3.518572541226997,-3.5154750877215823,-3.5123767723415256,-3.509277777678252,-3.5061782487457407,-3.503078301015895,-3.4999780266774234,-3.4968774995228378,-3.493776778773474,-3.490675912080531,-3.4875749378852676,-3.484473887279636,-3.481372785476576,-3.4782716529746294,-3.4751705064825864,-3.4720693596553525,-3.468968223680944,-3.465867107749834,-3.4627660194310965,-3.4596649649745523,-3.456563949554047,-3.453462977463776,-3.4503620522770824,-3.4472611769751875,-3.444160354051801,-3.441059585598309,-3.4379588733733084,-3.43485821885949,-3.4317576233102773,-3.4286570877881526,-3.4255566131962167,-3.4224562003042407,-3.4193558497702186,-3.416255562158232,-3.413155337953296,-3.410055177573717,-3.406955081381413,-3.4038550496905438,-3.4007550827747393,-3.397655180873185,-3.394555344195741,-3.3914555729272595,-3.3883558672312497,-3.3852562272529805,-3.382156653122124,-3.3790571449550106,-3.375957702856562,-3.3728583269219534,-3.3697590172380454,-3.36665977388463,-3.363560596935515,-3.3604614864594775,-3.3573624425211066,-3.3542634651815537,-3.351164554499211,-3.348065710530334,-3.3449669333296104,-3.341868222950701,-3.338769579446752,-3.3356710028708987,-3.332572493276761,-3.3294740507189475,-3.3263756752535727,-3.3232773669387994,-3.3201791258354243,-3.3170809520075015,-3.3139828455230336,-3.3108848064547387,-3.3077868348809045,-3.3046889308863636,-3.3015910945635976,-3.2984933260140044,-3.2953956253493626,-3.292297992693523,-3.289200428184381,-3.2861029319761776,-3.283005504242199,-3.279908144905906,-3.2768108538975524,-3.273713631153554,-3.270616476615929,-3.267519390231792,-3.2644223719529037,-3.261325421735267,-3.2582285395387585,-3.255131725326799,-3.2520349790660608,-3.2489383007261954,-3.2458416902795957,-3.2427451477011715,-3.239648672968153,-3.236552266059911,-3.2334559269577907,-3.2303596556449645,-3.2272634521062944,-3.2241673163282107,-3.2210712482985984,-3.217975248006694,-3.214879315442992,-3.211783450599164,-3.2086876534679774,-3.2055919240432305,-3.2024962623196855,-3.199400668293016,-3.1963051419597566,-3.19320968331726,-3.190114292363664,-3.1870189690978594,-3.1839237135194702,-3.180828525628841,-3.1777334054270328,-3.174638352915834,-3.1715433680977787,-3.168448450976185,-3.1653536015552137,-3.1622588198399515,-3.159164105836524,-3.1560694595522523,-3.152974880995856,-3.1498803701777294,-3.146785927110296,-3.1436915518084816,-3.1405972442903267,-3.1375030045777934,-3.1344088326978197,-3.1313147286837006,-3.128220692576908,-3.125126724429478,-3.12203282430716,-3.1189389922935824,-3.1158452284957643,-3.1127515330514317,-3.1096579061387493,-3.106564347989311,-3.1034708589054945,-3.100377439283736,-3.0972840896458047,-3.0941908106809297,-3.091097603302706,-3.088004468726145,-3.084911408572277,-3.0818184250105056,-3.0787255209528506,-3.0756327003196606,-3.072539968404012,-3.0694473323727465,-3.0663548019571083,-3.0632623904071865,-3.0601701158142713,-3.0570780029476214,-3.0539860858122316,-3.050894411219681,-3.047803043785944,-3.0447120729440766,-3.041621622808864,-3.0385318660880585,-3.035443043749023,-3.0323554928905794,-3.029269686339749,-3.026186289040663,-3.023106238545019,-3.0200308601656363,-3.016962032075668,-3.01390242248974,-3.010855831004259,-3.007827680559784,-3.004825727214285,-3.001861084552042,-2.9989497014070325,-2.99611448951216,-2.993388375260399,-2.990818647879742,-2.988473087665487,-2.9864484553950414,-2.9848819394541732,-2.983965948021382
-3.5863246116331697,-3.5855350051615473,-3.584166735831432,-3.582371099853702,-3.5802577931008703,-3.5779070511241073,-3.575377988957114,-3.572714428460603,-3.5699490266356624,-3.567106233381119,-3.564204430334205,-3.5612574895202784,-3.5582759166301705,-3.555267694324848,-3.5522389073160743,-3.549194207702015,-3.546137162735629,-3.5430705156589783,-3.5399963819849183,-3.536916397663541,-3.5338318312604358,-3.5307436691302168,-3.527652680264634,-3.524559465798287,-3.5214644969011193,-3.518368143856896,-3.5152706984346556,-3.5121723911434675,-3.5090734045739023,-3.5059738837392445,-3.5028739441108274,-3.4997736778768966,-3.4966731588295805,-3.4935724461899014,-3.490471587608802,-3.48737062152733,-3.48426957903726,-3.48116848535139,-3.4780673609681387,-3.474966222596198,-3.4718650838903886,-3.4687639560386585,-3.465662848231422,-3.4625617680377037,-3.459460721707283,-3.456359714413971,-3.4532587504519334,-3.450157833394488,-3.4470569662228354,-3.443956151430668,-3.4408553911093573,-3.4377546870174873,-3.4346540406377373,-3.4315534532235206,-3.428452925837311,-3.4253524593822022,-3.42225205462796,-3.4191517122325723,-3.416051432760118,-3.412951216695608,-3.4098510644573445,-3.406750976407242,-3.403650952859458,-3.400550994087621,-3.3974511003309154,-3.3943512717991986,-3.391251508677322,-3.388151811128793,-3.38505217929888,-3.3819526133172535,-3.3788531133002424,-3.3757536793527687,-3.372654311570005,-3.3695550100388147,-3.3664557748389887,-3.363356606044334,-3.3602575037236266,-3.357158467941455,-3.3540594987589705,-3.3509605962345663,-3.3478617604244967,-3.34476299138345,-3.3416642891650867,-3.338565653822554,-3.335467085408986,-3.3323685839780035,-3.329270149584216,-3.326171782283736,-3.3230734821347303,-3.3199752491979933,-3.3168770835375803,-3.313778985221495,-3.3106809543224545,-3.307582990918748,-3.3044850950952105,-3.301387266944323,-3.2982895065674844,-3.2951918140764738,-3.2920941895951437,-3.288996633261391,-3.285899145229459,-3.282801725672636,-3.279704374514382,-3.2766070916849483,-3.2735098771207496,-3.2704127307638036,-3.2673156525612237,-3.2642186424647712,-3.261121700430446,-3.2580248264181244,-3.2549280203912283,-3.2518312823164286,-3.248734612163377,-3.245638009904465,-3.2425414755146016,-3.239445008971018,-3.2363486102530836,-3.2332522793421434,-3.2301560162213696,-3.227059820875624,-3.2239636932913363,-3.220867633456391,-3.2177716413600246,-3.214675716992733,-3.2115798603461863,-3.2084840714131526,-3.2053883501874276,-3.2022926966637746,-3.199197110837867,-3.19610159270624,-3.193006142266246,-3.1899107595160214,-3.186815444454458,-3.1837201970811795,-3.180625017396531,-3.177529905401573,-3.1744348610980935,-3.1713398844886256,-3.168244975576489,-3.165150134365844,-3.1620553608617774,-3.158960655070414,-3.155866016999074,-3.15277144665648,-3.149676944053024,-3.146582509201132,-3.143488142115726,-3.14039384281485,-3.1372996113204645,-3.134205447659508,-3.1311113518652753,-3.128017323979238,-3.1249233640534313,-3.121829472153606,-3.118735648363391,-3.1156418927898053,-3.112548205570573,-3.10945458688386,-3.1063610369612604,-3.103267556105152,-3.1001741447119726,-3.0970808033034887,-3.0939875325689306,-3.0908943334218932,-3.087801207077389,-3.0847081551564473,-3.081615179828471,-3.0785222840054796,-3.0754294716078183,-3.072336747928562,-3.0692441201345475,-3.0661515979570124,-3.0630591946460353,-3.059966928292893,-3.056874823666819,-3.0537829147727753,-3.0506912484222903,-3.0475998892312615,-3.0445089266326333,-3.0414184847410235,-3.038328736263937,-3.035239922168373,-3.032152379552616,-3.0290665812428887,-3.025983192182148,-3.0229031499203534,-3.0198277797677484,-3.0167589598936786,-3.013699358507128,-3.010652775196144,-3.007624632888889,-3.0046226876249498,-3.001658052961337,-2.998746677691609,-2.995911473488835,-2.9931853666576416,-2.99061564629614,-2.988270092510015,-2.986245465802805,-2.9846789541711196,-2.9837629652537916
-3.586114233315588,-3.5853246287568816,-3.5839563627747357,-3.5821607312352146,-3.580047429757019,-3.577696693701564,-3.5751676379589488,-3.57250408428016,-3.5697386895818113,-3.566895903697292,-3.5639941082128925,-3.561047175114155,-3.5580656100606753,-3.555057395688845,-3.552028616691038,-3.548983925150084,-3.5459268883067834,-3.542860249393541,-3.539786123915521,-3.536706147816681,-3.533621589657705,-3.5305334357892777,-3.5274424551999966,-3.5243492490219226,-3.5212542884229547,-3.518157943685206,-3.5150605065763822,-3.5119622076044696,-3.5088632293591577,-3.5057637168530147,-3.502663785556788,-3.499563527658246,-3.496463016949125,-3.493362312650127,-3.4902614624119304,-3.487160504675365,-3.4840594705320247,-3.4809583851945574,-3.4778572691612593,-3.4747561391407173,-3.4716550087876668,-3.468553889289984,-3.4654527898380234,-3.4623517180007584,-3.459250680027927,-3.4561496810933052,-3.4530487254910307,-3.4499478167943916,-3.446846957984569,-3.4437461515552363,-3.440645399597749,-3.4375447038706777,-3.43444406585669,-3.431343486809191,-3.4282429677906445,-3.425142509704139,-3.4220421133194323,-3.4189417792945087,-3.41584150819344,-3.412741300501234,-3.4096411566361895,-3.40654107696022,-3.4034410617874777,-3.400341111391591,-3.397241226011742,-3.394141405857784,-3.3910416511145685,-3.387941961945601,-3.3848423384961492,-3.3817427808958826,-3.3786432892611313,-3.3755438636968145,-3.3724445042981057,-3.369345211151865,-3.366245984337884,-3.3631468239299678,-3.3600477299968947,-3.356948702603253,-3.353849741810194,-3.35075084767611,-3.3476520202572546,-3.344553259608317,-3.3414545657829575,-3.3383559388343227,-3.335257378815548,-3.3321588857802547,-3.3290604597830495,-3.3259621008800475,-3.322863809129416,-3.3197655845919494,-3.316667427331703,-3.3135693374166824,-3.310471314919604,-3.3073733599187594,-3.3042754724989822,-3.301177652752754,-3.2980799007814765,-3.29498221669693,-3.291884600622968,-3.288787052697489,-3.2856895730747384,-3.2825921619280067,-3.279494819180751,-3.2763975447632214,-3.273300338611833,-3.2702032006686013,-3.2671061308806397,-3.264009129199709,-3.2609121955818083,-3.257815329986813,-3.254718532378144,-3.2516218027224713,-3.2485251409894467,-3.245428547151461,-3.2423320211834237,-3.239235563062564,-3.2361391727682514,-3.2330428502818305,-3.229946595586474,-3.2268504086670426,-3.223754289509966,-3.2206582381031272,-3.217562254435764,-3.214466338498371,-3.211370490282618,-3.2082747097812736,-3.205178996988133,-3.2020833518979597,-3.1989877745064272,-3.19589226481007,-3.1927968228062404,-3.1897014484930746,-3.186606141869465,-3.1835109029350344,-3.1804157316901285,-3.1773206281358077,-3.1742255922738596,-3.171130624106818,-3.168035723638002,-3.1649408908715726,-3.161846125812615,-3.158751428467256,-3.155656798842815,-3.152562236948013,-3.1494677427932425,-3.1463733163909287,-3.1432789577559967,-3.1401846669064883,-3.1370904438643654,-3.1339962886565638,-3.13090220131638,-3.127808181885285,-3.1247142304153157,-3.121620346972221,-3.1185265316396307,-3.115432784524563,-3.112339105764743,-3.109245495538338,-3.1061519540769407,-3.103058481682929,-3.09996507875274,-3.096871745808142,-3.0937784835383657,-3.090685292857005,-3.0875921749790716,-3.084499131525595,-3.081406164665978,-3.078313277312239,-3.07522047338472,-3.0721277581764936,-3.069035138854392,-3.0659426251496464,-3.062850230312327,-3.059757972433692,-3.0566658762829535,-3.0535739758650378,-3.05048231799142,-3.0473909672779205,-3.0443000131573665,-3.0412095797442054,-3.0381198397456872,-3.035031034128438,-3.0319434999901875,-3.0288577101563403,-3.0257743295686432,-3.0226942957752647,-3.0196189340838044,-3.0165501226596896,-3.0134905297061034,-3.010443954802495,-3.0074158208642783,-3.004413883912131,-3.0014492574750173,-2.998537890304925,-2.9957026940133833,-2.9929765948141567,-2.990406881671777,-2.9880613344969085,-2.986036713511421,-2.9844702063116775,-2.9835542199814746
-3.5858979396750827,-3.5851083370832613,-3.5837400745435453,-3.581944447567453,-3.579831151512713,-3.5774804215456317,-3.57495137240865,-3.572287825739938,-3.569522438369246,-3.566679660062682,-3.5637778723541595,-3.5608309471882795,-3.557849390192524,-3.5548411839780147,-3.551812413217189,-3.5487677299771074,-3.5457107014860725,-3.542644070966555,-3.5395699539158128,-3.5364899862714947,-3.5334054365892413,-3.5303172912156966,-3.527226319136215,-3.5241331214802503,-3.521038169413598,-3.517941833216674,-3.5148444046558116,-3.5117461142378827,-3.5086471445516727,-3.505547640609014,-3.502447717880052,-3.499347468552065,-3.496246966416386,-3.493146270693387,-3.4900454290334735,-3.4869444798772498,-3.4838434543161267,-3.480742377562597,-3.47764127011483,-3.4745401486813066,-3.4714390269166735,-3.468337916008734,-3.46523682514778,-3.4621357619027333,-3.4590347325232886,-3.455933742183185,-3.4528327951765276,-3.449731895076581,-3.4466310448645037,-3.4435302470339493,-3.440429503676257,-3.437328816549985,-3.4342281871377884,-3.431127616693061,-3.4280271062782606,-3.4249266567964654,-3.42182626901743,-3.4187259435991306,-3.415625681105637,-3.41252548202195,-3.409425346766366,-3.406325275700795,-3.403225269139388,-3.4001253273557697,-3.397025450589119,-3.3939256390492893,-3.3908258929211317,-3.387726212368148,-3.3846265975356062,-3.381527048553173,-3.378427565537178,-3.37532814859254,-3.3722287978144325,-3.369129513289715,-3.366030295098179,-3.3629311433136295,-3.3598320580048435,-3.356733039236409,-3.353634087069477,-3.35053520156244,-3.3474363827715514,-3.3443376307515007,-3.3412389455559484,-3.33814032723804,-3.3350417758509128,-3.3319432914481855,-3.328844874084468,-3.3257465238158757,-3.322648240700574,-3.3195500247993603,-3.3164518761762896,-3.313353794899366,-3.310255781041309,-3.30715783468041,-3.304059955901503,-3.3009621447970723,-3.2978644014685194,-3.294766726027625,-3.291669118598245,-3.2885715793182793,-3.285474108341974,-3.282376705842622,-3.2792793717436806,-3.2761821059753986,-3.273084908474188,-3.269987779182065,-3.266890718046142,-3.263793725018177,-3.2606968000541716,-3.257599943113998,-3.254503154161077,-3.2514064331620793,-3.248309780086655,-3.2452131949071945,-3.2421166775986068,-3.2390202281381213,-3.2359238465051066,-3.2328275326809073,-3.229731286648694,-3.226635108393329,-3.2235389979012403,-3.2204429551603115,-3.21734698015978,-3.2142510728901392,-3.21115523334306,-3.2080594615113105,-3.204963757388687,-3.2018681209699507,-3.198772552250776,-3.195677051227696,-3.192581617898065,-3.189486252260018,-3.1863909543124467,-3.1832957240549753,-3.1802005614879483,-3.1771054666124257,-3.174010439430196,-3.1709154799437926,-3.1678205881565344,-3.1647257640725823,-3.1616310076970224,-3.1585363190359805,-3.155441698096776,-3.15234714488813,-3.1492526594204358,-3.1461582417061167,-3.1430638917600984,-3.1399696096004224,-3.136875395249051,-3.133781248732922,-3.130687170085331,-3.127593159347748,-3.1244992165722087,-3.1214053418244645,-3.118311535188144,-3.1152177967702652,-3.112124126708555,-3.109030525181179,-3.1059369924197306,-3.1028435287265888,-3.099750134498189,-3.096656810256301,-3.093563556690155,-3.090470374713345,-3.087377265540882,-3.084284230793796,-3.081191272641488,-3.0780983939959765,-3.0750055987776013,-3.0719128922794336,-3.068820281668299,-3.0657277766754225,-3.0626353905508625,-3.0595431413858627,-3.0564510539496106,-3.053359162246995,-3.0502675130894383,-3.0471761710926795,-3.044085225689427,-3.0409948009939534,-3.0379050697132475,-3.034816272813549,-3.0317287473920174,-3.0286429662732166,-3.025559594397649,-3.022479569311645,-3.019404216320081,-3.016335413584357,-3.013275829301691,-3.010229263042692,-3.0072011377096635,-3.004199209303843,-3.0012345913253595,-2.9983232324834543,-2.9954880443263825,-2.9927619529744787,-2.990192247254926,-2.9878467068778676,-2.9858220917755554,-2.984255589132814,-2.9833396054627395
-3.5856756250776707,-3.58488602450768,-3.5835177655065564,-3.58172214322137,-3.5796088527415852,-3.577258129032951,-3.5747290866861285,-3.5720655472233127,-3.5693001673849687,-3.566457396868043,-3.5635556171526104,-3.5606087001411857,-3.557627151428239,-3.554618953598918,-3.551590191305166,-3.548545516597834,-3.5454884966923745,-3.5424218748010508,-3.539347766412992,-3.5362678074593608,-3.5331832664906146,-3.5300951298492436,-3.527004166517271,-3.5239109776214663,-3.5208160343254677,-3.517719706907945,-3.5146222871338213,-3.511524005508822,-3.5084250446208025,-3.5053255494808377,-3.5022256355584567,-3.499125395040431,-3.496024901717681,-3.492924214810238,-3.489823381968229,-3.486722441632027,-3.483621424892852,-3.4805203569630394,-3.4774192583406283,-3.474318145733991,-3.471217032797683,-3.4681159307194305,-3.4650148486894627,-3.4619137942766485,-3.4588127737306373,-3.4557117922251304,-3.4526108540542015,-3.4495099627910877,-3.446409121416924,-3.443308332425346,-3.4402075979076754,-3.4371069196224577,-3.434006299052336,-3.4309057374506935,-3.427805235879977,-3.424704795243259,-3.421604416310287,-3.418504099739032,-3.4154038460935583,-3.4123036558588624,-3.409203529453239,-3.4061034672385935,-3.4030034695290743,-3.399903536598302,-3.3968036686854544,-3.3937038660003855,-3.3906041287279405,-3.387504457031625,-3.3844048510567024,-3.3813053109328393,-3.3782058367763637,-3.3751064286921957,-3.3720070867755054,-3.3689078111131536,-3.365808601784929,-3.362709458864638,-3.3596103824210575,-3.3565113725187743,-3.3534124292189396,-3.3503135525799457,-3.347214742658048,-3.3441159995079333,-3.3410173231832623,-3.3379187137371815,-3.3348201712228276,-3.3317216956938207,-3.32862328720477,-3.325524945811791,-3.3224266715730497,-3.3193284645493444,-3.3162303248047302,-3.313132252407213,-3.310034247429512,-3.3069363099499185,-3.3038384400532688,-3.3007406378320465,-3.2976429033876546,-3.294545236831876,-3.291447638288568,-3.288350107895631,-3.285252645807314,-3.2821552521969135,-3.2790579269878837,-3.275960670110471,-3.2728634815010884,-3.2697663611017496,-3.266669308859566,-3.2635723247262973,-3.2604754086579404,-3.2573785606143693,-3.2542817805590043,-3.251185068458514,-3.248088424282549,-3.244991848003499,-3.2418953395962715,-3.2387988990380956,-3.2357025263083394,-3.232606221388348,-3.2295099842612918,-3.2264138149120316,-3.2233177133269963,-3.2202216794940695,-3.2171257134024875,-3.214029815042745,-3.2109339844065117,-3.207838221486555,-3.2047425262766716,-3.2016468987716222,-3.19855133896708,-3.195455846859579,-3.192360422446473,-3.189265065725897,-3.1861697766967447,-3.1830745553586377,-3.17997940171192,-3.176884315757654,-3.1737892974976276,-3.1706943469343725,-3.1675994640712077,-3.164504648912293,-3.1614099014627164,-3.1583152217286035,-3.1552206097172726,-3.152126065437446,-3.1490315888995166,-3.145937180115908,-3.142842839101546,-3.139748565874472,-3.1366543604566477,-3.1335602228750106,-3.130466153162855,-3.127372151361654,-3.1242782175234427,-3.121184351713972,-3.1180905540168706,-3.114996824539158,-3.1119031634185585,-3.1088095708332393,-3.105716047014794,-3.1026225922656017,-3.099529206982099,-3.0964358916860535,-3.0933426470666956,-3.0902494740376203,-3.0871563738138383,-3.084063348016378,-3.0809703988146406,-3.077877529120643,-3.074784742854724,-3.071692045309952,-3.0685994436531474,-3.0655069476155288,-3.0624145704471424,-3.0593223302392163,-3.0562302517609123,-3.0531383690170837,-3.0500467288190953,-3.046955395782606,-3.0438644593401993,-3.0407740436059667,-3.0376843212866302,-3.0345955333480332,-3.031508016886749,-3.028422244726477,-3.025338881806439,-3.022258865671075,-3.019183521622466,-3.0161147278178717,-3.013055152448376,-3.0100085950755,-3.006980478588076,-3.0039785589673516,-3.001013949683817,-2.998102599402774,-2.9952674196074325,-2.9925413363220907,-2.9899716382327455,-2.987626104843415,-2.9856014957886434,-2.9840349978302196,-2.983119016894592
-3.5854471861827397,-3.5846575876904763,-3.5832893323257764,-3.5814937148611814,-3.579380430110481,-3.5770297128333195,-3.5745006774643784,-3.5718371454066773,-3.569071773308924,-3.566229010796992,-3.563327239295629,-3.5603803306641004,-3.5573987904629494,-3.554390601250631,-3.5513618476580286,-3.548317181719338,-3.545260170636806,-3.5421935576122046,-3.539119458126311,-3.5360395081036256,-3.5329549760892753,-3.5298668484214835,-3.5267758940788476,-3.5236827141853837,-3.5205877799025083,-3.5174914615070993,-3.5143940507626277,-3.5112957781736442,-3.5081968263270475,-3.5050973402331334,-3.5019974353607966,-3.4988972038962896,-3.4957967196301087,-3.4926960417819353,-3.489595218001609,-3.486494286729267,-3.483393279055931,-3.4802922201937774,-3.4771911306407084,-3.474090027104984,-3.470988923241068,-3.4678878302366076,-3.464786757281767,-3.4616857119453606,-3.4585847004769916,-3.4554837280503237,-3.452382798959396,-3.4492819167774202,-3.4461810844855063,-3.443080304577269,-3.4399795791440155,-3.4368789099442743,-3.4337782984606777,-3.430677745946599,-3.4275772534644746,-3.4244768219173696,-3.4213764520750236,-3.418276144595403,-3.415175900042566,-3.4120757189015056,-3.4089756015905133,-3.40587554847149,-3.402775559858581,-3.3996756360254072,-3.396575777211143,-3.393475983625638,-3.390376255453739,-3.3872765928589477,-3.384176995986527,-3.381077464966144,-3.3779779999141257,-3.3748786009353897,-3.3717792681251058,-3.3686800015701337,-3.365580801350264,-3.362481667539302,-3.3593826002060223,-3.3562835994150135,-3.3531846652274253,-3.350085797701651,-3.3469869968939445,-3.3438882628589943,-3.3407895956504596,-3.337690995321488,-3.3345924619252156,-3.3314939955152627,-3.3283955961462395,-3.3252972638742615,-3.3221989987574956,-3.3191008008567384,-3.3160026702360477,-3.3129046069634285,-3.309806611111601,-3.3067086827588588,-3.3036108219900373,-3.300513028897622,-3.297415303583018,-3.2943176461580075,-3.2912200567464502,-3.288122535486248,-3.2850250825316527,-3.2819276980559615,-3.2788303819826283,-3.2757331342418983,-3.272635954770183,-3.269538843509496,-3.266441800406947,-3.2633448254142934,-3.260247918487533,-3.257151079586538,-3.2540543086747284,-3.2509576057187717,-3.247860970688319,-3.2447644035557577,-3.2416679042959955,-3.2385714728862616,-3.2354751093059244,-3.2323788135363287,-3.2292825855606435,-3.2261864253637293,-3.223090332932014,-3.219994308253382,-3.2168983513170692,-3.21380246211357,-3.210706640634553,-3.207610886872787,-3.204515200822067,-3.2014195824771545,-3.1983240318337227,-3.1952285488883057,-3.1921331336382566,-3.1890377860817103,-3.185942506217559,-3.1828472940454247,-3.1797521495656524,-3.1766570727793035,-3.173562063688165,-3.1704671222947702,-3.167372248602438,-3.164277442615329,-3.1611827043385303,-3.1580880337781654,-3.1549934309415564,-3.151898895837423,-3.1488044284761583,-3.145710028870187,-3.142615697034434,-3.1395214329869403,-3.1364272367496686,-3.133333108349556,-3.130239047819898,-3.127145055202165,-3.124051130548394,-3.120957273924336,-3.1178634854136194,-3.114769765123263,-3.1116761131909922,-3.1085825297949734,-3.105489015166801,-3.102395569608854,-3.099302193517569,-3.0962088874147127,-3.093115651989517,-3.0900224881555767,-3.0869293971279026,-3.0838363805275217,-3.080743440523836,-3.0776505800288603,-3.074557802962932,-3.071465114619115,-3.068372522164227,-3.065280035329479,-3.0621876673649044,-3.0590954363617153,-3.056003367089048,-3.052911493551716,-3.049819862561028,-3.0467285387325576,-3.0436376114987653,-3.0405472049735534,-3.0374574918633686,-3.034368713133647,-3.0312812058803624,-3.028195442926323,-3.025112089209438,-3.022032082272204,-3.0189567474138252,-3.015887962787307,-3.012828396577433,-3.009781848336386,-3.0067537409391476,-3.003751830346431,-3.0007872299982625,-2.997875888514791,-2.9950407173123854,-2.9923146423166505,-2.98974495206849,-2.9873994258601013,-2.9853748230200883,-2.9838083298755036,-2.98289235174993
-3.585212522301765,-3.5844229259440548,-3.583054674315234,-3.5812590618030775,-3.5791457829381526,-3.576795072268363,-3.574266044068148,-3.571602519618088,-3.5688371554726284,-3.5659944011846227,-3.5630926381219767,-3.5601457380995254,-3.55716420664296,-3.5541560262833114,-3.551127281629829,-3.548082624699595,-3.5450256226812904,-3.54195901876591,-3.538884928425649,-3.535804987578162,-3.532720464763102,-3.5296323463143096,-3.52654140120686,-3.5234482305619412,-3.520353305538688,-3.517256996412138,-3.514159594944269,-3.5110613316384263,-3.5079623890805256,-3.504862912280063,-3.5017630167052807,-3.4986627945418984,-3.4955623195799754,-3.4924616510388344,-3.4893608365680207,-3.4862599146074253,-3.4831589162478727,-3.480057866701369,-3.4769567864656787,-3.473855692248949,-3.4707545977055467,-3.4676535140230405,-3.4645524503915266,-3.461451414379762,-3.458350412237303,-3.455249449137774,-3.4521485293751804,-3.4490476565227053,-3.4459468335614356,-3.4428460629849647,-3.439745346884582,-3.4366446870188017,-3.4335440848702428,-3.430443541692267,-3.427343058547303,-3.4242426363384064,-3.4211422758353116,-3.4180419776959794,-3.414941742484462,-3.4118415706857483,-3.408741462718123,-3.405641418943487,-3.402541439675982,-3.3994415251892254,-3.396341675722391,-3.393241891485325,-3.3901421726628724,-3.3870425194185336,-3.3839429318975704,-3.380843410229649,-3.3777439545310957,-3.374644564906826,-3.3715452414520106,-3.368445984253509,-3.3653467933911094,-3.3622476689386174,-3.3591486109648083,-3.3560496195342693,-3.352950694708151,-3.3498518365448455,-3.3467530451006073,-3.343654320430124,-3.340555662587057,-3.337457071624552,-3.3343585475957456,-3.3312600905542595,-3.3281617005547024,-3.3250633776531906,-3.321965121907892,-3.318866933379603,-3.315768812132382,-3.312670758234236,-3.309572771757885,-3.3064748527816215,-3.3033770013902832,-3.300279217676358,-3.2971815017412505,-3.2940838536967454,-3.290986273666703,-3.2878887617890276,-3.284791318217973,-3.281693943126838,-3.2785966364390755,-3.2754993980849294,-3.272402228000809,-3.2693051261287263,-3.266208092415791,-3.26311112681376,-3.2600142292786303,-3.2569173997702734,-3.2538206382521078,-3.2507239446908014,-3.247627319056003,-3.244530761320101,-3.2414342714580027,-3.238337849446936,-3.2352414952662696,-3.232145208897347,-3.2290489903233377,-3.225952839529101,-3.222856756501067,-3.2197607412271165,-3.216664793696486,-3.213568913899669,-3.210473101828335,-3.2073773574752527,-3.204281680834215,-3.201186071899986,-3.1980905306682375,-3.194995057135505,-3.191899651299139,-3.1888043131572754,-3.1857090427088064,-3.1826138399533543,-3.1795187048912643,-3.176423637523596,-3.173328637852136,-3.1702337058794194,-3.1671388416087645,-3.1640440450443315,-3.1609493161912066,-3.157854655055515,-3.154760061644578,-3.1516655359671146,-3.148571078033519,-3.145476687856216,-3.142382365450129,-3.139288110833301,-3.136193924027693,-3.1330998050602434,-3.130005753964247,-3.1269117707811755,-3.1238178555630642,-3.120724008375664,-3.1176302293026046,-3.1145365184509046,-3.111442875958289,-3.108349302002925,-3.1052557968164067,-3.1021623607011124,-3.099068994053479,-3.0959756973952746,-3.0928824714157295,-3.089789317028439,-3.0866962354484153,-3.0836032282966848,-3.080510297742647,-3.0774174466983166,-3.074324679084029,-3.0712320001928437,-3.0681394171915746,-3.0650469398114253,-3.0619545813024183,-3.0588623597557474,-3.0557702999405216,-3.0526784358615155,-3.0495868143299814,-3.046495499961404,-3.043404582188113,-3.040314185123821,-3.0372244814746927,-3.034135712205745,-3.0310482144123325,-3.0279624609163505,-3.0248791166543576,-3.0217991191668543,-3.018723793750093,-3.0156550185527067,-3.012595461753006,-3.009548922893578,-3.0065208248351785,-3.0035189235174196,-3.0005543323490325,-2.9976429999037792,-2.9948078375293585,-2.9920817710499814,-2.989512088857492,-2.9871665700264707,-2.9851419735712117,-2.9835754853721426,-2.982659510133491
-3.5849715357761864,-3.5841819416107574,-3.582813693818851,-3.5810180863930663,-3.5789048135730916,-3.5765541096893654,-3.5740250888517484,-3.571361572215071,-3.5685962162369633,-3.5657534703952884,-3.562851715999573,-3.5599048248190206,-3.5569233023435265,-3.5539151310759576,-3.5508863956033405,-3.5478417479251845,-3.5447847552162366,-3.5417181606564223,-3.538644079709124,-3.535564148284961,-3.532479634917969,-3.5293915259374846,-3.5263005903149716,-3.523207429168709,-3.52011251365549,-3.517016214048458,-3.5139188221080637,-3.5108205683364075,-3.5077216353183993,-3.5046221680627125,-3.501522282036921,-3.498422069426198,-3.4953216040201514,-3.492220945037737,-3.489120140128194,-3.486019227731167,-3.482918238937272,-3.4798171989583464,-3.4767161282920123,-3.473615043646296,-3.4705139586754683,-3.467412884567013,-3.464311830510961,-3.4612108040760097,-3.4581098115116684,-3.455008857991519,-3.451907947809533,-3.448807084538864,-3.445706271160574,-3.4426055101682373,-3.4395048036531235,-3.4364041533737306,-3.433303560812665,-3.430203027223277,-3.427102553667987,-3.4240021410498422,-3.420901790138569,-3.4178015015921224,-3.4147012759745503,-3.411601113770837,-3.4085010153992616,-3.4054009812217223,-3.402301011552358,-3.399201106664785,-3.3961012667981723,-3.3930014921623664,-3.3899017829422093,-3.3868021393012016,-3.3837025613846015,-3.380603049322075,-3.377503603229948,-3.374404223213134,-3.371304909366804,-3.3682056617778158,-3.365106480525959,-3.362007365685037,-3.358908317323826,-3.3558093355069105,-3.352710420295442,-3.3496115717478134,-3.3465127899202773,-3.343414074867523,-3.340315426643211,-3.337216845300488,-3.3341183308924913,-3.331019883472841,-3.3279215030961478,-3.324823189818528,-3.321724943698149,-3.31862676479581,-3.315528653175567,-3.312430608905427,-3.3093326320581125,-3.3062347227119178,-3.3031368809516812,-3.3000391068698898,-3.2969414005679507,-3.2938437621576506,-3.2907461917628504,-3.287648689521456,-3.2845512555877225,-3.281453890134952,-3.2783565930865954,-3.2752593643728964,-3.272162203930263,-3.269065111700706,-3.265968087631334,-3.262871131673902,-3.259774243784407,-3.2566774239227194,-3.253580672052256,-3.2504839881396848,-3.247387372154656,-3.2442908240695547,-3.2411943438592896,-3.238097931501087,-3.2350015869743145,-3.231905310260315,-3.228809101342258,-3.2257129602050036,-3.2226168868349805,-3.2195208812200704,-3.2164249433495087,-3.213329073213789,-3.210233270804582,-3.207137536114653,-3.204041869137798,-3.200946269868778,-3.197850738303266,-3.1947552744377963,-3.1916598782697196,-3.1885645497971726,-3.185469289019047,-3.182374095934965,-3.179278970545271,-3.176183912851026,-3.1730889228540162,-3.169994000556777,-3.1668991459626246,-3.1638043590757206,-3.1607096399011514,-3.1576149884450424,-3.1545204047147126,-3.1514258887188826,-3.148331440467946,-3.1452370599743285,-3.1421427472529544,-3.139048502321864,-3.1359543252030204,-3.1328602159233605,-3.1297661745161793,-3.1266722010229486,-3.1235782954957045,-3.1204844580001967,-3.117390688620055,-3.114296987462299,-3.1112033546646547,-3.108109790405288,-3.1050162949157936,-3.10192286849855,-3.098829511549995,-3.095736224591896,-3.092643008313484,-3.0895498636283527,-3.086456791751514,-3.083363794303995,-3.0802708734551945,-3.077178032117126,-3.0740852742101223,-3.070992605027241,-3.0679000317352902,-3.0648075640654646,-3.0617152152677756,-3.058623003433399,-3.0555309533314183,-3.052439098966566,-3.0493474871500346,-3.0462561824972174,-3.043165274440315,-3.040074887092841,-3.03698519316067,-3.0338964336083905,-3.0308089455307203,-3.0277232017486186,-3.0246398671972554,-3.0215598794150815,-3.0184845636953157,-3.0154157981821017,-3.0123562510471005,-3.009309721823045,-3.006281633356081,-3.003279741564151,-3.000315159823845,-2.9974038366612787,-2.9945686833536227,-2.9918426256209543,-2.9892729517020262,-2.986927440447917,-2.984902850550108,-2.983336367430322,-2.9824203951566783
-3.584724132374541,-3.5839345404599916,-3.582566296607558,-3.5807706944041024,-3.57865742779066,-3.5763067308743866,-3.573777717596166,-3.5711142089817174,-3.5683488613892718,-3.565506124219692,-3.562604378722569,-3.559657496620251,-3.5566759833658823,-3.5536678214334114,-3.55063909538705,-3.547594457208264,-3.544537474057496,-3.541470889103307,-3.5383968178000273,-3.5353168960510613,-3.5322323923846723,-3.529144293125571,-3.526053367241511,-3.5229602158477884,-3.519865310098789,-3.5167690202657163,-3.5136716381074486,-3.5105733941248123,-3.507474470901682,-3.504375013445889,-3.501275137224318,-3.498174934421579,-3.4950744788268215,-3.4919738296586216,-3.4888730345659096,-3.4857721319880715,-3.4826711530155103,-3.479570122859888,-3.476469062018683,-3.4733679871998007,-3.4702669120574092,-3.46716584777891,-3.4640648035542605,-3.460963786952101,-3.4578628042218886,-3.454761860537165,-3.451660960191866,-3.448560106759114,-3.445459303219946,-3.4423585520679154,-3.439257855394273,-3.4361572149575017,-3.433056632240194,-3.4299561084956895,-3.4268556447863983,-3.42375524201536,-3.4206549009522926,-3.417554622255144,-3.4144544064879576,-3.4113542541357122,-3.4082541656166847,-3.4051541412927695,-3.402054181478102,-3.398954286446294,-3.3958544564365134,-3.392754691658605,-3.3896549922974093,-3.3865553585164245,-3.383455790460909,-3.380356288260525,-3.377256852031597,-3.374157481879039,-3.371058177898024,-3.3679589401754075,-3.3648597687909785,-3.36176066381854,-3.3586616253268664,-3.3555626533805447,-3.3524637480407247,-3.3493649093657982,-3.346266137412019,-3.343167432234076,-3.3400687938856293,-3.3369702224198257,-3.3338717178898016,-3.3307732803491796,-3.3276749098525698,-3.3245766064560893,-3.321478370217906,-3.318380201198818,-3.315282099462884,-3.312184065078111,-3.3090860981172225,-3.305988198658512,-3.302890366786819,-3.2997926025946325,-3.296694906183361,-3.293597277664792,-3.2904997171627888,-3.287402224815259,-3.28430480077646,-3.2812074452196955,-3.2781101580684147,-3.275012939252859,-3.2719157887094372,-3.268818706380157,-3.2657216922121277,-3.2626247461571025,-3.259527868171078,-3.2564310582139226,-3.2533343162490547,-3.2502376422431407,-3.2471410361658277,-3.2440444979895027,-3.2409480276890736,-3.237851625241766,-3.234755290626947,-3.23165902382596,-3.2285628248219735,-3.225466693599847,-3.222370630146008,-3.2192746344483396,-3.216178706496075,-3.2130828462797085,-3.2099870537909094,-3.206891329022445,-3.20379567196811,-3.2007000826226646,-3.197604560981783,-3.194509107041997,-3.1914137208006608,-3.1883184022559092,-3.185223151406633,-3.182127968252455,-3.179032852793719,-3.175937805031485,-3.1728428249675407,-3.1697479126044206,-3.1666530679454423,-3.1635582909947666,-3.160463581757478,-3.157368940239704,-3.154274366448762,-3.1511798603933743,-3.1480854220839336,-3.144991051532865,-3.141896748755094,-3.13880251376866,-3.1357083465955267,-3.132614247262631,-3.129520215803268,-3.1264262522589092,-3.1233323566815905,-3.120238529137063,-3.1171447697089554,-3.114051078504288,-3.110957455660785,-3.107863901356615,-3.104770415823371,-3.1016769993634328,-3.0985836523732373,-3.095490375374552,-3.0923971690566083,-3.089304034333,-3.086210972418738,-3.08311798493485,-3.0800250740507344,-3.076932242678403,-3.073839494738187,-3.0707468355231398,-3.0676542722000653,-3.064561814500149,-3.0614694756733916,-3.05837727381095,-3.055285233681879,-3.0521933892908706,-3.049101787449054,-3.0460104927717313,-3.042919594690967,-3.039829217320075,-3.0367395333646283,-3.033650783788774,-3.030563305686581,-3.027477571878042,-3.024394247296905,-3.0213142694795163,-3.0182389637159788,-3.0151702081458285,-3.012110670933897,-3.009064151602802,-3.006036072983686,-3.003034190972241,-3.0000696189120584,-2.9971583052803354,-2.99432316128183,-2.9915971125297003,-2.9890274471055154,-2.9866819436308747,-2.9846573604658206,-2.983090882561106,-2.982174913331734
-3.584470221709157,-3.5836806321049233,-3.582312392295988,-3.58051679545276,-3.5784035352097336,-3.5760528454448868,-3.573523839925668,-3.570860339545275,-3.568095000559912,-3.5652522722914135,-3.5623505359278447,-3.559403663143467,-3.556422159353701,-3.5534140070028157,-3.550385290631606,-3.547340662203015,-3.5442836888628024,-3.541217113767865,-3.538143052363246,-3.53506314054494,-3.531978646835286,-3.52889055755425,-3.5257996416657753,-3.522706500282097,-3.5196116045551333,-3.5165153247540912,-3.5134179526362375,-3.51031971870109,-3.507220805531461,-3.5041213581343165,-3.5010214919758376,-3.4979212992400543,-3.494820853715646,-3.4917202146207984,-3.488619429604122,-3.48551853710474,-3.48241756821284,-3.4793165481399013,-3.4762154973832518,-3.473114432650673,-3.47001336759623,-3.4669123134072377,-3.4638112792735822,-3.4607102727638415,-3.4576093001274226,-3.4545083665378233,-3.451407476288944,-3.448306632953876,-3.4452058395136302,-3.4421050984617363,-3.439004411889427,-3.4359037815551696,-3.4328032089415426,-3.4297026953018737,-3.4266022416985638,-3.423501849034642,-3.42040151807982,-3.417301249492039,-3.414201043835336,-3.4111009015946867,-3.408000823188364,-3.4049008089782564,-3.401800859278497,-3.398700974362695,-3.395601154470016,-3.3925013998103037,-3.389401710568396,-3.386302086907789,-3.3832025289737406,-3.380103036895913,-3.377003610790629,-3.3739042507628003,-3.3708049569075986,-3.3677057293118797,-3.3646065680554313,-3.3615074732120576,-3.3584084448505322,-3.3553094830354415,-3.352210587827935,-3.349111759286405,-3.346012997467106,-3.342914302424725,-3.3398156742129235,-3.3367171128848483,-3.3336186184936354,-3.330520191092907,-3.3274218307372747,-3.324323537482854,-3.3212253113878143,-3.3181271525129548,-3.3150290609223343,-3.3119310366839607,-3.3088330798705576,-3.30573519056042,-3.3026373688383885,-3.299539614796953,-3.2964419285375226,-3.293344310171887,-3.290246759823911,-3.287149277631505,-3.2840518637489273,-3.280954518349484,-3.2778572413566227,-3.274760032700585,-3.271662892317777,-3.2685658201502066,-3.2654688161449803,-3.262371880253852,-3.2592750124328154,-3.256178212641739,-3.25308148084404,-3.2499848170063834,-3.2468882210984176,-3.243791693092529,-3.2406952329636236,-3.237598840688927,-3.234502516247806,-3.231406259621601,-3.2283100707934826,-3.2252139497483108,-3.222117896472511,-3.219021910953966,-3.215925993181911,-3.212830143146838,-3.209734360840417,-3.2066386462554144,-3.2035429993856246,-3.2004474202258084,-3.1973519087716378,-3.194256465019647,-3.1911610889671884,-3.1880657806123973,-3.184970539954165,-3.181875366992114,-3.1787802617265863,-3.1756852241586446,-3.1725902542900744,-3.169495352123409,-3.166400517661968,-3.1633057509099105,-3.1602110518723228,-3.15711642055533,-3.1540218569662533,-3.150927361113812,-3.147832933008399,-3.1447385726624404,-3.141644280090861,-3.1385500553117014,-3.1354558983469225,-3.132361809223464,-3.1292677879746202,-3.1261738346418633,-3.123079949277229,-3.119986131946468,-3.1168923827332096,-3.113798701744473,-3.110705089117984,-3.1076115450319097,-3.1045180697178445,-3.101424663478167,-3.098331326709315,-3.095238059933057,-3.092144863838622,-3.0890517393396055,-3.085958687651019,-3.082865710393888,-3.0797728097376114,-3.076679988594198,-3.0735872508839783,-3.0704946019000023,-3.067402048809067,-3.064309601342352,-3.061217272749844,-3.0581250811226814,-3.0550330512298904,-3.0519412170761213,-3.0488496254724384,-3.045758341034052,-3.042667453192885,-3.039577086062043,-3.0364874123467946,-3.033398673010834,-3.0303112051475596,-3.027225481575977,-3.024142167228372,-3.021062199638928,-3.017986904094554,-3.0149181587300533,-3.011858631703251,-3.0088121225263795,-3.0057840540151846,-3.0027821820425205,-2.999817619918107,-2.9969063160689307,-2.994071181625424,-2.9913451420910016,-2.988775485385899,-2.9864299898961755,-2.9844054136416824,-2.982838941089764,-2.981922974985061
-3.584209717672297,-3.583420130438611,-3.5820518947785884,-3.5802563034353314,-3.5781430497288014,-3.5757923673018257,-3.5732633697438905,-3.5705998778122208,-3.5678345476583315,-3.564991828522967,-3.5620901015310698,-3.5591432383075543,-3.5561617442291364,-3.5531536017096306,-3.550124895265803,-3.5470802768415957,-3.5440233135677017,-3.5409567485890467,-3.537882697341147,-3.5348027957123915,-3.5317183122190414,-3.5286302331761976,-3.525539327543895,-3.5224461964312233,-3.5193513109875685,-3.516255041480092,-3.513157679664404,-3.510059456038684,-3.5069605531846513,-3.5038611161083857,-3.500761260275343,-3.497661077868963,-3.494560642677438,-3.491460013918556,-3.4883592392405993,-3.4852583570824214,-3.4821573985339858,-3.4790563888065886,-3.4759553483974037,-3.472854294014084,-3.4697532393105885,-3.4666521954741425,-3.463551171694557,-3.4604501755403487,-3.4573492132608727,-3.4542482900295814,-3.4511474101403388,-3.448046577166204,-3.444945794088161,-3.441845063399718,-3.4387443871920884,-3.435643767223722,-3.4325432049771836,-3.4294427017057894,-3.4263422584719283,-3.423241876178621,-3.420141555595573,-3.417041297380718,-3.4139411020980863,-3.4108409702326488,-3.407740902202676,-3.404640898370052,-3.4015409590489054,-3.3984410845128448,-3.3953412750010328,-3.3922415307233083,-3.389141851864509,-3.3860422385881286,-3.3829426910394242,-3.3798432093480573,-3.37674379363035,-3.3736444439912154,-3.3705451605258197,-3.36744594332102,-3.3643467924566037,-3.361247708006373,-3.3581486900391035,-3.3550497386193796,-3.3519508538083516,-3.3488520356644123,-3.3457532842438145,-3.3426545996012464,-3.339555981790367,-3.3364574308643262,-3.333358946876259,-3.33026052987979,-3.3271621799295272,-3.3240638970815892,-3.3209656813941444,-3.3178675329279925,-3.314769451747193,-3.3116714379197547,-3.3085734915184015,-3.305475612621431,-3.3023778013136833,-3.299280057687651,-3.2961823818447438,-3.293084773896752,-3.2899872339675422,-3.286889762195027,-3.2837923587334665,-3.2806950237561705,-3.277597757186585,-3.2745005589549496,-3.2714034289976683,-3.2683063672567476,-3.2652093736792933,-3.2621124482170583,-3.259015590826035,-3.255918801466093,-3.2528220801006476,-3.2497254266963633,-3.2466288412228863,-3.2435323236526035,-3.24043587396042,-3.2373394921235614,-3.2342431781213934,-3.2311469319352573,-3.2280507535483225,-3.224954642945448,-3.2218586001130607,-3.2187626250390418,-3.2156667177126246,-3.2125708781243025,-3.209475106265746,-3.2063794021297185,-3.203283765710017,-3.2001881970014003,-3.197092695999541,-3.193997262700973,-3.190901897103049,-3.187806599203903,-3.184711369002426,-3.1816162064982407,-3.178521111691691,-3.1754260845838385,-3.1723311251764694,-3.1692362334721165,-3.1661414094740987,-3.163046653186575,-3.1599519646146317,-3.1568573437643934,-3.1537627906431815,-3.150668305259716,-3.1475738876243904,-3.1444795377496297,-3.1413852556503574,-3.138291041344616,-3.1351968948543663,-3.132102816206546,-3.129008805434452,-3.125914862579555,-3.1228209876938915,-3.119727180843211,-3.116633442111144,-3.1135397716047084,-3.110446169461632,-3.107352635860081,-3.1042591710316505,-3.101165775278718,-3.098072448997722,-3.094979192710431,-3.091886007106076,-3.0887928930982507,-3.0856998519019667,-3.0826068851382495,-3.0795139949764962,-3.0764211843287153,-3.0733284571152337,-3.070235818629099,-3.067143276037103,-3.0640508390704166,-3.060958520979014,-3.0578663398540136,-3.054774320464413,-3.0516824968148173,-3.0485909157162276,-3.0454996417837563,-3.0424087644491826,-3.0393184078254007,-3.036228744617364,-3.033140015788302,-3.0300525584309264,-3.026966845363228,-3.0238835415159944,-3.0208035844211896,-3.017728299362444,-3.014659564469707,-3.0116000478936122,-3.0085535491357374,-3.0055254909960287,-3.0025236293239073,-2.9995590773943364,-2.996647783582786,-2.9938126589434253,-2.991086628867063,-2.988516981108393,-2.9861714938117947,-2.984146924648054,-2.9825804575885067,-2.9816644946899498
-3.5839425388917006,-3.58315295408955,-3.581784722685184,-3.579989136983401,-3.5778758899815353,-3.575525215081214,-3.5729962256893844,-3.570332742423796,-3.5675674213285857,-3.5647247115613188,-3.56182299418219,-3.558876140765503,-3.55589465664827,-3.552886524213066,-3.549857827952013,-3.5468132197895597,-3.543756266840948,-3.5406897122388266,-3.537615671408936,-3.5345357802318684,-3.531451307217651,-3.5283632386763863,-3.525272343564103,-3.5221792229866655,-3.519084348090863,-3.5159880891417603,-3.512890737893271,-3.5097925248421955,-3.5066936325691365,-3.503594206079263,-3.500494360837287,-3.4973941890260414,-3.4942937644332206,-3.4911931462762062,-3.488092382202943,-3.4849915106520077,-3.4818905627131334,-3.478789563597427,-3.475688533801904,-3.472587490034087,-3.469486445947826,-3.4663854127302556,-3.4632843995711107,-3.460183414038843,-3.4570824623827545,-3.453981549776253,-3.450880680513163,-3.447779858166511,-3.4446790857172545,-3.4415783656588768,-3.438477700082573,-3.4353770907467767,-3.4322765391340373,-3.4291760464976586,-3.426075613900019,-3.422975242244131,-3.419874932299689,-3.4167746847246216,-3.4136745000829545,-3.4105743788596525,-3.4074743214729803,-3.4043743282848187,-3.401274399609295,-3.398174535720012,-3.3950747368561314,-3.3919750032274902,-3.3888753350189256,-3.3857757323939297,-3.382676195497756,-3.379576724460065,-3.3764773193971767,-3.3733779804140043,-3.3702787076057152,-3.367179501059164,-3.364080360854139,-3.360981287064441,-3.3578822797588437,-3.354783339001933,-3.3516844648548587,-3.3485856573760118,-3.345486916621647,-3.3423882426464524,-3.3392896355040875,-3.3361910952477,-3.3330926219304273,-3.329994215605892,-3.3268958763287038,-3.323797604154982,-3.320699399142895,-3.3176012613532433,-3.3145031908500866,-3.311405187701436,-3.3083072519800143,-3.30520938376412,-3.3021115831385957,-3.2990138501959336,-3.2959161850375454,-3.2928185877752227,-3.289721058532834,-3.2866235974482927,-3.2835262046758635,-3.280428880388858,-3.27733162451072,-3.2742344369716863,-3.271137317708162,-3.268040266662152,-3.2649432837807613,-3.26184636901574,-3.258749522323082,-3.2556527436626532,-3.2525560329978687,-3.2494593902953914,-3.246362815524869,-3.243266308658686,-3.2401698696717487,-3.2370734985412803,-3.2339771952466476,-3.2308809597691903,-3.227784792092079,-3.22468869220017,-3.2215926600798905,-3.2184966957191214,-3.215400799107097,-3.21230497023431,-3.209209209092429,-3.2061135156742204,-3.203017889973477,-3.1999223319849603,-3.1968268417043433,-3.193731419128158,-3.1906360642537575,-3.1875407770792763,-3.184445557603603,-3.1813504058263615,-3.178255321747896,-3.175160305369266,-3.1720653566922588,-3.1689704757194086,-3.1658756624540323,-3.16278091690029,-3.1596862390632685,-3.156591628949091,-3.1534970865650798,-3.1504026119199544,-3.1473082050241077,-3.1442138658899648,-3.14111959453245,-3.138025390969605,-3.1349312552233912,-3.131837187320747,-3.128743187294967,-3.125649255187524,-3.1225553910504544,-3.119461594949507,-3.116367866968313,-3.1132742072138906,-3.1101806158239667,-3.107087092976709,-3.10399363890371,-3.1009002539073505,-3.0978069383840676,-3.0947136928556302,-3.091620518011269,-3.088527414764578,-3.0854343843305676,-3.0823414283302633,-3.079248548933063,-3.076155749050974,-3.073063032604319,-3.069970404886142,-3.066877873063231,-3.063785446866746,-3.06069313954665,-3.0576009691940405,-3.054508960577885,-3.0514171477027445,-3.048325577379552,-3.0452343142233214,-3.0421434476656857,-3.039053101819318,-3.0359634493888517,-3.0328747313370394,-3.0297872847558884,-3.026701582462349,-3.0236182893856696,-3.0205383430555433,-3.0174630687522335,-3.014394344600709,-3.011334838744232,-3.0082883506734466,-3.0052603031720957,-3.0022584520655626,-2.999293910593161,-2.996382627077517,-2.9935475124945734,-2.9908214921196383,-2.988251853537603,-2.9859063746449492,-2.9838818127544164,-2.982315351328565,-2.9813993917186514
-3.5836686092055654,-3.5828790268966464,-3.5815107998559146,-3.5797152199387425,-3.5776019798116563,-3.5752513126289593,-3.572722331610428,-3.5700588572308014,-3.567293545424108,-3.564450845262629,-3.5615491377401653,-3.558602294379122,-3.555620820475806,-3.55261269838076,-3.5495840125608376,-3.5465394149204985,-3.5434824725591407,-3.540415928596823,-3.537341898449263,-3.534262017989057,-3.531177555719839,-3.528089497946594,-3.524998613621238,-3.5219055038463303,-3.5188106397659973,-3.515714391643152,-3.512617051229968,-3.509518849021834,-3.506419967598206,-3.503320551963318,-3.5002207175811226,-3.4971205566338286,-3.4940201429086186,-3.4909195356224565,-3.487818782422943,-3.4847179217483695,-3.481616984688236,-3.4785159964534547,-3.4754149775408796,-3.4723139446579,-3.4692129114582526,-3.4661118891289777,-3.463010886859734,-3.4599099122189076,-3.456808971455744,-3.453708069743604,-3.450607211376273,-3.4475063999267457,-3.4444056383759514,-3.4413049292173494,-3.4382042745421124,-3.435103676108658,-3.432003135399521,-3.428902653667992,-3.4258022319764376,-3.422701871227861,-3.4196015721919513,-3.4165013355266285,-3.4134011617959104,-3.4103010514847587,-3.407201005011433,-3.4041010227378123,-3.4010011049780187,-3.3979012520056524,-3.3948014640598716,-3.391701741350512,-3.388602084062408,-3.385502492359049,-3.3824029663856896,-3.3793035062719885,-3.376204112134265,-3.3731047840774306,-3.3700055221966516,-3.366906326578782,-3.3638071973036077,-3.360708134444932,-3.3576091380715263,-3.354510208247977,-3.351411345035434,-3.348312548492288,-3.3452138186747926,-3.3421151556376367,-3.33901655943448,-3.3359180301184717,-3.3328195677427472,-3.329721172360929,-3.326622844027628,-3.323524582798964,-3.320426388733106,-3.317328261890855,-3.314230202336272,-3.311132210137366,-3.3080342853668636,-3.304936428103063,-3.3018386384308083,-3.2987409164425925,-3.295643262239829,-3.292545675934312,-3.289448157649911,-3.2863507075245417,-3.283253325712469,-3.280156012387008,-3.277058767471601,-3.273961590896486,-3.270864482598063,-3.267767442518337,-3.2646704706044116,-3.2615735668080355,-3.2584767310852016,-3.255379963395776,-3.252283263703172,-3.249186631974054,-3.246090068178067,-3.2429935722875944,-3.239897144277542,-3.236800784125134,-3.2337044918097337,-3.2306082673126832,-3.227512110617151,-3.2244160217079942,-3.2213200005716405,-3.218224047195969,-3.215128161570214,-3.212032343684867,-3.2089365935315968,-3.205840911103169,-3.202745296393377,-3.199649749396982,-3.1965542701096563,-3.1934588585279333,-3.1903635146491633,-3.1872682384714808,-3.184173029993777,-3.1810778892156764,-3.1779828161375208,-3.174887810760371,-3.1717928730860123,-3.1686980031169787,-3.1656032008565878,-3.1625084663089997,-3.1594137994793012,-3.1563192003736176,-3.1532246689992665,-3.1501302053649707,-3.147035809481122,-3.143941481360146,-3.140847221016967,-3.1377530284696267,-3.1346589037400867,-3.131564846855284,-3.1284708578485145,-3.1253769367612505,-3.1222830836455273,-3.1191892985670964,-3.1160955816095877,-3.11300193288002,-3.1099083525161197,-3.106814840696054,-3.103721397651418,-3.1006280236845907,-3.097534719192009,-3.094441484695442,-3.09134832088412,-3.088255228671639,-3.0851622092730095,-3.0820692643092555,-3.078976395949773,-3.0758836071065665,-3.072790901699961,-3.0696982850229944,-3.066605764242448,-3.0635133490894737,-3.0604210528140205,-3.0573288935071665,-3.054236895937848,-3.05114509411058,-3.048053534836228,-3.0449622827297036,-3.0418714272224867,-3.0387810924270298,-3.0356914510476343,-3.0326027440465637,-3.0295153085151045,-3.0264296172691383,-3.023346335236338,-3.0202663999440627,-3.0171911366691275,-3.0141224235313957,-3.011062928666565,-3.008016451554074,-3.0049884149610486,-3.001986574688225,-2.999022043938363,-2.9961107709799033,-2.9932756667085774,-2.9905496562812606,-2.987980027108734,-2.9856345568332894,-2.983610002400535,-2.982043546751345,-2.98112759051353
-3.583387858156512,-3.5825982784031747,-3.5812300558352015,-3.579434481847303,-3.5773212487669204,-3.5749705894948494,-3.5724416170590136,-3.569778151787564,-3.567012849501673,-3.564170159186199,-3.56126846176689,-3.5583216287129575,-3.5553401652789787,-3.5523320537826693,-3.549303378664978,-3.546258791809878,-3.543201860300525,-3.5401353272440765,-3.537061308045977,-3.5339814385706245,-3.530896987315103,-3.527808940579147,-3.5247180673104612,-3.521624968608219,-3.5185301156138142,-3.5154338785879555,-3.5123365492810295,-3.509238358186979,-3.5061394878840857,-3.50304008337563,-3.4999402601247795,-3.496840110313107,-3.4937397077272716,-3.490639111583808,-3.487538369529963,-3.4844375200037385,-3.481336594094392,-3.478235617012636,-3.47513460925516,-3.472033587529214,-3.4689325654884207,-3.4658315543197267,-3.4627305632127086,-3.4596295997356847,-3.4565286701378453,-3.4534277795925035,-3.450326932393404,-3.4472261321135074,-3.444125381733714,-3.441024683747459,-3.4379240402458944,-3.4348234529874198,-3.431722923454554,-3.428622452900574,-3.425522042387838,-3.4224216928193387,-3.419321404964755,-3.416221179482002,-3.413121016935091,-3.410020917808977,-3.406920882521917,-3.403820911435784,-3.400721004864697,-3.397621163082254,-3.3945213863276114,-3.3914216748106,-3.388322028716053,-3.3852224482074598,-3.382122933430072,-3.379023484513548,-3.3759241015742054,-3.3728247847169546,-3.3697255340369603,-3.3666263496210775,-3.363527231549091,-3.360428179894803,-3.357329194726985,-3.3542302761102234,-3.3511314241056667,-3.348032638771706,-3.3449339201645953,-3.3418352683390222,-3.3387366833486474,-3.3356381652466185,-3.332539714086073,-3.3294413299206336,-3.3263430128049123,-3.3232447627950275,-3.3201465799491485,-3.3170484643280775,-3.3139504159958766,-3.310852435020556,-3.3077545214748425,-3.3046566754370366,-3.3015588969919816,-3.298461186232172,-3.295363543259023,-3.29226596818433,-3.2891684611319643,-3.2860710222398435,-3.2829736516622368,-3.2798763495724597,-3.276779115893954,-3.2736819505569543,-3.2705848534978617,-3.2674878246586783,-3.2643908639865065,-3.261293971433096,-3.2581971469544366,-3.255100390510393,-3.2520037020643793,-3.2489070815830576,-3.245810529036073,-3.2427140443958087,-3.2396176276371684,-3.2365212787373765,-3.2334249976757974,-3.230328784433771,-3.227232638994465,-3.2241365613427377,-3.2210405514650136,-3.217944609349174,-3.214848734984452,-3.211752928361339,-3.208657189471504,-3.2055615183077117,-3.2024659148637564,-3.1993703791343977,-3.1962749111153084,-3.19317951080302,-3.190084178194885,-3.186988913289038,-3.183893716084369,-3.1807985865805004,-3.1777035247777743,-3.1746085306772525,-3.171513604280721,-3.1684187455907136,-3.1653239546105487,-3.1622292313443845,-3.1591345757973075,-3.1560399879754435,-3.1529454678861115,-3.1498510155380326,-3.1467566309415997,-3.1436623141092377,-3.1405680650558714,-3.1374738837995424,-3.134379770362212,-3.1312857247708163,-3.1281917470586524,-3.1250978372671927,-3.122003995448472,-3.1189102216682407,-3.1158165160101308,-3.1127228785811605,-3.109629309519057,-3.106535809001987,-3.1034423772615445,-3.100349014600109,-3.0972557214141205,-3.0941624982253453,-3.0910693457230156,-3.0879762648207256,-3.084883256733485,-3.081790323082319,-3.078697466036622,-3.0756046885084,-3.072511994417971,-3.0694193890583716,-3.0663268795963776,-3.063234475763131,-3.0601421908085666,-3.057050042823742,-3.0539580565775624,-3.0508662660744954,-3.0477747181253343,-3.0446834773448885,-3.0415926331644836,-3.038502309696342,-3.035412679644426,-3.032323983970499,-3.0292365597651068,-3.026150879843038,-3.023067609130347,-3.019987685152003,-3.016912433181286,-3.013843731332824,-3.010784247734564,-3.0077377818544573,-3.0047097564425953,-3.0017079272744542,-2.9987434075153248,-2.9958321453781074,-2.992997051676315,-2.990271051445428,-2.987701431917761,-2.9853559704750605,-2.9833314236866197,-2.9817649739585783,-2.980849021177206
-3.583100221504326,-3.58231064436952,-3.5809424263844805,-3.579146858471906,-3.5770336326118017,-3.574682981445212,-3.5721540178034816,-3.569490561864562,-3.566725269333985,-3.5638825891070365,-3.5609809020397374,-3.5580340795467933,-3.5550526268400273,-3.552044526203514,-3.5490158620516623,-3.5459712862474526,-3.5429143658574023,-3.5398478439754473,-3.5367738359965046,-3.5336939777765757,-3.530609537806031,-3.5275215023792272,-3.524430640439551,-3.521337553082703,-3.518242711447281,-3.515146485791734,-3.5120491678646237,-3.50895098815841,-3.5058521292501688,-3.5027527361421993,-3.4996529242968712,-3.496552785895102,-3.4934523947230165,-3.4903518099967075,-3.487251079363062,-3.4841502412597802,-3.4810493267758753,-3.477948361121855,-3.474847364794239,-3.4717463545001372,-3.4686453438930562,-3.4655443441598424,-3.4624433644899892,-3.4593424124517482,-3.4562414942942503,-3.4531406151907604,-3.450039779434982,-3.4469389905998407,-3.443838251666207,-3.440737565127492,-3.4376369330748267,-3.43453635726659,-3.431435839185286,-3.4283353800841803,-3.4252349810256164,-3.4221346429125794,-3.4190343665147407,-3.4159341524900055,-3.412834001402381,-3.409733913736816,-3.4066338899115616,-3.403533930288487,-3.4004340351817084,-3.3973342048648196,-3.3942344395769752,-3.391134739528005,-3.3880351049027393,-3.384935535864666,-3.381836032559035,-3.378736595115501,-3.375637223650382,-3.372537918268587,-3.3694386790652806,-3.366339506127316,-3.363240399534478,-3.3601413593605693,-3.3570423856743608,-3.3539434785404367,-3.3508446380199475,-3.347745864171283,-3.344647157050697,-3.3415485167128782,-3.338449943211487,-3.335351436599671,-3.332252996930567,-3.3291546242577987,-3.326056318635978,-3.322958080121225,-3.319859908771709,-3.3167618046482334,-3.3136637678148597,-3.3105657983395984,-3.307467896295177,-3.3043700617598972,-3.3012722948186037,-3.2981745955637933,-3.2950769640968818,-3.291979400529666,-3.288881904986019,-3.285784477603862,-3.282687118537464,-3.279589827960145,-3.2764926057953456,-3.273395451973298,-3.270298366430401,-3.267201349108657,-3.2641043999551664,-3.2610075189216765,-3.2579107059641763,-3.2548139610425317,-3.2517172841201543,-3.2486206751637057,-3.24552413414283,-3.2424276610299096,-3.239331255799849,-3.2362349184298704,-3.233138648899339,-3.2300424471895934,-3.2269463132838014,-3.2238502471668187,-3.2207542488250716,-3.217658318246441,-3.214562455420159,-3.2114666603367166,-3.2083709329877834,-3.205275273366123,-3.2021796814655294,-3.1990841572807627,-3.195988700807494,-3.192893312042258,-3.189797990982405,-3.1867027376260704,-3.183607551972142,-3.1805124340202426,-3.177417383770715,-3.1743224012246203,-3.1712274863837453,-3.168132639250622,-3.165037859828569,-3.1619431481217464,-3.1588485041352383,-3.1557539278751725,-3.152659419348866,-3.1495649785650417,-3.1464706055340916,-3.1433763002684407,-3.140282062783014,-3.1371878930958514,-3.1340937912289153,-3.130999757209144,-3.1279057910698325,-3.124811892852453,-3.121718062609041,-3.1186243004053473,-3.115530606325003,-3.1124369804750267,-3.109343422993145,-3.1062499340575265,-3.1031565138997643,-3.100063162822238,-3.096969881221387,-3.0938766696189797,-3.090783528704246,-3.087690459390782,-3.084597462893597,-3.0815045408337136,-3.0784116953805274,-3.0753189294460417,-3.072226246950574,-3.0691336531871563,-3.0660411553225573,-3.0629487630879124,-3.05985648973314,-3.056764353349276,-3.053672378705193,-3.050580599805311,-3.047489063460352,-3.044397834285018,-3.041307001710475,-3.0382166898487126,-3.035127071403345,-3.0320383873356223,-3.0289509747353307,-3.0258653064161387,-3.022782047302444,-3.0197021349167668,-3.016626894528764,-3.0135582042477016,-3.0104987321935823,-3.007452277822589,-3.0044242638673597,-3.001422446077484,-2.9984579375798623,-2.9955466865304863,-2.992711603658625,-2.989985613875373,-2.987416004230185,-2.9850705518378384,-2.983046012882042,-2.9814795692210265,-2.9805636199812513
-3.582805641756849,-3.5820160673040626,-3.580647854013075,-3.578852292323127,-3.5767390738583633,-3.5743884309937752,-3.5718594763593656,-3.5691960299792442,-3.5664307474405015,-3.563588077546678,-3.560686401082374,-3.5577395894064687,-3.5547581476869943,-3.5517500581735697,-3.5487214052534193,-3.5456768407680244,-3.5426199317668576,-3.5395534213303117,-3.5364794248425255,-3.5333995781508993,-3.5303151497389242,-3.5272271258954513,-3.5241362755594468,-3.521043199823055,-3.517948369822009,-3.5148521558124424,-3.5117548495410436,-3.508656681498756,-3.505557834261421,-3.5024584528303353,-3.4993586526670475,-3.4962585259518075,-3.493158146470189,-3.4900575734378356,-3.4869568545012624,-3.4838560280978657,-3.4807551253164046,-3.4776541713671794,-3.474553186746536,-3.471452188161438,-3.4683511892652725,-3.465250201244786,-3.4621492332893884,-3.45904829296726,-3.455947386527472,-3.4528465191432396,-3.4497456951082244,-3.446644917995315,-3.443544190785353,-3.4404435159717224,-3.4373428956455325,-3.434242331565144,-3.4311418252130466,-3.4280413778424905,-3.424940990515808,-3.4218406641359724,-3.418740399472647,-3.415640197183731,-3.412540057833225,-3.4094399819060723,-3.406339969820518,-3.403240021938428,-3.400140138573913,-3.397040320000566,-3.3939405664575366,-3.3908408781546537,-3.387741255276745,-3.3846416979872953,-3.3815422064315546,-3.3784427807391775,-3.3753434210264808,-3.3722441273983708,-3.369144899950012,-3.3660457387682574,-3.36294664393289,-3.3598476155177126,-3.356748653591495,-3.3536497582188227,-3.350550929460844,-3.3474521673759496,-3.3443534720203925,-3.341254843448861,-3.338156281715016,-3.3350577868720057,-3.3319593589729672,-3.3288609980715247,-3.3257627042222895,-3.3226644774813816,-3.3195663179069723,-3.316468225559863,-3.3133702005041172,-3.310272242807747,-3.307174352543482,-3.304076529789623,-3.3009787746310173,-3.2978810871601616,-3.294783467478474,-3.291685915697752,-3.2885884319418714,-3.285491016348755,-3.282393669072676,-3.279296390286956,-3.276199179915033,-3.273102037887139,-3.2700049641396705,-3.266907958614628,-3.263811021259111,-3.2607141520248653,-3.2576173508678807,-3.2545206177480197,-3.251423952628694,-3.2483273554765653,-3.2452308262612757,-3.2421343649552075,-3.2390379715332633,-3.2359416459726664,-3.2328453882527803,-3.229749198354944,-3.226653076262324,-3.2235570219597762,-3.220461035433727,-3.2173651166720547,-3.2142692656639933,-3.2111734824000333,-3.2080777668718428,-3.2049821190721857,-3.201886538994856,-3.198791026634613,-3.1956955819871298,-3.1926002050489375,-3.1895048958173877,-3.1864096542906144,-3.1833144804675064,-3.1802193743476876,-3.1771243359315,-3.1740293652200045,-3.170934462214986,-3.1678396269189792,-3.164744859335301,-3.161650159468112,-3.158555527322498,-3.155460962904584,-3.152366466221689,-3.1492720372825342,-3.146177676097512,-3.143083382679046,-3.139989157042061,-3.1368949992046002,-3.133800909188624,-3.130706887021071,-3.127612932735236,-3.124519046372592,-3.1214252279851737,-3.118331477638734,-3.1152377954169013,-3.1121441814266966,-3.1090506358058447,-3.1059571587325148,-3.1028637504383014,-3.0997704112255833,-3.096677141490799,-3.0935839417557185,-3.090490812709571,-3.0873977552659513,-3.0843047706398696,-3.081211860452349,-3.0781190268727836,-3.075026272813174,-3.0719336021938375,-3.0688410203078016,-3.065748534321829,-3.0626561539670445,-3.059563892493353,-3.0564717679917672,-3.053379805231127,-3.0502880382158035,-3.047196513756446,-3.044105296467644,-3.0410144757804027,-3.037924175806471,-3.034834569249107,-3.0317458970690363,-3.0286584963552663,-3.025572839920319,-3.022489592686895,-3.019409692175006,-3.016334463650597,-3.0132657852174414,-3.0102063249874083,-3.0071598824046224,-3.0041318801838472,-3.00113007404816,-2.9981655770851363,-2.995254337392479,-2.9924192656131727,-2.989693286530909,-2.987123687007847,-2.9847782438853234,-2.98275371295211,-2.9811872755052455,-2.9802713298929513
-3.582504068718609,-3.581714497011803,-3.5803462885268087,-3.5785507332078823,-3.5764375223148184,-3.574086887950215,-3.571557942537929,-3.5688945059445576,-3.5661292336359245,-3.563286574321638,-3.5603849087131736,-3.5574381081122564,-3.5544566776420816,-3.551448599516991,-3.548419958096377,-3.5453754051997075,-3.542318507859006,-3.5392520091408004,-3.536178024418189,-3.533098189529769,-3.5300137729519907,-3.5269257609680666,-3.523834922512435,-3.520741858673599,-3.517647040584358,-3.5145508384984785,-3.511453544160731,-3.5083553880605054,-3.505256552772381,-3.5021571832966245,-3.4990573950939483,-3.4959572803439136,-3.492856912831535,-3.4897563517719936,-3.4866556448114254,-3.483554830386913,-3.4804539395869574,-3.477352997621644,-3.4742520249871407,-3.471151038390266,-3.468050051484281,-3.4649490754558303,-3.4618481194942365,-3.458747191167608,-3.455646296724956,-3.452545441339443,-3.449444629304689,-3.446343864193547,-3.443243148986826,-3.440142486177884,-3.4370418778578076,-3.4339413257849394,-3.430840831441752,-3.427740396081481,-3.4246400207664474,-3.421539706399616,-3.4184394537506386,-3.4153392634774073,-3.412239136143916,-3.409139072235101,-3.406039072169204,-3.402939136308086,-3.3998392649658555,-3.396739458416101,-3.3936397168979697,-3.3905400406212878,-3.38744042977088,-3.384340884510231,-3.3812414049845896,-3.3781419913236075,-3.3750426436435994,-3.3719433620494725,-3.36884414663639,-3.3657449974912024,-3.3626459146936942,-3.359546898317665,-3.356447948431887,-3.353349065100944,-3.3502502483859837,-3.3471514983453976,-3.3440528150354383,-3.340954198510795,-3.337855648825128,-3.3347571660315856,-3.3316587501833057,-3.3285604013339114,-3.3254621195380163,-3.3223639048517395,-3.3192657573332522,-3.3161676770433575,-3.3130696640461186,-3.309971718409549,-3.3068738402063786,-3.30377602951491,-3.3006782864199917,-3.297580611014121,-3.2944830033987174,-3.291385463685581,-3.2882879919985895,-3.285190588475667,-3.2820932532710887,-3.278995986558181,-3.27589878826038,-3.2728016583079143,-3.2697045966371805,-3.266607603190177,-3.2635106779140024,-3.2604138207604008,-3.257317031685361,-3.2542203106487446,-3.251123657613963,-3.2480270725476754,-3.244930555419524,-3.24183410620189,-3.2387377248696767,-3.235641411400107,-3.232545165772542,-3.2294489879683206,-3.2263528779706077,-3.223256835764261,-3.220160861335706,-3.2170649546728214,-3.2139691157648387,-3.2108733446022497,-3.207777641176722,-3.204682005481019,-3.201586437508933,-3.198490937255225,-3.195395504715566,-3.192300139886488,-3.189204842765343,-3.1861096133502644,-3.183014451640142,-3.1799193576345983,-3.176824331333977,-3.173729372739337,-3.1706344818524643,-3.167539658675892,-3.1644449032129374,-3.16135021546776,-3.1582555954454463,-3.155161043152122,-3.1520665585951053,-3.1489721417831174,-3.14587779272655,-3.142783511437829,-3.139689297931879,-3.136595152226741,-3.1335010743443763,-3.1304070643117234,-3.1273131221620787,-3.124219247936913,-3.121125441688263,-3.1180317034818805,-3.1149380334013945,-3.111844431553825,-3.108750898076899,-3.1056574331487834,-3.102564037001073,-3.0994707099361483,-3.0963774523504473,-3.09328426476574,-3.0901911478712565,-3.0870981025805904,-3.084005130108752,-3.080912232076764,-3.0778194106540195,-3.0747266687525183,-3.0716340102925734,-3.06854144056721,-3.0654489667431837,-3.06235659855161,-3.0592643492423788,-3.0561722369064808,-3.053080286312722,-3.0499885314654214,-3.046897019175153,-3.043805814056396,-3.0407150055399885,-3.0376247177374314,-3.0345351233516205,-3.031446463342741,-3.028359074799008,-3.0252734305317652,-3.0221901954619774,-3.0191103071070886,-3.016035090729243,-3.0129664244265895,-3.0099069763026693,-3.0068605457892628,-3.0038325555828314,-3.000830761379306,-2.997866276226003,-2.9949550481609455,-2.9921199877387736,-2.9893940196127375,-2.986824430453231,-2.9844789968216325,-2.9824544741023566,-2.980888043017862,-2.97997210111957
-3.582195460056203,-3.5814058911597364,-3.5800376875933755,-3.578242138794791,-3.57612893565089,-3.5737783099854887,-3.571249374011466,-3.568585947434218,-3.565820685595459,-3.5629780371086635,-3.560076382610471,-3.5571295933441056,-3.554148174386877,-3.551140107917022,-3.5481114782654504,-3.5450669372291035,-3.5420100518221442,-3.5389435650969125,-3.5358695924152106,-3.53278976960662,-3.529705365140387,-3.526617365293952,-3.5235265389971224,-3.5204334873346763,-3.517338681436409,-3.514242491553664,-3.5111452094292495,-3.5080470655509632,-3.504948242492095,-3.501848885251858,-3.4987491092901055,-3.495649006785698,-3.4925486515230753,-3.4894481027169455,-3.4863474080130556,-3.4832466058481697,-3.4801457273105236,-3.4770447976099828,-3.4739438372425333,-3.470842862914843,-3.467741888280046,-3.464640924524682,-3.4615399808379843,-3.45843906478799,-3.4553381826236462,-3.4522373395180654,-3.449136539764822,-3.4460357869367306,-3.4429350840145694,-3.4398344334916677,-3.436733837459091,-3.433633297675162,-3.430532815622335,-3.427432392553834,-3.424332029531967,-3.421231727459686,-3.4181314871066366,-3.4150313091307027,-3.411931194095869,-3.4088311424870694,-3.405731154722539,-3.402631231164134,-3.399531372125959,-3.3964315778816,-3.393331848670201,-3.3902321847015835,-3.3871325861605737,-3.384033053210653,-3.3809335859970653,-3.3778341846494646,-3.3747348492841627,-3.371635580006067,-3.36853637691034,-3.36543724008383,-3.362338169606322,-3.3592391655516156,-3.3561402279884804,-3.3530413569815014,-3.3499425525918265,-3.346843814877846,-3.3437451438958137,-3.3406465397004164,-3.3375480023453163,-3.334449531883661,-3.331351128368589,-3.328252791853723,-3.3251545223936767,-3.3220563200445703,-3.3189581848645755,-3.3158601169144957,-3.312762116258396,-3.3096641829642905,-3.306566317104909,-3.3034685187585557,-3.30037078801008,-3.2972731249519813,-3.2941755296856807,-3.2910780023229784,-3.2879805429877558,-3.284883151817939,-3.281785828967806,-3.278688574610686,-3.2755913886700116,-3.2724942710760114,-3.2693972217650793,-3.2663002406792123,-3.263203327765508,-3.2601064829757105,-3.2570097062658068,-3.253912997595657,-3.2508163569286705,-3.2477197842315078,-3.2446232794738092,-3.241526842627957,-3.2384304736688514,-3.2353341725737144,-3.232237939321908,-3.2291417738947694,-3.2260456762754655,-3.222949646448851,-3.219853684401351,-3.2167577901208437,-3.2136619635965618,-3.2105662048189965,-3.2074705137798145,-3.204374890471779,-3.201279334888683,-3.1981838470252866,-3.19508842687726,-3.1919930744411356,-3.188897789714266,-3.185802572694783,-3.182707423381577,-3.17961234177427,-3.176517327873205,-3.1734223816794405,-3.1703275031947644,-3.167232692421708,-3.1641379493635884,-3.1610432740245678,-3.15794866640973,-3.1548541265252,-3.1517596543782984,-3.148665249977745,-3.145570913333933,-3.142476644459286,-3.139382443368729,-3.1362883100803036,-3.133194244615972,-3.130100247002672,-3.1270063172736995,-3.123912455470526,-3.1208186616451887,-3.117724935863438,-3.114631278208903,-3.1115376887886046,-3.1084441677402688,-3.1053507152420647,-3.102257331525586,-3.099164016893214,-3.096070771741386,-3.0929775965918704,-3.0898844921338995,-3.086791459281068,-3.083698499248385,-3.0806056136568722,-3.0775128046759224,-3.0744200752175335,-3.0713274292020167,-3.068234871922391,-3.065142410545407,-3.062050054802168,-3.0589578179425505,-3.055865718057523,-3.052773779915856,-3.049682037521817,-3.0465905376859035,-3.0434993450224783,-3.0404085489622084,-3.0373182736163447,-3.0342286916874093,-3.0311400441350376,-3.0280526680466306,-3.024967036232328,-3.021883813611317,-3.0188039376984115,-3.015728733751868,-3.0126600798640815,-3.009600644130066,-3.00655422596897,-3.003526248058524,-3.000524466066876,-2.9975599930001398,-2.9946487768352577,-2.991813728036456,-2.9890877711234856,-2.986518192570482,-2.9841727686522965,-2.982148254339511,-2.9805818297665323,-2.9796658916693084
-3.5818797818796657,-3.5810902158582234,-3.579722017323707,-3.5779264751955377,-3.575813279979151,-3.5734626632131694,-3.5709337368946388,-3.5682703205640403,-3.5655050694361226,-3.562662432026012,-3.5597607888937897,-3.556814011222836,-3.5538326040435195,-3.5508245494971438,-3.547795931885478,-3.5447514029824165,-3.5416945297838507,-3.5386280553276057,-3.5355540949639277,-3.532474284513176,-3.5293898924372287,-3.5263019050076196,-3.5232110911494186,-3.520118051943593,-3.517023258516867,-3.5139270811181023,-3.510829811488102,-3.5077316801130376,-3.5046328695648747,-3.5015335248417503,-3.49843376140264,-3.4953336714256875,-3.492233328694741,-3.4891327924240274,-3.486032110258898,-3.482931320635788,-3.479830454642663,-3.476729537489164,-3.4736285896710917,-3.470527627894958,-3.467426665813768,-3.4643257146139534,-3.461224783484659,-3.458123879993844,-3.4550230103903945,-3.451922179847368,-3.4488213926582922,-3.4457206523959445,-3.4426199620410705,-3.4395193240869744,-3.436418740624696,-3.4333182134125377,-3.4302177439329387,-3.427117333439107,-3.424016982993338,-3.420916693498573,-3.417816465724447,-3.4147163003288368,-3.4116161978757202,-3.4085161588500252,-3.405416183669982,-3.402316272697442,-3.399216426246507,-3.3961166445907573,-3.3930169279693354,-3.389917276592062,-3.386817690643759,-3.383718170287905,-3.3806187156697454,-3.3775193269189283,-3.374420004151768,-3.371320747473169,-3.3682215569782916,-3.3651224327539855,-3.3620233748800348,-3.3589243834302374,-3.3558254584733644,-3.352726600073999,-3.3496278082932895,-3.3465290831896253,-3.3434304248192603,-3.340331833236882,-3.337233308496151,-3.3341348506502166,-3.3310364597522155,-3.3279381358557742,-3.3248398790155047,-3.321741689287528,-3.318643566730017,-3.3155455114037746,-3.312447523372868,-3.3093496027053106,-3.3062517494738337,-3.303153963756742,-3.300056245638886,-3.296958595212767,-3.293861012579807,-3.2907634978518097,-3.2876660511526565,-3.2845686726202765,-3.2814713624089507,-3.27837412069201,-3.2752769473928875,-3.2721798424418087,-3.269082805775166,-3.2659858373349566,-3.2628889370682748,-3.2597921049268637,-3.256695340866708,-3.253598644847668,-3.2505020168331535,-3.2474054567898216,-3.2443089646873133,-3.2412125404980086,-3.2381161841968087,-3.2350198957609346,-3.2319236751697487,-3.2288275224045875,-3.225731437448615,-3.2226354202866876,-3.2195394709052283,-3.2164435892921164,-3.2133477754365827,-3.2102520293291184,-3.20715635096139,-3.2040607403261623,-3.200965197417227,-3.1978697222293433,-3.1947743147581824,-3.191678975000276,-3.1885837029529744,-3.185488498614412,-3.182393361983477,-3.1792982930597935,-3.1762032918437026,-3.173108358336264,-3.170013492539263,-3.1669186944552323,-3.1638239640874914,-3.1607293014401985,-3.157634706518439,-3.1545401793283396,-3.1514457198772186,-3.1483513281737956,-3.145257004228465,-3.1421627480536505,-3.139068559664276,-3.135974439078384,-3.132880386317936,-3.1297864014098686,-3.1266924843874793,-3.1235986352922405,-3.1205048541761875,-3.117411141105072,-3.1143174961625233,-3.1112239194555618,-3.108130411121914,-3.1050369713397488,-3.1019436003406606,-3.09885029842703,-3.095757065995295,-3.0926639035672245,-3.0895708118320506,-3.086477791703367,-3.0833848443961824,-3.0802919715315196,-3.0771991752787704,-3.07410645854993,-3.0710138252653065,-3.0679212807179157,-3.0648288320745016,-3.0617364890661585,-3.0586442649427457,-3.055552177795208,-3.052460252392281,-3.049368522738179,-3.0462770356433193,-3.0431858557219473,-3.0400950724045592,-3.0370048098021454,-3.0339152406168473,-3.0308266058077367,-3.02773924246138,-3.0246536233866887,-3.0215704135010295,-3.018490550316528,-3.0154153590874624,-3.012346717900338,-3.0092872948414477,-3.006240889317017,-3.0032129239856133,-3.000211154486965,-2.997246693785031,-2.994335489794269,-2.9915004528864104,-2.988774507444632,-2.9862049397422945,-2.983859525761128,-2.981835020048351,-2.980268602136787,-2.979352667928132
-3.5815570093387508,-3.580767446257254,-3.5793992528682064,-3.577603717561079,-3.5754905304512237,-3.573139922785625,-3.570611006340619,-3.567947600488052,-3.565182360312838,-3.5623397342295338,-3.5594381027199358,-3.5564913369062303,-3.5535099417707823,-3.5505018994171267,-3.5474732941172356,-3.5444287776214343,-3.541371916906932,-3.5383054549967112,-3.5352315072291995,-3.532151709415331,-3.529067330009445,-3.5259793552770393,-3.522888554138336,-3.5197955276704076,-3.516700746996834,-3.5136045823639424,-3.510507325510483,-3.507409206920964,-3.5043104091659987,-3.501211077242624,-3.498111326608919,-3.4950112494422925,-3.4919109195259908,-3.4888103960737484,-3.4857097267305077,-3.4826089499323714,-3.479508096767027,-3.476407192443887,-3.473306257458561,-3.470205308517403,-3.467104359273287,-3.464003420912534,-3.460902502624197,-3.4578016119761568,-3.454700755217234,-3.451599937520432,-3.448499163179232,-3.445398435766374,-3.442297758262569,-3.439197133161092,-3.436096562552961,-3.432996048196457,-3.4298955915740006,-3.4267951939387853,-3.423694856353095,-3.420594579719859,-3.4174943648087037,-3.414394212277496,-3.4112941226902085,-3.4081940965317616,-3.4050941342203807,-3.4019942361179125,-3.398894402538455,-3.3957946337555853,-3.392694930008443,-3.3895952915068457,-3.386495718435611,-3.383396210958219,-3.3802967692199117,-3.377197393350337,-3.3740980834658054,-3.370998839671221,-3.367899662061745,-3.364800550724225,-3.3617015057384445,-3.358602527178201,-3.3555036151122644,-3.3524047696052186,-3.34930599071821,-3.34620727850963,-3.343108633035732,-3.340010054351202,-3.3369115425097022,-3.3338130975643816,-3.3307147195683777,-3.3276164085753153,-3.324518164639807,-3.3214199878179755,-3.318321878167994,-3.315223835750667,-3.3121258606300605,-3.3090279528741897,-3.3059301125557865,-3.302832339753156,-3.2997346345511507,-3.2966369970422735,-3.293539427327948,-3.2904419255199806,-3.287344491742254,-3.284247126132701,-3.2811498288456034,-3.278052600054297,-3.274955439682211,-3.27185834765957,-3.268761323922765,-3.26566436841379,-3.262567481079739,-3.2594706618723546,-3.25637391074762,-3.253277227665395,-3.2501806125890873,-3.2470840654853528,-3.2439875863238328,-3.2408911750769067,-3.237794831719473,-3.234698556228754,-3.2316023485841097,-3.228506208766877,-3.2254101367602193,-3.222314132548993,-3.2192181961196207,-3.2161223274599813,-3.2130265265593048,-3.209930793408083,-3.206835127997982,-3.203739530321765,-3.200644000373224,-3.1975485381471183,-3.1944531436391177,-3.191357816845755,-3.1882625577643795,-3.185167366393125,-3.182072242730881,-3.1789771867772694,-3.1758821985326326,-3.172787277998031,-3.1696924251752496,-3.166597640066822,-3.163502922676065,-3.1604082730071377,-3.1573136910651263,-3.154219176856155,-3.1511247303875436,-3.1480303516680124,-3.144936040707954,-3.141841797519792,-3.138747622118452,-3.135653514521976,-3.132559474752326,-3.1294655028364398,-3.126371598807612,-3.123277762707316,-3.1201839945875864,-3.117090294514176,-3.1139966625707145,-3.1109030988642226,-3.107809603532427,-3.104716176753496,-3.1016228187590236,-3.0985295298513904,-3.095436310427037,-3.0923431610077308,-3.089250082282704,-3.0861570751655494,-3.0830641408712762,-3.0799712810209066,-3.0768784977838313,-3.0737857940720437,-3.0706931738058496,-3.0676006422782613,-3.0645082066560145,-3.061415876670194,-3.0583236655706423,-3.0552315914482815,-3.0521396790718094,-3.0490479624453872,-3.0459564883793506,-3.0428653214878256,-3.0397745512011296,-3.03668430162999,-3.0335947454761585,-3.0305061236981294,-3.027418773381619,-3.0243331673342775,-3.021249970471613,-3.0181701203030005,-3.01509494207865,-3.012026313879046,-3.008966903781565,-3.005920511179214,-3.0028925587109683,-2.9998908019874895,-2.996926353929632,-2.99401516238796,-2.991180137639616,-2.988454203928122,-2.985884647321526,-2.9835392435018164,-2.9815147465832905,-2.979948335483596,-2.979032405251339
-3.581227127232793,-3.5804375671563187,-3.579069379026638,-3.5772738506915416,-3.5751606718676574,-3.5728100735038786,-3.5702811671509482,-3.5676177720083415,-3.564852543028265,-3.5620099285224827,-3.559108308892768,-3.5561615551987584,-3.5531801723737555,-3.5501721424826895,-3.5471435497670756,-3.544099045953151,-3.5410421979990283,-3.537975748912519,-3.5349018140199715,-3.531822029122682,-3.528737662667287,-3.5256497009131142,-3.5225589127754326,-3.5194658993273293,-3.5163711316891764,-3.513274980104708,-3.5101777363105775,-3.507079630789591,-3.5039808461109825,-3.5008815272706633,-3.497781789725794,-3.4946817256530305,-3.491581408835008,-3.4884808984849545,-3.485380242247398,-3.4822794785580973,-3.4791786385044583,-3.476077747295659,-3.472976825427115,-3.4698758896050186,-3.4667749534821075,-3.4636740282445904,-3.460573123081428,-3.457472245560421,-3.4543714019303238,-3.451270597364083,-3.448169836155136,-3.4450691218761778,-3.4419684575078877,-3.438867845543512,-3.435767288074044,-3.4326667868577427,-3.429566343377013,-3.426465958885032,-3.423365634444069,-3.420265370957044,-3.4171651691935727,-3.4140650298115136,-3.4109649533748336,-3.4078649403684453,-3.4047649912105684,-3.4016651062630463,-3.3985652858399713,-3.3954655302149184,-3.392365839627022,-3.3892662142860974,-3.3861666543769617,-3.3830671600630913,-3.3799677314897276,-3.3768683687865173,-3.3737690720697695,-3.3706698414443874,-3.3675706770055296,-3.3644715788400457,-3.3613725470277154,-3.358273581642336,-3.3551746827526783,-3.352075850423325,-3.348977084715423,-3.3458783856873637,-3.3427797533953987,-3.3396811878942168,-3.3365826892374777,-3.33348425747833,-3.3303858926699133,-3.327287594865851,-3.324189364120757,-3.3210912004907542,-3.3179931040340174,-3.3148950748113513,-3.3117971128868224,-3.308699218328447,-3.305601391208958,-3.3025036316066623,-3.2994059396064133,-3.296308315300715,-3.2932107587909933,-3.290113270189055,-3.287015849618786,-3.28391849721812,-3.280821213141344,-3.2777239975617953,-3.2746268504029024,-3.2715297715948872,-3.2684327610741377,-3.265335818782648,-3.262238944667511,-3.2591421386804664,-3.256045400777497,-3.2529487309184613,-3.2498521290667663,-3.246755595189068,-3.2436591292550054,-3.240562731236957,-3.2374664011098226,-3.2343701388508213,-3.231273944439313,-3.2281778178566345,-3.2250817590859495,-3.2219857681121136,-3.2188898449215486,-3.215793989502133,-3.2126982018430974,-3.2096024819349314,-3.206506829769301,-3.2034112453389696,-3.200315728637729,-3.1972202796603386,-3.194124898402468,-3.1910295848606482,-3.1879343390322306,-3.1848391609153484,-3.1817440505088905,-3.1786490078124787,-3.175554032826455,-3.1724591255518786,-3.1693642859905355,-3.166269514144958,-3.163174810018464,-3.1600801736152127,-3.1569856049402896,-3.1538911039998196,-3.150796670801122,-3.1477023053529174,-3.1446080076655987,-3.14151377775159,-3.1384196156258155,-3.1353255213063185,-3.1322314948150596,-3.129137536178975,-3.1260436454313636,-3.1229498226136956,-3.119856067778007,-3.1167623809900498,-3.1136687623334547,-3.110575211915242,-3.1074817298731388,-3.1043883163853123,-3.1012949716833584,-3.0982016960696566,-3.095108489940647,-3.092015353818099,-3.088922288391244,-3.085829294573675,-3.0827363735804023,-3.079643527032446,-3.0765507570991955,-3.073458066692644,-3.0703654597330927,-3.067272941513551,-3.064180519200748,-3.061088202525756,-3.057996004738403,-3.054903943929585,-3.051812044867963,-3.048720341557643,-3.045628880808878,-3.0425377272356715,-3.0394469702681577,-3.036356734016796,-3.0332671911829387,-3.030178582724491,-3.027091245726297,-3.0240056529947235,-3.0209224694433763,-3.01784263257882,-3.014767467647104,-3.01169885272256,-3.008639455873449,-3.0055930764792684,-3.002565137158964,-2.9995633934934918,-2.996598958359646,-2.9936877795426797,-2.9908527672230565,-2.988126845501549,-2.985557300236349,-2.983211906803068,-2.9811874188734944,-2.979621014736481,-2.9787050885686566
-3.580890130632927,-3.5801005736266096,-3.5787323908702926,-3.576936869658345,-3.5748236993000324,-3.5724731104396903,-3.5699442143975793,-3.567280830197066,-3.5645156126547755,-3.561673009977449,-3.5587714024851054,-3.555824661173476,-3.552843290925734,-3.54983527376737,-3.5468066939087817,-3.5437622030515965,-3.540705368134417,-3.537638932149555,-3.5345650104110167,-3.531485238710255,-3.528400885486035,-3.5253129369913796,-3.5222221621364964,-3.5191291619904033,-3.516034407670192,-3.5129382694169506,-3.5098410389651886,-3.506742946795975,-3.5036441754771324,-3.500544870003421,-3.497445145831065,-3.494345095135955,-3.4912447917000984,-3.4881442947362062,-3.485043651888383,-3.4819429015920376,-3.4788420749342857,-3.4757411971240657,-3.4726402886565944,-3.4695393662378993,-3.4664384435205817,-3.463337531690734,-3.4602366399372215,-3.457135775827764,-3.4540349456110473,-3.450934154459961,-3.4478334066678933,-3.4447327058074997,-3.441632054859426,-3.438531456316887,-3.4354309122708515,-3.432330424479558,-3.4292299944253917,-3.4261296233615144,-3.4230293123501827,-3.4199290622943046,-3.4168288739634853,-3.413728748015576,-3.4106286850145344,-3.4075286854452687,-3.404428749725992,-3.401328878218543,-3.3982290712370107,-3.395129329054966,-3.3920296519115403,-3.388930040016546,-3.385830493554799,-3.382731012689772,-3.379631597566704,-3.376532248315241,-3.3734329650516903,-3.3703337478809545,-3.3672345968981916,-3.3641355121902476,-3.3610364938369046,-3.357937541911959,-3.3548386564841803,-3.351739837618152,-3.34864108537502,-3.345542399813174,-3.3424437809888676,-3.3393452289567875,-3.336246743770595,-3.3331483254834393,-3.3300499741484595,-3.3269516898192797,-3.323853472550515,-3.3207553223982877,-3.317657239420772,-3.314559223678774,-3.3114612752363617,-3.3083633941615513,-3.305265580527078,-3.302167834411249,-3.2990701558989177,-3.2959725450825905,-3.292875002063695,-3.289777526954041,-3.286680119877516,-3.2835827809720572,-3.2804855103919537,-3.2773883083105457,-3.274291174651259,-3.271194109344315,-3.2680971123261005,-3.2650001835386058,-3.261903322928923,-3.258806530448791,-3.255709806054191,-3.2526131497049815,-3.249516561364567,-3.2464200409996025,-3.243323588579726,-3.240227204077317,-3.237130887467273,-3.2340346387268126,-3.230938457835296,-3.2278423447740585,-3.224746299526264,-3.2216503220767665,-3.2185544124119883,-3.215458570519807,-3.2123627963894528,-3.2092670900114153,-3.20617145137736,-3.20307588048005,-3.1999803773132767,-3.1968849418718,-3.1937895741512876,-3.1906942741482722,-3.1875990418601035,-3.1845038772849144,-3.1814087804215947,-3.178313751269766,-3.1752187898297697,-3.1721238961026654,-3.1690290700902395,-3.1659343117950245,-3.1628396212203365,-3.159744998370335,-3.156650443250106,-3.153555955865773,-3.150461536224657,-3.1473671843354776,-3.1442729002086276,-3.14117868385653,-3.138084535294111,-3.134990454539411,-3.1318964416143937,-3.1288024965459953,-3.1257086193675128,-3.122614810120418,-3.1195210688567463,-3.1164273956422504,-3.113333790560561,-3.1102402537186986,-3.1071467852543893,-3.104053385345802,-3.100960054224531,-3.097866792192958,-3.094773599647523,-3.091680477109994,-3.088587425269602,-3.085494445039942,-3.0824015376360223,-3.0793087046788625,-3.0762159483378513,-3.0731232715249805,-3.070030678160551,-3.066938173537564,-3.0638457648227413,-3.060753461747146,-3.0576612775605896,-3.054569230353942,-3.0514773448958286,-3.048385655190295,-3.045294208047512,-3.0422030680813577,-3.03911232472178,-3.0360221020789626,-3.032932572853851,-3.0298439780037483,-3.0267566546126097,-3.023671075485487,-3.020587905534043,-3.01750808226197,-3.0144329309110707,-3.011364329549387,-3.0083049462358664,-3.005258580336207,-3.0022306544488893,-2.999228924124519,-2.996264502194875,-2.993353336378484,-2.990518336757033,-2.9877924272854526,-2.985222893607527,-2.9828775107858485,-2.980853032040104,-2.9792866350167224,-2.9783707130014463
-3.5805460255146957,-3.5797564716436305,-3.578388294374606,-3.5765927804368336,-3.5744796187235783,-3.5721290395681633,-3.569600154055477,-3.5669367810290473,-3.5641715751670415,-3.561328984568949,-3.5584273894713023,-3.555480660804573,-3.5524993034007437,-3.5494912992450276,-3.5464627325160465,-3.543418254890294,-3.5403614332864493,-3.537295010680996,-3.53422110237534,-3.531141344150877,-3.528057004438337,-3.5249690694843037,-3.5218783081938176,-3.51878532163174,-3.515690580911817,-3.512594456272429,-3.509497239445898,-3.50639916091152,-3.503300403235673,-3.5002011114119465,-3.497101400895606,-3.4940013638617593,-3.490901074091774,-3.4878005907978347,-3.4846999616236105,-3.481599225004153,-3.4784984120262847,-3.4753975478986985,-3.4722966531164094,-3.4691957443852757,-3.4660948353577585,-3.4629939372198333,-3.459893059160265,-3.456792208746691,-3.4536913922277295,-3.450590614776211,-3.447489880685473,-3.4443891935281306,-3.4412885562847926,-3.4381879714486456,-3.4350874411106322,-3.431986967028969,-3.4288865506860233,-3.4257861933349405,-3.4226858960379642,-3.41958565969799,-3.4164854850846136,-3.4133853728556773,-3.4102853235751307,-3.4071853377278756,-3.40408541573212,-3.4009855579496966,-3.39788576469469,-3.3947860362406663,-3.3916863728267566,-3.3885867746627696,-3.385487241933518,-3.3823877748024715,-3.37928837341487,-3.376189037900356,-3.3730897683752357,-3.3699905649444095,-3.366891427703036,-3.3637923567379597,-3.360693352128962,-3.35759441394984,-3.354495542269362,-3.3513967371521094,-3.348297998659229,-3.3451993268491114,-3.3421007217780083,-3.3390021835006083,-3.335903712070572,-3.3328053075410478,-3.329706969965175,-3.3266086993965795,-3.323510495889876,-3.320412359501187,-3.3173142902886865,-3.3142162883131823,-3.3111183536387427,-3.308020486333386,-3.3049226864698453,-3.301824954126433,-3.2987272893880024,-3.2956296923470614,-3.2925321631050397,-3.289434701773749,-3.2863373084770777,-3.2832399833529657,-3.280142726555705,-3.2770455382586405,-3.2739484183851952,-3.2708513668655885,-3.2677543836362055,-3.2646574686390353,-3.261560621821168,-3.2584638431343413,-3.255367132534535,-3.252270489981606,-3.2491739154389583,-3.246077408873247,-3.242980970254109,-3.2398845995539203,-3.2367882967475796,-3.2336920618123046,-3.230595894727456,-3.227499795474367,-3.224403764036201,-3.221307800397812,-3.2182119045456212,-3.2151160764675057,-3.212020316152696,-3.20892462359168,-3.2058289987761257,-3.202733441698794,-3.199637952353476,-3.1965425307349307,-3.193447176838828,-3.1903518906616983,-3.1872566722008924,-3.1841615214545427,-3.181066438421538,-3.1779714231015004,-3.1748764754947705,-3.171781595602409,-3.168686783426201,-3.1655920389686782,-3.162497362233158,-3.1594027532238,-3.1563082119456896,-3.15321373840495,-3.1501193326089014,-3.147024994566264,-3.143930724287431,-3.140836521784826,-3.1377423870733745,-3.134648320171117,-3.1315543211000163,-3.1284603898870107,-3.1253665265653963,-3.1222727311766434,-3.11917900377279,-3.1160853444195875,-3.1129917532006655,-3.109898230223045,-3.1068047756244526,-3.1037113895830584,-3.1006180723304566,-3.0975248241690285,-3.094431645495214,-3.091338536830782,-3.0882454988649632,-3.0851525325113522,-3.082059638984958,-3.0789668199067983,-3.0758740774462616,-3.072781414515339,-3.069688835034326,-3.0665963442962214,-3.0635039494677403,-3.0604116602799336,-3.057319489982595,-3.054227456666569,-3.0511355851004414,-3.048043909288203,-3.0449524760399354,-3.04186134996939,-3.0387706205063245,-3.035680411760641,-3.032590896432868,-3.0295023154796956,-3.02641500598417,-3.0233294407500013,-3.0202462846868685,-3.0171664752955287,-3.0140913378134484,-3.0110227503022458,-3.00796338081136,-3.0049170286923945,-3.001889116522932,-2.998887399822583,-2.9959229913771575,-2.99301183883704,-2.990176852183048,-2.987450955221175,-2.984881433376252,-2.982536061391212,-2.980511592024056,-2.9789452022651606,-2.978029284490495
-3.5801948293997725,-3.5794052787289057,-3.578037107060843,-3.5762416005479305,-3.5741284476588135,-3.571777878409361,-3.5692490036442144,-3.566585642023335,-3.5638204480835616,-3.5609778698149155,-3.558076287368711,-3.5551295716088074,-3.5521482273149365,-3.5491402364311995,-3.546111683103785,-3.543067218983534,-3.5400104109687898,-3.5369440020198777,-3.5338701074253422,-3.5307903629563175,-3.527706037035328,-3.5246181159023857,-3.52152736845726,-3.5184343957605693,-3.5153396689226395,-3.512243558179093,-3.5091463552600164,-3.5060482906428945,-3.5029495468926366,-3.499850269001634,-3.496750572424174,-3.493650549334566,-3.4905502735135205,-3.4874498041726856,-3.484349188955289,-3.4812484662960177,-3.4781476672813936,-3.475046817119859,-3.471945936306223,-3.468845041546171,-3.4657441464920207,-3.462643262329628,-3.459542398247657,-3.4564415618136617,-3.453340759276188,-3.450239995808008,-3.447139275702409,-3.4440386025319634,-3.4409379792772437,-3.4378374084314065,-3.434736892085367,-3.4316364319973207,-3.428536029649615,-3.425435686295378,-3.422335402996841,-3.4192351806568873,-3.416135020045102,-3.413034921819319,-3.409934886543479,-3.4068349147024763,-3.403735006714515,-3.4006351629414224,-3.397535383697279,-3.3944356692556488,-3.3913360198556566,-3.3882364357071104,-3.3851369169948184,-3.3820374638822503,-3.3789380765146415,-3.375838755021634,-3.3727394995195343,-3.3696403101132413,-3.36654118689791,-3.363442129960387,-3.360343139380451,-3.3572442152318995,-3.3541453575835,-3.351046566499833,-3.347947842042045,-3.344849184268526,-3.3417505932355294,-3.3386520689977424,-3.335553611608825,-3.332455221121927,-3.3293568975901877,-3.3262586410672337,-3.323160451607679,-3.320062329267648,-3.316964274105315,-3.3138662861814874,-3.3107683655602345,-3.3076705123095755,-3.3045727265022475,-3.3014750082165607,-3.2983773575373716,-3.2952797745571902,-3.2921822593774452,-3.289084812109951,-3.2859874328786,-3.2828901218213344,-3.2797928790924478,-3.2766957048652885,-3.2735985990632783,-3.2705015616166335,-3.267404592461738,-3.2643076915405804,-3.261210858800247,-3.2581140941924756,-3.255017397673244,-3.251920769202409,-3.248824208743372,-3.2457277162627873,-3.2426312917302917,-3.239534935118261,-3.236438646401592,-3.2333424255575025,-3.230246272565351,-3.2271501874064716,-3.224054170064027,-3.220958220522871,-3.2178623387694234,-3.214766524791563,-3.211670778578518,-3.208575100120777,-3.205479489410006,-3.202383946438966,-3.199288471201449,-3.196193063692213,-3.1930977239069263,-3.1900024518421204,-3.186907247495145,-3.1838121108641335,-3.180717041947974,-3.177622040746287,-3.174527107259416,-3.1714322414884197,-3.168337443435083,-3.1652427131019385,-3.1621480504923034,-3.1590534556103367,-3.1559589284611227,-3.1528644690507863,-3.149770077386647,-3.146675753477426,-3.1435814973335146,-3.140487308967338,-3.137393188393821,-3.1342991356310046,-3.131205150700851,-3.128111233630298,-3.1250173844526414,-3.1219236032093534,-3.1188298899524716,-3.1157362447477457,-3.112642667678808,-3.1095491588526776,-3.1064557184070827,-3.1033623465201914,-3.1002690434235998,-3.0971758094196886,-3.0940826449048977,-3.0909895504009968,-3.087896526597216,-3.0848035744071507,-3.0817106950458095,-3.0786178901342107,-3.075525161841742,-3.0724325130803902,-3.069339947770449,-3.0662474712049117,-3.0631550905504854,-3.0600628155382106,-3.056970659417863,-3.0538786402802627,-3.050786782893955,-3.047695121262871,-3.0446037021970054,-3.041512590309978,-3.0384218750313527,-3.0353316804707444,-3.0322421793282586,-3.029153612559956,-3.026066317247957,-3.0229807661945993,-3.0198976243075375,-3.0168178290845367,-3.013742705758634,-3.010674132384894,-3.007614777003047,-3.00456843895031,-3.0015405407829343,-2.9985388379888946,-2.995574443307078,-2.9926633043183157,-2.989828330900464,-2.987102446707495,-2.9845329369407505,-2.982187576016883,-2.980163116222636,-2.978596733878746,-2.977680820432555
-3.5798365720042544,-3.5790470245982764,-3.5776788586443953,-3.5758833597064297,-3.573770215819825,-3.5714196566765737,-3.568890792876215,-3.5662274428914325,-3.563462261114883,-3.5606196954249025,-3.5577181258858652,-3.5547714232936722,-3.5517900923747483,-3.5487821150312544,-3.5457535753762883,-3.542709125034519,-3.539652330883544,-3.536585935867205,-3.533512055260923,-3.530432324825365,-3.527348012974687,-3.524260105942196,-3.521169372622278,-3.5180764140712264,-3.514981701395878,-3.5118856048290374,-3.508788416098516,-3.5056903656799503,-3.502591636136748,-3.4994923724600793,-3.4963926901032334,-3.493292681239706,-3.4901924196495395,-3.487091964543834,-3.483991363565366,-3.4808906551484506,-3.477789870379302,-3.4746890344661083,-3.4715881679034672,-3.4684872873968886,-3.4653864065985434,-3.4622855366941647,-3.459184686872316,-3.456083864700464,-3.452983076427084,-3.4498823272248855,-3.446781621387105,-3.443680962486272,-3.4405803535029222,-3.4374797969301807,-3.4343792948589345,-3.431278849047358,-3.4281784609777786,-3.425078131903309,-3.421977862886162,-3.4188776548292137,-3.4157775085020368,-3.4126774245624554,-3.4095774035744038,-3.406477446022769,-3.40337755232575,-3.4002777228451677,-3.397177957895098,-3.3940782577491007,-3.3909786226462986,-3.387879052796496,-3.384779548384499,-3.381680109573775,-3.3785807365095573,-3.3754814293214874,-3.3723821881258678,-3.3692830130275984,-3.3661839041218324,-3.3630848614954147,-3.359985885228125,-3.356886975393759,-3.3537881320610836,-3.35068935529468,-3.347590645155694,-3.344492001702515,-3.341393424991395,-3.338294915077022,-3.3351964720130582,-3.332098095852652,-3.328999786648943,-3.325901544455557,-3.3228033693271106,-3.3197052613197267,-3.316607220491581,-3.3135092469034824,-3.3104113406195,-3.3073135017076547,-3.304215730240682,-3.3011180262968947,-3.298020389961152,-3.294922821325965,-3.2918253204927654,-3.288727887573368,-3.285630522691667,-3.282533225985608,-3.279435997609488,-3.2763388377366587,-3.2732417462905397,-3.270144723201345,-3.267047768405458,-3.2639508818448637,-3.260854063466648,-3.257757313222547,-3.2546606310685364,-3.2515640169644726,-3.2484674708737566,-3.245370992763041,-3.2422745826019614,-3.239178240362893,-3.2360819660207314,-3.2329857595526943,-3.229889620938139,-3.2267935501584,-3.223697547196637,-3.2206016120377035,-3.217505744668021,-3.214409945075467,-3.2113142132492696,-3.208218549179917,-3.2051229528590732,-3.202027424279501,-3.198931963434991,-3.1958365703203,-3.192741244931099,-3.189645987263916,-3.1865507973161025,-3.183455675085792,-3.1803606205718724,-3.1772656337739638,-3.174170714692408,-3.1710758633282654,-3.1679810796833197,-3.1648863637601035,-3.161791715561934,-3.158697135092971,-3.1556026223582987,-3.1525081773640413,-3.149413800117519,-3.146319490627451,-3.1432252489042307,-3.1401310749602818,-3.137036968810529,-3.133942930473013,-3.130848959969698,-3.1277550573275192,-3.1246612225797747,-3.1215674557679365,-3.1184737569440406,-3.115380126173838,-3.112286563540961,-3.109193069152429,-3.1060996431459706,-3.103006285699754,-3.099912997045374,-3.096819777485214,-3.0937266274157125,-3.090633547358639,-3.087540538003224,-3.0844476002630636,-3.0813547353531647,-3.078261944894546,-3.075169231056593,-3.072076596751291,-3.0689840458989313,-3.0658915837925025,-3.0627992175987053,-3.0597069570485673,-3.0566148153918475,-3.0535228107193366,-3.0504309677995414,-3.0473393206363313,-3.044247916039614,-3.041156818622873,-3.038066117815477,-3.0349759377267462,-3.0318864510563537,-3.028797898759719,-3.0257106179180173,-3.0226250813321895,-3.019541953907824,-3.0164621731396304,-3.0133870642561273,-3.0103185053056922,-3.007259164318152,-3.0042128406160447,-3.001184956733861,-2.998183268127299,-2.995218887487375,-2.9923077623239607,-2.98947280240987,-2.986746931243977,-2.9841774337996156,-2.9818320841605614,-2.9798076341327757,-2.9782412593538115,-2.97732535032361
-3.579471295891789,-3.5786817518150142,-3.5773135916878767,-3.5755181004740737,-3.573404965767314,-3.571054416929337,-3.5685255643097515,-3.5658622261902733,-3.5630970568165337,-3.5602545039529865,-3.5573529475753523,-3.554406258410237,-3.5514249411297105,-3.5484169775931633,-3.545388451879951,-3.5423440155880583,-3.5392872355739255,-3.536220854764588,-3.533146988422086,-3.5300672722964097,-3.5269829747931802,-3.523895082138869,-3.5208043632223767,-3.517711419095583,-3.51461672086177,-3.5115206387508713,-3.5084234644883727,-3.5053254285480278,-3.5022267134917127,-3.499127464309353,-3.4960277964532227,-3.4929278020959837,-3.489827555016999,-3.4867271144268095,-3.483626527967734,-3.4805258340737066,-3.4774250638306268,-3.4743242424464236,-3.4712233904154792,-3.4681225244431246,-3.4650216581813815,-3.4619208028158592,-3.458819967535015,-3.4557191599062302,-3.4526183861779045,-3.4495176515226875,-3.446416960233762,-3.443316315883614,-3.4402157214527413,-3.4371151794342367,-3.4340146919189616,-3.430914260665064,-3.4278138871548527,-3.424713572641424,-3.4216133181869797,-3.4185131246943783,-3.4154129929331827,-3.4123129235612093,-3.409212917142384,-3.4061129741615876,-3.403013095037011,-3.3999132801304714,-3.3968135297560407,-3.3937138441872734,-3.390614223663289,-3.387514668393888,-3.3844151785638754,-3.381315754336717,-3.378216395857643,-3.3751171032562928,-3.372017876648967,-3.3689187161405645,-3.36581962182624,-3.362720593792836,-3.35962163212013,-3.356522736881918,-3.353423908146967,-3.3503251459798555,-3.347226450441732,-3.344127821590985,-3.3410292594838666,-3.3379307641750646,-3.33483233571824,-3.3317339741665415,-3.3286356795731087,-3.325537451991568,-3.322439291476537,-3.319341198084139,-3.316243171872552,-3.3131452129025836,-3.310047321238305,-3.3069494969477358,-3.3038517401036147,-3.3007540507842545,-3.297656429074515,-3.2945588750669104,-3.291461388862873,-3.2883639705742223,-3.2852666203248533,-3.2821693382527144,-3.2790721245121057,-3.2759749792763824,-3.272877902468962,-3.2697808940200566,-3.266683953866047,-3.2635870819489163,-3.2604902782157503,-3.2573935426182827,-3.254296875112489,-3.2512002756582223,-3.248103744218884,-3.2450072807611248,-3.241910885254579,-3.2388145576716214,-3.235718297987148,-3.232622106178374,-3.229525982224657,-3.2264299261073304,-3.2233339378095547,-3.2202380173161824,-3.2171421646136342,-3.214046379689786,-3.210950662533865,-3.20785501313636,-3.204759431488936,-3.2016639175843546,-3.1985684714164053,-3.1954730929798463,-3.1923777822703467,-3.1892825392844366,-3.186187364019466,-3.183092256473566,-3.1799972166456247,-3.176902244535264,-3.1738073401428255,-3.170712503469367,-3.167617734516676,-3.1645230332872827,-3.1614283997845036,-3.158333834012498,-3.155239335976351,-3.1521449056821886,-3.149050543137329,-3.1459562483504917,-3.14286202133207,-3.1397678620944878,-3.1366737706526706,-3.13357974702466,-3.1304857912324167,-3.1273919033028785,-3.124298083269342,-3.121204331173279,-3.118110647066727,-3.115017031015437,-3.1119234831030393,-3.1088300034365566,-3.1057365921537166,-3.1026432494326865,-3.099549975505064,-3.096456770673228,-3.093363635333621,-3.0902705700080104,-3.0871775753856285,-3.084084652380069,-3.0809918022063396,-3.077899026485459,-3.0748063273868125,-3.0717137078223824,-3.068621171712458,-3.065528724350022,-3.062436372901768,-3.059344127098711,-3.0562520001905917,-3.053160010268174,-3.050068182099923,-3.0469765496896497,-3.0438851598471652,-3.0407940771858213,-3.0377033911347815,-3.0346132258030694,-3.0315237538899145,-3.0284352163500854,-3.0253479502637908,-3.022262428430547,-3.019179315753836,-3.0160995497252534,-3.01302445556871,-3.0099559113257652,-3.006896585016145,-3.003850275947423,-3.0008224066318983,-2.9978207324923547,-2.9948563661709944,-2.991945255105331,-2.9891103089610667,-2.9863844510789246,-2.9838149661997373,-2.9814696280678428,-2.979445187998947,-2.977878820933963,-2.976962916406762
-3.579099057128733,-3.5783095164449765,-3.57694136225627,-3.5751458789146877,-3.5730327535637327,-3.5706822152285618,-3.5681533740040594,-3.5654900479773137,-3.562724891244116,-3.5598823514528504,-3.5569808084888863,-3.5540341330082064,-3.5510528296274804,-3.5480448801625126,-3.545016368658271,-3.5419719466855404,-3.5389151810792017,-3.535848814749162,-3.532774962943822,-3.529695261402293,-3.5266109785214987,-3.5235231005209435,-3.5204323962839372,-3.5173394668578593,-3.5142447833423693,-3.511148715964474,-3.5080515564472936,-3.50495353526266,-3.501854834970892,-3.498755600560642,-3.495655947483149,-3.492555967910229,-3.489455735620551,-3.486355309824087,-3.4832547381626853,-3.480154059069895,-3.477053303631295,-3.4739524970545497,-3.4708516598338233,-3.4677508086742623,-3.464649957227739,-3.4615491166797336,-3.458448296218598,-3.455347503411623,-3.452246744507134,-3.449146024677716,-3.4460453482165008,-3.442944718695928,-3.439844139096456,-3.4367436119111465,-3.4336431392308335,-3.4305427228136423,-3.4274423641418603,-3.4243420644685676,-3.421241824855949,-3.4181416462068515,-3.4150415292908285,-3.4119414747656855,-3.40884148319534,-3.4057415550646657,-3.4026416907918464,-3.3995418907386963,-3.3964421552192805,-3.3933424845071505,-3.390242878841423,-3.387143338431896,-3.38404386346337,-3.380944454099308,-3.3778451104849396,-3.3747458327499023,-3.3716466210104965,-3.368547475371619,-3.365448395928421,-3.362349382767747,-3.3592504359693733,-3.3561515556070938,-3.3530527417496754,-3.3499539944616985,-3.346855313804309,-3.3437566998358954,-3.3406581526127095,-3.3375596721894394,-3.3344612586197457,-3.331362911956779,-3.3282646322536786,-3.325166419564072,-3.322068273942575,-3.318970195445312,-3.315872184130461,-3.3127742400588303,-3.3096763632944928,-3.306578553905471,-3.3034808119645027,-3.3003831375499026,-3.2972855307465325,-3.294187991646906,-3.291090520352459,-3.2879931169750116,-3.284895781638464,-3.2817985144807653,-3.27870131565622,-3.2756041853381856,-3.2725071234500778,-3.2694101299221057,-3.2663132046906487,-3.2632163476976888,-3.2601195588903087,-3.2570228382202417,-3.253926185643462,-3.2508296011198214,-3.247733084612721,-3.24463663608881,-3.2415402555177217,-3.2384439428718292,-3.2353476981260276,-3.232251521257533,-3.2291554122457007,-3.226059371071864,-3.2229633977191834,-3.2198674921725114,-3.2167716544182654,-3.2136758844443225,-3.2105801822399096,-3.207484547795516,-3.204388981102804,-3.201293482154537,-3.1981980509445034,-3.195102687467461,-3.1920073917190783,-3.188912163695885,-3.1858170033952318,-3.1827219108152494,-3.1796268859548262,-3.1765319288135827,-3.1734370393918603,-3.1703422176907186,-3.167247463711942,-3.164152777458062,-3.161058158932396,-3.1579636081391036,-3.154869125083269,-3.151774709771018,-3.1486803622096673,-3.1455860824079385,-3.142491870376224,-3.1393977261269477,-3.136303649675034,-3.1332096410385253,-3.1301157002393825,-3.127021827304544,-3.123928022267305,-3.12083428516914,-3.117740616062085,-3.1146470150118897,-3.111553482102187,-3.108460017439998,-3.10536662116305,-3.102273293449512,-3.099180034530981,-3.0960868447098377,-3.0929937243825223,-3.0899006740708037,-3.0868076944639142,-3.083714786475448,-3.080621951320411,-3.0775291906198223,-3.0744365065430648,-3.0713439020021203,-3.0682513809172747,-3.0651589485815065,-3.0620666121614994,-3.0589743813882575,-3.0558822695115033,-3.0527902946219725,-3.0496984814880888,-3.046606864113599,-3.0435154893082226,-3.040424421685171,-3.0373337506734037,-3.0342436003816395,-3.0311541435086578,-3.028065621008562,-3.0249783699605772,-3.021892863162767,-3.0188097655164663,-3.015730014510097,-3.012654935362874,-3.0095864061094053,-3.006527094759125,-3.003480800604353,-3.000452946134771,-2.9974512867396204,-2.994486935011352,-2.9915758383137345,-2.9887409062033052,-2.986015061859602,-2.983445589786497,-2.981100263382387,-2.979075833463322,-2.977509474260215,-2.976593574322348
-3.5787199259390547,-3.5779303887115024,-3.5765622405718136,-3.5747667652490502,-3.572653649428126,-3.5703031217913446,-3.5677742921741222,-3.5651109784652966,-3.562345834608026,-3.559503308132467,-3.5566017788319546,-3.55365511729053,-3.5506738280684336,-3.5476658929370712,-3.544637395906379,-3.5415929885194406,-3.5385362375891756,-3.535469886008042,-3.5323960490105515,-3.5293163623247303,-3.526232094338644,-3.5231442312647,-3.5200535419805123,-3.5169606275288796,-3.51386595900577,-3.5107699066352094,-3.507672762137906,-3.5045747559837395,-3.501476070731435,-3.498376851368356,-3.4952772133446848,-3.4921772488313736,-3.4890770316063846,-3.4859766208791085,-3.4828760642909184,-3.4797754002749675,-3.4766746599165113,-3.4735738684229456,-3.4704730462882107,-3.4673722102172686,-3.4642713738618327,-3.4611705484072566,-3.458069743041782,-3.454968965332609,-3.451868221527988,-3.4487675168004395,-3.445666855443039,-3.4425662410281808,-3.439465676536286,-3.436365164460382,-3.4332647068912747,-3.4301643055870663,-3.427063962030023,-3.4239636774732065,-3.4208634529787885,-3.417763289449601,-3.4146631876551856,-3.4115631482533386,-3.4084631718079703,-3.4053632588039475,-3.402263409659448,-3.3991636247362798,-3.3960639043485044,-3.392964248769668,-3.3898646582388827,-3.3867651329659436,-3.3836656731356496,-3.380566278911462,-3.377466950438609,-3.374367687846725,-3.371268491252109,-3.368169360759656,-3.3650702964645163,-3.3619712984535335,-3.358872366806483,-3.3557735015971586,-3.352674702894327,-3.349575970762568,-3.3464773052630257,-3.3433787064540894,-3.3402801743920114,-3.337181709131479,-3.3340833107261543,-3.330984979229187,-3.3278867146937166,-3.3247885171733698,-3.3216903867227634,-3.3185923233980223,-3.315494327257326,-3.312396398361484,-3.3092985367745684,-3.306200742564603,-3.3031030158043286,-3.3000053565720595,-3.2969077649526595,-3.2938102410386434,-3.2907127849314497,-3.2876153967429005,-3.284518076596897,-3.2814208246313927,-3.2783236410006955,-3.2752265258781654,-3.272129479187216,-3.269032500858056,-3.2659355908270613,-3.262838749036211,-3.25974197543259,-3.256645269967927,-3.253548632598196,-3.2504520632832463,-3.247355561986477,-3.2442591286745377,-3.241162763317061,-3.2380664658864204,-3.2349702363575084,-3.2318740747075387,-3.2287779809158694,-3.225681954963831,-3.2225859968345834,-3.2194901065129775,-3.216394283985434,-3.213298529239826,-3.210202842265382,-3.20710722305259,-3.204011671593112,-3.2009161878797103,-3.1978207719061746,-3.1947254236672618,-3.191630143158639,-3.1885349303768376,-3.185439785319206,-3.182344707983877,-3.1792496983697367,-3.1761547564764054,-3.173059882304225,-3.169965075854256,-3.166870337128283,-3.1637756661288363,-3.1606810628592337,-3.1575865273236325,-3.154492059527119,-3.151397659475817,-3.148303327177046,-3.145209062639527,-3.142114865873651,-3.1390207368918417,-3.1359266757090247,-3.1328326823432415,-3.129738756816454,-3.126644899155599,-3.1235511093939743,-3.120457387573052,-3.1173637337448685,-3.114270147975176,-3.111176630347605,-3.1080831809691776,-3.104989799977621,-3.1018964875511035,-3.098803243921222,-3.0957100693903588,-3.0926169643549533,-3.089523929336775,-3.0864309650250563,-3.0833380723333916,-3.080245252476787,-3.07715250707626,-3.074059838301193,-3.0709672490635667,-3.067874743283662,-3.0647823262544516,-3.0616900051426144,-3.058597789679139,-3.055505693113732,-3.0524137335370995,-3.049321935717621,-3.0462303336589813,-3.043138974170805,-3.0400479218661602,-3.0369572661737987,-3.0338671312021295,-3.0307776896494727,-3.027689182469253,-3.0246019467396956,-3.021516455257383,-3.0184333729214634,-3.0153536372171246,-3.012278573358799,-3.0092100593740154,-3.0061507632617217,-3.0031044842987007,-3.000076644951597,-2.9970750005754834,-2.9941106637121333,-2.9911995816501964,-2.9883646638350085,-2.9856388332819233,-2.9830693742534407,-2.9807240597955666,-2.978699640215391,-2.9771332890206046,-2.976217393757558
-3.578333987355856,-3.577544453646929,-3.5761763116655074,-3.5743808445063867,-3.572267738387609,-3.5699172216424317,-3.5673884038421173,-3.564725102673672,-3.561959971924864,-3.5591174590054866,-3.556215943615177,-3.5532692962647383,-3.5502880214569617,-3.547280100918053,-3.5442516186222877,-3.5412072260845444,-3.5381504900953846,-3.535084153529504,-3.5320103316072715,-3.5289306600454315,-3.525846407223029,-3.522758559345248,-3.5196678852839036,-3.516574986077133,-3.5134803328171444,-3.5103842957249305,-3.507287166518745,-3.504189175666474,-3.501090505725228,-3.49799130168105,-3.4948916789830506,-3.4917917298013044,-3.488691527913053,-3.4855911325270954,-3.4824905912843196,-3.479389942617479,-3.476289217611498,-3.4731884414734986,-3.47008763469719,-3.4669868139873463,-3.4638859929955252,-3.460785182906946,-3.4576843929097425,-3.454583630571023,-3.451482902138958,-3.4483822127860027,-3.445281566805179,-3.442180967768834,-3.4390804186573485,-3.435979921963716,-3.4328794797787134,-3.4297790938604185,-3.4266787656910775,-3.4235784965237337,-3.4204782874205417,-3.417378139284324,-3.4142780528846077,-3.4111780288791804,-3.408078067831944,-3.4049781702277575,-3.4018783364847924,-3.3987785669648507,-3.3956788619819878,-3.392579221809749,-3.389479646687243,-3.386380136824261,-3.3832806924055996,-3.380181313594715,-3.3770820005368343,-3.3739827533615907,-3.3708835721852823,-3.3677844571128017,-3.3646854082393007,-3.3615864256516192,-3.3584875094295326,-3.3553886596468345,-3.3522898763722884,-3.3491911596704758,-3.3460925096025407,-3.3429939262268724,-3.339895409599722,-3.336796959775778,-3.3336985768087017,-3.3306002607516425,-3.327502011657741,-3.324403829580625,-3.3213057145749105,-3.318207666696724,-3.315109686004245,-3.312011772558283,-3.3089139264229126,-3.3058161476661563,-3.3027184363607573,-3.2996207925850314,-3.2965232164238434,-3.293425707969711,-3.2903282673240732,-3.2872308945987556,-3.284133589917662,-3.281036353418747,-3.2779391852563227,-3.2748420856037534,-3.2717450543844504,-3.2686480915286187,-3.265551196972634,-3.2624543706584745,-3.2593576125332193,-3.2562609225485994,-3.2531643006605853,-3.2500677468290267,-3.24697126101732,-3.2438748431921143,-3.2407784933230412,-3.2376822113824724,-3.2345859973452997,-3.2314898511887384,-3.2283937728921432,-3.2252977624368455,-3.2222018198060036,-3.219105944984468,-3.216010137958657,-3.2129143987164466,-3.2098187272470637,-3.206723123540995,-3.2036275875899034,-3.20053211938655,-3.197436718924725,-3.1943413861991847,-3.1912461212055963,-3.18815092394049,-3.185055794401215,-3.1819607325859027,-3.17886573849344,-3.175770812123448,-3.172675953476267,-3.1695811625529573,-3.1664864393553027,-3.1633917838858348,-3.16029719614787,-3.1572026761455674,-3.1541082238840117,-3.1510138393693268,-3.1479195226088312,-3.1448252736112465,-3.141731092386965,-3.13863697894841,-3.1355429333105054,-3.1324489554912938,-3.1293550455127384,-3.1262612034017754,-3.123167429191702,-3.1200737229239897,-3.1169800846506748,-3.113886514437511,-3.1107930123681284,-3.1076995785495485,-3.104606213119499,-3.1015129162561497,-3.0984196881910964,-3.0953265292267216,-3.092233439759464,-3.0891404203110957,-3.086047471570848,-3.0829545944523136,-3.079861790170501,-3.0767690603464266,-3.07367640714947,-3.0705838334916096,-3.0674913432931237,-3.0643989418469815,-3.0613066363198502,-3.058214436442711,-3.055122355465248,-3.052030411478139,-3.0489386292497205,-3.045847042783611,-3.042755698889339,-3.03966466217983,-3.036574022083622,-3.0334839027088067,-3.030394476753239,-3.0273059851696535,-3.0242187650352546,-3.0211332891451184,-3.018050222396166,-3.0149705022702946,-3.0118954539770657,-3.0088269555368017,-3.005767674937777,-3.002721411440954,-2.9996935874895234,-2.996691958403771,-2.993727636673879,-2.990816569512019,-2.9879816662503216,-2.9852558497369843,-2.982686403988776,-2.9803411016929493,-2.978316692638438,-2.976750349596644,-2.9758344590928685
-3.5779413418665857,-3.5771518117377994,-3.5757836760223087,-3.5739882171695547,-3.5718751209225412,-3.5695246152593794,-3.566995809482559,-3.564332521073726,-3.56156740366254,-3.5587249045363274,-3.555823403299392,-3.5528767703880173,-3.5498955102465413,-3.546887604555178,-3.54385913725192,-3.54081475982295,-3.537758039036079,-3.53469171774793,-3.5316179111644814,-3.5285382549909974,-3.525454017597349,-3.5223661851813697,-3.5192755266089724,-3.5161826429135505,-3.51308800518349,-3.5099919836366964,-3.5068948699889226,-3.50379689470603,-3.5006982403434854,-3.4975990518859925,-3.494499444781566,-3.491399511199388,-3.48829932491597,-3.4851989451395093,-3.482098419510398,-3.4789977864609845,-3.4758970770758517,-3.472796316561845,-3.469695525412442,-3.4665947203322247,-3.4634939149725894,-3.4603931205186234,-3.4572923461583462,-3.4541915994587726,-3.4510908866679944,-3.4479902129584006,-3.4448895826229546,-3.441788999233957,-3.4386884657717482,-3.435587984729288,-3.4324875581973235,-3.429387187933909,-3.426286875421269,-3.4231866219124276,-3.4200864284695243,-3.4169862959953665,-3.4138862252594726,-3.410786216919619,-3.4076862715396996,-3.4045863896045643,-3.4014865715323808,-3.3983868176849428,-3.3952871283763035,-3.3921875038800016,-3.389087944435143,-3.3859884502515145,-3.382889021513911,-3.379789658385787,-3.376690361012366,-3.3735911295232817,-3.370491964034828,-3.3673928646518974,-3.364293831469639,-3.3611948645748946,-3.3580959640474375,-3.3549971299610597,-3.351898362384526,-3.3487996613824165,-3.345701027015874,-3.342602459343288,-3.3395039584209107,-3.3364055243034287,-3.333307157044504,-3.3302088566972867,-3.3271106233149172,-3.3240124569510234,-3.320914357660223,-3.3178163254986432,-3.3147183605244632,-3.3116204627984938,-3.308522632384809,-3.3054248693514343,-3.3023271737711126,-3.299229545722162,-3.296131985289448,-3.29303449256549,-3.28993706765173,-3.2868397106599945,-3.2837424217141913,-3.280645200952278,-3.2775480485285695,-3.2744509646164337,-3.2713539491392787,-3.268257002027309,-3.2651601232168974,-3.2620633126500205,-3.2589665702737562,-3.2558698960398313,-3.2527732899042174,-3.249676751826761,-3.246580281770859,-3.243483879703158,-3.24038754559329,-3.237291279413625,-3.2341950811390565,-3.231098950746796,-3.2280028882161975,-3.2249068935285914,-3.221810966667136,-3.2187151076166822,-3.2156193163636484,-3.2125235928959084,-3.2094279372026886,-3.2063323492744757,-3.2032368291029325,-3.2001413766808193,-3.197045992001926,-3.193950675061009,-3.1908554258537354,-3.187760244376634,-3.184665130627053,-3.181570084603125,-3.1784751063037375,-3.175380195728511,-3.1722853528777866,-3.169190577752623,-3.166095870354804,-3.163001230686861,-3.1599066587521096,-3.1568121545547094,-3.1537177180997453,-3.150623349393342,-3.1475290484428182,-3.144434815256894,-3.1413406498459606,-3.1382465522224434,-3.1351525224012673,-3.1320585604004734,-3.1289646662420236,-3.125870839952855,-3.1227770815662645,-3.1196833911237243,-3.116589768677271,-3.113496214292658,-3.110402728053516,-3.107309310066866,-3.104215960470436,-3.1011226794423963,-3.0980294672143427,-3.0949363240886565,-3.091843250461779,-3.088750246855482,-3.0856573139589942,-3.0825644526859115,-3.079471664251239,-3.0763789502759953,-3.073286312929557,-3.070193755123902,-3.067101280779305,-3.064008895188729,-3.060916605518835,-3.0578244215005888,-3.0547323563836555,-3.051640428258685,-3.0485486618939683,-3.045457091293059,-3.0423657632653867,-3.0392747424237285,-3.0361841181964064,-3.0330940146911916,-3.0300046046054634,-3.026916128891254,-3.0238289246247314,-3.0207434645994384,-3.01766041371003,-3.0145807094350525,-3.011505676979114,-3.008437194355203,-3.005377929540732,-3.00233168178057,-2.9993038734940427,-2.9963022599660416,-2.9933379536342533,-2.9904269016330356,-2.9875920131793303,-2.984866210951261,-2.9822967787155656,-2.9799514887944705,-2.97792709044969,-2.9763607557034626,-2.9754448700421854
-3.577542106048657,-3.576752579560475,-3.5753844502167356,-3.5735889998106236,-3.571475913602086,-3.5691254192080892,-3.5665966256578105,-3.5639333502240635,-3.5611682463757344,-3.558325761275611,-3.5554242744310534,-3.5524776562025684,-3.549496410975055,-3.5464885203819576,-3.543460068324375,-3.540415706259305,-3.5373590009314277,-3.5342926951789866,-3.5312189041933295,-3.528139263668048,-3.5250550419636806,-3.521967225270586,-3.51887658244868,-3.5157837145265285,-3.51268909258863,-3.5095930868497502,-3.5064959890231036,-3.5033980295724922,-3.500299391051708,-3.497200218444092,-3.4941006271965493,-3.4910007094773534,-3.4879005390622697,-3.484800175158885,-3.481699665407088,-3.478599048238812,-3.4754983547383,-3.472397610112113,-3.469296834853494,-3.4661960456668264,-3.4630952562033444,-3.4599944776479994,-3.456893719188698,-3.4537929883923573,-3.4506922915069893,-3.4475916337049144,-3.444491019279041,-3.4413904518016207,-3.438289934252952,-3.4351894691259592,-3.432089058511362,-3.4289887041671863,-3.425888407575637,-3.422788169989719,-3.419687992471556,-3.416587875923942,-3.4134878211163846,-3.4103878287066482,-3.407287899258619,-3.40418803325714,-3.40108823112037,-3.3979884932100997,-3.394888819840376,-3.391789211284733,-3.388689667782272,-3.385590189542779,-3.382490776751044,-3.3793914295705214,-3.3762921481464305,-3.373192932608403,-3.370093783072732,-3.36699469964431,-3.3638956824182844,-3.3607967314814937,-3.357697846913712,-3.354599028788731,-3.351500277175315,-3.3484015921380412,-3.3453029737380553,-3.342204422033744,-3.339105937081361,-3.336007518935593,-3.3329091676501017,-3.3298108832780366,-3.326712665872539,-3.323614515487238,-3.32051643217675,-3.317418415997203,-3.314320467006777,-3.311222585266285,-3.3081247708398016,-3.3050270237953514,-3.3019293442056803,-3.298831732149107,-3.2957341877104995,-3.292636710982379,-3.2895393020661885,-3.286441961073757,-3.2833446881289947,-3.2802474833698634,-3.2771503469506804,-3.274053279044818,-3.2709562795756804,-3.267859348473471,-3.2647624856745594,-3.261665691120921,-3.2585689647596334,-3.255472306542421,-3.2523757164252527,-3.249279194367976,-3.2461827403339854,-3.243086354289926,-3.2399900362054286,-3.236893786052863,-3.2337976038071186,-3.2307014894454094,-3.227605442947088,-3.2245094642934844,-3.2214135534677575,-3.2183177104547553,-3.215221935240897,-3.212126227814056,-3.2090305881634578,-3.205935016279589,-3.2028395121541116,-3.199744075779785,-3.196648707150399,-3.1935534062607096,-3.1904581731063835,-3.187363007683951,-3.1842679099907603,-3.1811728800249415,-3.1780779177853824,-3.1749830232717033,-3.1718881964842445,-3.1687934374240645,-3.1656987460929487,-3.1626041224934283,-3.159509566628818,-3.156415078503278,-3.1533206581218924,-3.150226305490786,-3.1471320206172773,-3.144037803510086,-3.1409436541796056,-3.1378495726382587,-3.1347555589009715,-3.1316616129857833,-3.128567734914658,-3.1254739247145316,-3.122380182418701,-3.119286508068641,-3.1161929017163867,-3.1130993634276907,-3.1100058932861843,-3.1069124913988886,-3.103819157903532,-3.1007258929782844,-3.0976326968547427,-3.094539569835288,-3.0914465123163613,-3.0883535248197336,-3.0852606080346368,-3.082167762874664,-3.079074990554821,-3.075982292696125,-3.0728896714679528,-3.0697971297822786,-3.0667046715593753,-3.0636123020922006,-3.060520028547405,-3.0574278606559417,-3.0543358116674577,-3.0512438996725715,-3.04815214943953,-3.0450605949718192,-3.0419692830787683,-3.0388782783730077,-3.035787670282636,-3.0326975829150986,-3.0296081889672926,-3.026519729390536,-3.0234325412599405,-3.0203470973674906,-3.017264062605537,-3.01418437444922,-3.0111093580981088,-3.008040891557735,-3.0049816427944656,-3.001935411036802,-2.998907618679802,-2.9959060209723645,-2.9929417302987957,-2.9900306937143246,-2.987195820318759,-2.984470032617274,-2.9819006141223525,-2.9795553367850287,-2.9775309493308937,-2.9759646230203654,-2.9750487422833896
-3.5771364131918717,-3.576346890403546,-3.5749787675352644,-3.5731833257132726,-3.5710702497065965,-3.5687197667651755,-3.5661909856404277,-3.563527723392939,-3.560762633328201,-3.557920162482441,-3.555018690264495,-3.5520720869578586,-3.5490908568870223,-3.5460829816379054,-3.5430545450741064,-3.5400101986229693,-3.5369535090056643,-3.5338872190417585,-3.5308134439077286,-3.527733819285305,-3.5246496135255434,-3.5215618128112056,-3.518471185996109,-3.515378334103919,-3.512283728215182,-3.509187738541472,-3.506090656793422,-3.5029927134327403,-3.49989409101152,-3.4967949345117173,-3.4936953593791094,-3.490595457781046,-3.487495303492535,-3.484394955720544,-3.4812944621044495,-3.4781938610757623,-3.4750931837183785,-3.4719924552385693,-3.4688916961293397,-3.465790923094875,-3.4626901497862437,-3.459589387388256,-3.456488645088704,-3.453387930454409,-3.4502872497332997,-3.447186608097629,-3.444086009840246,-3.4409854585333535,-3.437884957157208,-3.4347845082046997,-3.4316841137665155,-3.4285837756006585,-3.4254834951893094,-3.422383273785456,-3.419283112451205,-3.4161830120893373,-3.4130829734693466,-3.40998299724899,-3.406883083992142,-3.4037832341836376,-3.40068344824163,-3.397583726527903,-3.3944840693565013,-3.391384477000954,-3.388284949700357,-3.3851854876644936,-3.382086091078151,-3.3789867601047807,-3.3758874948896014,-3.3727882955622404,-3.3696891622389917,-3.366590095024745,-3.363491094014647,-3.3603921592955355,-3.357293290947182,-3.35419448904338,-3.3510957536528916,-3.3479970848402947,-3.344898482666733,-3.3417999471905953,-3.3387014784681335,-3.335603076554035,-3.3325047415019604,-3.3294064733650615,-3.326308272196478,-3.323210138049838,-3.3201120709797616,-3.317014071042376,-3.3139161382958613,-3.310818272801032,-3.307720474621963,-3.3046227438266813,-3.301525080487932,-3.2984274846840367,-3.2953299564998644,-3.292232496027938,-3.2891351033697043,-3.2860377786369934,-3.2829405219537184,-3.2798433334578423,-3.2767462133036864,-3.2736491616646286,-3.27055217846407,-3.267455263632212,-3.2643584171054214,-3.2612616388256725,-3.25816492874004,-3.2550682868002467,-3.2519717129622623,-3.2488752071859297,-3.2457787694346445,-3.2426823996750502,-3.239586097876775,-3.2364898640121886,-3.233393698056181,-3.2302975999859624,-3.227201569780887,-3.2241056074222842,-3.221009712893311,-3.217913886178817,-3.2148181272652177,-3.211722436140387,-3.2086268127935496,-3.2055312572151933,-3.2024357693969794,-3.199340349331667,-3.196244997013045,-3.193149712435868,-3.190054495595805,-3.1869593464893833,-3.1838642651139506,-3.1807692514676384,-3.177674305549335,-3.1745794273586587,-3.1714846168959516,-3.1683898741622714,-3.1652951991594027,-3.162200591889878,-3.1591060523570116,-3.1560115805649613,-3.1529171765188133,-3.149822840224692,-3.146728571689915,-3.143634370923202,-3.140540237934946,-3.1374461727375715,-3.1343521753460006,-3.131258245778278,-3.128164384056364,-3.1250705902071974,-3.121976864264074,-3.1188832062684666,-3.1157896162724126,-3.1126960943416653,-3.109602640559855,-3.1065092550340028,-3.103415937901837,-3.100322689341529,-3.097229509584674,-3.0941363989336543,-3.0910433577849115,-3.0879503866602147,-3.084857486248796,-3.0817646574642494,-3.0786719015215827,-3.075579220041809,-3.0724866151943058,-3.0693940898910457,-3.0663016480522973,-3.0632092949710126,-3.0601170378138347,-3.057024886311704,-3.0539328537142456,-3.0508409581120475,-3.047749224273313,-3.0446576862014574,-3.041566390705709,-3.038475402398546,-3.0353848107078436,-3.032294739740715,-3.0292053621935655,-3.0261169190169865,-3.0230297472850203,-3.019944319788065,-3.016861301416131,-3.0137816296408966,-3.0107066296568092,-3.007638179461822,-3.0045789470110784,-3.0015327315164457,-2.9985049553483196,-2.995503373719019,-2.992539098958599,-2.989628078041871,-2.9867932199496035,-2.9840674470112054,-2.981498042480768,-2.9791527779320868,-2.977128401545903,-2.9755620838084127,-2.974646208075908
-3.576724413904087,-3.575934894873507,-3.574566778581999,-3.572771345478432,-3.5706582798332334,-3.5683078085235738,-3.5657790400187643,-3.5631157911638387,-3.5603507150983407,-3.557508258729952,-3.5546068013674477,-3.551660213216107,-3.548678998539069,-3.5456711388739786,-3.542642718046353,-3.5395983874534167,-3.5365417137924626,-3.533475439864088,-3.530401680829668,-3.5273220723588867,-3.5242378827931655,-3.5211500983075505,-3.5180594877496705,-3.514966652138209,-3.5118720625496986,-3.5087760891924753,-3.50567902377455,-3.5025810967555064,-3.49948249068571,-3.49638335054571,-3.493283791780136,-3.490183906555401,-3.487083768645745,-3.4839834372575034,-3.4808829600295352,-3.4777823753929242,-3.4746817144312114,-3.471581002350375,-3.4684802596431776,-3.465379503013603,-3.4622787461125504,-3.459178000124691,-3.4560772742376984,-3.4529765760182936,-3.449875911714323,-3.4467752864979704,-3.4436747046620253,-3.4405741697786407,-3.4374736848280314,-3.43437325230305,-3.431272874294354,-3.4281725525599205,-3.425072288581908,-3.421972083613284,-3.41887193871614,-3.4157718547932423,-3.4126718326140715,-3.409571872836374,-3.406471976024016,-3.4033721426618264,-3.40027237316795,-3.3971726679041665,-3.3940730271845125,-3.3909734512825147,-3.387873940437266,-3.3847744948585454,-3.3816751147311366,-3.378575800218488,-3.3754765514658165,-3.3723773686027494,-3.369278251745577,-3.3661792009991873,-3.3630802164587266,-3.359981298211031,-3.3568824463358733,-3.353783660907044,-3.350684941993305,-3.3475862896592345,-3.3444877039659757,-3.341389184971917,-3.33829073273331,-3.3351923473048424,-3.332094028740175,-3.328995777092459,-3.3258975924148357,-3.3227994747609335,-3.319701424185371,-3.3166034407442777,-3.3135055244958345,-3.3104076755008562,-3.3073098938234176,-3.304212179531548,-3.3011145326979943,-3.298016953401079,-3.2949194417256726,-3.2918219977642993,-3.288724621618407,-3.285627313399831,-3.2825300732324845,-3.279432901254336,-3.276335797619709,-3.2732387625019843,-3.2701417958245615,-3.2670448975176396,-3.2639480675175836,-3.260851305766365,-3.2577546122110568,-3.254657986803383,-3.251561429499307,-3.2484649402586734,-3.245368519044875,-3.2422721658245552,-3.2391758805673425,-3.2360796632456035,-3.232983513834228,-3.2298874323104263,-3.226791418653551,-3.22369547284493,-3.2205995948677204,-3.21750378470677,-3.214408042348496,-3.2113123677807702,-3.208216760992818,-3.205121221975125,-3.202025750719353,-3.1989303472182606,-3.195835011465636,-3.1927397434562343,-3.1896445431857234,-3.1865494106506302,-3.1834543458483044,-3.1803593487768764,-3.177264419435233,-3.174169557822993,-3.171074763940498,-3.167980037788805,-3.1648853793696996,-3.1617907886857117,-3.1586962657401587,-3.1556018105371986,-3.1525074230819157,-3.149413103380434,-3.146318851440072,-3.1432246672695494,-3.1401305508792587,-3.1370365022816245,-3.1339425214915715,-3.1308486085271405,-3.1277547634102936,-3.1246609861679686,-3.1215672768334626,-3.118473635448248,-3.115380062064362,-3.112286556747556,-3.109193119581463,-3.1060997506731027,-3.1030064501602057,-3.0999132182209417,-3.0968200550869063,-3.093726961060483,-3.090633936538113,-3.0875409820415665,-3.084448098260074,-3.081355286107231,-3.078262546798044,-3.0751698819535256,-3.0720772937430523,-3.068984785078595,-3.0658923598804173,-3.0628000234414667,-3.059707782928377,-3.0566156480720768,-3.053523632122169,-3.0504317531692124,-3.0473400359813616,-3.0442485145619633,-3.041157235720143,-3.038066264068226,-3.034975689033858,-3.0318856347238157,-3.0287962738340046,-3.0257078473142816,-3.0226206922375973,-3.0195352813927414,-3.0164522796673467,-3.0133726245295747,-3.0102976411686724,-3.0072292075748943,-3.0041699916919837,-3.001123792714914,-2.998096032989031,-2.995094467689504,-2.9921302090912865,-2.989219204087515,-2.9863843615380525,-2.983658603593794,-2.981089213246395,-2.9787439616865097,-2.9767195965414994,-2.975153287511222,-2.9742374168615116
-3.576306276695983,-3.575516761479509,-3.574148651863412,-3.5723532276090304,-3.5702401724807076,-3.567889712977257,-3.565360957281648,-3.5626977220201343,-3.5599326601638204,-3.5570902184899182,-3.5541887762056366,-3.551242203436866,-3.5482610043844733,-3.54525316053711,-3.5422247556816364,-3.5391804411847074,-3.5361237837193813,-3.5330575260670023,-3.5299837833736176,-3.5269041912966785,-3.523820018167835,-3.5207322501543024,-3.5176416560974233,-3.514548837010829,-3.511454263966978,-3.508358307170919,-3.5052612583279985,-3.502163347895645,-3.4990647584224708,-3.4959656348875985,-3.492866092734493,-3.4897662241286147,-3.486666102843425,-3.4835657880846194,-3.4804653274905304,-3.4773647594918047,-3.474264115171628,-3.471163419735682,-3.4680626936764805,-3.4649619536978022,-3.4618612134503772,-3.458760484118733,-3.4556597748904228,-3.452559093332069,-3.449458445691434,-3.4463578371406274,-3.4432572719723797,-3.4401567537587945,-3.4370562854800424,-3.4339558696289405,-3.430855508296116,-3.427755203239517,-3.4246549559412807,-3.421554767654356,-3.418454639440817,-3.415354572203414,-3.4122545667116193,-3.4091546236231673,-3.4060547435019157,-3.4029549268326833,-3.399855174033609,-3.3967554854664654,-3.3936558614452856,-3.3905563022435916,-3.387456808100472,-3.384357379225702,-3.3812580158040624,-3.378158717999,-3.3750594859557284,-3.371960319803873,-3.3688612196597223,-3.3657621856281645,-3.3626632178043425,-3.3595643162750934,-3.3564654811201886,-3.353366712413416,-3.350268010223539,-3.347169374615134,-3.344070805649345,-3.3409723033845604,-3.337873867877031,-3.334775499181444,-3.3316771973514605,-3.328578962440232,-3.3254807945009,-3.3223826935870937,-3.319284659753432,-3.3161866930560446,-3.313088793553113,-3.309990961305452,-3.3068931963771404,-3.303795498836206,-3.300697868755398,-3.2976003062130395,-3.2945028112940036,-3.2914053840908166,-3.2883080247049286,-3.2852107332481753,-3.282113509844474,-3.2790163546317976,-3.275919267764471,-3.272822249415881,-3.269725299509424,-3.266628417975295,-3.263531604749858,-3.2604348597750823,-3.257338182998039,-3.254241574370448,-3.251145033848276,-3.248048561391364,-3.2449521569631035,-3.2418558205301373,-3.238759552062091,-3.2356633515313318,-3.232567218912748,-3.2294711541835497,-3.226375157323088,-3.2232792283126908,-3.2201833671355145,-3.2170875737764058,-3.2139918482217813,-3.2108961904595117,-3.207800600478823,-3.2047050782702,-3.2016096238253033,-3.198514237136892,-3.195418918198755,-3.1923236670056454,-3.1892284835532325,-3.1861333678380426,-3.183038319857423,-3.1799433396095047,-3.1768484270931747,-3.1737535823080534,-3.17065880525448,-3.1675640959335123,-3.164469454346935,-3.1613748804972785,-3.158280374387859,-3.155185936022834,-3.1520915654072894,-3.1489972625473492,-3.1459030274503315,-3.142808860124957,-3.139714760581617,-3.136620728832735,-3.133526764893236,-3.130432868781161,-3.1273390405184722,-3.1242452801321083,-3.121151587655366,-3.118057963129717,-3.1149644066072,-3.111870918153567,-3.1087774978524494,-3.1056841458108684,-3.1025908621665526,-3.0994976470976736,-3.0964045008358276,-3.0933114236833963,-3.0902184160368225,-3.0871254784178763,-3.0840326115157897,-3.0809398162441557,-3.0778470938179807,-3.0747544458582774,-3.0716618745344206,-3.068569382758379,-3.0654769744504136,-3.0623846549034655,-3.0592924312841605,-3.0562003133234112,-3.0531083142708026,-3.050016452216861,-3.0469247519296943,-3.043833247412579,-3.040741985474535,-3.037651030727731,-3.0345604725995816,-3.0314704351965225,-3.028381091213953,-3.0252926816009804,-3.022205543429451,-3.0191201494865196,-3.0160371646574053,-3.0129575264067006,-3.009882559918374,-3.0068141431748674,-3.003754944108353,-3.0007087618966555,-2.9976810188596956,-2.994679470134933,-2.9917152279413943,-2.988804239089316,-2.9859694123158436,-2.9832436695906774,-2.9806742936390984,-2.9783290552628707,-2.976304701527678,-2.9747384013352405,-2.97382253584458
-3.5758821885410956,-3.5750926771933846,-3.5737245743483617,-3.571929159069979,-3.569816114609244,-3.567465667081188,-3.564936924378339,-3.5622737029050304,-3.559508655461514,-3.55666622869266,-3.553764801702658,-3.550818244536875,-3.5478370613330124,-3.544829233530024,-3.541800844875566,-3.538756546705278,-3.5356999056676406,-3.5326336645244654,-3.529559938406255,-3.5264803629580572,-3.5233962065016047,-3.520308455196171,-3.5172178778767247,-3.5141250755517675,-3.5110305192896307,-3.5079345792920247,-3.504837547261599,-3.501739653653593,-3.49864108101484,-3.495541974323018,-3.4924424490204085,-3.4893425972715075,-3.486242492848986,-3.4831421949578916,-3.4800417512360204,-3.47694120011358,-3.4738405726733896,-3.4707398941208303,-3.467639184948166,-3.464538461858969,-3.4614377385037933,-3.4583370260670243,-3.455236333736092,-3.4521356690775176,-3.4490350383389785,-3.4459344466925135,-3.442833898430792,-3.4397333971258655,-3.4366329457578617,-3.4335325468195608,-3.430432202401557,-3.427331914261773,-3.4242316838823217,-3.421131512516133,-3.4180314012252633,-3.4149313509124504,-3.411831362347152,-3.4087314361870917,-3.4056315729961177,-3.4025317732590428,-3.399432037393998,-3.3963323657627513,-3.3932327586793285,-3.3901332164172473,-3.3870337392155925,-3.3839343272841362,-3.380834980807657,-3.3777356999495973,-3.3746364848551695,-3.3715373356539975,-3.3684382524623686,-3.365339235385168,-3.362240284517538,-3.3591413999463136,-3.356042581751266,-3.3529438300061827,-3.349845144779826,-3.3467465261367724,-3.3436479741381655,-3.340549488842393,-3.3374510703057045,-3.3343527185827893,-3.331254433727308,-3.328156215792412,-3.325058064831243,-3.32195998089743,-3.318861964045594,-3.3157640143318647,-3.3126661318144235,-3.309568316554087,-3.3064705686149334,-3.3033728880649935,-3.300275274977017,-3.2971777294293285,-3.294080251506802,-3.2909828413019673,-3.2878854989162747,-3.2847882244615643,-3.281691018061756,-3.2785938798548235,-3.275496809995097,-3.272399808655967,-3.269302875760828,-3.266206011239872,-3.2631092150294614,-3.2600124870715628,-3.2569158273132452,-3.2538192357062288,-3.2507227122064766,-3.2476262567738297,-3.2445298693716773,-3.2414335499666618,-3.2383372985284073,-3.23524111502928,-3.232144999444167,-3.2290489517502765,-3.2259529719269597,-3.2228570599555435,-3.2197612158191835,-3.2166654395027265,-3.213569730992588,-3.210474090276639,-3.207378517344105,-3.2042830121854697,-3.2011875747923937,-3.1980922051576353,-3.194996903274983,-3.19190166913919,-3.1888065027459236,-3.185711404091713,-3.1826163731739037,-3.1795214099906266,-3.1764265145407693,-3.17333168682395,-3.170236926840509,-3.1671422345915037,-3.164047610078718,-3.1609530533046826,-3.1578585642727144,-3.1547641429869713,-3.151669789452538,-3.148575503675537,-3.1454812856632874,-3.1423871354245083,-3.1392930529695935,-3.136199038310967,-3.133105091463552,-3.1300112124453916,-3.1269174012784466,-3.123823657989656,-3.120729982612316,-3.1176363751878995,-3.114542835768443,-3.1114493644196988,-3.108355961225299,-3.1052626262922653,-3.1021693597583275,-3.099076161801656,-3.095983032653847,-3.0928899726172845,-3.0897969820884086,-3.086704061588992,-3.083611211808265,-3.080518433659822,-3.0774257283586683,-3.0743330975258165,-3.0712405433306396,-3.068148068685104,-3.0650556775094673,-3.0619633750966653,-3.058871168613315,-3.0557790677903154,-3.0526870858772286,-3.0495952409645497,-3.0465035578203397,-3.043412070447803,-3.040320825655852,-3.037229888056499,-3.0341393470769233,-3.0310493268232133,-3.027959999990254,-3.024871607526395,-3.02178448650236,-3.0186991097036486,-3.01561614201303,-3.012536520891476,-3.009461571517602,-3.006393171865924,-3.0033339898568756,-3.0002878246508877,-2.997260098542092,-2.994258566629701,-2.99129434107601,-2.988383368607167,-2.9855485578358376,-2.982822830547934,-2.980253469198543,-2.977908244194967,-2.975883902033156,-2.974317610805253,-2.973401750547598
-3.575452355406516,-3.5746628479803544,-3.5732947519987874,-3.571499345818866,-3.569386312171261,-3.5670358767819814,-3.5645071472491514,-3.5618439397521575,-3.5590789069180677,-3.556236495257605,-3.553335083770535,-3.5503885424206003,-3.547407375281477,-3.5443995637417416,-3.5413711915093065,-3.5383269098883825,-3.5352702855025324,-3.5322040610937733,-3.5291303517768466,-3.5260507931842273,-3.5229666536275994,-3.5198789192581854,-3.5167883589044915,-3.5136955735698256,-3.510601034318328,-3.5075051113483267,-3.5044080963597395,-3.5013102198055863,-3.498211664230898,-3.495112574611886,-3.4920130663896347,-3.488913231727663,-3.485813144397839,-3.4827128636045512,-3.479612436985055,-3.476511902969113,-3.4734112926391756,-3.470310631200318,-3.4672099391445506,-3.464109233175235,-3.461008526942749,-3.45790783163133,-3.4548071564282874,-3.4517065089000396,-3.4486058952941754,-3.445505320782661,-3.4424047896581063,-3.439304305492507,-3.43620387126595,-3.4331034894711756,-3.4300031621987475,-3.42690289120656,-3.423802677976705,-3.4207025237620905,-3.4176024296247562,-3.414502396467426,-3.411402425059545,-3.408302516058824,-3.4052026700291043,-3.4021028874551877,-3.3990031687551996,-3.3959035142909,-3.392803924376312,-3.3897043992849474,-3.3866049392558866,-3.3835055444988984,-3.38040621519876,-3.3773069515189107,-3.3742077536045607,-3.3711086215853303,-3.368009555577506,-3.3649105556859706,-3.361811622005868,-3.358712754624031,-3.3556139536202276,-3.352515219068248,-3.3494165510368528,-3.3463179495906172,-3.343219414790685,-3.340120946695442,-3.3370225453611395,-3.333924210842464,-3.3308259431930796,-3.327727742466136,-3.3246296087147766,-3.32153154199263,-3.3184335423543176,-3.315335609855968,-3.312237744555766,-3.309139946514528,-3.3060422157963347,-3.3029445524692167,-3.2998469566059256,-3.296749428284786,-3.2936519675906744,-3.290554574616121,-3.287457249462582,-3.284359992241897,-3.2812628030779885,-3.2781656821088347,-3.2750686294887705,-3.271971645391189,-3.268874729739482,-3.2657778824638393,-3.262681103500621,-3.2595843927917927,-3.2564877502844207,-3.253391175930223,-3.250294669685161,-3.247198231509073,-3.2441018613653494,-3.241005559220631,-3.237909325044539,-3.2348131588094393,-3.2317170604902192,-3.228621030064087,-3.225525067510392,-3.222429172810461,-3.219333345947449,-3.2162375869062005,-3.213141895673131,-3.2100462722361116,-3.2069507165843656,-3.203855228708377,-3.2007598085998064,-3.1976644562514114,-3.1945691716569797,-3.1914739548112654,-3.1883788057099363,-3.185283724349518,-3.182188710727358,-3.179093764841588,-3.1759988866910924,-3.1729040762754903,-3.1698093335951225,-3.166714658651047,-3.163620051445047,-3.160525511979654,-3.1574310402581824,-3.1543366362847904,-3.1512423000645637,-3.148148031603625,-3.1450538309092932,-3.141959697990288,-3.1388656328570024,-3.135771635521859,-3.132677705999783,-3.129583844308815,-3.126490050470917,-3.123396324513028,-3.1203026664684437,-3.117209076378638,-3.114115554295647,-3.111022100285225,-3.107928714431003,-3.104835396840003,-3.101742147649954,-3.0986489670390265,-3.095555855238817,-3.092462812551711,-3.0893698393741493,-3.0862769362279026,-3.083184103802202,-3.0800913430106425,-3.0769986550682273,-3.0739060415959694,-3.0708135047632394,-3.0677210474820034,-3.0646286736725146,-3.0615363886277027,-3.058444199514177,-3.0553521160628208,-3.0522601515231758,-3.0491683239857044,-3.0460766582184196,-3.0429851882244523,-3.039893960812608,-3.0368030405947377,-3.033712516997785,-3.030622514127484,-3.0275332046782006,-3.0244448295975137,-3.0213577259550104,-3.018272366534512,-3.015189416216305,-3.012109812457692,-3.0090348804318587,-3.005966498105288,-3.002907333386516,-2.9998611854183435,-2.9968334764687605,-2.9938319615982047,-2.9908677529114716,-2.9879567970494687,-2.9851220024986893,-2.9823962908587434,-2.9798269443108363,-2.9774817328624255,-2.975457402431952,-2.9738911202909346,-2.9729752653377064
-3.5750170027499375,-3.574227499296056,-3.572859410266737,-3.5710640133029816,-3.5689509906083883,-3.5666005675149166,-3.564071851322474,-3.5614086579825917,-3.5586436399469115,-3.5558012435902744,-3.5528998478066702,-3.5499533224771618,-3.546972171610569,-3.543964376544445,-3.540936020946445,-3.537891756088943,-3.5348351485702603,-3.531768941112364,-3.5286952488140324,-3.5256157072950054,-3.522531584856786,-3.5194438676424427,-3.5163533244739362,-3.5132605563493113,-3.510166034328468,-3.50707012860631,-3.503973130879982,-3.5008752716002576,-3.4977767333103427,-3.494677660984962,-3.4915781700639905,-3.488478352709954,-3.4853782826939086,-3.482278019219576,-3.479177609923664,-3.476077093235482,-3.472976500237108,-3.469875856133306,-3.4667751814158314,-3.4636744927878325,-3.4605738038995093,-3.45747312593495,-3.4543724680813397,-3.451271837904991,-3.4481712416534065,-3.445070684498478,-3.441970170732753,-3.4388697039281757,-3.435769287064786,-3.4326689226352873,-3.429568612730211,-3.4264683591074245,-3.423368163248994,-3.4202680264078085,-3.4171679496458913,-3.41406793386595,-3.410967979837417,-3.4078680882179944,-3.4047682595715107,-3.4016684943827626,-3.3985687930698663,-3.395469155994578,-3.392369583470913,-3.389270075772378,-3.386170633138051,-3.3830712557776965,-3.3799719438760887,-3.3768726975966645,-3.3737735170846306,-3.3706744024696067,-3.3675753538678777,-3.364476371384325,-3.3613774551140887,-3.3582786051440014,-3.355179821553832,-3.3520811044173673,-3.3489824538033672,-3.3458838697764093,-3.3427853523976365,-3.339686901725434,-3.3365885178160526,-3.33349020072418,-3.330391950503478,-3.327293767207098,-3.3241956508881834,-3.3210976016003637,-3.3179996193982597,-3.314901704338003,-3.311803856477776,-3.308706075878398,-3.3056083626039503,-3.3025107167224648,-3.2994131383066927,-3.2963156274349616,-3.293218184192151,-3.2901208086707916,-3.2870235009723396,-3.28392626120864,-3.2808290895036185,-3.2777319859952554,-3.274634950837889,-3.271537984204917,-3.268441086019728,-3.2653442562125097,-3.2622474947196194,-3.25915080148302,-3.2560541764497786,-3.252957619571611,-3.2498611308044763,-3.246764710108213,-3.243668357446207,-3.2405720727850964,-3.237475856094507,-3.2343797073468017,-3.231283626516865,-3.2281876135819036,-3.2250916685212685,-3.2219957913162833,-3.2188999819501025,-3.2158042404075724,-3.212708566675106,-3.2096129607405746,-3.206517422593201,-3.20342195222347,-3.200326549623041,-3.1972312147846704,-3.1941359477021467,-3.191040748370223,-3.1879456167845657,-3.184850552941702,-3.181755556838978,-3.1786606284745242,-3.175565767847227,-3.1724709749567044,-3.1693762498032965,-3.166281592388061,-3.1631870027127804,-3.160092480779987,-3.1569980265929956,-3.153903640155964,-3.150809321473978,-3.14771507055316,-3.144620887400829,-3.1415267720257045,-3.138432724438179,-3.1353387446506753,-3.132244832678118,-3.1291509885385493,-3.126057212253931,-3.1229635038512016,-3.1198698633636566,-3.116776290832769,-3.1136827863105774,-3.1105893498628334,-3.107495981573169,-3.1044026815486077,-3.101309449926878,-3.0982162868861516,-3.0951231926580243,-3.092030167544881,-3.088937211943162,-3.0858443263746405,-3.0827515115285458,-3.0796587683184726,-3.0765660979594256,-3.073473502072417,-3.070380982826816,-3.067288543134585,-3.064196186915974,-3.0611039194639074,-3.0580117479449838,-3.0549196820900746,-3.0518277351486987,-3.048735925211287,-3.0456442770458003,-3.042552824655299,-3.039461614848478,-3.036370712237026,-3.033280206247645,-3.030190220985714,-3.02710092914507,-3.0240125716725146,-3.020925485636482,-3.0178401438190923,-3.0147572110981176,-3.0116776249271435,-3.0086027104738577,-3.005534345696605,-3.00247519849187,-2.999429067984593,-2.996401376416285,-2.9933998788081095,-2.990435687206614,-2.9875247481663663,-2.9846899700460505,-2.981964274256566,-2.9793949427016932,-2.977049744983867,-2.975025426436549,-2.973459153500011,-2.9725433039198554
-3.574576375978493,-3.573786876545388,-3.5724187945531924,-3.5706234069181155,-3.568510395310251,-3.5661599846626926,-3.563631281973493,-3.5609681029635434,-3.5582030999069203,-3.555360719040923,-3.552459339152476,-3.5495128300389496,-3.5465316956435204,-3.543523917252092,-3.540495578491574,-3.5374513306021123,-3.53439474015648,-3.53132854985635,-3.5282548747843427,-3.525175350547307,-3.5220912454364406,-3.5190035455865605,-3.5159130198130013,-3.5128202691084804,-3.5097257645286057,-3.5066298762648134,-3.5035328960114427,-3.500435054216994,-3.4973365334228275,-3.4942374786021637,-3.4911380051936494,-3.488038205358806,-3.48493815286787,-3.481837906923888,-3.478737515163012,-3.475637016014094,-3.472536440558833,-3.4694358140016823,-3.466335156834136,-3.463234485759125,-3.46013381442667,-3.457033154020709,-3.453932513728301,-3.4508319011156536,-3.4477313224301813,-3.444630782843701,-3.4415302866486956,-3.438429837417057,-3.4353294381287807,-3.4322290912765303,-3.4291287989508046,-3.426028562909443,-3.422928384634488,-3.419828265378809,-3.416728206204411,-3.4136282080139853,-3.4105282715769527,-3.407428397551003,-3.4043285864999566,-3.401228838908601,-3.398129155195045,-3.395029535721038,-3.391929980800591,-3.3888304907072055,-3.385731065679955,-3.3826317059286017,-3.3795324116379146,-3.3764331829713297,-3.373334020074051,-3.3702349230756963,-3.3671358920925476,-3.364036927229486,-3.36093802858165,-3.3578391962358713,-3.3547404302719186,-3.3516417307635775,-3.348543097779607,-3.345444531384583,-3.342346031639647,-3.3392475986031864,-3.336149232331452,-3.333050932879132,-3.3299527002998865,-3.326854534646869,-3.3237564359732206,-3.3206584043325726,-3.3175604397795464,-3.3144625423702734,-3.3113647121629373,-3.3082669492183587,-3.305169253600619,-3.3020716253777516,-3.29897406462251,-3.2958765714132237,-3.292779145834772,-3.289681787979689,-3.286584497949433,-3.2834872758558498,-3.2803901218228697,-3.2772930359884764,-3.274196018507011,-3.2710990695518762,-3.2680021890464586,-3.264905376920942,-3.2618086331116816,-3.258711957560639,-3.255615350214878,-3.2525188110261123,-3.2494223399503013,-3.2463259369472803,-3.243229601980435,-3.240133335016404,-3.2370371360248082,-3.2339410049780115,-3.230844941850898,-3.227748946620673,-3.2246530192666856,-3.2215571597702604,-3.2184613681145513,-3.215365644284401,-3.212269988266225,-3.2091744000478926,-3.2060788796186257,-3.2029834269689084,-3.1998880420903997,-3.196792724975858,-3.1936974756190684,-3.1906022940147856,-3.1875071801586756,-3.184412134047264,-3.181317155677898,-3.1782222450487074,-3.175127402158578,-3.1720326270071286,-3.168937919594699,-3.1658432799223455,-3.162748707991852,-3.159654203805749,-3.1565597673673507,-3.1534653986808165,-3.1503710977512314,-3.1472768645847173,-3.1441826991885944,-3.141088601571582,-3.137994571744072,-3.134900609718487,-3.1318067155097524,-3.12871288913591,-3.1256191306189214,-3.122525439985725,-3.1194318172696183,-3.1163382625120724,-3.1132447757651267,-3.1101513570945327,-3.1070580065839226,-3.1039647243403183,-3.10087151050145,-3.097778365245489,-3.094685288804032,-3.0915922814794627,-3.0884993436682238,-3.085406475892086,-3.082313678840281,-3.079220953426402,-3.0761283008654536,-3.0730357227784477,-3.069943221334753,-3.0668507994463297,-3.0637584610334243,-3.060666211388954,-3.0575740576795076,-3.054482009635944,-3.0513900805077587,-3.048298288385349,-3.045206658036627,-3.0421152234645774,-3.0390240314777848,-3.0359331466877744,-3.032842658521005,-3.0297526910824932,-3.0266634170655435,-3.0235750774161674,-3.0204880092016344,-3.0174026852023417,-3.014319770293516,-3.0112402019249807,-3.008165305258858,-3.005096958245256,-3.00203782876846,-2.998991715935334,-2.9959640419605815,-2.992962561825615,-2.989998387518022,-2.987087465504977,-2.984252704015792,-2.981527024270351,-2.978957707891621,-2.976612524072071,-2.9745882175530363,-2.9730219539333915,-2.97210610979193
-3.5741307408643785,-3.573341245498121,-3.571973170623684,-3.570177792424178,-3.568064792030075,-3.5657143939710347,-3.563185704939795,-3.5605225404239644,-3.5577575525180185,-3.5549151873201406,-3.5520138235089607,-3.549067330797201,-3.5460862130616415,-3.5430784515359437,-3.5400501298058025,-3.537005899078768,-3.5339493259017756,-3.530883152955971,-3.527809495307631,-3.524729988550568,-3.5216459009655567,-3.5185582186790634,-3.515467710499726,-3.512374977414871,-3.509280490475764,-3.506184619870336,-3.503087657290091,-3.4999898331812274,-3.496891330083237,-3.4937922929678193,-3.490692837272379,-3.4875930551574257,-3.4844930203923625,-3.4813927921795558,-3.4782924181545964,-3.475191936745872,-3.4720913790347003,-3.4689907702252154,-3.465890130808652,-3.4627894774877195,-3.4596888239122583,-3.4565881812660537,-3.453487558736036,-3.450386963888308,-3.4472864029701924,-3.4441858811534325,-3.4410854027304456,-3.437984971273071,-3.4348845897612557,-3.4317842606876274,-3.4286839861426515,-3.425583767884139,-3.4224836073941085,-3.4193835059254067,-3.4162834645400233,-3.413183484140634,-3.4100835654966457,-3.4069837092657376,-3.4038839160117194,-3.40078418621937,-3.397684520306793,-3.3945849186357306,-3.3914853815201855,-3.3883859092336577,-3.3852865020152154,-3.382187160074617,-3.3790878835966294,-3.3759886727446835,-3.372889527663983,-3.369790448484142,-3.3666914353214423,-3.3635924882807617,-3.3604936074572396,-3.357394792937706,-3.354296044801927,-3.351197363123687,-3.348098747971748,-3.345000199410684,-3.341901717501636,-3.3388033023029906,-3.335704953870999,-3.3326066722603485,-3.3295084575247005,-3.3264103097172066,-3.3233122288910106,-3.3202142150997425,-3.3171162683980255,-3.314018388841991,-3.3109205764898255,-3.3078228314023463,-3.3047251536436377,-3.301627543281734,-3.2985300003893903,-3.295432525044938,-3.2923351173332573,-3.289237777346885,-3.286140505187282,-3.2830433009662974,-3.279946164807863,-3.2768490968499653,-3.273752097246952,-3.270655166172227,-3.267558303549176,-3.264461509307981,-3.261364783384993,-3.2582681257221724,-3.25517153626658,-3.2520750149699293,-3.248978561788176,-3.2458821766811554,-3.242785859612252,-3.239689610548102,-3.2365934294583263,-3.233497316315287,-3.230401271093867,-3.2273052937712716,-3.2242093843268482,-3.221113542741921,-3.2180177689996428,-3.214922063084858,-3.211826424983978,-3.2087308546848736,-3.2056353521767655,-3.202539917450137,-3.1994445504966462,-3.1963492513090523,-3.1932540198811408,-3.190158856207664,-3.187063760284289,-3.1839687321075414,-3.180873771674767,-3.1777788789840957,-3.1746840540344134,-3.171589296825338,-3.1684946073572093,-3.165399985631084,-3.1623054316487464,-3.159210945412726,-3.1561165269263376,-3.1530221761937405,-3.1499278932200183,-3.146833678011294,-3.143739530574887,-3.140645450919517,-3.1375514390555757,-3.134457494995486,-3.1313636187541736,-3.1282698103496784,-3.1251760698039637,-3.1220823971439673,-3.1189887924029858,-3.1158952556224926,-3.112801786854525,-3.1097083861648365,-3.106615053637059,-3.1035217893782154,-3.1004285935260345,-3.0973354662586874,-3.0942424078077706,-3.0911494184756694,-3.0880564986588257,-3.0849636488790106,-3.081870869825458,-3.0787781624117603,-3.075685527852921,-3.0725929677699506,-3.0695004843322162,-3.0664080804516756,-3.0633157600485723,-3.060223528415817,-3.057131392719991,-3.0540393626919355,-3.0509474515811252,-3.0478556774779246,-3.044764065150197,-3.0416726486008505,-3.038581474638358,-3.0354906078740775,-3.03240013773422,-3.029310188323437,-3.026220932334494,-3.0231326107126035,-3.020045560523857,-3.0169602545469107,-3.0138773576544162,-3.0107978072923918,-3.00772292861733,-3.0046545995710066,-3.001595488025368,-2.9985493930689917,-2.9955217368894727,-2.9925202744280126,-2.989556117612565,-2.986645212821905,-2.9838104681544926,-2.981084804637006,-2.9785155036083824,-2.976170333846422,-2.9741460394935486,-2.9725797852975946,-2.9716639466571686
-3.573680383912611,-3.5728908926566603,-3.5715228249760385,-3.5697274563129273,-3.567614467252411,-3.565264081916401,-3.562735406689058,-3.5600722568222154,-3.5573072842288274,-3.5544649348664747,-3.5515635873043347,-3.5486171111695795,-3.545636010271881,-3.5426282657921027,-3.5395999612742846,-3.536555747893035,-3.533499192169174,-3.530433036763099,-3.52735939672457,-3.524279907634223,-3.521195837762298,-3.518108173226825,-3.51501768282967,-3.511924967552715,-3.5088304984428365,-3.5057346456844223,-3.502637700966108,-3.4995398947317673,-3.496441409519006,-3.493342390297984,-3.490242952504853,-3.4871431882990973,-3.48404317144928,-3.4809429611570777,-3.4778426050575133,-3.474742141578508,-3.471641601800994,-3.4685410109287838,-3.4654403894528447,-3.462339754075668,-3.459239118446909,-3.4561384937501987,-3.4530378891723412,-3.449937312279328,-3.446836769318394,-3.4437362654612036,-3.4406358050001113,-3.4375353915068994,-3.4344350279614724,-3.431334716856417,-3.4282344602821637,-3.4251342599964953,-3.4220341174814064,-3.418934033989724,-3.415834010583418,-3.412734048165151,-3.4096341475043137,-3.4065343092585767,-3.4034345339917382,-3.4003348221885688,-3.3972351742671654,-3.394135590589262,-3.391036071468858,-3.3879366171794487,-3.3848372279600967,-3.3817379040205564,-3.378638645545592,-3.3755394526986335,-3.3724403256248796,-3.3693412644539436,-3.3662422693021052,-3.3631433402742408,-3.3600444774654874,-3.3569456809626743,-3.3538469508455666,-3.3507482871879506,-3.3476496900585846,-3.3445511595220423,-3.3414526956394663,-3.3383542984692425,-3.3352559680676195,-3.3321577044892856,-3.3290595077879037,-3.325961378016626,-3.322863315228595,-3.3197653194774417,-3.316667390817789,-3.31356952930577,-3.3104717349995703,-3.3073740079600102,-3.304276348251174,-3.3011787559410974,-3.2980812311025374,-3.2949837738138266,-3.2918863841598474,-3.288789062233138,-3.285691808135161,-3.2825946219777684,-3.2794975038848952,-3.276400453994532,-3.273303472461029,-3.270206559457796,-3.267109714908214,-3.264012938742463,-3.2609162308968926,-3.257819591313461,-3.254723019939227,-3.251626516725902,-3.2485300816294402,-3.245433714609675,-3.2423374156299887,-3.2392411846570175,-3.23614502166038,-3.2330489266124385,-3.2299528994880737,-3.2268569402644918,-3.2237610489210384,-3.220665225439036,-3.2175694698016364,-3.2144737819936835,-3.21137816200159,-3.208282609813225,-3.2051871254178095,-3.2020917088058267,-3.1989963599689353,-3.19590107889989,-3.1928058655924776,-3.189710720041452,-3.186615642242477,-3.1835206321920793,-3.1804256898876044,-3.1773308153271818,-3.174236008509697,-3.1711412694347683,-3.1680465981027344,-3.1649519945146527,-3.161857458672306,-3.158762990578225,-3.1556685902357247,-3.1525742576489626,-3.1494799928230237,-3.146385795764032,-3.143291666479305,-3.1401976049775624,-3.1371036112691963,-3.134009685366631,-3.1309158272847886,-3.127822037041712,-3.1247283146593645,-3.121634660164682,-3.1185410735909627,-3.11544755497968,-3.1123541043828715,-3.10926072186629,-3.1061674075135683,-3.103074161431727,-3.099980983758497,-3.096887874672049,-3.0937948344039814,-3.0907018632566774,-3.08760896162658,-3.0845161300354613,-3.081423369172553,-3.078330679951449,-3.0752380635871526,-3.072145521700674,-3.069053056461379,-3.0659606707812213,-3.062868368580442,-3.0597761551519445,-3.056684037662301,-3.053592025842339,-3.050500132941512,-3.0474083770501483,-3.04431678293606,-3.0412253846020807,-3.0381342288565696,-3.035043380310716,-3.0319529283904827,-3.0288629972001515,-3.0257737594319423,-3.0226854560302616,-3.0195984240600096,-3.0165131362980793,-3.013430257614522,-3.0103507254515094,-3.0072758649598446,-3.0042075540728823,-3.001148460650097,-2.998102383761585,-2.995074745567542,-2.9920733009685296,-2.9891091618322276,-2.9861982744480704,-2.9833635467822646,-2.980637899666219,-2.978068614151802,-2.975723458597714,-2.9736991765410634,-2.9721329318695426,-2.9712170987889612
-3.5732256126757913,-3.572436125570796,-3.571068065155135,-3.5692727061227316,-3.5671597285078867,-3.5648093560207323,-3.562280694733797,-3.5596175596608073,-3.5568526025314005,-3.554010269161165,-3.551108938008744,-3.5481624786149104,-3.545181394721567,-3.5421736674562565,-3.5391453803209543,-3.5361011844569967,-3.5330446463588334,-3.529978508665912,-3.526904886411308,-3.5238254151623507,-3.520741363178645,-3.5176537165697015,-3.514563244130546,-3.5114705468375598,-3.508376095733189,-3.505280260998244,-3.5021833343184636,-3.499085546135377,-3.4959870789846788,-3.4928880778349787,-3.4897886581211623,-3.4866889120016773,-3.4835889132442395,-3.4804887210498276,-3.4773883830528933,-3.474287937680886,-3.471187416014345,-3.468086843256762,-3.4649862398988356,-3.461885622642834,-3.458785005138226,-3.455684398568489,-3.452583812120295,-3.4494832533595288,-3.446382728533331,-3.4432822428132894,-3.4401818004916938,-3.437081405140273,-3.433981059738883,-3.4308807667800703,-3.4277805283542326,-3.4246803462191244,-3.4215802218567153,-3.418480156519812,-3.4153801512703654,-3.4122802070110216,-3.4091803245111594,-3.406080504428436,-3.4029807473266427,-3.3998810536905397,-3.3967814239382164,-3.3936818584314006,-3.390582357484087,-3.3874829213697635,-3.3843835503274904,-3.381284244567019,-3.3781850042731083,-3.3750858296091852,-3.371986720720447,-3.3688876777365047,-3.365788700773636,-3.3626897899367165,-3.3595909453208814,-3.35649216701296,-3.353393455092717,-3.350294809633935,-3.3471962307053733,-3.344097718371605,-3.3409992726937716,-3.337900893730258,-3.3348025815373155,-3.331704336169631,-3.3286061576808668,-3.3255080461241753,-3.322410001552701,-3.3193120240200753,-3.316214113580921,-3.313116270291371,-3.3100184942096114,-3.3069207853964646,-3.303823143916016,-3.3007255698363016,-3.297628063230079,-3.294530624175683,-3.2914332527579986,-3.288335949069566,-3.285238713211851,-3.282141545296707,-3.2790444454480725,-3.27594741380394,-3.2728504505186633,-3.269753555765658,-3.266656729468303,-3.263559971556774,-3.2604632819674197,-3.257366660642195,-3.2542701075281575,-3.2511736225770167,-3.248077205744725,-3.2449808569911154,-3.241884576279567,-3.238788363576715,-3.2356922188521784,-3.2325961420783167,-3.2295001332300104,-3.2264041922844635,-3.2233083192210215,-3.220212514021007,-3.2171167766675697,-3.2140211071455544,-3.2109255054413723,-3.2078299715428913,-3.2047345054393315,-3.201639107121177,-3.1985437765800846,-3.1954485138088105,-3.1923533188011413,-3.1892581915518283,-3.1861631320565373,-3.1830681403117924,-3.1799732163149406,-3.1768783600641117,-3.1737835715581895,-3.170688850796793,-3.16759419778026,-3.164499612509648,-3.16140509498674,-3.1583106452140663,-3.155216263194941,-3.1521219489335244,-3.149027702434897,-3.145933523705185,-3.1428394127517056,-3.1397453695831783,-3.1366513942099945,-3.1335574866445794,-3.130463646901857,-3.127369874999869,-3.1242761709605764,-3.1211825348109175,-3.1180889665841898,-3.114995466321865,-3.111902034075982,-3.108808669912295,-3.1057153739144354,-3.1026221461894266,-3.0995289868749962,-3.0964358961493166,-3.093342874243986,-3.0902499214613894,-3.0871570381979687,-3.0840642249754957,-3.0809714824832026,-3.077878811634683,-3.0747862136449404,-3.071693690134984,-3.068601243274178,-3.065508875974474,-3.0624165921561093,-3.059324397111983,-3.0562322980086556,-3.0531403045769396,-3.0500484300662665,-3.0469566925669294,-3.0438651168466904,-3.040773736908306,-3.0376825995600214,-3.034591769412854,-3.0315013358925165,-3.028411423102918,-3.0253222037357266,-3.0222339187345337,-3.0191469051630357,-3.0160616357963494,-3.0129787755018977,-3.009899261717968,-3.0068244195896163,-3.0037561270416937,-3.0006970519210796,-2.997650993279208,-2.9946233732486,-2.991621946688776,-2.9886578254065483,-2.9857469556011234,-2.982912245105146,-2.9801866145528235,-2.977617344706114,-2.9752722035004733,-2.9732479338617064,-2.971681698808857,-2.9707658713431306
-3.572766756010997,-3.5719772730946064,-3.5706092200098,-3.5688138706954504,-3.5667009046300793,-3.564350545108305,-3.561821897888198,-3.559158777743218,-3.5563938362180245,-3.553551518984923,-3.5506502043910224,-3.547703761889913,-3.5447226951551136,-3.5417149852603647,-3.538686715665191,-3.535642537477361,-3.5325860171647108,-3.5295198973455446,-3.52644629303611,-3.5233668397903104,-3.520282805857014,-3.5171951773371344,-3.514104723018797,-3.5110120438728356,-3.5079176109372243,-3.5048217943891613,-3.5017248859114654,-3.4986271159432962,-3.4955286670184256,-3.4924296841038966,-3.489330282633316,-3.4862305547640866,-3.4831305742630705,-3.480030400330543,-3.476930080600377,-3.4738296534995436,-3.4707291501081907,-3.4676285956294834,-3.464528010553849,-3.4614274115833306,-3.458326812367209,-3.4552262240888054,-3.4521256559346614,-3.4490251154705507,-3.445924608943524,-3.44282414152509,-3.439723717507473,-3.4366233404623454,-3.4335230133695154,-3.4304227387214903,-3.427322518608634,-3.4242223547886708,-3.421122248743546,-3.418022201726046,-3.4149222147981035,-3.4118222888623477,-3.4087224246881447,-3.40562262293314,-3.4025228841611126,-3.399423208856817,-3.396323597438332,-3.393224050267381,-3.390124567657952,-3.3870251498835287,-3.3839257971831675,-3.380826509766616,-3.3777272878186304,-3.3746281315026354,-3.3715290409638246,-3.368430016331807,-3.3653310577228583,-3.3622321652418528,-3.3591333389839244,-3.3560345790359,-3.352935885477544,-3.3498372583826392,-3.3467386978199443,-3.343640203854031,-3.3405417765460412,-3.337443415954359,-3.3343451221352347,-3.331246895143356,-3.3281487350323857,-3.325050641855476,-3.32195261566577,-3.3188546565169013,-3.3157567644634933,-3.312658939561679,-3.309561181869647,-3.3064634914482194,-3.3033658683614813,-3.300268312677472,-3.2971708244689495,-3.294073403814251,-3.2909760507982613,-3.287878765513524,-3.284781548061507,-3.2816843985540674,-3.278587317115145,-3.2754903038827377,-3.2723933590112027,-3.269296482673959,-3.266199674794382,-3.2631029353026473,-3.2600062641350993,-3.2569096612336903,-3.2538131265454777,-3.2507166600221677,-3.2476202616197116,-3.24452393129794,-3.2414276690202337,-3.2383314747532244,-3.2352353484665293,-3.232139290132507,-3.2290432997260377,-3.225947377224324,-3.22285152260671,-3.219755735854518,-3.216660016950898,-3.213564365880693,-3.2104687826303135,-3.2073732671876276,-3.204277819541855,-3.201182439683478,-3.198087127604153,-3.1949918832966375,-3.191896706754716,-3.18880159797314,-3.1857065569475753,-3.182611583674546,-3.1795166781513986,-3.176421840376262,-3.1733270703480194,-3.1702323680662907,-3.1671377335314124,-3.164043166744444,-3.1609486677071663,-3.1578542364221107,-3.154759872892592,-3.1516655771227673,-3.1485713491177205,-3.1454771888835746,-3.142383096427648,-3.1392890717586597,-3.136195114887003,-3.1331012258251003,-3.1300074045878765,-3.1269136511933726,-3.123819965663552,-3.1207263480253506,-3.117632798312067,-3.1145393165651747,-3.1114459028367105,-3.108352557192429,-3.105259279715962,-3.1021660705143326,-3.099072929725271,-3.0959798575269475,-3.0928868541509615,-3.089793919899698,-3.086701055169597,-3.083608260482431,-3.0805155365274337,-3.077422884218198,-3.074330304769726,-3.0712377998030282,-3.0681453714874665,-3.06505302273499,-3.061960757465833,-3.0588685809728875,-3.055776500422704,-3.0526845255460806,-3.0495926695924256,-3.046500950651999,-3.0434093934925093,-3.0403180321166365,-3.0372269133325096,-3.034136101750977,-3.0310456867974946,-3.0279557925755958,-3.0248665917763926,-3.021778325342656,-3.0186913303368663,-3.0156060795323456,-3.012523237793866,-3.0094437425557943,-3.0063689189573886,-3.0033006449149173,-3.0002415882625524,-2.997195548032893,-2.994167946330538,-2.991166537973594,-2.988202434707449,-2.9852915826402664,-2.9824568894699177,-2.979731275631618,-2.9771620215947876,-2.9748168948677933,-2.9727926377595892,-2.971226412412688,-2.970310590612764
-3.5723041642735813,-3.5715146855802424,-3.5701466398865738,-3.5683513003701957,-3.566238345949277,-3.563887999499503,-3.5613593664619,-3.558696261367684,-3.555931335575013,-3.553089034611733,-3.5501877367125,-3.547241311243008,-3.5442602618078287,-3.5412525694264545,-3.5382243175156174,-3.535180157149237,-3.5321236547683212,-3.5290575529698587,-3.525983966753128,-3.522904531658492,-3.5198205159240015,-3.5167329056418986,-3.5136424695933544,-3.5105498087436064,-3.5074553941261204,-3.504359595914454,-3.5012627057884815,-3.4981649541849755,-3.495066523635768,-3.491967559106322,-3.4888681760289577,-3.4857684665600233,-3.4826685044655163,-3.4795683489450058,-3.4764680476317813,-3.4733676389523342,-3.4702671539864136,-3.4671666179368565,-3.4640660512938175,-3.4609654707591133,-3.4578648899818365,-3.454764320145149,-3.451663770435462,-3.448563248418438,-3.4454627603410315,-3.4423623113746755,-3.4392619058115272,-3.4361615472232026,-3.4330612385894623,-3.4299609824027733,-3.4268607807534663,-3.4237606353992365,-3.4206605478220014,-3.4175605192745273,-3.414460550818728,-3.411360643357218,-3.4082607976593504,-3.405161014382758,-3.402061294091211,-3.3989616372694536,-3.395862044335558,-3.392762515651242,-3.3896630515304866,-3.3865636522467693,-3.3834643180391426,-3.38036504911735,-3.377265845666144,-3.3741667078489472,-3.3710676358109515,-3.367968629681763,-3.364869689577656,-3.3617708156035038,-3.358672007854438,-3.355573266417285,-3.3524745913718084,-3.3493759827917895,-3.346277440745987,-3.3431789652989714,-3.3400805565118845,-3.33698221444311,-3.3338839391488992,-3.330785730683939,-3.327687589101891,-3.3245895144559086,-3.3214915067991364,-3.3183935661852058,-3.3152956926687427,-3.3121978863058796,-3.309100147154807,-3.3060024752763466,-3.3029048707345865,-3.299807333597567,-3.2967098639380477,-3.293612461834366,-3.290515127371409,-3.2874178606417224,-3.284320661746776,-3.2812235307984303,-3.278126467920628,-3.2750294732513696,-3.271932546945017,-3.2688356891749946,-3.2657388998646737,-3.2626421789442275,-3.259545526349999,-3.2564489420239378,-3.253352425913098,-3.250255977969185,-3.2471595981481474,-3.244063286409815,-3.2409670427175676,-3.2378708670380343,-3.2347747593408323,-3.2316787195983183,-3.2285827477853712,-3.225486843879193,-3.222391007859127,-3.2192952397064953,-3.216199539404448,-3.2131039069378247,-3.2100083422930377,-3.2069128454579534,-3.203817416421792,-3.200722055175035,-3.1976267617093392,-3.1945315360174593,-3.1914363780931803,-3.1883412879312543,-3.185246265527344,-3.1821513108779755,-3.1790564239804944,-3.1759616048330286,-3.172866853434464,-3.1697721697844177,-3.1666775538832277,-3.163583005731951,-3.1604885253323713,-3.1573941126870166,-3.1542997677992033,-3.1512054906730884,-3.1481112813137564,-3.14501713972733,-3.1419230659211252,-3.138829059903863,-3.135735121685936,-3.1326412512797672,-3.1295474487002815,-3.1264537139655197,-3.1233600470974454,-3.120266448122995,-3.1171729170754663,-3.114079453996332,-3.110986058937629,-3.107892731965112,-3.1047994731624144,-3.1017062826365587,-3.0986131605252747,-3.0955201070067346,-3.092427122312537,-3.0893342067450655,-3.0862413607007637,-3.0831485847014033,-3.0800558794362183,-3.0769632458187988,-3.073870685064149,-3.0707781987932763,-3.0676857891755427,-3.0645934591228974,-3.0615012125555676,-3.05840905476644,-3.0553169929220547,-3.052225036753196,-3.0491331995092463,-3.046041499280434,-3.042949960834414,-3.0398586181737874,-3.036767518106567,-3.033676725243428,-3.0305863290095716,-3.027496453508152,-3.02440727142972,-3.021319023716217,-3.0182320474289006,-3.0151468153392824,-3.0120639923094625,-3.0089845157698534,-3.0059097108538677,-3.0028414554691216,-2.9997824174369727,-2.9967363957710322,-2.993708812547745,-2.990707422543463,-2.987743337441647,-2.9848325032586644,-2.9819978275565067,-2.9792722305697574,-2.9767029924728914,-2.974357880343676,-2.9723336358691386,-2.970767420308048,-2.969851604220546
-3.57183820944299,-3.5710487350037488,-3.569680696755557,-3.567885367109181,-3.565772424418318,-3.563422091136638,-3.5608934723857923,-3.5582303824529724,-3.555465472508467,-3.552623187934598,-3.549721906852743,-3.5467754985400504,-3.543794466531639,-3.5407867917923586,-3.5377585576958284,-3.5347144152818752,-3.5316579309644793,-3.5285918473191598,-3.5255182793280992,-3.5224388625180243,-3.519354865116083,-3.5162672732057882,-3.5131768555613,-3.510084213142223,-3.506989816977482,-3.503894037236968,-3.500797165597587,-3.497699432493706,-3.4946010204552045,-3.491502074445953,-3.4884027098969743,-3.485303018963557,-3.482203075410829,-3.4791029384376455,-3.47600265567671,-3.47290226555403,-3.4698017991489536,-3.4667012816639873,-3.463600733589012,-3.4605001716256147,-3.457399609422698,-3.454299058163264,-3.45119852703359,-3.448098023599226,-3.4449975541070357,-3.4418971237283715,-3.438796736755324,-3.4356963967594525,-3.4325961067204713,-3.429495869130806,-3.426395686080753,-3.423295559327976,-3.420195490354369,-3.417095480412676,-3.413995530564792,-3.4108956417133167,-3.4077958146275886,-3.4046960499652283,-3.4015963482899956,-3.3984967100866266,-3.3953971357731856,-3.3922976257113833,-3.3891981802151943,-3.386098799558094,-3.3829994839791286,-3.3799002336880393,-3.376801048869575,-3.373701929687154,-3.3706028762859677,-3.36750388879562,-3.364404967332382,-3.3613061120011247,-3.3582073228969795,-3.3551086001067723,-3.3520099437102635,-3.348911353781235,-3.345812830388444,-3.342714373596462,-3.339615983466429,-3.336517660056729,-3.3334194034236138,-3.3303212136217697,-3.3272230907048583,-3.3241250347260336,-3.32102704573844,-3.3179291237957105,-3.31483126895247,-3.311733481264853,-3.3086357607910495,-3.3055381075918824,-3.302440521731441,-3.299343003277766,-3.2962455523036187,-3.2931481688873396,-3.2900508531138177,-3.2869536050755994,-3.2838564248741573,-3.280759312621354,-3.277662268441136,-3.274565292471508,-3.2714683848668344,-3.2683715458005445,-3.265274775196007,-3.2621780729833927,-3.2590814390990412,-3.255984873484901,-3.252888376088024,-3.249791946860112,-3.2466955857571147,-3.2435992927388595,-3.240503067768724,-3.2374069108133368,-3.2343108218423127,-3.231214800828008,-3.228118847745301,-3.225022962571393,-3.221927145285627,-3.2188313958693224,-3.2157357143056293,-3.212640100579387,-3.2095445546770063,-3.206449076586352,-3.203353666296646,-3.2002583237983675,-3.197163049083173,-3.194067842143817,-3.1909727029740838,-3.187877631568726,-3.184782627923408,-3.181687692034655,-3.1785928238998102,-3.175498023517002,-3.1724032908851147,-3.1693086260037666,-3.1662140288732967,-3.163119499494761,-3.160025037869941,-3.156930644001367,-3.1538363178923534,-3.1507420595470577,-3.147647868970563,-3.1445537461689943,-3.1414596911496684,-3.1383657039213047,-3.135271784494296,-3.132177932881065,-3.1290841490965366,-3.1259904331587514,-3.122896785089673,-3.119803204916238,-3.1167096926717437,-3.1136162483976633,-3.1105228721460367,-3.1074295639826164,-3.104336323991035,-3.101243152278315,-3.098150048982187,-3.095057014280823,-3.091964048405821,-3.0888711516595673,-3.0857783244385035,-3.082685567264402,-3.0795928808264956,-3.0765002660383773,-3.0734077241150484,-3.0703152566775174,-3.0672228658951446,-3.064130554679877,-3.0610383269519374,-3.057946188004206,-3.054854145003213,-3.051762207679727,-3.0486703892831093,-3.045578707903551,-3.042487188308655,-3.039395864500944,-3.036304783288313,-3.033214009281265,-3.03012363190474,-3.0270337752615117,-3.023944612041566,-3.0208563831860094,-3.0177694257548646,-3.014684212517822,-3.011601408334286,-3.008521950630691,-3.0054471645345586,-3.00237892794479,-2.999319908669835,-2.9962739057041756,-2.9932463410958965,-2.9902449695792854,-2.9872809027754217,-2.9843700866082017,-2.9815354285027347,-2.9788098484915,-2.976240626451856,-2.9738955290278026,-2.9718712972798658,-2.970305091576572,-2.969389281243513
-3.5713692851755776,-3.5705798150178825,-3.5692117842632087,-3.567416464550515,-3.5653035336653867,-3.5629532136367557,-3.560424609264838,-3.5577615345912252,-3.5549966405971207,-3.5521543725183866,-3.5492531083623895,-3.5463067173171634,-3.543325702847925,-3.540318045864527,-3.537289829697203,-3.534245705351465,-3.531189239214092,-3.5281231738389915,-3.525049624191145,-3.5219702257835532,-3.5188862468323925,-3.5157986734123883,-3.512708274290649,-3.5096156504211073,-3.5065212728281168,-3.5034255116778796,-3.500328658644315,-3.4972309441593694,-3.494132550750954,-3.4910336233813415,-3.4879342774802473,-3.484834605201891,-3.4817346803105282,-3.4786345620042947,-3.4755342979153023,-3.4724339264690727,-3.4693334787445504,-3.4662329799439098,-3.4631324505567527,-3.4600319072844385,-3.456931363775678,-3.453830831213314,-3.4507303187834895,-3.447629834051642,-3.44452938326454,-3.4414289715934565,-3.4383286033304152,-3.435228282046918,-3.432128010722631,-3.4290277918499386,-3.425927627519103,-3.4228275194877598,-3.4197274692377784,-3.4166274780218777,-3.413527546901937,-3.4104276767805364,-3.4073278684270023,-3.4042281224989446,-3.401128439560112,-3.3980288200952318,-3.3949292645223608,-3.3918297732032014,-3.3887303464517253,-3.3856309845414,-3.382531687711269,-3.3794324561710685,-3.3763332901055447,-3.3732341896781133,-3.3701351550339615,-3.367036186302692,-3.363937283600576,-3.360838447032481,-3.3577396766935377,-3.35464097267057,-3.351542335043338,-3.348443763885623,-3.3453452592661814,-3.3422468212495846,-3.3391484498969715,-3.336050145266727,-3.3329519074151,-3.3298537363967795,-3.3267556322654266,-3.3236575950741956,-3.320559624876231,-3.3174617217251665,-3.314363885675627,-3.311266116783748,-3.3081684151077195,-3.305070780708366,-3.3019732136497773,-3.298875713999996,-3.295778281831784,-3.292680917223483,-3.2895836202599855,-3.286486391033839,-3.2833892296465197,-3.280292136209892,-3.2771951108479063,-3.27409815369857,-3.2710012649162516,-3.267904444674384,-3.2648076928963348,-3.2617110095122697,-3.258614394458527,-3.2555178476770528,-3.2524213691148978,-3.2493249587237627,-3.246228616459595,-3.243132342282219,-3.240036136155011,-3.2369399980446008,-3.2338439279205997,-3.230747925755363,-3.2276519915237682,-3.2245561252030157,-3.2214603267724473,-3.2183645962133824,-3.2152689335089697,-3.2121733386440483,-3.209077811605028,-3.2059823523797735,-3.2028869609575055,-3.199791637328703,-3.196696381485022,-3.1936011934192177,-3.1905060731250745,-3.1874110205973425,-3.1843160358316855,-3.1812211188246273,-3.1781262695735126,-3.1750314880764696,-3.1719367743323836,-3.168842128340873,-3.1657475501022754,-3.162653039617645,-3.1595585968887643,-3.1564642219181636,-3.1533699147091574,-3.1502756752659034,-3.147181503593485,-3.144087399698026,-3.1409933635868432,-3.1378993952686565,-3.134805494753857,-3.1317116620548693,-3.1286178971866176,-3.1255242001671433,-3.122430571018409,-3.1193370097673516,-3.11624351644727,-3.1131500910996355,-3.1100567337764873,-3.1069634445435788,-3.103870223484543,-3.1007770707064024,-3.0976839863468877,-3.094590970584172,-3.0914980236498524,-3.0884051458463158,-3.085312337570004,-3.08221959934269,-3.079126931853607,-3.076034336016349,-3.072941813045916,-3.069849364563314,-3.066756992737903,-3.063664700481626,-3.060572491714703,-3.057480371730007,-3.0543883476940605,-3.0512964293376164,-3.048204629910012,-3.0451129675014013,-3.042021466879336,-3.03893016204626,-3.035839099809951,-3.0327483447807335,-3.02965798638329,-3.0265681487200093,-3.0234790044803086,-3.0203907946044537,-3.017303856151227,-3.0142186618884823,-3.011135876672916,-3.0080564379269528,-3.0049816707721884,-3.0019134530987515,-2.9988544527020995,-2.9958084685574624,-2.9927809226843816,-2.989779569774811,-2.9868155213870415,-2.9839047233519045,-2.981070082956743,-2.978344520030625,-2.975775314151875,-2.973430231527924,-2.971406012588754,-2.9698398168069002,-2.968924012265436
-3.570897806779438,-3.570108340926939,-3.5687403177071735,-3.5669450079830303,-3.564832088968843,-3.562481782266459,-3.5599531923528813,-3.5572901330227453,-3.554525255067127,-3.551683003574617,-3.548781756437943,-3.5458353827555307,-3.5428543859223116,-3.5398467467928363,-3.5368185486537125,-3.533774442475948,-3.5307179946189726,-3.5276519476149644,-3.524578416411604,-3.5214990365080947,-3.51841507610958,-3.515327521281951,-3.512237140785224,-3.5091445355676276,-3.506050176648918,-3.502954434191588,-3.4998575998665573,-3.496759904103337,-3.4936615294278615,-3.490562620800793,-3.4874632936505328,-3.4843636401302294,-3.481263734003256,-3.4781636344670295,-3.4750633891530667,-3.471963036486397,-3.4688626075455655,-3.4657621275324075,-3.46266161693625,-3.4595610924582187,-3.4564605677468316,-3.4533600539847713,-3.450259560358044,-3.447159094431977,-3.4440586624532425,-3.4409582695930343,-3.4378579201433075,-3.4347576176755084,-3.431657365169253,-3.4285571651168865,-3.425457019608634,-3.4223569304021013,-3.419256898979132,-3.4161569265924245,-3.413057014303838,-3.409957163015938,-3.4068573734980365,-3.403757646407731,-3.400657982308761,-3.397558381685844,-3.3944588449570294,-3.391359372484014,-3.3882599645807616,-3.385160621520737,-3.3820613435429783,-3.3789621308572166,-3.375862983648196,-3.3727639020793294,-3.369664886295802,-3.366565936427213,-3.363467052589831,-3.360368234888524,-3.35726948341842,-3.3541707982663413,-3.3510721795120486,-3.347973627229322,-3.3448751414869156,-3.3417767223493997,-3.3386783698779157,-3.335580084130847,-3.332481865164444,-3.3293837130333928,-3.3262856277913557,-3.323187609491488,-3.3200896581869337,-3.3169917739313264,-3.313893956779292,-3.310796206786967,-3.307698524012542,-3.3046009085168446,-3.301503360363963,-3.2984058796219426,-3.295308466363546,-3.2922111206671167,-3.2891138426175477,-3.2860166323073905,-3.2829194898381227,-3.2798224153216107,-3.2767254088818087,-3.2736284706567282,-3.270531600800742,-3.2674347994872868,-3.264338066639727,-3.261241402188227,-3.2581448060691205,-3.2550482782243533,-3.2519518186009724,-3.248855427150678,-3.245759103829415,-3.2426628485970066,-3.239566661416827,-3.2364705422555042,-3.2333744910826514,-3.2302785078706204,-3.2271825925942887,-3.224086745230855,-3.220990965759659,-3.2178952541620203,-3.2147996104210868,-3.2117040345216976,-3.2086085264502615,-3.2055130861946437,-3.2024177137440617,-3.1993224090889947,-3.1962271722210995,-3.193132003133131,-3.1900369018188712,-3.1869418682730712,-3.183846902491394,-3.1807520044703654,-3.1776571742073276,-3.1745624117004096,-3.171467716948496,-3.1683730899512037,-3.1652785307088704,-3.1621840392225518,-3.15908961549403,-3.1559952595258336,-3.1529009713212783,-3.149806750884521,-3.1467125982206445,-3.143618513335772,-3.1405244962372225,-3.1374305469337145,-3.1343366654356406,-3.1312428517554234,-3.1281491059079882,-3.1250554279113745,-3.1219618177875463,-3.118868275563442,-3.115774801272358,-3.1126813949557675,-3.109588056665709,-3.1064947864679366,-3.103401584446084,-3.1003084507071725,-3.0972153853889335,-3.0941223886695397,-3.0910294607805895,-3.0879366020244694,-3.0848438127976214,-3.0817510936218193,-3.0786584451862953,-3.075565868404641,-3.07247336449186,-3.0693809350689554,-3.0662885823052863,-3.063196309112794,-3.0601041194116947,-3.057012018494855,-3.053920013528786,-3.050828114244225,-3.047736333890487,-3.044644690557692,-3.041553209013337,-3.038461923259786,-3.035370880104697,-3.032280144158219,-3.029189804844774,-3.0260999862663627,-3.0230108611118314,-3.0199226703206015,-3.016835750950205,-3.013750575766654,-3.010667809623917,-3.0075883899403903,-3.0045136418317075,-3.001445443179177,-2.9983864617651923,-2.9953404965456247,-2.9923129695113135,-2.989311635311644,-2.9863476054417757,-2.983436825638958,-2.9806022030520047,-2.9778766573054503,-2.9753074676769313,-2.972962399934898,-2.970938193875302,-2.969372008069733,-2.9684562093518787
-3.570424211106547,-3.5696347495788987,-3.5682667339284384,-3.5664714342384443,-3.5643585271493885,-3.5620082338340815,-3.559479658444839,-3.556816614528212,-3.5540517526842774,-3.5512095178536858,-3.548308287814002,-3.5453619315736358,-3.5423809524569103,-3.5393733312628264,-3.5363451512341646,-3.533301063307272,-3.530244633814101,-3.527178605265003,-3.5241050925902826,-3.521025731275278,-3.517941789514054,-3.5148542533636236,-3.5117638915768796,-3.5086713050963216,-3.5055769649370916,-3.502481241257953,-3.4993844257268094,-3.4962867487707285,-3.4931883929136562,-3.49008950311464,-3.486990194800763,-3.483890560124093,-3.480790672847122,-3.477690592166539,-3.4745903657132646,-3.47149003191184,-3.4683896218403993,-3.465289160700443,-3.4621886689810175,-3.459088163383018,-3.455987657554769,-3.4528871626787914,-3.449786687940956,-3.4466862409064767,-3.44358582782193,-3.4404854538584284,-3.4373851233078607,-3.434284839741614,-3.4311846061392566,-3.4280844249930924,-3.4249842983933116,-3.4218842280974897,-3.4187842155874444,-3.415684262115853,-3.412584368744556,-3.4094845363761035,-3.4063847657797917,-3.403285057613207,-3.400185412440078,-3.3970858307451133,-3.3939863129463546,-3.39088685940549,-3.38778747043648,-3.3846881463127834,-3.3815888872734345,-3.3784896935281603,-3.3753905652617013,-3.372291502637468,-3.369192505800642,-3.3660935748808214,-3.3629947099942727,-3.359895911245863,-3.3567971787307176,-3.3536985125356593,-3.350599912740446,-3.347501379418859,-3.34440291263965,-3.341304512467391,-3.33820617896322,-3.335107912185521,-3.3320097121905436,-3.3289115790329755,-3.325813512766479,-3.3227155134442086,-3.3196175811193083,-3.316519715845413,-3.3134219176771493,-3.310324186670654,-3.3072265228841196,-3.3041289263783726,-3.3010313972175043,-3.29793393546956,-3.2948365412073053,-3.291739214509084,-3.2886419554597923,-3.285544764151982,-3.282447640687133,-3.279350585177116,-3.2762535977458875,-3.2731566785314623,-3.270059827688218,-3.266963045389596,-3.2638663315589573,-3.260769686126463,-3.2576731090284468,-3.2545766002068506,-3.2514801596087186,-3.24838378718575,-3.2452874828938865,-3.242191246692951,-3.2390950785463173,-3.2359989784206094,-3.2329029462854386,-3.2298069821131583,-3.226711085878644,-3.2236152575590937,-3.2205194971338464,-3.217423804584221,-3.214328179893364,-3.2112326230461132,-3.208137134028877,-3.2050417128295217,-3.2019463594372635,-3.1988510738425817,-3.195755856037131,-3.192660706013665,-3.189565623765967,-3.186470609288788,-3.18337566257779,-3.180280783629498,-3.1771859724412552,-3.1740912290111907,-3.1709965533381865,-3.1679019454218604,-3.1648074052625503,-3.161712932861313,-3.1586185282199297,-3.1555241913409295,-3.1524299222276264,-3.149335720884177,-3.1462415873156657,-3.1431475215282156,-3.140053523529144,-3.1369595933271692,-3.1338657309326843,-3.1307719363581126,-3.1276782096183777,-3.1245845507315217,-3.1214909597195066,-3.1183974366092713,-3.115303981434112,-3.1122105942355036,-3.109117275065483,-3.106024023989804,-3.1029308410921,-3.099837726479394,-3.096744680289417,-3.093651702700342,-3.090558793943768,-3.0874659543220813,-3.084373184231724,-3.08128048419447,-3.0781878548995514,-3.075095297260561,-3.0720028124925,-3.0689104022163716,-3.065818068601535,-3.0627258145599274,-3.059633644011762,-3.056541562249899,-3.053449576440839,-3.050357696315305,-3.047265935122587,-3.044174310952769,-3.0410828485732937,-3.037991581986445,-3.034900557999763,-3.03180984122322,-3.028719521080975,-3.025629721674641,-3.0225406156924888,-3.01945244407309,-3.016365543872724,-3.013280387855549,-3.010197640872795,-3.00711824033881,-3.004043511363242,-3.0009753318185357,-2.997916369473963,-2.9948704232659464,-2.991842915156492,-2.9888415997522233,-2.9858775884848763,-2.9829668269976914,-2.9801322223003215,-2.977406693811831,-2.9748375205077964,-2.9724924677156794,-2.970468274594506,-2.9689020988108066,-2.9679863059431733
-3.569948956357749,-3.5691594991704134,-3.5677914911163193,-3.565996201496345,-3.5638833063750477,-3.56153302649467,-3.559004465681674,-3.5563414372336406,-3.55357659155897,-3.5507343734498398,-3.547833160568241,-3.5448868218322453,-3.541905860495316,-3.5388982573007044,-3.5358700954472075,-3.532826025836389,-3.5297696147726265,-3.526703604744367,-3.5236301106644747,-3.5205507680043775,-3.517466844947019,-3.5143793275405035,-3.5112889845305766,-3.5081964168539885,-3.5051020955212477,-3.502006390687378,-3.498909594017256,-3.495811935935495,-3.4927135989640514,-3.4896147280603467,-3.4865154386501405,-3.4834158228844205,-3.480315954524789,-3.477215892767209,-3.474115685242001,-3.4710153703732125,-3.4679149792385715,-3.4648145370392402,-3.461714064263986,-3.4586135776134688,-3.4555130907358196,-3.452412614813395,-3.4493121590319333,-3.4462117309565325,-3.4431113368336757,-3.440010981834394,-3.4369106702505072,-3.433810405653346,-3.4307101910224285,-3.4276100288500184,-3.424509921226269,-3.4214098699087274,-3.418309876379185,-3.4152099418902977,-3.4121100675038845,-3.4090102541224807,-3.40591050251537,-3.4028108133401256,-3.399711187160465,-3.396611624461088,-3.3935121256600302,-3.390412691118973,-3.3873133211518702,-3.384214016032174,-3.381114775998915,-3.3780156012618177,-3.374916492005618,-3.371817448393723,-3.368718470571314,-3.365619558667984,-3.3625207127999994,-3.359421933072224,-3.3563232195797847,-3.3532245724095007,-3.3501259916411303,-3.347027477348451,-3.343929029600218,-3.3408306484609995,-3.3377323339919354,-3.334634086251409,-3.3315359052956697,-3.328437791179405,-3.325339743956278,-3.3222417636794415,-3.319143850402041,-3.3160460041777124,-3.312948225061083,-3.3098505131082887,-3.306752868377523,-3.3036552909296146,-3.300557780828655,-3.297460338142691,-3.2943629629444895,-3.291265655312397,-3.2881684153313095,-3.285071243093783,-3.2819741387012997,-3.278877102265733,-3.2757801339110415,-3.2726832337752425,-3.2695864020127186,-3.2664896387969162,-3.263392944051194,-3.26029631770571,-3.2571997596967943,-3.254103269966387,-3.251006848461532,-3.2479104951339246,-3.244814209939505,-3.241717992838096,-3.2386218437930676,-3.235525762771045,-3.232429749741637,-3.229333804677196,-3.226237927552596,-3.223142118345034,-3.2200463770338494,-3.216950703600358,-3.2138550980277065,-3.2107595603007324,-3.2076640904058435,-3.2045686883309044,-3.2014733540651314,-3.1983780875990035,-3.1952828889241753,-3.1921877580334015,-3.189092694920464,-3.185997699580112,-3.1829027720080076,-3.1798079122006766,-3.17671312015546,-3.173618395870487,-3.1705237393446404,-3.167429150577536,-3.164334629569513,-3.1612401763216282,-3.1581457908356607,-3.1550514731141415,-3.1519572231603847,-3.1488630409785476,-3.1457689265737123,-3.142674879952003,-3.139580901120736,-3.136486990088631,-3.1333931468660805,-3.1302993714655063,-3.127205663901834,-3.1241120241931046,-3.1210184523612803,-3.1179249484333,-3.114831512442461,-3.111738144430236,-3.108644844448663,-3.1055516125634965,-3.102458448858369,-3.099365353440305,-3.096272326447037,-3.0931793680567354,-3.0900864785009996,-3.0869936580822155,-3.0839009071968255,-3.0808082263666052,-3.077715616280787,-3.074623077852963,-3.071530612298134,-3.0684382212373045,-3.06534590683983,-3.062253672017645,-3.0591615206909584,-3.0560694581526238,-3.0529774915691337,-3.049885630671193,-3.046793888708069,-3.0437022837698096,-3.040610840623805,-3.037519593272259,-3.034428588522591,-3.0313378909845965,-3.0282475900821697,-3.025157809916534,-3.022068723175385,-3.0189805707964408,-3.015893689834723,-3.0128085530525284,-3.0097258252983403,-3.0066464439824427,-3.0035717342084753,-3.0005035738399903,-2.997444630633088,-2.994398703504675,-2.99137121438782,-2.988369917846229,-2.9854059252479908,-2.9824951821419963,-2.9796605953982422,-2.9769350842295865,-2.974365927308465,-2.9720208895197726,-2.96999670938333,-2.9684305436573677,-2.9675147566608913
-3.5694725217959875,-3.5686830689600395,-3.567315068521695,-3.565519788997435,-3.563406905874431,-3.561056639463257,-3.5585280932636936,-3.5558650803237124,-3.5531002508595453,-3.5502580495145217,-3.5473568538347613,-3.5444105326477695,-3.5414295891359706,-3.5384220039867214,-3.5353938603547257,-3.532349809106673,-3.5292934165193,-3.526227425059089,-3.5231539496214244,-3.520074625663786,-3.5169907213579674,-3.5139032227431453,-3.5108128985578966,-3.5077203497332072,-3.5046260472749426,-3.501530361334376,-3.498433583573351,-3.49533594441402,-3.49223762637634,-3.4891387744161086,-3.4860395039577554,-3.4829399071511835,-3.4798400577571087,-3.4767400149707637,-3.4736398264218704,-3.4705395305339795,-3.46743915838441,-3.464338735173986,-3.461238281391193,-3.4581378137364585,-3.4550373458577175,-3.4519368889371673,-3.448836452160407,-3.44573604309242,-3.4426356679795935,-3.4395353319928788,-3.4364350394240275,-3.4333347938443133,-3.430234598233207,-3.4271344550829284,-3.4240343664835953,-3.420934334192724,-3.4178343596920806,-3.414734444234299,-3.411634588881179,-3.408534794535241,-3.405435061965754,-3.4023353918302783,-3.399235784692522,-3.3961362410371754,-3.393036761282266,-3.3899373457894697,-3.3868379948727316,-3.3837387088055,-3.380639487826803,-3.377540332146359,-3.3744412419489023,-3.3713422173978365,-3.36824325863834,-3.3651443658000053,-3.3620455389990953,-3.3589467783404725,-3.3558480839192613,-3.3527494558222815,-3.349650894129289,-3.3465523989140618,-3.3434539702453523,-3.3403556081877306,-3.3372573128023344,-3.3341590841475472,-3.331060922279619,-3.3279628272532373,-3.324864799122065,-3.321766837939255,-3.3186689437579537,-3.315571116631797,-3.312473356615411,-3.3093756637649347,-3.3062780381385606,-3.3031804797971187,-3.3000829888047023,-3.296985565229359,-3.2938882091438573,-3.2907909206265447,-3.2876936997623205,-3.2845965466437423,-3.2814994613722943,-3.2784024440598527,-3.2753054948303797,-3.2722086138218973,-3.2691118011887905,-3.2660150571045112,-3.262918381492415,-3.259821774282657,-3.256725235411566,-3.253628764821078,-3.250532362458235,-3.247436028274731,-3.2443397622265047,-3.2412435642733746,-3.2381474343787118,-3.2350513725091394,-3.2319553786342663,-3.2288594527264416,-3.2257635947605396,-3.222667804713755,-3.219572082565428,-3.2164764282968736,-3.2133808418912366,-3.210285323333355,-3.2071898726096353,-3.2040944897079413,-3.20099917461749,-3.1979039273287584,-3.194808747833401,-3.1917136361241707,-3.1886185921948487,-3.185523616040186,-3.182428707655845,-3.179333867038349,-3.1762390941850414,-3.173144389094049,-3.1700497517642554,-3.1669551821952777,-3.1638606803874523,-3.160766246341835,-3.1576718800602084,-3.1545775815451003,-3.1514833507998246,-3.148389187828539,-3.145295092636326,-3.142201065229309,-3.139107105614805,-3.136013213801534,-3.1329193897998873,-3.129825633622288,-3.126731945283661,-3.1236383248020476,-3.120544772199411,-3.1174512875026874,-3.114357870745175,-3.111264521968348,-3.108171241224243,-3.1050780285786153,-3.1019848841150983,-3.0988918079407153,-3.0957988001931978,-3.0927058610507188,-3.089612990744877,-3.08652018957806,-3.0834274579467116,-3.080334796372604,-3.07724220554497,-3.0741496863774023,-3.0710572400849014,-3.0679648682884704,-3.0648725731574635,-3.061780357603814,-3.058688225547726,-3.0555961822820463,-3.0525042349732567,-3.0494123933520476,-3.046320670667663,-3.0432290850101147,-3.0401376611467392,-3.037046433079658,-3.033955447616172,-3.030864769365897,-3.0277744877524637,-3.0246847268767048,-3.021595659425737,-3.018507526336426,-3.01542066466253,-3.012335547164483,-3.009252838688011,-3.0061734766393267,-3.003098786116043,-3.0000306449727976,-2.9969717209524847,-2.9939258129524453,-2.990898342876737,-2.9878970652460395,-2.9849330913646295,-2.98202236668681,-2.9791877979425623,-2.976462304138012,-2.9738931636416766,-2.9715481408947566,-2.969523973776232,-2.9679578181337125,-2.9670420370233996
-3.5689954073639756,-3.5682059588859154,-3.5668379660746967,-3.5650426966612314,-3.5629298255544386,-3.56057957263258,-3.558051041068265,-3.5553880436594847,-3.5526232304300156,-3.549781045874115,-3.5468798674218602,-3.5439335638100524,-3.5409526381499705,-3.5379450710729956,-3.5349169456896727,-3.531872912831767,-3.5288165387483303,-3.5257505658838544,-3.5226771091162115,-3.5195978038889146,-3.5165139183625915,-3.5134264385674756,-3.510336133234965,-3.5072436032902754,-3.504149319734621,-3.5010536527155205,-3.4979568938917773,-3.494859273683082,-3.491760974607391,-3.4886621416188697,-3.485562890140622,-3.482463312321464,-3.479363481921221,-3.476263458134395,-3.473163288590106,-3.47006301171141,-3.4669626585752162,-3.463862254382011,-3.4607618196199974,-3.4576613709893684,-3.454560922137866,-3.4514604842475216,-3.448360066503801,-3.445259676471572,-3.442159320397126,-3.4390590034513338,-3.4359587299258783,-3.4328585033919743,-3.4297583268290435,-3.4266582027292647,-3.423558133182722,-3.4204581199469004,-3.4173581645035407,-3.4142582681052525,-3.411158431813819,-3.408058656531743,-3.4049589430282787,-3.4018592919609754,-3.398759703893531,-3.395660179310627,-3.392560718630283,-3.389461322214167,-3.38636199037622,-3.3832627233898864,-3.3801635214941856,-3.377064384898835,-3.373965313788564,-3.370866308326774,-3.367767368658639,-3.364668494913751,-3.3615696872083713,-3.358470945647362,-3.355372270325845,-3.3522736613306394,-3.3491751187414995,-3.346076642632202,-3.3429782330715,-3.3398798901239615,-3.336781613850725,-3.3336834043101735,-3.330585261558556,-3.327487185650559,-3.324389176639846,-3.3212912345795718,-3.318193359522882,-3.3150955515234126,-3.311997810635791,-3.308900136916156,-3.305802530422703,-3.3027049912162614,-3.2996075193609267,-3.2965101149247467,-3.293412777980492,-3.290315508606511,-3.2872183068877048,-3.284121172916633,-3.2810241067947836,-3.2779271086340334,-3.27483017855835,-3.271733316705758,-3.268636523230647,-3.2655397983064747,-3.2624431418565902,-3.259346553811148,-3.256250034106474,-3.253153582684502,-3.2500571994922733,-3.246960884481478,-3.2438646376080538,-3.2407684588318175,-3.23767234811614,-3.234576305427641,-3.231480330735928,-3.2283844240133504,-3.2252885852347815,-3.222192814377416,-3.219097111420591,-3.2160014763456215,-3.212905909135652,-3.209810409775519,-3.2067149782516284,-3.2036196145518434,-3.20052431866538,-3.1974290905827156,-3.194333930295504,-3.1912388377964973,-3.1881438130794786,-3.1850488561391974,-3.181953966971314,-3.178859145572352,-3.1757643919396537,-3.172669706071348,-3.169575087966316,-3.166480537624176,-3.163386055045263,-3.1602916402306342,-3.1571972931820707,-3.154103013902101,-3.1510088023940384,-3.14791465866204,-3.14482058271119,-3.1417265745476106,-3.138632634178619,-3.1355387616129358,-3.1324449568609505,-3.129351219935087,-3.1262575508502697,-3.1231639496245402,-3.1200704162798605,-3.1169769508431693,-3.1138835533477645,-3.110790223835119,-3.107696962357271,-3.1046037689799757,-3.1015106437868654,-3.0984175868849646,-3.0953245984120046,-3.0922316785461583,-3.089138827519026,-3.086046045632993,-3.0829533332845043,-3.0798606909953334,-3.076768119454712,-3.0736756195762323,-3.0705831925748956,-3.067490840071704,-3.06439856423601,-3.061306367979744,-3.0582142552231066,-3.0551222312589386,-3.052030303253711,-3.0489384809380993,-3.045846777561322,-3.0427552112133567,-3.039663806661486,-3.03657259790775,-3.033481631759329,-3.030390972825661,-3.027300710530112,-3.0242109689731227,-3.0211219208412303,-3.0180338070704447,-3.0149469647132605,-3.011861866528245,-3.008779177358365,-3.005699834605753,-3.00262516336199,-2.999557041472781,-2.996498136667799,-2.993452247824788,-2.990424796818749,-2.9874235381272722,-2.9844595829907257,-2.981548876768683,-2.9787143260509,-2.9759888496364617,-2.9734197255895123,-2.971074717906891,-2.9690505638257783,-2.9674844182818028,-2.966568643066468
-3.568518133202452,-3.5677286890840167,-3.5663607039029634,-3.564565444604318,-3.5624525855185216,-3.5601023460913463,-3.5575738291681005,-3.5549108472966964,-3.5521460503083766,-3.5493038825482657,-3.5464027213303537,-3.543456435300704,-3.5404755274994195,-3.537467978501886,-3.5344398713744702,-3.5313958569139987,-3.5283395013418297,-3.5252735470804515,-3.5222001089902224,-3.5191208225006823,-3.516036955761288,-3.5129494947933257,-3.5098592083210156,-3.5067666972637985,-3.503672432618236,-3.5005767845280897,-3.4974800446491243,-3.4943824433985657,-3.491284163292368,-3.4881853492830674,-3.4850861167924374,-3.481986557968209,-3.4788867465693154,-3.475786741789529,-3.472686591257369,-3.469586333395395,-3.4664859992801067,-3.4633856141116515,-3.46028519837795,-3.4571847687789625,-3.4540843389622355,-3.4509839201096386,-3.4478835214064993,-3.4447831504175728,-3.4416828133890536,-3.438582515491731,-3.4354822610172198,-3.432382053536678,-3.4292818960294777,-3.4261817909877568,-3.423081740501562,-3.4199817463283484,-3.416881809949831,-3.413781932618598,-3.410682115396414,-3.4075823591857644,-3.404482664755891,-3.40138303276433,-3.39828346377477,-3.395183958271882,-3.392084516673678,-3.388985139341819,-3.3858858265902407,-3.3827865786923805,-3.3796873958872564,-3.37658827838458,-3.3734892263690783,-3.370390240004149,-3.3672913194349663,-3.3641924647911177,-3.361093676188861,-3.3579949537330567,-3.3548962975188283,-3.3517977076329912,-3.3486991841552998,-3.3456007271595296,-3.3425023367144333,-3.3394040128845788,-3.3363057557311033,-3.3332075653123905,-3.330109441684689,-3.3270113849026854,-3.323913395020045,-3.3208154720899197,-3.317717616165458,-3.314619827300294,-3.3115221055490576,-3.308424450967889,-3.3053268636149817,-3.3022293435511676,-3.299131890840541,-3.296034505551152,-3.292937187755773,-3.289839937532755,-3.286742754967001,-3.283645640151071,-3.2805485931864573,-3.27745161418504,-3.274354703270787,-3.2712578605817284,-3.2681610862722588,-3.2650643805158377,-3.2619677432358145,-3.2588711743623393,-3.2557746738317346,-3.252678241585934,-3.249581877571973,-3.246485581741542,-3.2433893540505774,-3.240293194458896,-3.237197102929864,-3.2341010794301015,-3.231005123929215,-3.2279092363995536,-3.224813416815987,-3.22171766515571,-3.2186219813980577,-3.2155263655243465,-3.2124308175177183,-3.2093353373630102,-3.206239925046627,-3.203144580556431,-3.2000493038816384,-3.1969540950127264,-3.1938589539413464,-3.1907638806602523,-3.187668875163224,-3.184573937445012,-3.1814790675012765,-3.1783842653285412,-3.1752895309241493,-3.1721948642862277,-3.1691002654136584,-3.1660057343060584,-3.1629112709637632,-3.1598168753878304,-3.1567225475800393,-3.153628287542918,-3.1505340952797813,-3.1474399707947867,-3.144345914093016,-3.1412519251805917,-3.138158004064831,-3.1350641507544537,-3.131970365259852,-3.128876647593448,-3.125782997770167,-3.1226894158080505,-3.11959590172906,-3.116502455560135,-3.113409077334572,-3.110315767093844,-3.10722252488999,-3.1041293507887633,-3.1010362448738,-3.097943207252123,-3.094850238061463,-3.0917573374799945,-3.0886645057393167,-3.085571743141816,-3.0824790500839367,-3.079386427087452,-3.0762938748415958,-3.07320139425996,-3.070108986557543,-3.0670166533553487,-3.063924396822727,-3.0608322198716076,-3.057740126422185,-3.0546481217672943,-3.051556213073395,-3.0484644100711473,-3.045372726009747,-3.042281178979135,-3.03918979374654,-3.0360986043139224,-3.033007657488342,-3.0299170178790575,-3.02682677490917,-3.0237370526787295,-3.0206480238736946,-3.0175599294292184,-3.0144731063965295,-3.0113880275323277,-3.00830535767682,-3.0052260342280577,-3.0021513822715837,-2.9990832796441724,-2.996024394062266,-2.9929785243840015,-2.9899510924553163,-2.9869498527106906,-2.983985916326559,-2.981075228567729,-2.978240695883672,-2.975515236866348,-2.972946129275407,-2.970601136663149,-2.9685769956246957,-2.9670108601833274,-2.966095090865343
-3.5680412390656757,-3.567251799303662,-3.5658838217471667,-3.564088572555906,-3.5619757254822666,-3.5596254995398495,-3.5570969972469015,-3.554434030901437,-3.5516692501423077,-3.548827099165617,-3.545925955169353,-3.5429796867089056,-3.539998796753257,-3.5369912658218365,-3.533963176936867,-3.5309191808602645,-3.5278628437857096,-3.5247969081137067,-3.5217234886871096,-3.5186442209214976,-3.5155603729551665,-3.512472930800464,-3.509382663174435,-3.5062901709907517,-3.5031959252413234,-3.5001002960661594,-3.4970035751179873,-3.4939059928115714,-3.490807731660865,-3.4877089366167766,-3.4846097230997524,-3.481510183256436,-3.4784103908448722,-3.4753104050581025,-3.4722102735240443,-3.469110034664762,-3.4660097195563453,-3.462909353398604,-3.4598089566791783,-3.4567085460977935,-3.4536081353018018,-3.4505077354729092,-3.4474073557963067,-3.4443070038366383,-3.4412066858399992,-3.4381064069770986,-3.4350061715394826,-3.4319059830982526,-3.4288058446327314,-3.425705758635014,-3.422605727195114,-3.4195057520704553,-3.4164058347427266,-3.4133059764644957,-3.410206178297506,-3.4071064411442276,-3.404006765773888,-3.400907152844013,-3.3978076029182787,-3.394708116481347,-3.391608693951222,-3.3885093356895606,-3.38541004201029,-3.382310813186844,-3.379211649458235,-3.3761125510341707,-3.373013518099376,-3.3699145508172452,-3.366815649332949,-3.363716813776074,-3.360618044262877,-3.3575193408982162,-3.354420703777212,-3.3513221329866787,-3.348223628606371,-3.345125190710063,-3.342026819366506,-3.3389285146402674,-3.3358302765924854,-3.3327321052815426,-3.3296340007636878,-3.3265359630936087,-3.3234379923249677,-3.3203400885109193,-3.3172422517046103,-3.314144481959678,-3.3110467793307516,-3.3079491438739717,-3.3048515756475325,-3.3017540747122665,-3.2986566411322698,-3.2955592749755938,-3.2924619763150123,-3.289364745228878,-3.286267581802096,-3.2831704861272293,-3.2800734583057705,-3.2769764984496037,-3.2738796066827005,-3.270782783143094,-3.267686027985181,-3.2645893413824276,-3.2614927232581787,-3.258396173542583,-3.2552996921719606,-3.252203279088242,-3.2491069342384624,-3.2460106575743093,-3.242914449051717,-3.2398183086305004,-3.2367222362740256,-3.233626231948911,-3.230530295624762,-3.2274344272739244,-3.224338626871269,-3.2212428943939884,-3.2181472298214175,-3.2150516331348715,-3.2119561043174927,-3.2088606433541154,-3.205765250231145,-3.2026699249364436,-3.199574667459226,-3.196479477789968,-3.1933843559203234,-3.1902893018430425,-3.187194315551907,-3.1840993970416656,-3.18100454630798,-3.1779097633473725,-3.1748150481571855,-3.1717204007355466,-3.1686258210813363,-3.165531309194172,-3.162436865074391,-3.159342488723046,-3.1562481801419198,-3.1531539393335404,-3.1500597663012218,-3.1469656610491197,-3.143871623582317,-3.1407776539069383,-3.1376837520303,-3.134589917961119,-3.1314961517097895,-3.128402453288733,-3.1253088227128756,-3.1222152600002584,-3.1191217651728427,-3.1160283382575686,-3.112934979287731,-3.109841688304805,-3.1067484653608286,-3.1036553105215567,-3.1005622238706234,-3.097469205515052,-3.094376255592574,-3.0912833742813635,-3.088190561813021,-3.085097818489932,-3.0820051447085426,-3.078912540990626,-3.0758200080254143,-3.072727546726499,-3.0696351583088815,-3.066542844393561,-3.0634506071498886,-3.06035844948979,-3.057266375333457,-3.0541743899737175,-3.051082500577023,-3.0479907168740166,-3.0448990521138697,-3.0418075243864875,-3.0387161584590436,-3.035624988333418,-3.0325340608165505,-3.029443440517521,-3.0263532168591665,-3.0232635139411452,-3.0201745044488364,-3.01708642931654,-3.013999625594222,-3.0109145660367123,-3.00783191548146,-3.004752611322438,-3.0016779786391576,-2.9986098952594666,-2.995551028886585,-2.9925051783590604,-2.9894777654937856,-2.986476544682163,-2.98351262703674,-2.9806019577276253,-2.9777674430641112,-2.9750420014311825,-2.972472910284217,-2.9701279327313013,-2.9681038047259705,-2.9665376793798215,-2.965621915954874
-3.5675652836314753,-3.5667758482175627,-3.56540787827106,-3.5636126391678764,-3.5614998040834465,-3.5591495916000238,-3.5566211039094178,-3.5539581530602224,-3.5511933884992652,-3.548351254273913,-3.545450127466372,-3.542503876541534,-3.539523004397397,-3.536515491497541,-3.533487420820129,-3.530443443092233,-3.527387124479911,-3.5243212073617265,-3.5212478065630646,-3.5181685574855672,-3.515084728256391,-3.511997304878961,-3.508907056063162,-3.505814582716906,-3.5027203558274653,-3.4996247455311003,-3.496528043477509,-3.4934304800789966,-3.4903322378475226,-3.4872334617323686,-3.4841342671526547,-3.4810347462539406,-3.4779349727933835,-3.474835005963295,-3.4717348933909955,-3.4686346734980544,-3.4655343773601537,-3.4624340301767633,-3.459333652435244,-3.456233260835088,-3.4531328690234515,-3.4500324881818796,-3.446932127495427,-3.4438317945286214,-3.4407314955274644,-3.4376312356625838,-3.4345310192254592,-3.4314308497871324,-3.4283307303268775,-3.4252306633367486,-3.4221306509067224,-3.419030694794195,-3.4159307964808296,-3.41283095721917,-3.409731178070944,-3.4066314599386023,-3.403531803591359,-3.400432209686727,-3.397332678788373,-3.394233211380951,-3.391133807882455,-3.3880344686545354,-3.3849351940111148,-3.381835984225621,-3.378736839537062,-3.3756377601551417,-3.372538746264582,-3.3694397980287754,-3.3663409155928887,-3.3632420990865075,-3.3601433486258854,-3.3570446643158793,-3.3539460462516075,-3.350847494519884,-3.3477490092004616,-3.3446505903671153,-3.341552238088595,-3.3384539524294685,-3.3353557334508714,-3.332257581211188,-3.329159495766666,-3.3260614771719927,-3.3229635254808314,-3.319865640746337,-3.316767823021656,-3.313670072360426,-3.3105723888172762,-3.307474772448348,-3.3043772233118385,-3.3012797414685786,-3.2981823269826682,-3.295084979922158,-3.291987700359824,-3.2888904883740198,-3.285793344049653,-3.282696267479289,-3.2795992587644225,-3.2765023180169397,-3.273405445360816,-3.2703086409340867,-3.2672119048911545,-3.2641152374054894,-3.2610186384004334,-3.257922107806133,-3.2548256455589053,-3.251729251600679,-3.248632925878487,-3.245536668344015,-3.242440478953197,-3.239344357665844,-3.2362483044453207,-3.2331523192582443,-3.230056402074218,-3.2269605528655885,-3.2238647716072246,-3.220769058276318,-3.2176734128522044,-3.2145778353161947,-3.211482325651432,-3.208386883842752,-3.205291509876557,-3.202196203740708,-3.199100965424421,-3.196005794918171,-3.1929106922136103,-3.189815657303491,-3.1867206901815925,-3.1836257908426644,-3.1805309592823665,-3.177436195497222,-3.1743414994845724,-3.1712468712425443,-3.1681523107700196,-3.165057818066615,-3.1619633931326656,-3.158869035969227,-3.15577474657808,-3.1526805249617533,-3.149586371123559,-3.146492285067656,-3.143398266799126,-3.1403043163240913,-3.137210433649869,-3.1341166187851783,-3.1310228717404107,-3.1279291925279895,-3.1248355811628397,-3.1217420376630027,-3.1186485620504403,-3.1155551543520903,-3.11246181460125,-3.1093685428393947,-3.106275339118562,-3.1031822035045056,-3.100089136080861,-3.096996136954651,-3.093903206263609,-3.0908103441859076,-3.087717550953148,-3.0846248268677177,-3.0815321723260585,-3.0784395878499464,-3.075347074128614,-3.0722546320756536,-3.0691622629060644,-3.066069968240845,-3.0629777502493454,-3.0598856118434883,-3.0567935569434614,-3.0537015908420866,-3.0506097207058045,-3.047517956265243,-3.044426310769552,-3.0413348023085978,-3.0382434556495017,-3.035152304794062,-3.032061396549099,-3.0289707955235157,-3.025880591139885,-3.022790907497473,-3.0197019172810813,-3.0166138614241556,-3.0135270769754006,-3.0104420366877847,-3.0073594053960018,-3.0042801204899545,-3.0012055070431347,-2.9981374428744787,-2.995078595674012,-2.9920327642607294,-2.9890053704225323,-2.9860041685078293,-2.983040269565401,-2.980129618670836,-2.977295121993515,-2.9745696977118437,-2.9720006229775096,-2.9696556604552296,-2.9676315454581763,-2.9660654301880016,-2.965149672644857
-3.567090843703073,-3.566301412623657,-3.5649334502633394,-3.56313822121667,-3.5610253980839337,-3.558675199017387,-3.5561467258834236,-3.553483790481998,-3.550719042068514,-3.547876924542065,-3.5449758148694417,-3.5420295814253184,-3.539048727036931,-3.5360412321121846,-3.5330131795853217,-3.529969220148679,-3.5269129199407816,-3.523847021318317,-3.5207736390892563,-3.5176944086413497,-3.514610598090652,-3.5115231934316933,-3.508432963367218,-3.5053405087993994,-3.5022463007108837,-3.4991507092341965,-3.496054026016015,-3.492956481466195,-3.489858258094704,-3.4867595008492054,-3.483660325147498,-3.480560823134061,-3.477461068565167,-3.4743611206324005,-3.471261026962485,-3.4681608259764953,-3.4650605487497077,-3.4619602204812545,-3.458859861658217,-3.4557594889798553,-3.45265911609313,-3.4495587541794244,-3.44645841242366,-3.4433580983902505,-3.440257818325101,-3.4371575773987586,-3.434057379902635,-3.4309572294077144,-3.427857128893224,-3.4247570808511747,-3.4216570873715098,-3.4185571502115937,-3.4154572708530635,-3.4123574505484413,-3.409257690359435,-3.4061579911884814,-3.40305835380478,-3.399958778865831,-3.396859266935292,-3.3937598184978057,-3.390660433971363,-3.3875611137176036,-3.3844618580504457,-3.3813626672433124,-3.378263541535208,-3.375164481135832,-3.3720654862299013,-3.3689665569808054,-3.3658676935337093,-3.362768896018195,-3.3596701645505163,-3.3565714992355264,-3.353472900168344,-3.3503743674357818,-3.3472759011175914,-3.3441775012875476,-3.3410791680143994,-3.3379809013627124,-3.334882701393625,-3.3317845681655185,-3.328686501734641,-3.32558850215568,-3.322490569482299,-3.3193927037676523,-3.316294905064888,-3.3131971734276444,-3.3100995089105503,-3.3070019115697473,-3.3039043814634343,-3.3008069186524436,-3.297709523200875,-3.2946121951767813,-3.2915149346529393,-3.288417741707705,-3.2853206164259867,-3.282223558900353,-3.2791265692323015,-3.2760296475337194,-3.272932793928586,-3.269836008554941,-3.2667392915671907,-3.2636426431388097,-3.260546063193138,-3.2574495516603177,-3.2543531084766633,-3.251256733584101,-3.248160426929662,-3.24506418846503,-3.2419680181461374,-3.238871915932794,-3.2357758817883644,-3.2326799156794617,-3.2295840175756907,-3.226488187449396,-3.2233924252754447,-3.220296731031028,-3.2172011046954805,-3.2141055462501122,-3.2110100556780665,-3.207914632964176,-3.204819278094844,-3.201723991057932,-3.1986287718426527,-3.195533620439482,-3.192438536840072,-3.1893435210371734,-3.186248573024567,-3.183153692797,-3.1800588803501326,-3.1769641356804876,-3.1738694587854064,-3.1707748496630144,-3.1676803083121943,-3.1645858347325615,-3.1614914289244522,-3.158397090888923,-3.1553028206277527,-3.152208618143469,-3.1491144834393876,-3.1460204165196637,-3.1429264173893796,-3.1398324860546585,-3.1367386225228167,-3.1336448268025734,-3.1305510989043204,-3.12745743884048,-3.124363846625978,-3.1212703222788556,-3.1181768658210762,-3.115083477279577,-3.1119901566876558,-3.1088969040867855,-3.105803719529005,-3.102710603080068,-3.09961755482361,-3.0965245748666548,-3.093431663346934,-3.0903388204426223,-3.0872460463853213,-3.0841533414774163,-3.0810607061153514,-3.077968140820901,-3.074875646283299,-3.071783223416138,-3.0686908734344165,-3.065598597959133,-3.0625063991596355,-3.0594142799478443,-3.0563222442439426,-3.0532302973407464,-3.0501384464046852,-3.0470467011663724,-3.043955074874932,-3.040863585620197,-3.037772258169235,-3.034681126523763,-3.031590237490483,-3.02849965567812,-3.025409470508983,-3.0223198060819487,-3.0192308350812422,-3.016142798439458,-3.0130560332040437,-3.0099710121261105,-3.006888400037607,-3.003809134324378,-3.0007345400539136,-2.997666495036267,-2.994607666948309,-2.991561854589543,-2.9885344797189712,-2.9855332966421404,-2.9825694163442638,-2.979658783806709,-2.9768243050593797,-2.9740988980747476,-2.971529839701757,-2.9691848921631436,-2.967160790133716,-2.965594684908028,-2.9646789332283054
-3.566618513301341,-3.5658290865373776,-3.5644611317299115,-3.5626659126955675,-3.5605531014620087,-3.558202915753383,-3.5556744571120946,-3.5530115370905486,-3.5502468047535696,-3.5474047038526306,-3.544503611239609,-3.541557395199362,-3.538576558488674,-3.5355690814600216,-3.5325410470039187,-3.5294971057781184,-3.5264408238937337,-3.5233749436856736,-3.5203015799445745,-3.5172223680443544,-3.514138576090012,-3.5110511900672243,-3.507960978671629,-3.5048685427996835,-3.501774353429431,-3.498678780689678,-3.4955821162240923,-3.4924845904400925,-3.489386385845665,-3.486287647386859,-3.4831884904801576,-3.4800890072689654,-3.476989271508674,-3.4738893423901454,-3.470789267539506,-3.4676890853773426,-3.4645888269785243,-3.461488517541849,-3.458388177554119,-3.4552878237143627,-3.452187469669349,-3.449087126600299,-3.445986803691999,-3.4428865085087494,-3.4397862472963614,-3.436686025225301,-3.433585846586913,-3.4304857149521237,-3.427385633300111,-3.4242856041228458,-3.4211856295102363,-3.4180857112196166,-3.4149858507326005,-3.411886049301686,-3.4087863079885636,-3.405686627695653,-3.40258700919214,-3.3994874531355137,-3.396387960089419,-3.3932885305384914,-3.390189164900711,-3.3870898635377147,-3.383990626763413,-3.3808914548512234,-3.377792348040146,-3.374693306539877,-3.371594330535131,-3.3684954201892934,-3.3653965756475275,-3.3622977970394134,-3.3591990844812027,-3.356100438077747,-3.3530018579241636,-3.3499033441072643,-3.346804896706799,-3.343706515796542,-3.3406082014452423,-3.3375099537174653,-3.334411772674347,-3.3313136583742695,-3.328215610873481,-3.3251176302266683,-3.322019716487495,-3.318921869709117,-3.315824089944682,-3.312726377247828,-3.3096287316731843,-3.3065311532768944,-3.303433642117156,-3.300336198254805,-3.2972388217539415,-3.2941415126826192,-3.2910442711136154,-3.287947097125288,-3.2848499908025475,-3.2817529522379645,-3.278655981533038,-3.2755590787996605,-3.272462244161813,-3.2693654777575385,-3.2662687797412486,-3.263172150286422,-3.2600755893163953,-3.2569790967613077,-3.2538826725574723,-3.2507863166468125,-3.247690028976358,-3.244593809497791,-3.241497658167039,-3.2384015749439126,-3.2353055597917733,-3.2322096126772357,-3.2291137335699007,-3.2260179224421126,-3.2229221792687377,-3.219826504026965,-3.216730896696129,-3.2136353572575405,-3.21053988569434,-3.2074444819913603,-3.204349146135005,-3.2012538781131332,-3.198158677914959,-3.195063545530957,-3.1919684809527777,-3.1888734841731727,-3.1857785551859217,-3.182683693985772,-3.1795889005683833,-3.176494174930278,-3.1733995170687974,-3.1703049269820673,-3.167210404668969,-3.164115950129118,-3.1610215633628505,-3.1579272443712214,-3.154832993156011,-3.1517388097197467,-3.148644694065743,-3.145550646198156,-3.1424566661220674,-3.139362753843601,-3.1362689093700746,-3.133175132710205,-3.1300814238743855,-3.1269877828750374,-3.123894209727087,-3.1208007044485746,-3.117707267061463,-3.11461389759269,-3.111520596075553,-3.1084273625515264,-3.105334197072649,-3.1022410997046745,-3.0991480705312373,-3.0960551096593623,-3.092962217226782,-3.08986939341167,-3.0867766384456274,-3.083683952631042,-3.0805913363643582,-3.0774987901673496,-3.0744063147292495,-3.07131391096365,-3.0682215800855497,-3.0651293237159476,-3.0620371440241887,-3.058945043922191,-3.0558530273301354,-3.0527610995408296,-3.0496692677206942,-3.0465775416003273,-3.0434859344288285,-3.040394464295996,-3.037303155968842,-3.0342120434490063,-3.0311211735430685,-3.0280306108595783,-3.0249404448205826,-3.02185079952457,-3.0187618476551936,-3.0156738301441997,-3.0125870840377837,-3.009502082085206,-3.0064194891156837,-3.00334024251102,-3.00026566733273,-2.9971976413820243,-2.9941388323226765,-2.9910930389347827,-2.988065682948573,-2.985064518626919,-2.9821006568917485,-2.9791900426306186,-2.976355581734569,-2.9736301919710404,-2.9710611498875643,-2.968716217266836,-2.9666921281481042,-2.965126032922804,-2.9642102870807623
-3.566148902646021,-3.5653594801728765,-3.5639915328751464,-3.562196323795971,-3.560083524393659,-3.55773335196669,-3.5552049077353316,-3.552542003005855,-3.5497772866535895,-3.546935202283229,-3.544034126632396,-3.541087927896642,-3.538107108762702,-3.5350996495279405,-3.532071633039395,-3.5290277099204337,-3.525971446254913,-3.522905584356091,-3.5198322389973633,-3.5167530455388993,-3.513669272074704,-3.5105819045816475,-3.5074917117483064,-3.5043992944654554,-3.5013051237065573,-3.4982095695967232,-3.4951129237766296,-3.49201541665127,-3.48891723072666,-3.485818510947247,-3.482719372728207,-3.479619908211874,-3.476520191152765,-3.473420280741021,-3.4703202246021774,-3.467220061156335,-3.464119821477958,-3.4610195307655096,-3.4579192095055165,-3.4548188743967763,-3.451718539085867,-3.4486182147538504,-3.4455179105853775,-3.442417634144637,-3.4393173916773443,-3.436217188353887,-3.433117028465541,-3.4300169155831775,-3.426916852685925,-3.4238168422657136,-3.420716886412417,-3.41761698688334,-3.41451714516007,-3.4114173624950843,-3.4083176399500523,-3.405217978427381,-3.402118378696241,-3.3990188414141085,-3.3959193671446193,-3.3928199563724015,-3.3897206095154266,-3.386621326935324,-3.383522108945998,-3.3804229558208623,-3.377323867798912,-3.374224845089839,-3.371125887878355,-3.3680269963278437,-3.3649281705834646,-3.3618294107747952,-3.358730717018086,-3.3556320894181875,-3.352533528070214,-3.3494350330609777,-3.3463366044702276,-3.343238242371736,-3.3401399468342508,-3.337041717922338,-3.3339435556971333,-3.3308454602170188,-3.327747431538242,-3.324649469715491,-3.3215515748024287,-3.318453746852211,-3.3153559859179857,-3.3122582920533903,-3.3091606653130556,-3.306063105753126,-3.3029656134318,-3.299868188409914,-3.2967708307515684,-3.29367354052482,-3.2905763178024467,-3.2874791626628084,-3.284382075190817,-3.281285055479045,-3.2781881036289944,-3.2750912197525595,-3.271994403973726,-3.268897656430539,-3.265800977277415,-3.262704366687836,-3.2596078245851365,-3.256511350899453,-3.253414945567097,-3.2503186085299887,-3.2472223397351563,-3.244126139134278,-3.241030006683283,-3.2379339423419786,-3.234837946073724,-3.2317420178451335,-3.2286461576258074,-3.225550365388088,-3.2224546411068404,-3.2193589847592534,-3.216263396324659,-3.2131678757843685,-3.2100724231215216,-3.20697703832095,-3.203881721369057,-3.200786472253701,-3.197691290964095,-3.194596177490714,-3.1915011318252073,-3.188406153960327,-3.18531124388985,-3.182216401608525,-3.179121627112012,-3.176026920396832,-3.1729322814603265,-3.1698377103006212,-3.166743206916599,-3.163648771307872,-3.1605544034747775,-3.15746010341837,-3.1543658711404303,-3.1512717066434868,-3.1481776099308516,-3.14508358100668,-3.141989619876057,-3.1388957265451034,-3.135801901021137,-3.1327081433128763,-3.1296144534307127,-3.126520831387069,-3.12342727719687,-3.1203337908781563,-3.117240372452891,-3.114147021948014,-3.111053739396821,-3.107960524840787,-3.10486737833195,-3.1017742999360656,-3.098681289736767,-3.0955883478410784,-3.0924954743867334,-3.0894026695519057,-3.086309933568197,-3.0832172667379933,-3.0801246694577404,-3.0770321422492115,-3.07393968580164,-3.0708473010286195,-3.067754989145148,-3.064662751772223,-3.061570591079189,-3.0584785099779603,-3.055386512388713,-3.052294603604251,-3.0492027907909836,-3.046111083679492,-3.043019495518854,-3.039928044398832,-3.036836755086385,-3.0337456615830733,-3.030654810695358,-3.0275642670316123,-3.0244741200136245,-3.0213844937394962,-3.0182955608923097,-3.015207562402969,-3.012120835316424,-3.0090358523800966,-3.005953278420487,-3.002874050815381,-2.999799494620353,-2.9967314876278195,-2.9936726974885324,-2.9906269229632914,-2.987599585753716,-2.9845984400802497,-2.9816345968018916,-2.978724000712924,-2.9758895575663162,-2.9731641849256487,-2.9705951590387576,-2.9682502412508067,-2.9662261649691133,-2.964660079687148,-2.9637443396494807
-3.565682637025254,-3.5648932188125655,-3.5635252789714316,-3.5617300797769795,-3.559617292122188,-3.5572671328828855,-3.554738702959478,-3.552075813413844,-3.5493111129331583,-3.546469044976377,-3.543567986167675,-3.54062180461393,-3.537641002932324,-3.5346335613655024,-3.5316055627173304,-3.528561657577036,-3.5255054120014115,-3.5224395682822167,-3.5193662411757325,-3.516287066028474,-3.5132033109235326,-3.5101159618290376,-3.507025787426547,-3.5039333886011943,-3.5008392363218968,-3.4977437007100955,-3.4946470734034976,-3.4915495848046896,-3.4884514174177315,-3.485352716185479,-3.482253596521809,-3.4791541505679926,-3.476054452077677,-3.4729545602402894,-3.4698545226807784,-3.4667543778187593,-3.4636541567283,-3.4605538846075308,-3.457453581942703,-3.4543532654323856,-3.451252948722965,-3.4481526429953453,-3.445052357434045,-3.4419520996031396,-3.438851875748252,-3.4357516910396897,-3.4326515497686625,-3.4295514555059854,-3.426451411230738,-3.423351419434811,-3.420251482208042,-3.417151601307707,-3.414051778215366,-3.410952014183478,-3.4078523102736935,-3.404752667388402,-3.401653086296761,-3.398553567656235,-3.3954541120304507,-3.3923547199040263,-3.3892553916949275,-3.3861561277647745,-3.3830569284274676,-3.379957793956415,-3.3768587245906065,-3.3737597205397316,-3.370660781988497,-3.367561909100284,-3.3644631020202502,-3.361364360877971,-3.3582656857896938,-3.355167076860269,-3.3520685341848093,-3.3489700578501265,-3.3458716479359683,-3.342773304516105,-3.3396750276592857,-3.3365768174300756,-3.3334786738896085,-3.3303805970962665,-3.3272825871062977,-3.324184643974389,-3.3210867677542044,-3.317988958498899,-3.314891216261622,-3.3117935410960118,-3.3086959330567005,-3.305598392199831,-3.3025009185836036,-3.2994035122688548,-3.2963061733196866,-3.293208901804156,-3.2901116977950444,-3.287014561370712,-3.2839174926160726,-3.2808204916237007,-3.2777235584951017,-3.274626693342172,-3.2715298962889006,-3.2684331674733373,-3.2653365070499003,-3.2622399151920773,-3.259143391823199,-3.2560469368734006,-3.2529505502789893,-3.249854231981885,-3.2467579819291115,-3.243661800072349,-3.2405656863675207,-3.237469640774435,-3.234373663256449,-3.2312777537801756,-3.2281819123152133,-3.225086138833903,-3.22199043331111,-3.218894795724022,-3.2157992260519697,-3.2127037242762633,-3.2096082903800425,-3.206512924348138,-3.2034176261669525,-3.2003223958243447,-3.197227233309526,-3.194132138612971,-3.1910371117263288,-3.18794215264235,-3.1848472613548138,-3.181752437858466,-3.178657682148966,-3.175562994222837,-3.172468374077418,-3.169373821710836,-3.1662793371219715,-3.163184920310438,-3.160090571276572,-3.1569962900214295,-3.153902076546789,-3.1508079308551795,-3.1477138529499125,-3.144619842835144,-3.1415259005159575,-3.1384320259984766,-3.1353382192900163,-3.132244480399297,-3.1291508093367075,-3.1260572061146723,-3.122963670748117,-3.1198702032550814,-3.1167768036575287,-3.113683471982397,-3.110590208262985,-3.1074970125407644,-3.1044038848677764,-3.1013108253097745,-3.098217833950393,-3.0951249108966583,-3.0920320562863015,-3.088939270297496,-3.0858465531618453,-3.082753905181735,-3.079661326753612,-3.0765688183992492,-3.0734763808078815,-3.0703840148930994,-3.0672917218699007,-3.064199503359283,-3.0611073615305893,-3.058015299295733,-3.0549233205748862,-3.0518314306608443,-3.0487396367200077,-3.045647948482943,-3.0425563791987043,-3.039464946957017,-3.0363736765247897,-3.0332826019035024,-3.0301917698994996,-3.0271012451209787,-3.024011116989468,-3.020921509602689,-3.017832595643156,-3.014744616040937,-3.011657907839746,-3.0085729437851785,-3.0054903887010354,-3.0024111799611157,-2.999336642615092,-2.996268654446649,-2.9932098830936105,-2.990164127297614,-2.9871368087318735,-2.9841356815747027,-2.9811718566226193,-2.97826127857729,-2.975426853054588,-2.972701497415675,-2.9701324876108135,-2.9677875845507318,-2.9657635210152824,-2.964197445606325,-2.9632817113319807
-3.5652203555539885,-3.5644309415655364,-3.563063009117607,-3.561267819723843,-3.5591550437167023,-3.5568048975529485,-3.554276481815848,-3.551613607324962,-3.548848922580912,-3.5460068708981534,-3.5431058287883777,-3.5401596642705457,-3.537178879892878,-3.534171455843762,-3.531143474884262,-3.5280995875697547,-3.5250433599301996,-3.5219775342360387,-3.518904225226584,-3.5158250682348133,-3.5127413313329985,-3.509654000480601,-3.5065638443522245,-3.503471463827409,-3.5003773298705627,-3.4972818125994873,-3.494185203648948,-3.491087733419143,-3.4879895844121935,-3.4848909015693765,-3.481791800303279,-3.4786923727541246,-3.475592692674695,-3.472492819253712,-3.469392800115542,-3.4662926736793174,-3.463192471018708,-3.4600922173315194,-3.4569919331037293,-3.4538916350336804,-3.45079133676757,-3.447691049486143,-3.4445907823737865,-3.441490542994466,-3.4383903375937113,-3.4352901713417525,-3.432190048529734,-3.429089972728413,-3.4259899469168236,-3.4228899735868135,-3.419790054828187,-3.416690192398191,-3.4135903877783607,-3.410490642221133,-3.407390956788141,-3.404291332381757,-3.401191769771126,-3.3980922696137017,-3.3949928324730987,-3.391893458833926,-3.3887941491141422,-3.385694903675362,-3.382595722831481,-3.3794966068559007,-3.3763975559876074,-3.3732985704362877,-3.370199650386644,-3.3671007960020556,-3.364002007427676,-3.3609032847930806,-3.3578046282145144,-3.3547060377968245,-3.3516075136351233,-3.34850905581622,-3.345410664419862,-3.3423123395198195,-3.339214081184842,-3.3361158894794922,-3.333017764464905,-3.329919706199461,-3.3268217147394084,-3.323723790139435,-3.320625932453205,-3.317528141733873,-3.3144304180345885,-3.31133276140899,-3.3082351719117105,-3.305137649598894,-3.302040194528742,-3.2989428067620907,-3.2958454863630444,-3.2927482333996623,-3.2896510479447243,-3.2865539300765927,-3.2834568798801853,-3.2803598974480774,-3.2772629828817754,-3.2741661362931804,-3.271069357806283,-3.2679726475591373,-3.2648760057061663,-3.261779432420861,-3.2586829276265505,-3.2555864912533656,-3.2524901232376124,-3.2493938235212076,-3.246297592051174,-3.243201428779188,-3.240105333661174,-3.237009306656936,-3.2339133477298305,-3.230817456846469,-3.2277216339764494,-3.224625879092112,-3.2215301921683204,-3.2184345731822623,-3.215339022113267,-3.2122435389426434,-3.20914812365353,-3.2060527762307576,-3.2029574966607277,-3.199862284931298,-3.196767141031681,-3.1936720649523487,-3.190577056684951,-3.187482116222239,-3.18438724355799,-3.18129243868695,-3.1781977016047787,-3.1751030323079976,-3.172008430793947,-3.1689138970607513,-3.165819431107293,-3.162725032933185,-3.1596307025387653,-3.156536439925086,-3.1534422450939275,-3.150348118047817,-3.1472540587900686,-3.144160067324839,-3.1410661436572087,-3.137972287793302,-3.134878499740433,-3.1317847795073224,-3.12869112710436,-3.1255975425439697,-3.122504025841076,-3.119410577013721,-3.1163171960838656,-3.1132238830784495,-3.1101306380307707,-3.107037460982302,-3.103944351985083,-3.1008513111048677,-3.097758338425292,-3.094665434053381,-3.091572598126866,-3.0884798308239225,-3.0853871323761513,-3.082294503085941,-3.0792019433497355,-3.0761094536893108,-3.0730170347939003,-3.0699246875770965,-3.0668324132538944,-3.0637402134452913,-3.060648090320629,-3.057556046791818,-3.054464086779026,-3.0513722155750433,-3.048280440346261,-3.045188770823231,-3.042097220254983,-3.0390058067312093,-3.0359145550187634,-3.0328234991190466,-3.029732685838289,-3.0266421797845133,-3.0235520703789924,-3.020462481719066,-3.017373586486689,-3.014285625611099,-3.011198936134785,-3.0081139908015313,-3.0050314544324648,-3.001952264397426,-2.9988777457402396,-2.9958097762359333,-2.99275102350951,-2.9897052862836118,-2.9866779862032864,-2.983676877405074,-2.980713070623541,-2.977802510468525,-2.97496810241997,-2.9722427636383393,-2.9696737697788476,-2.9673288813214818,-2.9653048304239618,-2.9637387648041114,-2.962823036244113
-3.564762709821794,-3.563973300015392,-3.562605374886831,-3.5608101951958697,-3.5586974307200467,-3.5563472975012473,-3.5538188958087624,-3.5511560362222556,-3.548391367057655,-3.54554933148636,-3.542648305908708,-3.5397021582566155,-3.5367213910100297,-3.5337139843036254,-3.5306860208560935,-3.5276421511892977,-3.524585941306634,-3.521520133457441,-3.51844684236423,-3.515367703346578,-3.512283984466042,-3.5091966716735046,-3.506106533636682,-3.5030141712295775,-3.499920055412139,-3.4968245562985656,-3.4937279655207054,-3.4906305134763933,-3.487532382665833,-3.484433718028739,-3.481334634976424,-3.4782352256480675,-3.4751355637956007,-3.4720357086070415,-3.468935707706181,-3.465835599511678,-3.4627354150968093,-3.4596351796590525,-3.4565349136841177,-3.4534346338701223,-3.4503343538630773,-3.447234084843573,-3.444133835995864,-3.441033614883807,-3.4379334277528395,-3.4348332797731143,-3.4317331752357085,-3.428633117711324,-3.4255331101789475,-3.4224331551303893,-3.419333254655419,-3.416233410511255,-3.413133624179407,-3.410033896912291,-3.406934229771522,-3.4038346236594568,-3.4007350793452273,-3.3976355974862744,-3.3945361786462027,-3.391436823309615,-3.3883375318944604,-3.3852383047623467,-3.3821391422271634,-3.3790400445623088,-3.375941012006766,-3.372842044770214,-3.369743143037354,-3.3666443069715606,-3.363545536717988,-3.360446832406207,-3.3573481941524626,-3.3542496220616016,-3.3511511162287353,-3.348052676740669,-3.344954303677151,-3.34185599711195,-3.3387577571138123,-3.3356595837473035,-3.332561477073557,-3.3294634371509546,-3.326365464035743,-3.3232675577826103,-3.3201697184452197,-3.3170719460767266,-3.313974240730281,-3.3108766024595213,-3.3077790313190807,-3.3046815273651053,-3.3015840906557967,-3.2984867212519924,-3.295389419217797,-3.2922921846212705,-3.2891950175351954,-3.286097918037936,-3.283000886214411,-3.2799039221571986,-3.276807025967807,-3.27371019775814,-3.270613437652191,-3.267516745788017,-3.264420122320045,-3.2613235674217713,-3.2582270810165213,-3.2551306630344237,-3.252034313411783,-3.248938032090512,-3.2458418190176332,-3.2427456741448206,-3.2396495974279955,-3.236553588826962,-3.2334576483050754,-3.2303617758289462,-3.227265971368169,-3.2241702348950843,-3.221074566384555,-3.2179789658137667,-3.214883433162049,-3.211787968410708,-3.208692571542883,-3.2055972425434045,-3.202501981398673,-3.199406788096545,-3.1963116626262336,-3.1932166049782094,-3.1901216151441227,-3.187026693116723,-3.1839318388897886,-3.1808370524580654,-3.1777423338172115,-3.1746476829637484,-3.171553099895016,-3.168458584609139,-3.1653641371049988,-3.1622697573822096,-3.159175445441106,-3.156081201282743,-3.152987024908899,-3.149892916322104,-3.14679887552567,-3.143704902523753,-3.1406109973214353,-3.1375171599248377,-3.1344233903412784,-3.1313296885794744,-3.1282360546498187,-3.1251424885647334,-3.122048990339143,-3.1189555599910888,-3.115862197542532,-3.112768903020413,-3.109675676458029,-3.1065825178968542,-3.1034894273889284,-3.100396405000006,-3.097303450813722,-3.094210564937101,-3.0911177475078757,-3.0880249987042205,-3.0849323187577378,-3.0818397079708144,-3.0787471667398973,-3.0756546955867607,-3.072562295200638,-3.0694699664951215,-3.0663777106852077,-3.0632855293918917,-3.0601934247845146,-3.057101399774985,-3.0540094582834656,-3.0509176056027405,-3.047825848899191,-3.044734197903353,-3.0416426658642344,-3.0385512708714915,-3.0354600376919287,-3.0323690003268693,-3.0292782055824263,-3.0261877180664523,-3.023097627199964,-3.020008057079927,-3.016919180387738,-3.013831238051816,-3.010744567113435,-3.0076596403145874,-3.0045771224737505,-3.0014979509568507,-2.998423450801921,-2.995355499775417,-2.9922967654896495,-2.9892510466484525,-2.986223764868989,-2.9832226742464445,-2.9802588854540524,-2.977348343010739,-2.974513952261873,-2.9717886301692227,-2.969219652095904,-2.96687477809546,-2.964850739709691,-2.9632846837812123,-2.962368960878506
-3.5643103624320234,-3.5635209567594113,-3.5621530388657554,-3.560357868765634,-3.5582451156880577,-3.5558949952648233,-3.55336660745487,-3.5507037626007323,-3.5479391088357812,-3.545097089190009,-3.5421960799536785,-3.539249948972671,-3.536269198659451,-3.5332618090955967,-3.5302338629579135,-3.52719001073514,-3.5241338184044144,-3.5210680281942186,-3.5179947548104558,-3.514915633559456,-3.5118319324921865,-3.5087446375510516,-3.505654517396959,-3.5025621728984393,-3.499468075011032,-3.496372593845374,-3.493276021030432,-3.490178586961708,-3.4870804741375063,-3.4839818274959966,-3.4808827624472327,-3.4777833711293624,-3.474683727293473,-3.4715838901268934,-3.4684839072528404,-3.465383817089505,-3.4622836507097756,-3.45918343331081,-3.456083185378049,-3.452982923609391,-3.449882661650663,-3.4467824106822977,-3.4436821798884223,-3.440581976832785,-3.4374818077607325,-3.43438167784234,-3.43128159136862,-3.4281815519102197,-3.4250815624460813,-3.421981625467974,-3.418881743065634,-3.415781916996252,-3.4126821487413137,-3.4095824395532124,-3.4064827904935457,-3.4033832024646555,-3.4002836762356585,-3.3971842124639866,-3.3940848117132325,-3.3909854744679913,-3.3878862011462045,-3.384786992109475,-3.3816878476716856,-3.378588768106229,-3.375489753652083,-3.3723908045189255,-3.369291920891454,-3.366193102933041,-3.3630943507888373,-3.3599956645884124,-3.356897044448007,-3.3537984904724674,-3.3507000027569025,-3.347601581388119,-3.3445032264458634,-3.341404938003904,-3.3383067161309876,-3.335208560891677,-3.3321104723471064,-3.329012450555657,-3.3259144955735755,-3.3228166074555494,-3.3197187862552426,-3.316621032025812,-3.313523344820407,-3.310425724692666,-3.307328171697224,-3.3042306858902255,-3.301133267329873,-3.2980359160770063,-3.2949386321957297,-3.2918414157541056,-3.288744266824918,-3.2856471854865315,-3.2825501718238668,-3.279453225929504,-3.2763563479049544,-3.2732595378621245,-3.2701627959250112,-3.267066122231674,-3.263969516936543,-3.2608729802131204,-3.2577765119847295,-3.254680112181495,-3.2515837807397197,-3.2484875176013146,-3.245391322713298,-3.2422951960273436,-3.2391991374993716,-3.236103147089184,-3.2330072247601347,-3.229911370478832,-3.2268155842148705,-3.223719865940589,-3.220624215630849,-3.2175286332628366,-3.2144331188158786,-3.2113376722712834,-3.2082422936121864,-3.2051469828234187,-3.2020517398913797,-3.1989565648039266,-3.19586145755027,-3.1927664181208817,-3.189671446507412,-3.1865765427026087,-3.1834817067002494,-3.1803869384950803,-3.1772922380827597,-3.1741976054598076,-3.1711030406235636,-3.168008543572153,-3.164914114304456,-3.1618197528200884,-3.158725459119385,-3.1556312332033993,-3.1525370750739103,-3.149442984733445,-3.146348962185318,-3.143255007433684,-3.1401611204836244,-3.1370673013412627,-3.133973550013914,-3.130879866510298,-3.127786250840806,-3.1246927030178604,-3.1215992230563856,-3.118505810974424,-3.1154124667939374,-3.112319190541864,-3.109225982251502,-3.106132841964326,-3.103039769732375,-3.0999467656214046,-3.096853829715049,-3.0937609621203337,-3.0906681629749904,-3.087575432457195,-3.084482770798549,-3.08139017830144,-3.0782976553623143,-3.0752052025029473,-3.0721128204125714,-3.069020510004779,-3.065928272494567,-3.062836109502929,-3.059744023199205,-3.0566520164953004,-3.053560093311376,-3.0504682589402097,-3.047376520548172,-3.044284887865784,-3.0411933741420314,-3.038101997466536,-3.0350107826060495,-3.0319197635618216,-3.028828987139849,-3.0257385179478153,-3.0226484454064875,-3.0195588936124578,-3.0164700352465754,-3.013382111236444,-3.0102954586221395,-3.007210550143882,-3.0041280506175307,-3.0010488974051412,-2.997974415539022,-2.9949064827771568,-2.991847766719311,-2.9888020660507277,-2.985774802361005,-2.98277372970445,-2.979809958693671,-2.9768994337577306,-2.974065060108978,-2.9713397545127775,-2.968770792043515,-2.9664259323332094,-2.964401906314848,-2.962835859965937,-2.9619201426552575
-3.563863985434876,-3.563074583841636,-3.5617066730876434,-3.5599115124521004,-3.5577987706227194,-3.555448662826602,-3.55292028871642,-3.550257458400702,-3.54749281983266,-3.5446508159027434,-3.54174982279259,-3.5388037082631785,-3.535822974660376,-3.532815602013369,-3.5297876729576285,-3.526743837949203,-3.52368766293932,-3.5206218901358746,-3.5175486342283864,-3.514469530510111,-3.511385847021569,-3.508298569696793,-3.5052084671899766,-3.502116140364247,-3.4990220601707898,-3.4959265967167306,-3.4928300416281926,-3.489732625298373,-3.4866345302237063,-3.4835359013408356,-3.4804368540585715,-3.477337480514047,-3.474237854457516,-3.471138035075622,-3.4680380699910227,-3.4649379976214445,-3.4618378490393926,-3.458737649441709,-3.4556374193135717,-3.4525371753526586,-3.449436931204613,-3.4463366980497177,-3.443236485071972,-3.440136299835017,-3.4370361485841094,-3.433936036489249,-3.430835967841384,-3.427735946211109,-3.424635974577319,-3.4215360554317447,-3.4184361908640897,-3.415336382631514,-3.4122366322154805,-3.4091369408683634,-3.406037309651742,-3.4029377394679416,-3.399838231086069,-3.396738785163541,-3.393639402263944,-3.390540082871862,-3.3874408274052303,-3.3843416362256447,-3.3812425096469814,-3.3781434479426307,-3.3750444513515654,-3.371945520083461,-3.368846654323011,-3.3657478542335855,-3.362649119960332,-3.3595504516328187,-3.3564518493672852,-3.3533533132685758,-3.350254843431797,-3.3471564399437552,-3.3440581028841954,-3.3409598323268854,-3.3378616283405704,-3.3347634909898147,-3.3316654203357507,-3.3285674164367594,-3.3254694793490884,-3.3223716091274254,-3.319273805825433,-3.3161760694962683,-3.3130784001930813,-3.3099807979695117,-3.306883262880194,-3.303785794981274,-3.3006883943309546,-3.2975910609900767,-3.2944937950227464,-3.2913965964970253,-3.2882994654856987,-3.285202402067135,-3.2821054063262554,-3.279008478355643,-3.2759116182568104,-3.2728148261416674,-3.269718102134213,-3.2666214463725116,-3.2635248590109964,-3.2604283402231737,-3.2573318899323627,-3.254235508068687,-3.251139194568446,-3.2480429493735494,-3.244946772431013,-3.2418506636925106,-3.238754623113959,-3.235658650655159,-3.232562746279463,-3.2294669099534787,-3.2263711416468004,-3.2232754413317632,-3.2201798089832288,-3.2170842445783805,-3.2139887480965483,-3.210893319519037,-3.207797958828982,-3.204702666011213,-3.20160744105213,-3.1985122839395883,-3.1954171946627987,-3.1923221732122338,-3.189227219579541,-3.186132333757469,-3.183037515739795,-3.1799427655212646,-3.1768480830975365,-3.1737534684651303,-3.1706589216213863,-3.1675644425644283,-3.164470031293136,-3.161375687807124,-3.1582814121067275,-3.1551872041930005,-3.1520930640677216,-3.1489989917334205,-3.1459049871934073,-3.142811050451839,-3.1397171815137965,-3.136623380385403,-3.1335296470739733,-3.130435981588227,-3.1273423839385552,-3.124248854137381,-3.1211553921996287,-3.11806199814334,-3.1149686719904777,-3.11187541376798,-3.108782223509145,-3.105689101255447,-3.1025960470589253,-3.099503060985336,-3.096410143118311,-3.0933172935648776,-3.0902245124627687,-3.0871317999901593,-3.0840391563786507,-3.080946581930631,-3.077854077042548,-3.074761642236176,-3.071669278200748,-3.0685769858498575,-3.065484766398499,-3.0623926214676667,-3.0593005532266977,-3.0562085645874966,-3.0531166594702186,-3.0500248431676367,-3.046933122846111,-3.0438415082361487,-3.0407500125867117,-3.0376586539873904,-3.0345674572048855,-3.0314764562403695,-3.0283856978997274,-3.025295246790476,-3.022205192333133,-3.0191156586239245,-3.016026818343157,-3.0129389124176345,-3.009852277886248,-3.0067673874874696,-3.003684906034574,-3.0006057708857967,-2.9975313070677974,-2.9944633923302,-2.9914046942603867,-2.988359011525253,-2.9853317656871994,-2.9823307107601913,-2.979366957297007,-2.9764564496380315,-2.9736220928643413,-2.9708968035474834,-2.968327856476914,-2.965983010868675,-2.963958997054954,-2.962392960159532,-2.961477248367282
-3.5634242586577254,-3.5626348610832115,-3.561266957362741,-3.559471806051072,-3.5573590753026596,-3.5550089799459292,-3.5524806193318383,-3.549817803338388,-3.547053179741311,-3.544211191293586,-3.5413102140698425,-3.538364115747417,-3.535383398606573,-3.532376042624881,-3.5293481303970915,-3.5263043123470528,-3.5232481544004655,-3.5201823987449465,-3.5171091600538733,-3.5140300736076235,-3.510946407436424,-3.5078591474660636,-3.504769062344117,-3.5016767529283928,-3.4985826901657893,-3.49548724415997,-3.4923907065342563,-3.489293307679576,-3.4861952300905177,-3.4830966187022243,-3.4799975889222834,-3.476898232886826,-3.4737986243452856,-3.4706988224836315,-3.467598874923969,-3.4644988200835676,-3.461398689034555,-3.458298506973461,-3.4551982943852035,-3.4520980679672473,-3.4489978413650557,-3.4458976257587612,-3.442797430332237,-3.4396972626490188,-3.436597128954275,-3.43349703441793,-3.43039698333087,-3.4272969792636365,-3.424197025195079,-3.42109712361689,-3.41799727661874,-3.414897485957763,-3.411797753115397,-3.408698079343996,-3.4055984657051215,-3.402498913101083,-3.3993994223009754,-3.3962999939622045,-3.393200628648346,-3.390101326843976,-3.387002088967023,-3.383902915379075,-3.3808038063940073,-3.377704762285202,-3.3746057832916283,-3.371506869622958,-3.3684080214638823,-3.3653092389777686,-3.3622105223097596,-3.3591118715894233,-3.356013286932998,-3.3529147684453258,-3.349816316221514,-3.3467179303483663,-3.3436196109056278,-3.340521357967064,-3.3374231716014195,-3.334325051873258,-3.331226998843712,-3.328129012571163,-3.325031093111858,-3.321933240520483,-3.3188354548507033,-3.3157377361556746,-3.3126400844885477,-3.309542499902963,-3.3064449824535544,-3.3033475321964696,-3.300250149189912,-3.2971528334947227,-3.2940555851750086,-3.290958404298834,-3.2878612909389857,-3.284764245173833,-3.2816672670882983,-3.2785703567749676,-3.2754735143353555,-3.2723767398813726,-3.2692800335370213,-3.26618339544037,-3.263086825745856,-3.2599903246269895,-3.256893892007088,-3.253797527816272,-3.250701231990838,-3.247605004472694,-3.244508845208855,-3.241412754150991,-3.2383167312550185,-3.2352207764807357,-3.232124889791494,-3.2290290711539,-3.2259333205375453,-3.2228376379147665,-3.2197420232604235,-3.2166464765516998,-3.2135509977679217,-3.210455586890395,-3.207360243902255,-3.2042649687883302,-3.2011697615350196,-3.1980746221301795,-3.194979550563019,-3.1918845468240087,-3.1887896109047973,-3.185694742798133,-3.1825999424977924,-3.17950520999852,-3.1764105452959743,-3.1733159483866755,-3.170221419267963,-3.167126957937962,-3.164032564395552,-3.160938238640346,-3.1578439806726797,-3.154749790493605,-3.151655668104902,-3.1485616135090986,-3.145467626709508,-3.1423737077102842,-3.1392798565165108,-3.1361860731343074,-3.133092357570992,-3.1299987098352826,-3.1269051299375703,-3.123811617890279,-3.1207181737083327,-3.117624797409772,-3.11453148901656,-3.111438248555635,-3.1083450760602953,-3.1052519715720153,-3.102158935142835,-3.0990659668385083,-3.0959730667426704,-3.092880234962346,-3.0897874716352702,-3.086694776939617,-3.0836021511069895,-3.0805095944397753,-3.077417107334421,-3.0743246903127015,-3.0712323440638505,-3.068140069501459,-3.065047867840524,-3.061955740702039,-3.05886369025534,-3.0557717194123284,-3.0526798320931565,-3.0495880335905885,-3.0464963310709776,-3.0434047342648154,-3.0403132564210433,-3.037221915629218,-3.034130736655989,-3.031039753502455,-3.027949012974391,-3.0248585796791487,-3.021768543037001,-3.018679027143813,-3.015590204679357,-3.0125023165696465,-3.009415699852407,-3.0063308272643865,-3.003248363616315,-3.000169246262665,-2.9970948002245303,-2.9940269032432982,-2.9909682228941548,-2.987922557825921,-2.9848953295742007,-2.9818942921132168,-2.9789305559368118,-2.9760200652980053,-2.973185725148555,-2.97046045186907,-2.967891519968311,-2.965546688252529,-2.9635226864620403,-2.9619566588795916,-2.9610409525237458
-3.5629918679371464,-3.562202474314429,-3.5608345775103376,-3.5590394353672528,-3.5569267155152544,-3.554576632390731,-3.5520482850479485,-3.54938548313822,-3.546620874262753,-3.5437789010393477,-3.5408779394374053,-3.5379318570520146,-3.534951156098928,-3.5319438165049593,-3.52891592082482,-3.525872119450693,-3.5228159782831767,-3.519750239489949,-3.516677017728511,-3.51359794826658,-3.5105142991242606,-3.507427056219234,-3.5043369881925694,-3.501244695896843,-3.498150650274738,-3.495055221426512,-3.4919587009727358,-3.488861319302102,-3.485763258907386,-3.4826646647222566,-3.4795656521530955,-3.4764663133350484,-3.4733667220167446,-3.4702669373834913,-3.4671670070568497,-3.4640669694536377,-3.4609668556456143,-3.4578666908289994,-3.45476649548846,-3.4516662863212457,-3.4485660769726443,-3.4454658786226404,-3.4423657004549844,-3.4392655500331086,-3.4361654336020937,-3.433065356331792,-3.4299653225130284,-3.4268653357162915,-3.423765398920386,-3.420665514616966,-3.4175656848956724,-3.414465911513609,-3.411366195952192,-3.408266539463753,-3.4051669431098377,-3.4020674077927424,-3.3989679342815466,-3.395868523233647,-3.39276917521261,-3.389669890703004,-3.3865706701227496,-3.38347151383343,-3.3803724221489135,-3.3772733953425775,-3.3741744336533888,-3.3710755372910137,-3.367976706440141,-3.364877941264134,-3.3617792419081374,-3.358680608501715,-3.355582041161102,-3.35248353999114,-3.3493851050869345,-3.3462867365352884,-3.343188434415945,-3.340090198802671,-3.3369920297642106,-3.3338939273651262,-3.3307958916665505,-3.3276979227268635,-3.324600020602312,-3.3215021853475837,-3.318404417016343,-3.315306715661746,-3.312209081336944,-3.3091115140955765,-3.3060140139922796,-3.3029165810831995,-3.299819215426542,-3.296721917083149,-3.2936246861171288,-3.290527522596546,-3.287430426594189,-3.2843333981884273,-3.281236437464186,-3.278139544514053,-3.2750427194395453,-3.2719459623525764,-3.268849273377152,-3.265752652651342,-3.2626561003295884,-3.259559616585407,-3.256463201342111,-3.253366854529819,-3.2502705760848247,-3.2471743659490344,-3.2440782240694612,-3.2409821503977736,-3.2378861448898855,-3.234790207505595,-3.2316943382082512,-3.2285985369644594,-3.2255028037438116,-3.2224071385186415,-3.219311541263808,-3.216216011956493,-3.2131205505760234,-3.2100251571037046,-3.2069298315226713,-3.2038345738177503,-3.2007393839753404,-3.1976442619832963,-3.1945492078308284,-3.191454221508407,-3.1883593030076796,-3.1852644523213938,-3.1821696694433266,-3.1790749543682217,-3.1759803070917374,-3.172885727610394,-3.16979121592153,-3.166696772023269,-3.163602395914491,-3.1605080875948097,-3.1574138470645603,-3.1543196743247948,-3.1512255693772944,-3.148131532224585,-3.1450375628699794,-3.141943661317633,-3.1388498275726278,-3.1357560616410844,-3.132662363530321,-3.1295687332490543,-3.126475170807677,-3.1233816762186124,-3.1202882494967836,-3.1171948906602323,-3.11410159973092,-3.1110083767357875,-3.1079152217081316,-3.1048221346894262,-3.1017291157317115,-3.098636164900743,-3.095543282280155,-3.092450467976974,-3.0893577221289323,-3.086265044914207,-3.0831724365643987,-3.080079897381896,-3.0769874277631457,-3.073895028229924,-3.0708026994714626,-3.0677104424013546,-3.0646182582345958,-3.0615261485921783,-3.0584341156434363,-3.0553421623002706,-3.0522502924828276,-3.0491585114838684,-3.046066826469735,-3.0429752471709066,-3.039883786836303,-3.0367924635554457,-3.0337013020949373,-3.0306103364558017,-3.0275196134437055,-3.0244291976658366,-3.0213391785422297,-3.018249680168394,-3.0151608752235757,-3.012073004633013,-3.0089864054332844,-3.0059015503594453,-3.0028191042197196,-2.9997400043648814,-2.9966655758105505,-2.9935976962900144,-2.9905390333664648,-2.9874933856709496,-2.9844661747127224,-2.9814651544269273,-2.978501435249447,-2.975590961347395,-2.972756637545361,-2.9700313800361977,-2.9674624630526454,-2.9651176449979846,-2.9630936550305194,-2.9615276366059655,-2.9606119355959977
-3.5625675032577737,-3.5617781135135993,-3.5604102234976818,-3.558615090353227,-3.5565023811956586,-3.554152310076591,-3.5516239757591017,-3.5489611876720146,-3.5461965932452526,-3.543354634963938,-3.540453688694198,-3.537507621950397,-3.5345269368849723,-3.531519613374924,-3.528491733935663,-3.525447948928294,-3.5223918242287815,-3.519326101985232,-3.516252896839571,-3.513173844047084,-3.510090211617943,-3.5070029854618725,-3.5039129342135555,-3.5008206587204342,-3.497726629921053,-3.4946312179123296,-3.4915347143121322,-3.488437349506965,-3.485339305987822,-3.4822407286869215,-3.479141733009465,-3.4760424110896326,-3.4729428366752595,-3.469843068951006,-3.466743155537896,-3.4636431348523096,-3.4605430379656403,-3.4574428900738083,-3.454342711661228,-3.451242519424943,-3.448142327010069,-3.445042145596443,-3.4419419843676944,-3.438841850887155,-3.43574175139982,-3.4326416910754705,-3.429541674204869,-3.426441704358453,-3.4233417845149843,-3.420241917166081,-3.4171421044013504,-3.4140423479778703,-3.4109426493770347,-3.4078430098511556,-3.4047434304617625,-3.401643912111137,-3.3985444555683464,-3.3954450614907743,-3.3923457304419795,-3.389246462906523,-3.3861472593023176,-3.3830481199909404,-3.379949045286254,-3.376850035461632,-3.3737510907560355,-3.3706522113791295,-3.3675533975155987,-3.364454649328806,-3.361355966963892,-3.358257350550419,-3.3551588002046207,-3.3520603160313365,-3.3489618981256704,-3.345863546574425,-3.342765261457342,-3.3396670428481876,-3.3365688908157054,-3.333470805424459,-3.3303727867355795,-3.3272748348074463,-3.324176949696307,-3.3210791314568486,-3.317981380142735,-3.314883695807124,-3.311786078503165,-3.3086885282844993,-3.3055910452057633,-3.3024936293231044,-3.299396280694729,-3.2962989993814795,-3.2932017854474647,-3.29010463896075,-3.287007559994126,-3.283910548625965,-3.280813604941193,-3.277716729032398,-3.2746199210011007,-3.271523180959218,-3.268426509030757,-3.265329905353792,-3.2622333700827677,-3.2591369033912025,-3.2560405052024084,-3.252944175446501,-3.2498479140597727,-3.246751720984127,-3.243655596166575,-3.2405595395587845,-3.237463551116668,-3.234367630800021,-3.2312717785721925,-3.228175994399785,-3.2250802782523897,-3.22198463010234,-3.2188890499244938,-3.215793537696033,-3.212698093396283,-3.2096027170065486,-3.2065074085099625,-3.203412167891353,-3.2003169951371175,-3.1972218902351104,-3.1941268531745393,-3.191031883945876,-3.1879369825407666,-3.1848421489519594,-3.181747383173231,-3.1786526851993253,-3.1755580550259,-3.172463492649474,-3.1693689980673865,-3.16627457127776,-3.163180212279475,-3.1600859210721435,-3.1569916976561023,-3.153897542032403,-3.1508034542028267,-3.1477094341699,-3.144615481936933,-3.1415215975080835,-3.1384277808884313,-3.135334032084099,-3.132240351102404,-3.129146737952063,-3.126053192643469,-3.122959715189043,-3.11986630560371,-3.1167729639055115,-3.113679690116409,-3.1105864842633437,-3.107493346379612,-3.1044002765066883,-3.1013072746966124,-3.0982143410151393,-3.095121475545905,-3.0920286783959354,-3.088935949702962,-3.0858432896451613,-3.0827506984541357,-3.0796581764322744,-3.076565723976025,-3.0734733416071616,-3.070381030014917,-3.0672887901128845,-3.0641966231160587,-3.061104530645432,-3.0580125148703363,-3.0549205787026708,-3.0518287260625785,-3.0487369622428147,-3.045645294409713,-3.042553732293737,-3.039462289143786,-3.03637098304935,-3.033279838776983,-3.030188890327636,-3.0270981845068694,-3.0240077859217114,-3.0209177839919614,-3.0178283028127795,-3.0147395150628977,-3.0116516616667903,-3.0085650796599115,-3.005480241775652,-3.0023978128197806,-2.999318730139438,-2.9962443187448726,-2.9931764563614243,-2.990117810540511,-2.9870721798957374,-2.984044985910494,-2.981043982481571,-2.9780802799879664,-2.9751698225124765,-2.972335514754883,-2.9696102727237585,-2.9670413703809393,-2.964696565734208,-2.9626725873706388,-2.9611065779342454,-2.9601908821710734
-3.5621518568042907,-3.5613624708590637,-3.5599945874920116,-3.5581994631615124,-3.5560867644788967,-3.5537367051189017,-3.5512083835593904,-3.548545609011265,-3.5457810287366733,-3.5429390850907887,-3.5400381538385806,-3.5370921024153485,-3.534111432911511,-3.531104125155275,-3.528076261623563,-3.525032492647037,-3.5219763840775347,-3.5189106780439947,-3.51583748917308,-3.512758452707906,-3.509674836648913,-3.5065876268980323,-3.5034975920836944,-3.5004053330483114,-3.4973113207263755,-3.494215925211533,-3.4911194381190045,-3.4880220898331467,-3.4849240628432105,-3.4818255020799977,-3.4787265229475506,-3.4756272175791034,-3.472527659721716,-3.4694279085594113,-3.4663280117126924,-3.463228007597507,-3.460127927284892,-3.4570277959704714,-3.4539276341384157,-3.450827458485564,-3.447727282656861,-3.4446271178320043,-3.4415269731945055,-3.4384268563075944,-3.4353267734161843,-3.4322267296899853,-3.429126729419701,-3.426026776175718,-3.4229268729367552,-3.4198270221943954,-3.4167272260382138,-3.4136274862252636,-3.410527804236914,-3.4074281813254594,-3.4043286185524115,-3.401229116820039,-3.3981296768973963,-3.395030299441859,-3.3919309850169745,-3.3888317341072955,-3.3857325471307296,-3.382633424448847,-3.3795343663755038,-3.376435373184072,-3.3733364451135084,-3.370237582373473,-3.3671387851486494,-3.364040053602396,-3.3609413878798526,-3.3578427881105775,-3.354744254410804,-3.351645786885371,-3.3485473856293813,-3.345449050729635,-3.3423507822658745,-3.3392525803118644,-3.3361544449363483,-3.333056376203887,-3.3299583741756145,-3.3268604389099083,-3.3237625704630163,-3.3206647688896243,-3.3175670342433983,-3.3144693665774954,-3.3113717659450654,-3.308274232399751,-3.3051767659961877,-3.302079366790525,-3.298982034840969,-3.2958847702083616,-3.292787572956814,-3.289690443154394,-3.286593380873891,-3.2834963861936783,-3.2803994591986854,-3.2773025999815015,-3.27420580864365,-3.2711090852970495,-3.2680124300657103,-3.2649158430877097,-3.2618193245174956,-3.2587228745285914,-3.2556264930443057,-3.2525301799947526,-3.249433935316222,-3.2463377589506153,-3.243241650844943,-3.2401456109508686,-3.2370496392243036,-3.2339537356250427,-3.230857900116433,-3.227762132665077,-3.2246664332405657,-3.22157080181523,-3.2184752383639275,-3.215379742863839,-3.2122843152942884,-3.20918895563658,-3.2060936638738466,-3.2029984399909157,-3.199903283974183,-3.196808195811503,-3.193713175492084,-3.1906182230063966,-3.1875233383460864,-3.184428521503899,-3.1813337724736126,-3.1782390912499703,-3.17514447782863,-3.1720499322061104,-3.1689554543797507,-3.1658610443476736,-3.162766702108759,-3.15967242766262,-3.1565782210095907,-3.1534840821507237,-3.1503900110878,-3.147296007823346,-3.1442020723606725,-3.141108204703936,-3.1380144048582173,-3.1349206728296375,-3.1318270086255136,-3.1287334122545634,-3.1256398837271786,-3.122546423055783,-3.1194530302552987,-3.1163597053437693,-3.1132664483431562,-3.110173259280399,-3.107080138188795,-3.103987085109818,-3.100894100095508,-3.0978011832116215,-3.094708334541793,-3.091615554193049,-3.0885228423031217,-3.0854301990501876,-3.08233762466585,-3.0792451194524975,-3.0761526838065754,-3.0730603182498606,-3.069968023471587,-3.066875800385347,-3.0637836502061337,-3.060691574554939,-3.0575995756010954,-3.0545076562564977,-3.051415820441287,-3.0483240734482124,-3.045232422443598,-3.0421408771578946,-3.039049450839978,-3.0359581615793103,-3.032867034142395,-3.0297761025301164,-3.026685413547928,-3.0235950318027016,-3.020505046714007,-3.0174155823766613,-3.0143268114688913,-3.011238974914425,-3.008152409747613,-3.005067588700221,-3.0019851765756083,-2.998906110717359,-2.99583171613046,-2.9927638705324644,-2.9897052414632603,-2.986659627519365,-2.983632450158837,-2.9806314632408983,-2.977667777088831,-2.974757335702844,-2.9719230436604716,-2.9691978167897886,-2.9666289287872845,-2.9642841372733577,-2.962260170275578,-2.960694169642914,-2.959778479018878
-3.5617456209333715,-3.5609562387011544,-3.5595883618325583,-3.5577932461166264,-3.555680557671997,-3.5533305098050576,-3.5508022007149056,-3.548139439399452,-3.545374872956869,-3.5425329436153143,-3.539632027040891,-3.5366859905916197,-3.533705336297307,-3.5306980439384743,-3.5276701959544208,-3.5246264426460594,-3.5215703498416415,-3.5185046596513736,-3.515431486687003,-3.512352466179749,-3.509268866120543,-3.5061816724036983,-3.5030916536515324,-3.4999994107015437,-3.496905414484261,-3.493810035090135,-3.4907135641317995,-3.487616231991512,-3.4845182211568213,-3.4814196765571412,-3.4783207135953838,-3.475221424403857,-3.4721218827288656,-3.4690221477538103,-3.465922267098681,-3.4628222791790035,-3.4597222150654665,-3.456622099953407,-3.4535219543267552,-3.4504217948821516,-3.4473216352643736,-3.444221486652982,-3.441121358231372,-3.438021257562676,-3.4349211908917248,-3.431821163388161,-3.4287211793426295,-3.4256212423254673,-3.4225213553153524,-3.419421520803832,-3.416321740880451,-3.413222017302237,-3.410122351550538,-3.40702274487763,-3.4039231983450073,-3.4008237128549244,-3.397724289176424,-3.3946249279668725,-3.391525629789808,-3.3884263951297755,-3.3853272244046746,-3.3822281179760703,-3.3791290761578154,-3.376030099223275,-3.372931187411404,-3.3698323409318593,-3.3667335599693207,-3.363634844687143,-3.3605361952304658,-3.357437611728846,-3.354339094298515,-3.351240643044309,-3.34814225806133,-3.345043939436378,-3.3419456872491935,-3.3388475015735413,-3.3357493824781637,-3.3326513300276224,-3.3295533442830476,-3.3264554253028202,-3.323357573143187,-3.3202597878588342,-3.3171620695034276,-3.314064418130123,-3.310966833792073,-3.3078693165429183,-3.304771866437296,-3.301674483531355,-3.298577167883303,-3.2954799195539834,-3.2923827386075084,-3.2892856251119458,-3.2861885791400867,-3.283091600770306,-3.2799946900875345,-3.2768978471843635,-3.2738010721623185,-3.2707043651333194,-3.2676077262213803,-3.2645111555645814,-3.2614146533173742,-3.258318219653286,-3.255221854495623,-3.252125557774496,-3.249029329426194,-3.2459331693926163,-3.2428370776207704,-3.239741054062319,-3.2366450986731734,-3.2335492114131257,-3.230453392245522,-3.227357641136964,-3.2242619580570397,-3.2211663429780812,-3.2180707958749446,-3.2149753167248094,-3.2118799055069993,-3.2087845622028164,-3.2056892867953932,-3.2025940792695566,-3.199498939611703,-3.1964038678096856,-3.1933088638527125,-3.1902139277312536,-3.187119059436955,-3.184024258962564,-3.180929526301854,-3.17783486144957,-3.1747402644013687,-3.1716457351537692,-3.1685512737041095,-3.165456880050513,-3.16236255419186,-3.1592682961277627,-3.1561741058585553,-3.1530799833852905,-3.149985928709747,-3.1468919418344528,-3.143798022762719,-3.1407041714987,-3.137610388047478,-3.134516672415175,-3.131423024609107,-3.1283294446379917,-3.1252359325122225,-3.12214248824422,-3.11904911184891,-3.115955803344333,-3.112862562752451,-3.1097693901002033,-3.106676285420887,-3.103583248755979,-3.1004902801575156,-3.097397379691255,-3.094304547440831,-3.091211783513271,-3.088119088046308,-3.0850264612181175,-3.0819339032603024,-3.078841414475253,-3.0757489952594157,-3.072656646134566,-3.0695643677899382,-3.0664721611391235,-3.063380027397116,-3.0602879681849067,-3.0571959856718265,-3.0541040827697676,-3.051012263398868,-3.0479205328518715,-3.0448288982950946,-3.0417373694589735,-3.0386459595923654,-3.035554686784697,-3.03246357580243,-3.029372660646377,-3.02628198812189,-3.02319162283569,-3.020101654207118,-3.0170122063306613,-3.0139234518840503,-3.0108356317902847,-3.0077490830826377,-3.0046642784912803,-3.0015818828172214,-2.998502833400568,-2.9954284552411643,-2.9923606260489524,-2.989302013352551,-2.986256415731778,-2.983229254619933,-2.980228283839517,-2.977264613659358,-2.9743541879989452,-2.971519911316329,-2.968794699263171,-2.9662258252766147,-2.9638810465984378,-2.9618570907093598,-2.96029109868129,-2.9593754130801444
-3.561349486073875,-3.5605601074624005,-3.5591922369307776,-3.5573971296153477,-3.555284451154297,-3.552934414494814,-3.550406117564163,-3.5477433691525513,-3.544978816198249,-3.5421369008055574,-3.5392359985441684,-3.536289976696747,-3.5333093372339923,-3.530302059889922,-3.5272742270671515,-3.524230489037581,-3.5211744116064656,-3.518108736865743,-3.5150355794126176,-3.511956574466706,-3.5088729900096656,-3.5057858119283853,-3.502695808839222,-3.4996035815748794,-3.496509601062026,-3.4934142373879906,-3.4903177821628857,-3.4872204657669252,-3.4841224706859952,-3.481023941848159,-3.477924994655223,-3.474825721238595,-3.4717261953438427,-3.4686264761537586,-3.4655266112878342,-3.4624266391611833,-3.4593265908441557,-3.4562264915318055,-3.453126361707831,-3.450026218068679,-3.446926074258965,-3.443825941458114,-3.4407258288494083,-3.4376257439958855,-3.434525693142298,-3.4314256814582182,-3.4283257132342357,-3.4252257920406404,-3.4221259208560695,-3.4190261021720363,-3.415926338078055,-3.412826630331129,-3.409726980412586,-3.4066273895746804,-3.403527858878893,-3.400428389227465,-3.3973289813894287,-3.3942296360221373,-3.3911303536891215,-3.3880311348749195,-3.384931979997423,-3.381832889418193,-3.3787338634510773,-3.375634902369437,-3.372536006412223,-3.3694371757890873,-3.366338410684708,-3.3632397112624384,-3.360141077667414,-3.357042510029191,-3.353944008464001,-3.350845573076677,-3.3477472039623213,-3.3446489012077323,-3.34155066489265,-3.3384524950908374,-3.3353543918710358,-3.3322563552978064,-3.329158385432281,-3.3260604823328386,-3.322962646055727,-3.3198648766556316,-3.3167671741862184,-3.3136695387006445,-3.310571970252061,-3.3074744688941102,-3.304377034681429,-3.3012796676701677,-3.2981823679185327,-3.2950851354873705,-3.2919879704407915,-3.288890872846867,-3.2857938427783893,-3.282696880313735,-3.2795999855378355,-3.276503158543284,-3.2734063994316074,-3.2703097083147292,-3.267213085316665,-3.264116530575499,-3.261020044245686,-3.2579236265007565,-3.254827277264014,-3.251730996465568,-3.248634784041705,-3.245538639934321,-3.2424425640904233,-3.239346556461672,-3.236250617003978,-3.2331547456771323,-3.2300589424444794,-3.2269632072726195,-3.22386754013114,-3.220771940992371,-3.217676409831168,-3.21458094662471,-3.21148555135232,-3.2083902239952997,-3.2052949645367814,-3.202199772961591,-3.1991046492561237,-3.196009593408233,-3.1929146054071267,-3.189819685243273,-3.1867248329083195,-3.1836300483950097,-3.1805353316971208,-3.1774406828093955,-3.17434610172749,-3.171251588447924,-3.168157142968035,-3.1650627652859464,-3.1619684554005367,-3.158874213311418,-3.155780039018926,-3.152685932524114,-3.149591893828759,-3.1464979229353887,-3.1434040198473148,-3.140310184568692,-3.1372164171046015,-3.134122717461166,-3.1310290856457,-3.1279355216669225,-3.1248420255352243,-3.121748597263029,-3.118655236865261,-3.115561944359961,-3.1124687197690912,-3.1093755631195923,-3.1062824744447606,-3.103189453786071,-3.1000965011955643,-3.0970036167389954,-3.0939108004999993,-3.090818052585603,-3.087725373133539,-3.084632762321984,-3.081540220382541,-3.078447747617599,-3.0753553444236057,-3.0722630113223373,-3.069170749003027,-3.066078558379267,-3.0629864406660507,-3.0598943974843675,-3.0568024310035478,-3.053710544135483,-3.0506187408003065,-3.0475270262907563,-3.0444354077731397,-3.0413438949778806,-3.038252501153817,-3.035161244390346,-3.0320701494538844,-3.0289792503451776,-3.025888593869477,-3.022798244633355,-3.0197082920559333,-3.0166188602313717,-3.0135301218369204,-3.0104423177948663,-3.007355785137432,-3.004270996593236,-3.001188616960994,-2.9981095835774214,-2.995035221437349,-2.9919674082432977,-2.9889088115128946,-2.985863229809673,-2.982836084542789,-2.979835129498937,-2.97687147489384,-2.9739610645682757,-2.971126802863779,-2.9684016052599804,-2.965832744941124,-2.9634879787797725,-2.9614640337233826,-2.9598980500861103,-2.958982369383053
-3.5609641385638984,-3.560174763474616,-3.558806899107483,-3.557011799963902,-3.554899131214686,-3.552549105457601,-3.550020820355473,-3.547358084496464,-3.54459354466329,-3.541751642839771,-3.538850754501812,-3.5359047468587717,-3.532924121823849,-3.529916859085827,-3.526889041011636,-3.5238453178449523,-3.520789255368661,-3.517723595656929,-3.5146504532928122,-3.5115714634846427,-3.5084878942050595,-3.505400731333723,-3.502310743481192,-3.4992185314755084,-3.4961245662395832,-3.493029217857715,-3.4899327779375597,-3.4868354768573426,-3.4837374971013357,-3.4806389835962834,-3.477540051742921,-3.4744407936717785,-3.471341283127704,-3.468241579292902,-3.4651417297863776,-3.462041773022846,-3.4589417400723255,-3.455841656129598,-3.4527415416781335,-3.4496414134141893,-3.4465412849822257,-3.443441167561535,-3.4403410703352875,-3.437241000866432,-3.4341409653996413,-3.431040969104425,-3.427941016271315,-3.424841110470556,-3.4217412546807444,-3.418641451393361,-3.4155417026978916,-3.4124420103513136,-3.409342375834934,-3.406242800400992,-3.403143285110951,-3.4000438308670393,-3.396944438438277,-3.39384510848201,-3.3907458415617593,-3.387646638162055,-3.384547498700784,-3.3814484235395024,-3.378349412992051,-3.3752504673317874,-3.372151586797659,-3.3690527715993164,-3.3659540219214334,-3.362855337927362,-3.3597567197622356,-3.356658167555608,-3.3535596814237083,-3.3504612614713696,-3.347362907793692,-3.3442646204774733,-3.3411663996024523,-3.338068245242392,-3.334970157466033,-3.331872136337937,-3.3287741819192354,-3.3256762942683067,-3.3225784734413972,-3.319480719493194,-3.3163830324773613,-3.3132854124470565,-3.3101878594554326,-3.307090373556131,-3.3039929548037907,-3.3008956032545615,-3.297798318966651,-3.294701102000906,-3.2916039524214384,-3.28850687029632,-3.2854098556983433,-3.2823129087058867,-3.279216029403884,-3.276119217884929,-3.2730224742505536,-3.26992579861268,-3.266829191095329,-3.2637326518365843,-3.2606361809909066,-3.25753977873183,-3.2544434449826554,-3.2513471796734903,-3.2482509827406174,-3.2451548541259334,-3.2420587937764433,-3.2389628016438055,-3.2358668776839283,-3.2327710218566015,-3.229675234125168,-3.2265795144562284,-3.2234838628193687,-3.220388279186918,-3.217292763533731,-3.2141973158369854,-3.2111019360760045,-3.2080066242320893,-3.20491138028837,-3.201816204229673,-3.198721096042394,-3.1956260557143845,-3.192531083234852,-3.189436178594264,-3.186341341784267,-3.1832465727976067,-3.180151871628058,-3.177057238270364,-3.173962672720181,-3.170868174974027,-3.167773745029241,-3.1646793828839455,-3.161585088537019,-3.1584908619880743,-3.1553967032374453,-3.1523026122861832,-3.1492085891360686,-3.146114633789627,-3.143020746250171,-3.1399269265218552,-3.1368331746097615,-3.1337394905200107,-3.1306458742599195,-3.1275523258382054,-3.1244588452652593,-3.1213654325535045,-3.118272087717865,-3.1151788107763836,-3.1120856017510214,-3.1089924606687176,-3.105899387562771,-3.1028063824746552,-3.0997134454564104,-3.096620576573792,-3.0935277759104354,-3.0904350435733665,-3.08734237970032,-3.0842497844694727,-3.081157258112427,-3.0780648009315725,-3.0749724133233554,-3.071880095809553,-3.0687878490793996,-3.0656956740464842,-3.062603571925803,-3.0595115443383447,-3.056419593453438,-3.0533277221829715,-3.0502359344470764,-3.0471442355384837,-3.044052632623495,-3.0409611354325206,-3.0378697572143776,-3.0347785160584366,-3.031687436731068,-3.028596553232953,-3.0255059123692445,-3.0224155787463713,-3.0193256417832415,-3.016236225573697,-3.0131475027945203,-3.0100597143673062,-3.0069731973232554,-3.0038884243894763,-3.0008060603624522,-2.997727042575601,-2.994652696018874,-2.991584898387572,-2.988526317188631,-2.985480750969743,-2.9824536211165777,-2.979452681380997,-2.976489041927066,-2.9735786465189915,-2.9707443993849627,-2.9680192158372622,-2.9654503688141163,-2.963105614828922,-2.9610816803103894,-2.9595157048355447,-2.958600028897265
-3.5605902584345874,-3.5598008867627144,-3.55843302837668,-3.5566379371618377,-3.554525277835531,-3.5521752626565,-3.549646989030998,-3.546984265351149,-3.544219738248747,-3.5413778495907113,-3.538476974761949,-3.535530980900696,-3.532550369864364,-3.529543121297844,-3.526515317533444,-3.5234716087874554,-3.520415560821062,-3.5173499156911836,-3.514276787967154,-3.5111978128463552,-3.5081142582926716,-3.505027110178757,-3.5019371371095445,-3.4988449399085493,-3.4957509894950407,-3.492655655950372,-3.4895592308798196,-3.4864619446596787,-3.4833639797726526,-3.4802654811442086,-3.477166564174042,-3.474067320991833,-3.47096782534173,-3.467868136405366,-3.4647683018012745,-3.461668359943786,-3.458568341902595,-3.4554682728722192,-3.452368173335908,-3.4492680599897354,-3.4461679464780084,-3.4430678439798936,-3.439967761678455,-3.4368677071365505,-3.433767686598778,-3.4306677052345833,-3.4275677673344473,-3.424467876468567,-3.4213680356155027,-3.418268247266699,-3.415168513511616,-3.4120688361072085,-3.408969216534762,-3.4058696560464976,-3.402770155703866,-3.3996707164090827,-3.3965713389311545,-3.3934720239274183,-3.3903727719613883,-3.3872735835175867,-3.3841744590138956,-3.3810753988118654,-3.3779764032253325,-3.3748774725276514,-3.371778606957763,-3.3686798067253156,-3.365581072014981,-3.36248240299011,-3.359383799795834,-3.3562852625617032,-3.3531867914039446,-3.3500883864273923,-3.3469900477271435,-3.3438917753899964,-3.3407935694956894,-3.3376954301179853,-3.3345973573256233,-3.3314993511831643,-3.328401411751739,-3.3253035390897265,-3.322205733253373,-3.3191079942973647,-3.3160103222753676,-3.312912717240539,-3.3098151792460304,-3.306717708345485,-3.303620304593541,-3.3005229680463515,-3.2974256987621215,-3.2943284968016995,-3.2912313622291984,-3.2881342951126906,-3.2850372955249707,-3.2819403635444178,-3.278843499255967,-3.275746702752216,-3.2726499741346946,-3.2695533135153307,-3.266456721018146,-3.2633601967812287,-3.26026374095904,-3.2571673537251193,-3.2540710350027657,-3.250974784722084,-3.247878602819354,-3.2447824892364716,-3.2416864439204383,-3.238590466822913,-3.235494557899802,-3.2323987171108945,-3.2293029444195334,-3.2262072397923154,-3.223111603198826,-3.220016034611395,-3.2169205340048745,-3.2138251013564436,-3.2107297366454235,-3.2076344398531145,-3.204539210962646,-3.201444049958844,-3.1983489568281027,-3.1952539315582746,-3.1921589741385654,-3.1890640845594445,-3.1859692628125575,-3.1828745088906487,-3.179779822787493,-3.1766852044978338,-3.1735906540173264,-3.1704961713424877,-3.1674017564706576,-3.1643074093999584,-3.1612131301292696,-3.158118918658202,-3.1550247749870897,-3.1519306991169844,-3.1488366910496657,-3.1457427507876594,-3.142648878334279,-3.139555073693678,-3.1364613368709366,-3.1333676678721774,-3.130274066704716,-3.127180533377271,-3.1240870679002337,-3.120993670286026,-3.117900340549574,-3.114807078708918,-3.1117138847860204,-3.1086207588078203,-3.105527700807616,-3.102434710826882,-3.0993417889176578,-3.096248935145699,-3.093156149594642,-3.0900634323715113,-3.0869707836140425,-3.0838782035004124,-3.0807856922622237,-3.077693250201866,-3.074600877715787,-3.0715085753257614,-3.0684163437210246,-3.0653241838151675,-3.062232096823184,-3.059140084366062,-3.056048148613131,-3.052956292476276,-3.049864519875626,-3.0467728361039064,-3.0436812483274096,-3.040589766276535,-3.03749840320008,-3.0344071771873873,-3.0313161130047863,-3.0282252446528934,-3.0251346189367676,-3.022044300462697,-3.018954378649382,-3.0158649775903563,-3.0127762699619485,-3.0096884966850816,-3.006601994789966,-3.003517237002242,-3.000434888116229,-2.9973558854621443,-2.9942815540252052,-2.991213771493708,-2.988155205364218,-2.9851096541690554,-2.9820825392710995,-2.979081614388416,-2.976117989634948,-2.97320760870061,-2.97037337570362,-2.967648205793889,-2.9650793716709436,-2.9627346294996997,-2.9607107052055524,-2.9591447376503246,-2.958229066335082
-3.5602285171511667,-3.559439148785768,-3.558071296186676,-3.5562762126431933,-3.554163562433913,-3.5518135574895506,-3.5492852949681146,-3.546622583072059,-3.543858068287153,-3.5410161923672105,-3.5381153306091,-3.5351693500822363,-3.532188752590058,-3.52918151773499,-3.5261537278158372,-3.523110033022402,-3.5200539990948645,-3.5169883680734637,-3.513915254514254,-3.5108362936040214,-3.5077527532981825,-3.5046656194626102,-3.5015756606967936,-3.4984834778198732,-3.495389541747588,-3.4922942225584466,-3.4891978118554223,-3.4861005400129415,-3.48300258951219,-3.479904105277403,-3.476805202707267,-3.473705973930638,-3.470606492690993,-3.4675068181694098,-3.4644069979839665,-3.4613070705486155,-3.458207066932745,-3.4551070123306142,-3.452006927225259,-3.4489068283125768,-3.445806729236727,-3.442706641176752,-3.439606573315614,-3.436506533216082,-3.4334065271226835,-3.430306560204802,-3.4272066367528664,-3.4241067603370303,-3.4210069339358165,-3.4179071600406385,-3.4148074407409297,-3.411707777793622,-3.408608172679982,-3.4055086266522148,-3.402409140771754,-3.3993097159408037,-3.396210352928362,-3.3931110523917556,-3.3900118148944896,-3.3869126409210817,-3.3838135308894057,-3.3807144851610067,-3.377615504049716,-3.374516587828886,-3.3714177367374543,-3.368318950985067,-3.3652202307563934,-3.36212157621478,-3.359022987505355,-3.3559244647576705,-3.3528260080879533,-3.3497276176010335,-3.3466292933920085,-3.3435310355476746,-3.3404328441477706,-3.3373347192660567,-3.334236660971274,-3.331138669327982,-3.3280407443973106,-3.324942886237638,-3.321845094905211,-3.318747370454717,-3.31564971293982,-3.31255212241368,-3.3094545989294475,-3.306357142540767,-3.303259753302276,-3.3001624312701257,-3.2970651765025254,-3.2939679890603233,-3.290870869007634,-3.2877738164125287,-3.2846768313478054,-3.2815799138918433,-3.278483064129579,-3.2753862821536113,-3.272289568065472,-3.269192921977092,-3.266096344012494,-3.26299983430977,-3.259903393023385,-3.256807020326881,-3.2537107161435537,-3.2506144804035064,-3.2475183130430185,-3.244422214003983,-3.2413261832334004,-3.238230220682927,-3.235134326308469,-3.232038500069814,-3.228942741930304,-3.225847051856535,-3.2227514298180906,-3.2196558757873,-3.2165603897390147,-3.2134649716504122,-3.210369621500813,-3.2072743392715175,-3.2041791249456555,-3.2010839785080507,-3.1979888999450976,-3.1948938892446477,-3.1917989463959078,-3.1887040713893455,-3.185609264216606,-3.1825145248704336,-3.179419853344603,-3.1763252496338574,-3.173230713733852,-3.170136245641105,-3.167041845352953,-3.1639475128675185,-3.16085324818368,-3.1577590513010514,-3.1546649222199648,-3.1515708609414728,-3.1484768674673544,-3.145382941800136,-3.1422890839431274,-3.139195293900485,-3.1361015716772895,-3.133007917279663,-3.1299143307149198,-3.12682081199178,-3.123727361120634,-3.120633978113905,-3.1175406629865168,-3.1144474157565103,-3.1113542364458486,-3.1082611250814702,-3.105168081696674,-3.1020751063329337,-3.0989821990422906,-3.0958893598904997,-3.092796588961196,-3.0897038863614075,-3.086611252228867,-3.0835186867417512,-3.080426190131664,-3.0773337627009947,-3.0742414048461915,-3.0711491170890297,-3.0680569001187443,-3.0649647548489263,-3.0618726824945695,-3.0587806846766608,-3.055688763564527,-3.052596922070054,-3.0495051641133655,-3.046413494987184,-3.0433219218577925,-3.040230454455579,-3.037139106029324,-3.0340478946683413,-3.030956845138918,-3.0278659914416113,-3.024775380381387,-3.0216850765643986,-3.0185951694091457,-3.0155057830088645,-3.0124170900394445,-3.009329331421159,-3.006242844183255,-3.0031581010499595,-3.0000757668134956,-2.996996778800983,-2.9939224619930593,-2.9908546940712446,-2.9877961425220643,-2.9847506058629687,-2.981723505434789,-2.978722594922891,-2.9757589843927232,-2.9728486174623168,-2.970014398143488,-2.9672892414290466,-2.964720419787569,-2.9623756890468007,-2.9603517746451584,-2.9587858147524795,-2.9578701479102145
-3.55987957532259,-3.5590902101466795,-3.5577223631297827,-3.5559272869862375,-3.5538146455714097,-3.5514646504996,-3.5489363986893556,-3.5462736981601672,-3.543509195256947,-3.540667331624406,-3.5377664824744812,-3.5348205148102094,-3.531839930382962,-3.5288327087542006,-3.5258049321904164,-3.5227612508558552,-3.51970523047044,-3.51663961305832,-3.513566513162737,-3.510487565960261,-3.5074040393981396,-3.5043169193357007,-3.501226974367186,-3.4981348053075125,-3.495040883069018,-3.491945577727464,-3.4888491808836006,-3.485751922910056,-3.4826539862865515,-3.4795555159361324,-3.4764566272565127,-3.473357412375756,-3.470257945036685,-3.4671582844198463,-3.464058478142879,-3.4609585646193715,-3.4578585749184136,-3.454758534234016,-3.45165846304901,-3.4485583780591207,-3.445458292908367,-3.442358218775671,-3.439258164843895,-3.4361581386757276,-3.4330581465156227,-3.4299581935329058,-3.4268582840179547,-3.423758421540883,-3.420658609080176,-3.4175588491272184,-3.414459143771418,-3.4113594947696844,-3.4082599036032635,-3.405160371524346,-3.4020608995943515,-3.3989614887154715,-3.3958621396566935,-3.392762853075336,-3.389663629534898,-3.3865644695198878,-3.383465373448175,-3.3803663416812992,-3.3772673745330892,-3.3741684722768905,-3.3710696351516405,-3.367970863366981,-3.3648721571075795,-3.3617735165367804,-3.3586749417997104,-3.355576433025919,-3.3524779903316304,-3.349379613821675,-3.3462813035911507,-3.343183059726851,-3.3400848823085125,-3.3369867714098973,-3.3338887270997453,-3.3307907494426163,-3.3276928384996394,-3.324594994329194,-3.3214972169875248,-3.3183995065293206,-3.315301863008245,-3.312204286477457,-3.3091067769901072,-3.3060093345998416,-3.3029119593612983,-3.299814651330629,-3.2967174105660435,-3.2936202371283887,-3.2905231310817813,-3.2874260924942957,-3.284329121438729,-3.281232217993461,-3.2781353822434305,-3.275038614281237,-3.2719419142084156,-3.2688452821368976,-3.2657487181907094,-3.2626522225079446,-3.259555795243073,-3.2564594365696378,-3.2533631464109343,-3.250266924697063,-3.247170771364302,-3.2440746863545415,-3.2409786696147815,-3.237882721096677,-3.234786840756132,-3.2316910285529326,-3.22859528445042,-3.2254996084151877,-3.2224040004168213,-3.2193084604276474,-3.216212988422519,-3.213117584378611,-3.210022248275243,-3.2069269800937157,-3.203831779817158,-3.2007366474303933,-3.1976415829198155,-3.1945465862732756,-3.19145165747998,-3.188356796530396,-3.185262003416169,-3.1821672781300414,-3.1790726206657896,-3.175978031018154,-3.1728835091827907,-3.169789055156218,-3.1666946689357722,-3.1636003505195758,-3.160506099906507,-3.157411917096179,-3.1543178020889258,-3.1512237548857973,-3.148129775488573,-3.145035863899779,-3.1419420201227277,-3.138848244161573,-3.135754536021396,-3.132660895708319,-3.129567323229657,-3.1264738185941274,-3.1233803818121224,-3.120287012896065,-3.1171937118608786,-3.1141004787246054,-3.1110073135092082,-3.1079142162416242,-3.104821186955152,-3.1017282256912675,-3.0986353325020084,-3.095542507453133,-3.092449750628276,-3.089357062134465,-3.086264442109433,-3.0831718907313577,-3.0800794082318426,-3.076986994913277,-3.0738946511721084,-3.070802377530113,-3.067710174676526,-3.0646180435249373,-3.061525985290341,-3.058434001593724,-3.055342094604412,-3.0522502672342875,-3.049158523403474,-3.0460668684046883,-3.0429753094042056,-3.0398838561324015,-3.0367925218380396,-3.0337013246104068,-3.030610289215752,-3.027519449654572,-3.0244288527317447,-3.0213385630532925,-3.0182486700375204,-3.0151592977773785,-3.0120706189483317,-3.008982874470027,-3.0058964013707867,-3.002811672373467,-2.999729352268271,-2.996650378379333,-2.9935760756828733,-2.9905083218538717,-2.987449784369174,-2.9844042617318816,-2.9813771752615588,-2.9783762786120294,-2.9754126818019615,-2.9725023283800485,-2.9696681222554657,-2.9669429782694823,-2.964374168667894,-2.962029448953206,-2.960005544094084,-2.958439591592863,-2.9575239290653257
-3.559544080391825,-3.558754718282488,-3.5573868766326635,-3.5555918076038804,-3.5534791746445884,-3.551129189064862,-3.5486009475530187,-3.545938257952636,-3.543173766473198,-3.5403319146545136,-3.5374310776268683,-3.534485122329475,-3.531504550463647,-3.528497341551462,-3.5254695778283414,-3.522425909433959,-3.5193699020687634,-3.51630429774143,-3.5132312109828834,-3.5101522769598694,-3.5070687636117825,-3.5039816567916633,-3.5008917250887035,-3.497799569313761,-3.494705660375905,-3.4916103683482556,-3.488513984829427,-3.4854167401903147,-3.482318816909234,-3.479220359908082,-3.4761214845836417,-3.4730222830632114,-3.4699228290889903,-3.4668231818410105,-3.463723388936487,-3.4606234887886624,-3.4575235124663393,-3.4544234851632893,-3.451323427362146,-3.4482233557584716,-3.4451232839961454,-3.4420232232539765,-3.438923182714731,-3.4358231699410178,-3.432723191177223,-3.4296232515926155,-3.426523355477526,-3.423423506402027,-3.4203237073445694,-3.417223960796508,-3.414124268847227,-3.411024633253613,-3.407925055496896,-3.4048255368292497,-3.401726078312081,-3.398626680847569,-3.395527345204693,-3.3924280720407616,-3.389328861919266,-3.38622971532471,-3.383130632674957,-3.380031614331542,-3.37693266060829,-3.373833771778543,-3.3707349480812354,-3.3676361897260056,-3.364537496897516,-3.3614388697591115,-3.358340308455916,-3.3552418131174795,-3.3521433838600245,-3.3490450207883793,-3.3459467239976406,-3.342848493574603,-3.3397503295990014,-3.3366522321445964,-3.3335542012801285,-3.3304562370701554,-3.327358339575808,-3.3242605088554638,-3.32116274496537,-3.3180650479602125,-3.3149674178936577,-3.311869854818862,-3.308772358788979,-3.3056749298576524,-3.302577568079521,-3.2994802735107376,-3.2963830462095123,-3.2932858862366947,-3.2901887936564007,-3.2870917685367043,-3.2839948109504054,-3.280897920975885,-3.277801098698082,-3.274704344209599,-3.271607657611972,-3.2685110390171346,-3.265414488549116,-3.2623180063460113,-3.2592215925622923,-3.2561252473715063,-3.253028970696947,-3.249932762468712,-3.2468366226230785,-3.2437405511019364,-3.240644547852282,-3.2375486128257687,-3.2344527459782997,-3.2313569472696604,-3.228261216663191,-3.2251655541254873,-3.2220699596261295,-3.2189744331374452,-3.2158789746342844,-3.212783584093823,-3.2096882614953812,-3.2065930068202575,-3.203497820051581,-3.2004027011741747,-3.1973076501744315,-3.194212667040202,-3.1911177517606926,-3.188022904326369,-3.1849281247288763,-3.1818334129609585,-3.178738769016389,-3.1756441928899104,-3.1725496845771786,-3.169455244074711,-3.1663608713798435,-3.1632665664907,-3.1601723294061568,-3.1570781601258266,-3.1539840586500434,-3.150890024979857,-3.1477960591170477,-3.1447021610641426,-3.1416083308244516,-3.1385145684021283,-3.1354208738022558,-3.1323272470309536,-3.1292336880955394,-3.1261401970047307,-3.1230467737689187,-3.119953418400525,-3.1168601309144752,-3.1137669113288093,-3.1106737596654908,-3.107580675951459,-3.10448766022001,-3.1013947125126204,-3.098301832881329,-3.0952090213918932,-3.092116278127949,-3.089023603196523,-3.085930996735349,-3.082838458922605,-3.079745989989893,-3.0766535902396033,-3.073561260068185,-3.070468999997412,-3.0673768107165205,-3.0642846931390992,-3.0611926484801435,-3.0581006783606393,-3.0550087849499112,-3.0519169711598413,-3.048825240910548,-3.0457335994947434,-3.042642054078698,-3.039550614392774,-3.03645929368572,-3.033368110046796,-3.0302770882422134,-3.027186262272411,-3.0240956789421825,-3.021005402857426,-3.0179155234362587,-3.0148261647713555,-3.0117374995377726,-3.0086497686545544,-3.005563309149133,-3.0024785937430503,-2.9993962872245663,-2.996317326914942,-2.993243037786151,-2.9901752975068865,-2.987116773544686,-2.98407126438886,-2.981044191338521,-2.978043308017165,-2.975079724398485,-2.972169383964505,-2.9693351905257193,-2.9666100587776922,-2.9640412607520252,-2.9616965516385174,-2.9596726559541855,-2.958106710559584,-2.957191052180501
-3.5592226643197344,-3.558433305148268,-3.5570654686402587,-3.5552704064276317,-3.553157781568995,-3.5508078050829672,-3.548279573437296,-3.5456168943070305,-3.542852413771908,-3.540010573271244,-3.537109747857094,-3.5341638044075294,-3.5311832445759013,-3.5281760478465594,-3.525148296425159,-3.522104640427835,-3.5190486455363774,-3.515983053744639,-3.5129099795717456,-3.5098310581750294,-3.5067475574863627,-3.503660463352758,-3.5005705443585735,-3.497478401310779,-3.4943845051153084,-3.491289225842752,-3.488192855089679,-3.485095623225326,-3.4819977127266606,-3.4788992685144833,-3.4758004059846805,-3.4727012172638205,-3.469601776093503,-3.466502141653266,-3.4634023615599245,-3.4603024742263844,-3.457202510721172,-3.4541024962378315,-3.4510024512588076,-3.447902392479505,-3.444802333543671,-3.441702285630007,-3.438602257921188,-3.4355022579797443,-3.4324022920499977,-3.429302365301162,-3.4262024820235224,-3.4231026457871123,-3.42000285957035,-3.416903125864564,-3.4138034467591116,-3.4107038240108607,-3.4076042591010234,-3.404504753281758,-3.4014053076144597,-3.3983059230012977,-3.39520660021124,-3.3921073399015893,-3.389008142635829,-3.385909008898455,-3.3828099391073265,-3.3797109336239735,-3.376611992762217,-3.373513116795396,-3.370414305962442,-3.3673155604729916,-3.3642168805117056,-3.3611182662419257,-3.3580197178087743,-3.3549212353417994,-3.351822818957223,-3.3487244687598716,-3.34562618484484,-3.342527967298923,-3.339429816201856,-3.3363317316273977,-3.3332337136442876,-3.3301357623170844,-3.327037877706918,-3.3239400598721667,-3.320842308869076,-3.317744624752333,-3.3146470075756027,-3.3115494573920436,-3.308451974254809,-3.305354558217543,-3.302257209334886,-3.2991599276629895,-3.2960627132600644,-3.2929655661869597,-3.289868486507792,-3.2867714742906378,-3.2836745296082968,-3.280577652539153,-3.277480843168146,-3.2743841015878794,-3.2712874278998907,-3.268190822216116,-3.265094284660585,-3.2619978153713967,-3.2589014145030246,-3.2558050822290214,-3.2527088184726765,-3.249612623164087,-3.2465164962395274,-3.2434204376408853,-3.2403244473151576,-3.237228525213996,-3.234132671293302,-3.2310368855128604,-3.22794116783601,-3.2248455182293445,-3.2217499366624454,-3.218654423107638,-3.2155589775397733,-3.2124635999360245,-3.209368290275712,-3.2062730485401323,-3.2031778747124156,-3.2000827687773836,-3.19698773072143,-3.1938927605324055,-3.1907978581995144,-3.1877030237132242,-3.1846082570651775,-3.181513558248119,-3.1784189272558225,-3.1753243640830293,-3.172229868725394,-3.169135441179434,-3.166041081442487,-3.1629467895126746,-3.159852565388875,-3.1567584090707004,-3.1536643205584824,-3.150570299853273,-3.1474763469568514,-3.1443824618717446,-3.1412886446012624,-3.138194895149561,-3.13510121352172,-3.132007599723861,-3.1289140537632987,-3.125820575648753,-3.1227271653906135,-3.119633823001304,-3.116540548495748,-3.113447341891988,-3.110354203211985,-3.107261132482679,-3.104168129737366,-3.1010751950175237,-3.097982328375191,-3.0948895298761245,-3.0917967996039595,-3.0887041376657236,-3.085611544199151,-3.0825190193824192,-3.0794265634471314,-3.0763341766956773,-3.0732418595245057,-3.0701496124553915,-3.067057436177571,-3.063965331604633,-3.060873299951571,-3.057781342839372,-3.054689462437358,-3.0515976616574103,-3.0485059444196443,-3.045414316016769,-3.042322783615045,-3.039231356944827,-3.036140049254845,-3.0330488786343386,-3.0299578698494782,-3.0268670569006497,-3.0237764865925674,-3.0206862235310057,-3.0175963571339044,-3.014507011493674,-3.01141835928498,-3.0083306414262894,-3.005244194944183,-3.002159492558941,-2.9990771990569627,-2.9959982517567574,-2.992923975626228,-2.9898562483280466,-2.9867977373208325,-2.983752241080682,-2.980725180887117,-2.9777243103345783,-2.9747607393536684,-2.971850411362544,-2.9690162300771563,-2.9662911100534823,-2.963722323117916,-2.9613776241606744,-2.959353737266083,-2.9577877986798478,-2.956872144275116
-3.5589159412756075,-3.558126584907682,-3.5567587533063896,-3.55496369759826,-3.5528510804698876,-3.5505011126617627,-3.547972890431146,-3.545310221292266,-3.542545751201044,-3.5397039215008945,-3.5368031071692223,-3.5338571750257524,-3.53087662667807,-3.5278694415745173,-3.524841701892347,-3.5217980577252304,-3.5187420747371525,-3.5156764949078227,-3.512603432745107,-3.509524523397354,-3.5064410347892583,-3.503353952762081,-3.500264045895566,-3.4971719149929723,-3.4940780309572435,-3.490982763856558,-3.4878864052855314,-3.4847891856118145,-3.481691287311091,-3.4785928553031145,-3.475494004982917,-3.472394828476369,-3.469295399524497,-3.466195777306371,-3.46309600943842,-3.4599961343332315,-3.4568961830590696,-3.453796180809261,-3.4506961480660685,-3.4475961015247467,-3.4444960548289196,-3.441396019157182,-3.4382960036921215,-3.4351960159961945,-3.4320960623136623,-3.4289961478136877,-3.4258962767865113,-3.42279645280213,-3.419696678838929,-3.4165969573882093,-3.413497290539308,-3.4103976800490727,-3.4072981273986986,-3.40419863384033,-3.4010992004353513,-3.3979998280859194,-3.3949005175609956,-3.3918012695178725,-3.3887020845200273,-3.3856029630519506,-3.3825039055314967,-3.379404912320191,-3.3763059837318505,-3.3732071200398104,-3.370108321482999,-3.367009588271052,-3.3639109205886273,-3.360812318599065,-3.357713782447487,-3.354615312263439,-3.3515169081631404,-3.3484185702514195,-3.3453202986233674,-3.342222093365779,-3.339123954558389,-3.3360258822749564,-3.3329278765842196,-3.3298299375507368,-3.326732065235638,-3.323634259697302,-3.320536520991974,-3.3174388491743407,-3.3143412442980678,-3.311243706416313,-3.308146235582229,-3.3050488318494615,-3.301951495272649,-3.298854225907945,-3.2957570238135623,-3.29265988905035,-3.2895628216824258,-3.286465821777866,-3.283368889409471,-3.2802720246556265,-3.2771752276012722,-3.274078498339014,-3.2709818369703902,-3.2678852436073402,-3.2647887183738944,-3.261692261408155,-3.2585958728645994,-3.2554995529167816,-3.25240330148799,-3.249307118508319,-3.246211003914042,-3.243114957647045,-3.240018979654322,-3.2369230698875247,-3.233827228302554,-3.2307314548591934,-3.22763574952078,-3.2245401122539072,-3.221444543028156,-3.2183490418158502,-3.215253608591841,-3.2121582433333025,-3.2090629460195514,-3.2059677166318856,-3.2028725551534336,-3.1997774615690178,-3.1966824358650294,-3.19358747802932,-3.1904925880510944,-3.187397765920818,-3.184303011630135,-3.181208325171788,-3.1781137065395515,-3.175019155728166,-3.171924672733287,-3.168830257551432,-3.1657359101799374,-3.162641630616924,-3.1595474188612704,-3.156453274912589,-3.153359198771212,-3.150265190438192,-3.147171249915307,-3.144077377205082,-3.140983572310829,-3.1378898352367024,-3.1347961659877828,-3.131702564570192,-3.1286090309912447,-3.1255155652596596,-3.122422167385828,-3.1193288373821724,-3.116235575263616,-3.1131423810482017,-3.1100492547578913,-3.1069561964196244,-3.1038632060666975,-3.100770283740587,-3.097677429493332,-3.0945846433906903,-3.091491925516298,-3.08839927597718,-3.085306694911073,-3.0822141824961515,-3.0791217389640213,-3.0760293646170718,-3.072937059851752,-3.069844825189838,-3.0667526613205647,-3.063660569157521,-3.0605685499157,-3.057476605216089,-3.0543847372280104,-3.0512929488633413,-3.0482012440421964,-3.0451096280572783,-3.0420181080748425,-3.0389266938252337,-3.0358353985571656,-3.0327442403598535,-3.0296532439994355,-3.026562443476245,-3.023471885594917,-3.0203816349611126,-3.0172917809926014,-3.0142024477815412,-3.011113808002224,-3.0080261025725665,-3.004939668518333,-3.0018549785586046,-2.9987726974780022,-2.99569376259241,-2.9926194988658477,-2.98955178395524,-2.9864932853106967,-2.9834478013957026,-2.9804207534710843,-2.977419895103557,-2.974456336182602,-2.9715460200654285,-2.968711850377768,-2.965986741542393,-2.9634179651898735,-2.961073275924539,-2.959049397417807,-2.957483465328649,-2.9565678147165553
-3.5586245053485506,-3.557835151644399,-3.5564673247052014,-3.554672275177293,-3.552559665393799,-3.5502097058309445,-3.547681492546,-3.545018832900385,-3.5422543727323825,-3.5394125532942873,-3.5365117494925755,-3.5335658280915294,-3.5305852906552535,-3.5275781165978795,-3.524550388069671,-3.521506755142959,-3.518450783464809,-3.5153852150014924,-3.5123121642501753,-3.5092332663506736,-3.506149789220859,-3.5030627186965306,-3.499972823353048,-3.4968807039901435,-3.493786831507921,-3.490691575972263,-3.487595228975931,-3.4844980208850727,-3.481400134174149,-3.47830171376192,-3.475202875042606,-3.4721037101414134,-3.469004292798827,-3.4659046821934703,-3.4628049259414033,-3.4597050624549124,-3.4566051228020123,-3.453505132175822,-3.450405111058434,-3.447305076144959,-3.444205041078902,-3.4411050170387596,-3.438005013207037,-3.4349050371461196,-3.431805095100211,-3.4287051922384233,-3.4256053328509553,-3.4225055205077672,-3.4194057581872173,-3.416306048380581,-3.413206393177173,-3.4101067943338235,-3.4070072533317113,-3.403907771422967,-3.400808349668964,-3.397708988971849,-3.394609690100574,-3.3915104537124243,-3.388411280370872,-3.385312170560401,-3.382213124698862,-3.3791141431477763,-3.376015226220957,-3.3729163741917354,-3.369817587299038,-3.366718865752497,-3.3636202097367693,-3.3605216194151937,-3.357423094932889,-3.3543246364193995,-3.351226243990944,-3.348127917752349,-3.345029657798708,-3.3419314642168123,-3.338833337086396,-3.335735276481219,-3.3326372824700194,-3.3295393551173555,-3.3264414944843548,-3.323343700629396,-3.320245973608726,-3.3171483134770305,-3.314050720287975,-3.3109531940947186,-3.307855734950413,-3.3047583429087033,-3.301661018024231,-3.298563760353151,-3.295466569953672,-3.292369446886647,-3.289272391216193,-3.2861754030103865,-3.2830784823420305,-3.2799816292895105,-3.276884843937768,-3.27378812637941,-3.2706914767159776,-3.2675948950594087,-3.2644983815337385,-3.2614019362770703,-3.2583055594438837,-3.255209251207736,-3.2521130114919132,-3.249016840226509,-3.2459207373477947,-3.242824702797655,-3.2397287365230834,-3.2366328384757312,-3.2335370086114965,-3.230441246890162,-3.2273455532750654,-3.2242499277327967,-3.221154370232937,-3.2180588807478108,-3.2149634592522656,-3.2118681057234766,-3.20877282014076,-3.205677602485414,-3.202582452740566,-3.199487370891038,-3.196392356923221,-3.1932974108249654,-3.1902025325854755,-3.187107722195218,-3.184012979645835,-3.1809183049300707,-3.177823698041698,-3.1747291589754587,-3.1716346877270065,-3.1685402842928587,-3.165445948670352,-3.162351680857608,-3.1592574808535034,-3.1561633486576506,-3.153069284270383,-3.1499752876927514,-3.146881358926534,-3.1437874979742566,-3.140693704839232,-3.1375999795256133,-3.134506322038482,-3.1314127323839602,-3.128319210569362,-3.1252257566034047,-3.1221323704964803,-3.1190390522610105,-3.115945801911921,-3.1128526194672514,-3.1097595049489657,-3.1066664583840033,-3.1035734798056613,-3.100480569255415,-3.097387726785304,-3.0942949524610843,-3.091202246366393,-3.088109608608258,-3.0850170393244127,-3.081924538693035,-3.0788321069457285,-3.0757397443848826,-3.0726474514069464,-3.0695552285336962,-3.066463076454366,-3.0633709960825466,-3.060278988633231,-3.0571870557274052,-3.05409519953439,-3.0510034229660623,-3.0479117299425327,-3.044820125756501,-3.0417286175742166,-3.038637215126014,-3.0355459316605926,-3.0324547852671464,-3.029363800711779,-3.026273011994775,-3.023182465920696,-3.0200922270950934,-3.0170023849355747,-3.0139130635340576,-3.01082443556448,-3.0077367419442353,-3.0046503196983134,-3.001565641544653,-2.998483372266189,-2.99540444917631,-2.9923301972353453,-2.9892624940947585,-2.9862040071965743,-2.9831585349922953,-2.9801314987249867,-2.9771306519350165,-2.9741671044727984,-2.97125679963763,-2.9684226409695214,-2.9656975427646786,-2.9631287764676113,-2.9607840964110155,-2.9587602258739847,-2.9571942999580068,-2.9562786529494764
-3.5583489282941083,-3.5575595771087274,-3.556191754577842,-3.554396710893732,-3.552284108055294,-3.5499341562888715,-3.5474059514626313,-3.544743300793506,-3.541978850008542,-3.539137040273872,-3.5362362464289063,-3.533290335185507,-3.5303098080666597,-3.5273026444541498,-3.524274926472721,-3.521231304174522,-3.5181753431906246,-3.5151097854745905,-3.5120367455134707,-3.508957858439013,-3.5058743921626383,-3.50278733251498,-3.4996974480672502,-3.4966053396158485,-3.4935114780581937,-3.4904162334580007,-3.487319897406274,-3.4842227002677393,-3.4811248245157023,-3.4780264150679834,-3.474927587318035,-3.4718284333904372,-3.4687290270251596,-3.4656294274004056,-3.4625296821318887,-3.45942982963161,-3.4563299009673463,-3.4532299213320217,-3.4501299112075663,-3.4470298872889553,-3.4439298632195823,-3.440829850177849,-3.4377298573461803,-3.434629892286898,-3.431529961244149,-3.4284300693869993,-3.42533022100561,-3.4222304196699076,-3.4191306683582217,-3.4160309695618025,-3.412931325369946,-3.4098317375394647,-3.4067322075515216,-3.403632736658235,-3.4005333259209665,-3.3974339762418553,-3.394334688389844,-3.3912354630222112,-3.388136300702423,-3.3850372019149595,-3.381938167077665,-3.3788391965520566,-3.375740290651945,-3.3726414496506605,-3.3695426737871244,-3.3664439632709673,-3.363345318286845,-3.3602467389980926,-3.3571482255498286,-3.3540497780715968,-3.3509513966796147,-3.347853081478707,-3.344754832563967,-3.3416566500221845,-3.338558533933094,-3.335460484370455,-3.3323625014030043,-3.3292645850952987,-3.326166735508468,-3.3230689527008903,-3.319971236728811,-3.316873587646917,-3.3137760055088736,-3.31067849036784,-3.307581042276969,-3.3044836612899067,-3.3013863474612926,-3.2982891008472817,-3.2951919215060856,-3.2920948094985554,-3.28899776488881,-3.285900787744927,-3.282803878139709,-3.2797070361515424,-3.276610261865372,-3.273513555373804,-3.270416916778382,-3.267320346191045,-3.264223843735831,-3.261127409550844,-3.258031043790566,-3.2549347466285576,-3.2518385179881033,-3.248742357799294,-3.245646265998402,-3.2425502425273076,-3.2394542873330052,-3.236358400367144,-3.233262581585621,-3.2301668309482188,-3.227071148418273,-3.2239755339623746,-3.220879987550102,-3.2177845091537804,-3.2146890987482566,-3.2115937563107044,-3.2084984818204414,-3.2054032752587633,-3.2023081366087984,-3.1992130658553672,-3.1961180629848616,-3.1930231279851298,-3.1899282608453765,-3.1868334615560676,-3.1837387301088462,-3.1806440664964555,-3.1775494707126692,-3.1744549427522277,-3.1713604826107855,-3.1682660902848587,-3.1651717657717837,-3.162077509069683,-3.158983320177433,-3.1558891990946463,-3.152795145821656,-3.1497011603595126,-3.1466072427099947,-3.1435133928756276,-3.1404196108597224,-3.1373258966664332,-3.1342322503008404,-3.1311386717690666,-3.1280451610784263,-3.1249517182376385,-3.1218583432570934,-3.118765036149213,-3.115671796928923,-3.1125786256142636,-3.1094855222271973,-3.1063924867946633,-3.103299519349961,-3.1002066199345655,-3.0971137886005162,-3.0940210254135683,-3.090928330457359,-3.0878357038389157,-3.0847431456959726,-3.0816506562067065,-3.078558235602722,-3.0754658841864098,-3.0723736023542187,-3.069281390627925,-3.0661892496967624,-3.0630971804743226,-3.0600051841755973,-3.0569132624215722,-3.053821417381567,-3.050729651967457,-3.0476379700993506,-3.044546377069945,-3.041454880045483,-3.0383634887562887,-3.035272216451049,-3.032181081218937,-3.029090107826025,-3.0259993302725494,-3.0229087953630036,-3.0198185677028357,-3.016728736709499,-3.013639426474683,-3.0105508096719933,-3.007463127218328,-3.0043767161379455,-3.0012920491477044,-2.998209791028943,-2.9951308790926907,-2.992056638295788,-2.9889889462845365,-2.9859304704933125,-2.98288500936229,-2.979857984117737,-2.9768571482751125,-2.973893611647886,-2.9709833174805973,-2.9681491692322024,-2.9654240810792287,-2.962855324290254,-2.9605106529411267,-2.9584867899399727,-2.9569208698611433,-2.9560052262600203
-3.5580897573309866,-3.557300408514362,-3.555932590129237,-3.5541375519408773,-3.5520249556338572,-3.5496750111995237,-3.547146814328201,-3.544484172100939,-3.5417197301401706,-3.538877929531002,-3.535977145049769,-3.5330312433590345,-3.5300507259431173,-3.5270435721533793,-3.5240158640905674,-3.5209722517878532,-3.517916300861262,-3.5148507532524067,-3.511777723438825,-3.508698846544675,-3.505615390475312,-3.5025283410565105,-3.4994384668555854,-3.4963463686658005,-3.4932525173820492,-3.4901572830660057,-3.487060957307024,-3.4839637704684936,-3.480865905022635,-3.4777675058863817,-3.474668688452466,-3.471569544844877,-3.4684701488031036,-3.465370559504951,-3.4622708245658074,-3.459170982397405,-3.4560710640672965,-3.4529710947682233,-3.4498710949819626,-3.4467710814033636,-3.4436710676757136,-3.440571064977327,-3.437471082490553,-3.4343711277776534,-3.4312712070827236,-3.4281713255747834,-3.425071487543957,-3.4219716965601408,-3.4188719556016367,-3.415772267159674,-3.412672633323527,-3.4095730558499926,-3.4064735362202216,-3.40337407568632,-3.400274675309639,-3.3971753359923076,-3.3940760585032614,-3.390976843499774,-3.3878776915453037,-3.3847786031243263,-3.381679578654682,-3.378580618497884,-3.3754817229677396,-3.3723828923375767,-3.3692841268463143,-3.366185426703581,-3.3630867920940313,-3.359988223180997,-3.356889720109598,-3.353791283009374,-3.350692911996543,-3.3475946071759286,-3.3444963686426235,-3.3413981964834174,-3.338300090778043,-3.335202051600259,-3.332104079018803,-3.3290061730982314,-3.325908333899674,-3.3228105614815076,-3.319712855899978,-3.316615217209773,-3.313517645464558,-3.3104201407174907,-3.307322703021726,-3.304225332430909,-3.3011280289996803,-3.2980307927841945,-3.2949336238426636,-3.29183652223594,-3.288739488028143,-3.285642521287351,-3.2825456220863667,-3.279448790503578,-3.276352026623931,-3.273255330540033,-3.2701587023534278,-3.2670621421760573,-3.263965650131961,-3.260869226359244,-3.2577728710123908,-3.2546765842649648,-3.2515803660402476,-3.24848421626833,-3.2453881348854816,-3.2422921218335836,-3.239196177059628,-3.236100300515262,-3.2330044921563843,-3.2299087519427747,-3.2268130798377683,-3.2237174758079554,-3.220621939822915,-3.217526471854969,-3.214431071878966,-3.211335739872078,-3.208240475813622,-3.205145279684894,-3.2020501514690203,-3.1989550911508235,-3.195860098716694,-3.1927651741544807,-3.1896703174533867,-3.186575528603878,-3.1834808075975967,-3.180386154427286,-3.17729156908672,-3.1741970515706375,-3.171102601874694,-3.1680082199954045,-3.164913905930108,-3.1618196596769255,-3.1587254812347334,-3.1556313706031434,-3.1525373277824875,-3.1494433527738175,-3.146349445578911,-3.143255606200294,-3.1401618346412765,-3.137068130906014,-3.133974494999589,-3.13088092692812,-3.1277874266989225,-3.124693994320715,-3.121600629803888,-3.1185073331608657,-3.1154141044065713,-3.112320943559046,-3.109227850640252,-3.1061348256771293,-3.1030418687029755,-3.0999489797592665,-3.096856158898042,-3.0937634061850585,-3.0906707217039533,-3.0875781055617515,-3.084485557896188,-3.081393078885441,-3.078300668761116,-3.0752083278256013,-3.0721160564753456,-3.069023855232127,-3.06593172478518,-3.0628396660480943,-3.0597476802358616,-3.0566557689694664,-3.0535639344182295,-3.0504721794940237,-3.047380508116956,-3.0442889255797194,-3.0411974390485517,-3.038106058253769,-3.035014796444045,-3.0319236717085305,-3.0288327088132707,-3.025741941758458,-3.0226514173485204,-3.0195612001888072,-3.016471379696629,-3.0133820799634643,-3.0102934736625997,-3.007205801710468,-3.0041194011306414,-3.001034744638962,-2.9979524970152664,-2.9948735955683654,-2.991799365251819,-2.9887316837070723,-2.9856732183613137,-2.9826277676440602,-2.979600752765783,-2.9765999272185155,-2.9736364007809826,-2.970726116646228,-2.967891978196979,-2.965166899497215,-2.962598151650059,-2.9602534884898093,-2.958229632575718,-2.956663717986392,-2.9557480775897402
-3.557847513003175,-3.5570581664005285,-3.555690351890275,-3.5538953188385647,-3.551782728636187,-3.549432791054849,-3.5469046016186505,-3.5442419672816405,-3.5414775335684747,-3.5386357414885232,-3.535734965759172,-3.5327890729969065,-3.5298085646499047,-3.5268014200410946,-3.5237737212487925,-3.52073011828843,-3.5176741767619726,-3.5146086385998627,-3.5115356182707482,-3.5084567508916935,-3.505373304362385,-3.502286264504057,-3.499196399880379,-3.496104311281685,-3.4930104696005073,-3.489915244896615,-3.4868189287578204,-3.483721751546264,-3.480623895733146,-3.4775255062345773,-3.4744266984426146,-3.471327564480696,-3.468228178087858,-3.4651285984415354,-3.462028873156812,-3.4589290406451676,-3.4558291319739487,-3.4527291723357245,-3.4496291822121314,-3.446529178297899,-3.443429174236215,-3.44032918120531,-3.4372292083874676,-3.434129263344888,-3.4310293523216195,-3.427929480486642,-3.424829652130045,-3.4217298708216943,-3.4186301395398675,-3.4155304607757726,-3.4124308366186655,-3.4093312688253286,-3.4062317588768996,-3.403132308025472,-3.400032917332388,-3.3969335876997695,-3.393834319896544,-3.390735114579979,-3.3876359723135283,-3.3845368935816627,-3.381437878802218,-3.3783389283367056,-3.375240042498929,-3.372141221562213,-3.3690424657654736,-3.365943775318337,-3.362845150405458,-3.3597465911901665,-3.3566480978175792,-3.353549670417238,-3.3504513091053583,-3.3473530139867633,-3.3442547851565436,-3.3411566227014906,-3.3380585267013356,-3.334960497229837,-3.3318625343557304,-3.328764638143574,-3.3256668086544963,-3.3225690459468744,-3.3194713500769546,-3.3163737210994233,-3.313276159067946,-3.3101786640356825,-3.307081236055785,-3.3039838751818995,-3.300886581468668,-3.297789354972244,-3.294692195750842,-3.291595103865314,-3.2884980793797802,-3.285401122362319,-3.282304232885735,-3.279207411028416,-3.2761106568753084,-3.2730139705190204,-3.2699173520610985,-3.266820801613485,-3.2637243193002203,-3.2606279052594136,-3.2575315596455505,-3.2544352826321967,-3.2513390741426336,-3.2482429341069485,-3.2451468624614104,-3.2420508591478994,-3.238954924113407,-3.2358590573095785,-3.2327632586923114,-3.229667528221386,-3.226571865860136,-3.223476271575151,-3.220380745336009,-3.2172852871150317,-3.214189896887067,-3.211094574629287,-3.2079993203210075,-3.204904133943525,-3.2018090154799648,-3.198713964915149,-3.1956189822354664,-3.192524067428767,-3.1894292204842545,-3.1863344413923933,-3.1832397301448263,-3.1801450867342953,-3.1770505111545737,-3.173956003400403,-3.1708615634674366,-3.1677671913521905,-3.1646728870520016,-3.1615786505649908,-3.158484481890034,-3.1553903810267436,-3.1522963479754527,-3.1492023827372124,-3.1461084853138006,-3.143014655707743,-3.1399208939223513,-3.136827199961777,-3.133733573831104,-3.1306400155364504,-3.1275465250851333,-3.124453102485871,-3.1213597477490524,-3.118266460887103,-3.1151732419149436,-3.112080090850618,-3.108987007716089,-3.1058939925382956,-3.1028010453505352,-3.099708166194282,-3.0966153551215783,-3.09352261219818,-3.090429937507724,-3.087337331157236,-3.0842447932844514,-3.081152324067548,-3.0780599237381296,-3.074967592598588,-3.07187533104537,-3.068783139600254,-3.0656910189524735,-3.0625989700156193,-3.0595069940046846,-3.0564150925406515,-3.0533232677928397,-3.050231522673122,-3.0471398611016016,-3.044048288370968,-3.040956811647455,-3.03786544066137,-3.0347741886613755,-3.0316830737366045,-3.0285921206530744,-3.0255013634109367,-3.022410848814556,-3.0193206414691933,-3.0162308307920234,-3.013141540874324,-3.0100529443890904,-3.0069652822523176,-3.0038788914869365,-3.000794244807838,-2.997712006993457,-2.994633115350531,-2.9915588948295513,-2.9884912230674257,-2.98543276748462,-2.982387326500695,-2.9793603213113564,-2.9763595053867413,-2.9733959884731025,-2.9704857137153504,-2.967651584424965,-2.964926514560733,-2.9623577750711303,-2.9600131195646906,-2.9579892702745862,-2.9564233608160757,-2.9555077234145117
-3.5576226871233954,-3.5568333425754473,-3.5554655316612926,-3.553670503376684,-3.5515579188397624,-3.549207987618393,-3.5466798050824138,-3.5440171780680045,-3.5412527520090804,-3.538410967844727,-3.5355102002376166,-3.5325643157614737,-3.5295838158309354,-3.5265766797425426,-3.523548989553793,-3.5205053952636565,-3.517449462461051,-3.514383933066053,-3.511310921539056,-3.5082320629905444,-3.505148625314941,-3.502061594329267,-3.4989717385938106,-3.4958796588961865,-3.4927858261267346,-3.489690610343456,-3.4865943031327324,-3.483497134855542,-3.480399287982145,-3.477300907427883,-3.474202108584189,-3.471102983573989,-3.468003606135899,-3.464904035447013,-3.4618043191221304,-3.4587044955724977,-3.45560459586527,-3.4525046451928567,-3.4494046640367593,-3.4463046690915986,-3.443204674000471,-3.4401046899415313,-3.4370047260969985,-3.43390479002902,-3.430804887981597,-3.427705025123671,-3.4246052057453,-3.421505433416323,-3.4184057111149944,-3.4153060413325025,-3.4122064261580873,-3.4091068673485165,-3.4060073663849155,-3.402907924519368,-3.399808542813206,-3.396709222168544,-3.393609963354304,-3.3905107670277475,-3.387411633752323,-3.384312564012497,-3.3812135582261025,-3.378114616754647,-3.3750157399119325,-3.37191692797128,-3.368818181171604,-3.3657194997225295,-3.362620883808707,-3.359522333593467,-3.3564238492219274,-3.353325430823625,-3.350227078514777,-3.3471287924002042,-3.344030572574997,-3.3409324191259446,-3.3378343321327795,-3.3347363116692597,-3.3316383578041218,-3.328540470601923,-3.325442650123791,-3.3223448964281035,-3.319247209571106,-3.3161495896074857,-3.3130520365909075,-3.3099545505745303,-3.306857131611508,-3.3037597797554867,-3.3006624950611085,-3.297565277584528,-3.294468127383958,-3.291371044520251,-3.2882740290575287,-3.2851770810638707,-3.282080200612081,-3.278983387780549,-3.275886642654222,-3.272789965325711,-3.269693355896561,-3.2665968144787163,-3.263500341196218,-3.2604039361871777,-3.2573075996060834,-3.2542113316265024,-3.2511151321717144,-3.2480190011718078,-3.2449229385630476,-3.241826944287314,-3.238731018291598,-3.235635160527544,-3.232539370951048,-3.2294436495218894,-3.226347996203401,-3.223252410962172,-3.2201568937677796,-3.217061444592545,-3.2139660634113163,-3.210870750201264,-3.2077755049417056,-3.2046803276139344,-3.201585218201077,-3.1984901766879537,-3.195395203060956,-3.1923002973079315,-3.189205459418084,-3.186110689381878,-3.1830159871909562,-3.1799213528380608,-3.1768267863169646,-3.1737322876224074,-3.1706378567500426,-3.167543493696387,-3.1644491984587764,-3.1613549710353333,-3.158260811424933,-3.1551667196271884,-3.1520726956424294,-3.14897873947171,-3.145884851116806,-3.1427910305802436,-3.139697277865334,-3.1366035929762317,-3.133509975918017,-3.130416426696811,-3.12732294531993,-3.1242295317960913,-3.1211361861356854,-3.1180429083511343,-3.114949698457363,-3.1118565564724125,-3.1087634824182455,-3.1056704763218015,-3.102577538216378,-3.0994846681434516,-3.096391866155061,-3.093299132316963,-3.090206466712794,-3.0871138694495817,-3.084021340665061,-3.0809288805374093,-3.077836489298231,-3.074744167249916,-3.0716519147889145,-3.0685597324370026,-3.065467620883416,-3.062375581041744,-3.059283614126979,-3.056191721760103,-3.053099906110436,-3.0500081700898494,-3.0469165176184454,-3.0438249539889095,-3.0407334863674707,-3.037642124484429,-3.034550881588435,-3.0314597757686044,-3.028368831790929,-3.0252780836555226,-3.0221875781666943,-3.019097379929618,-3.0160075783613443,-3.0129182975529676,-3.0098297101772067,-3.0067420571496553,-3.0036556754926473,-3.000571037920194,-2.9974888092094267,-2.994409926665158,-2.991335715235034,-2.9882680525517498,-2.985209606029533,-2.9821641740787026,-2.979137177881262,-2.9761363708870268,-2.9731728628121163,-2.970262596756769,-2.967428475966342,-2.964703414301995,-2.962134682568688,-2.959790034165428,-2.9577661910227686,-2.9562002863259527,-2.9552846517040043
-3.5574157408139984,-3.556626398157249,-3.555258590553041,-3.5534635666562013,-3.551350987333916,-3.5490010619664303,-3.546472885781593,-3.543810265507096,-3.541045846493333,-3.538204069614697,-3.535303309483505,-3.5323574326341216,-3.529376940450311,-3.5263698122043254,-3.5233421299345027,-3.520298543624661,-3.5172426188517076,-3.5141770975261784,-3.5111040941008715,-3.508025243680211,-3.5049418141537783,-3.5018547913347167,-3.498764943780201,-3.4956728722753443,-3.49257904770847,-3.4894838401359487,-3.486387541142846,-3.4832903810890725,-3.4801925424440197,-3.477094170122325,-3.473995379514843,-3.4708962627440307,-3.4677968935481203,-3.464697331103886,-3.461597623025868,-3.458497807725099,-3.4553979162685557,-3.452297973848501,-3.4491980009463146,-3.4460980142565156,-3.442998027422117,-3.4398980516212,-3.4367980960359277,-3.4336981682283967,-3.430598274442567,-3.427498419847346,-3.424398608732761,-3.4212988446686263,-3.4181991306331754,-3.4150994691175787,-3.411999862211062,-3.4089003116703767,-3.4058008189766387,-3.4027013853819223,-3.399602011947553,-3.3965026995756364,-3.3934034490350884,-3.3903042609831657,-3.387205135983312,-3.384106074519991,-3.381007077011032,-3.3779081438179386,-3.3748092752545085,-3.3717104715940613,-3.3686117330755128,-3.3655130599084844,-3.3624144522776254,-3.359315910346266,-3.35621743425952,-3.3531190241469253,-3.350020680124697,-3.3469224022976567,-3.3438241907608948,-3.3407260456012,-3.337627966898303,-3.334529954725961,-3.3314320091529104,-3.3283341302437086,-3.325236318059484,-3.322138572658613,-3.3190408940973413,-3.3159432824303563,-3.312845737711323,-3.309748259993401,-3.306650849329743,-3.303553505773996,-3.300456229380801,-3.2973590202063146,-3.2942618783087507,-3.291164803748962,-3.2880677965910694,-3.284970856903153,-3.2818739847580187,-3.278777180234056,-3.2756804434162126,-3.2725837743971,-3.269487173278265,-3.266390640171654,-3.2632941752013087,-3.2601977785053426,-3.2571014502382454,-3.254005190573586,-3.2509089994346425,-3.2478128767515018,-3.2447168224604295,-3.2416208365033037,-3.238524918827114,-3.2354290693835046,-3.232333288128371,-3.2292375750214912,-3.2261419300261975,-3.2230463531090794,-3.2199508442397122,-3.216855403390419,-3.213760030536044,-3.2106647256537593,-3.2075694887228807,-3.204474319724703,-3.201379218642352,-3.198284185460648,-3.1951892201659797,-3.192094322746197,-3.188999493190502,-3.1859047314893614,-3.182810037634415,-3.179715411618406,-3.1766208534351055,-3.1735263630792554,-3.1704319405465076,-3.1673375858333794,-3.164243298937207,-3.16114907985611,-3.158054928588966,-3.154960845135387,-3.1518668294957055,-3.1487728816709724,-3.1456790016629657,-3.1425851894742096,-3.139491445108015,-3.136397768568537,-3.1333041598608564,-3.130210618991094,-3.1271171459665648,-3.124023740795986,-3.12093040348975,-3.1178371340602786,-3.1147439325224964,-3.111650798894445,-3.1085577331980856,-3.105464735460359,-3.1023718057145624,-3.0992789440021715,-3.096186150375226,-3.0930934248994815,-3.0900007676585757,-3.086908178759536,-3.083815658340097,-3.0807232065784373,-3.07763082370616,-3.074538510025657,-3.071446265933376,-3.068354091951095,-3.0652619887680492,-3.062169957297829,-3.0590779987554244,-3.0559861147618195,-3.0528943074863317,-3.049802579840832,-3.0467109357454207,-3.043619380492781,-3.0405279212491356,-3.0374365677447797,-3.0343453332283516,-3.031254235788954,-3.0281633001925536,-3.0250725604392286,-3.0219820633332364,-3.018891873479675,-3.015802080295478,-3.0127128078715697,-3.0096242288804174,-3.0065365842372427,-3.00345021096383,-3.00036558177338,-2.9972833614418257,-2.994204487272208,-2.9911302842095533,-2.98806262988268,-2.9850041917000754,-2.98195876806355,-2.9789317801424966,-2.9759309813680273,-2.9729674814285207,-2.970057223383102,-2.9672231104162665,-2.9644980562993175,-2.9619293317051145,-2.9595846898398124,-2.957560852355426,-2.9559949520414004,-2.9550793199778855
-3.557227102661969,-3.5564377617289957,-3.555069957141716,-3.5532749372442094,-3.551162362674924,-3.548812442643095,-3.546284272247152,-3.543621658115904,-3.540857245523616,-3.5380154752857162,-3.5351147219686236,-3.532168852070824,-3.529188366947944,-3.5261812458500996,-3.5231535707981645,-3.5201099917621455,-3.517054074307999,-3.5139885603375673,-3.5109155642967274,-3.507836721284381,-3.5047532991856953,-3.5016662838102786,-3.4985764437124685,-3.495484379675095,-3.492390562584644,-3.489295362496003,-3.4861990709930364,-3.4831019184346803,-3.4800040872895375,-3.4769057224716016,-3.4738069393712037,-3.4707078301103693,-3.4676084684269797,-3.4645089134975207,-3.461409212936295,-3.458309405154139,-3.455209521217869,-3.4521095863196125,-3.4490096209406405,-3.445909641775377,-3.4428096624667583,-3.4397096941928043,-3.436609746135622,-3.4335098258572634,-3.43040993960165,-3.427310092537659,-3.4242102889552894,-3.4211105324243336,-3.418010825923006,-3.4149111719424603,-3.4118115725719074,-3.408712029568087,-3.4056125444121053,-3.402513118356028,-3.399413752461173,-3.396314447629639,-3.3932152046303368,-3.3901160241205184,-3.3870169066636238,-3.383917852744113,-3.3808188627798095,-3.377719937132216,-3.37462107611513,-3.371522280001868,-3.3684235490313434,-3.365324883413176,-3.3622262833320136,-3.3591277489511855,-3.356029280415804,-3.352930877855408,-3.3498325413862116,-3.346734271113034,-3.3436360671309657,-3.3405379295267954,-3.337439858380253,-3.3343418537650957,-3.33124391575006,-3.328146044399702,-3.3250482397751497,-3.3219505019347806,-3.3188528309348406,-3.3157552268300163,-3.312657689673973,-3.3095602195198697,-3.306462816420861,-3.3033654804305925,-3.300268211603707,-3.2971710099963585,-3.294073875666763,-3.290976808675773,-3.2878798090875105,-3.284782876970056,-3.2816860123962153,-3.2785892154443803,-3.2754924861994974,-3.2723958247541796,-3.269299231209975,-3.2662027056788308,-3.263106248284791,-3.26000985916597,-3.256913538476858,-3.2538172863910275,-3.250721102831756,-3.2476249877291274,-3.2445289410194067,-3.241432962644471,-3.2383370525513087,-3.2352412106915636,-3.2321454370211296,-3.229049731499785,-3.225954094090862,-3.2228585247609485,-3.219763023479621,-3.2166675902192,-3.213572224954531,-3.2104769276627856,-3.2073816983232777,-3.2042865369173037,-3.2011914434279887,-3.198096417840152,-3.195001460140183,-3.191906570315931,-3.188811748356597,-3.185716994252647,-3.1826223079957225,-3.179527689578565,-3.176433138994947,-3.173338656239608,-3.1702442413082026,-3.167149894197246,-3.164055614904074,-3.1609614034268088,-3.157867259764326,-3.1547731839162365,-3.1516791758828733,-3.148585235665287,-3.145491363265256,-3.142397558685305,-3.1393038219287446,-3.1362101529997304,-3.1331165519033415,-3.1300230186456997,-3.12692955323412,-3.1238361556773206,-3.1207428259856913,-3.117649564171656,-3.11455637025014,-3.1114632442391823,-3.1083701861607467,-3.1052771960417713,-3.1021842739155554,-3.0990914198235733,-3.095998633817866,-3.092905915964189,-3.08981326634618,-3.0867206850708664,-3.083628172275983,-3.0805357281397074,-3.0774433528936447,-3.0743510468401847,-3.0712588103757765,-3.068166644022198,-3.065074548468683,-3.061982524628822,-3.0588905737176066,-3.0557986973560207,-3.05270689771338,-3.0496151777015554,-3.0465235412406444,-3.043431993623327,-3.040340542015824,-3.037249196148422,-3.034157969269753,-3.0310668794689026,-3.0279759515118174,-3.0248852193985427,-3.021794729933288,-3.018704547721081,-3.0156147621787515,-3.012525497397068,-3.0094369260482687,-3.0063492890472365,-3.0032629234152552,-3.0001783018647856,-2.9970960891706686,-2.994017222634331,-2.9909430271984103,-2.987875380488191,-2.9848169499069277,-2.981771533848678,-2.978744553471338,-2.9757437621889715,-2.9727802696646752,-2.9698700189200977,-2.9670359130842634,-2.96431086584657,-2.961742147759475,-2.959397511853352,-2.957373679526336,-2.9558077832071112,-2.9548921534755417
-3.5570571670057665,-3.556267827625544,-3.554900025755861,-3.5531050094608863,-3.5509924391730254,-3.5486425239474673,-3.5461143587660637,-3.543451750168551,-3.54068734336062,-3.5378455791045837,-3.534944831925512,-3.5319989682895803,-3.529018489527068,-3.526011374868146,-3.5229837063179583,-3.519940133834072,-3.5168842229725836,-3.5138187156275005,-3.5107457262384645,-3.5076668898994017,-3.5045834744915036,-3.5014964658211936,-3.498406632440254,-3.49531457512946,-3.4922207647736414,-3.489125571426349,-3.486029286670365,-3.4829321408637504,-3.4798343164743972,-3.476735958415717,-3.473637182077569,-3.4705380795815928,-3.467438724665351,-3.464339176505071,-3.46123948271484,-3.45813968170532,-3.4550398045431803,-3.4519398764204294,-3.4488399178182356,-3.4457399454309448,-3.4426399729014205,-3.439540011407625,-3.436440070131616,-3.433340156635405,-3.430240277162882,-3.4271404368828935,-3.424040640085415,-3.420940890340217,-3.4178411906254955,-3.4147415434323904,-3.4116419508501012,-3.4085424146353587,-3.405442936269257,-3.4023435170038563,-3.399244157900465,-3.396144859861178,-3.3930456236549,-3.3899464499388783,-3.3868473392765495,-3.3837482921523696,-3.3806493089841623,-3.3775503901334267,-3.3744515359139577,-3.37135274659907,-3.3682540224276747,-3.365155363609392,-3.362056770328868,-3.3589582427494307,-3.3558597810161914,-3.352761385258687,-3.3496630555931306,-3.346564792124343,-3.343466594947413,-3.3403684641491274,-3.3372703998092192,-3.334172402001444,-3.331074470794538,-3.3279766062530576,-3.3248788084381307,-3.321781077408133,-3.3186834132193113,-3.3155858159263523,-3.312488285582922,-3.3093908222421784,-3.3062934259572763,-3.303196096781862,-3.3000988347705764,-3.297001639979577,-3.2939045124670785,-3.2908074522939343,-3.2877104595242668,-3.284613534226157,-3.281516676472411,-3.278419886341419,-3.275323163918131,-3.27222650929516,-3.2691299225740553,-3.2660334038667638,-3.2629369532973316,-3.2598405710038736,-3.256744257140883,-3.2536480118819333,-3.2505518351502998,-3.2474557268760673,-3.244359686995499,-3.2412637154504713,-3.238167812187971,-3.2350719771596426,-3.2319762103213803,-3.2288805116329593,-3.2257848810577125,-3.222689318562227,-3.21959382411608,-3.2164983976915904,-3.213403039263603,-3.210307748809289,-3.2072125263079627,-3.20411737174092,-3.201022285091285,-3.197927266343876,-3.1948323154850837,-3.191737432502757,-3.1886426173860967,-3.185547870125568,-3.1824531907128137,-3.1793585791405743,-3.1762640354026224,-3.1731695594936977,-3.1700751514094545,-3.166980811146408,-3.1638865387018935,-3.1607923340740327,-3.157698197261702,-3.1546041282645114,-3.151510127082794,-3.148416193717601,-3.145322328170709,-3.1422285304446445,-3.1391348005427178,-3.1360411384690825,-3.132947544228819,-3.12985401782805,-3.1267605592740892,-3.1236671685756563,-3.1205738457431407,-3.117480590788965,-3.114387403728053,-3.111294284578447,-3.10820123336211,-3.10510825010598,-3.102015334843356,-3.098922487615713,-3.095829708475092,-3.0927369974872487,-3.089644354735821,-3.086551780327835,-3.0834592744010263,-3.0803668371335724,-3.077274468757077,-3.0741821695739326,-3.0710899399805864,-3.0679977804988177,-3.06490569181786,-3.0618136748513023,-3.0587217308141375,-3.055629861327348,-3.05253806856025,-3.0494463554247115,-3.0463547258408323,-3.043263185101289,-3.0401717403722976,-3.0370804013841406,-3.03398918138544,-3.0308980984652694,-3.0278071773895556,-3.0247164521583154,-3.021625969575716,-3.018535794246719,-3.015446015588061,-3.012356757690369,-3.009268193225678,-3.006180563108564,-3.003094204359861,-3.0000095896913628,-2.9969273838769257,-2.9938485242165225,-2.99077433565064,-2.9877066958013803,-2.984648272067283,-2.9816028628354214,-2.9785758892533374,-2.9755751047197374,-2.972611618874943,-2.9697013747068453,-2.9668672752944993,-2.9641422342535284,-2.9615735220279293,-2.9592288914897376,-2.9572050638083947,-2.955639171087619,-2.954723543456626
-3.55690629237244,-3.5561169543706628,-3.5547491549135137,-3.5529541418166692,-3.5508415753296205,-3.5484916643708044,-3.5459635038185806,-3.5433009001336107,-3.5405364984607117,-3.5376947395150427,-3.534793997784972,-3.5318481397079835,-3.528867666591854,-3.525860557649054,-3.5228328948707617,-3.5197893282034998,-3.5167334231946112,-3.5136679217311477,-3.5105949382472135,-3.5075161078323216,-3.5044326983641327,-3.501345695646244,-3.498255868228169,-3.4951638168888577,-3.4920700125116726,-3.4889748251489765,-3.4858785463825925,-3.482781406569803,-3.4796835881778656,-3.4765852361196785,-3.4734864657846805,-3.4703873692941682,-3.4672880203854244,-3.464188478234446,-3.46108879045513,-3.4579889954579826,-3.4548891243095423,-3.451789202201711,-3.4486892496155686,-3.4455892832453863,-3.4424893167339663,-3.43938936125922,-3.4362894260031633,-3.433189518527771,-3.4300896450769005,-3.4269898108193746,-3.4238900200451465,-3.420790276323969,-3.4176905826340236,-3.414590941466437,-3.411491354910396,-3.408391824722622,-3.4052923523842034,-3.402192939147189,-3.3990935860728833,-3.3959942940633763,-3.392895063887569,-3.3897958962027044,-3.3866967915722164,-3.3835977504805586,-3.3804987733455505,-3.37739986052869,-3.3743010123437704,-3.3712022290641053,-3.3681035109286026,-3.3650048581468814,-3.361906270903587,-3.3588077493620467,-3.355709293667372,-3.3526109039490977,-3.3495125803234385,-3.346414322895213,-3.34331613175951,-3.3402180070031178,-3.3371199487057654,-3.3340219569412106,-3.330924031778188,-3.3278261732812537,-3.324728381511536,-3.3216306565274105,-3.318532998385124,-3.3154354071393635,-3.312337882843793,-3.3092404255515735,-3.306143035315859,-3.303045712190297,-3.299948456229529,-3.2968512674897106,-3.2937541460290563,-3.290657091908421,-3.287560105191926,-3.284463185947654,-3.2813663342484123,-3.2782695501725914,-3.275172833805141,-3.2720761852386744,-3.2689796045747417,-3.2658830919252924,-3.262786647414372,-3.2596902711800984,-3.256593963376964,-3.2534977241785437,-3.2504015535081128,-3.247305451295755,-3.2442094174777325,-3.241113451995921,-3.2380175547973087,-3.2349217258335363,-3.231825965060498,-3.2287302724379705,-3.2256346479292852,-3.2225390915010292,-3.2194436031227776,-3.2163481827668505,-3.213252830408093,-3.210157546023675,-3.2070623295929113,-3.203967181097095,-3.2008721005193523,-3.197777087844501,-3.1946821430589307,-3.19158726615049,-3.188492457108381,-3.185397715923069,-3.1823030425861947,-3.1792084370904994,-3.1761138994297555,-3.1730194295987024,-3.1699250275929933,-3.1668306934091444,-3.163736427044491,-3.160642228497154,-3.1575480977660098,-3.154454034850671,-3.1513600397514687,-3.148266112469453,-3.1451722530064017,-3.1420784613648407,-3.1389847375480797,-3.135891081560274,-3.1327974934065037,-3.1297039730928904,-3.126610520626749,-3.123517136016798,-3.120423819273427,-3.1173305704090595,-3.11423738943862,-3.111144276380149,-3.108051231255608,-3.104958254091937,-3.1018653449224343,-3.0987725037885747,-3.0956797307424004,-3.092587025849668,-3.089494389194013,-3.086401820882464,-3.0833093210527545,-3.0802168898830637,-3.0771245276049943,-3.0740322345209385,-3.0709400110273455,-3.067847857645993,-3.0647557750661143,-3.0616637642013007,-3.0585718262665424,-3.0554799628828215,-3.052388176219455,-3.0492964691883113,-3.046204845709487,-3.043113311075657,-3.040021872453034,-3.036930539571896,-3.0338393256808556,-3.030748248868976,-3.027657333902168,-3.024566614780422,-3.021476138307866,-3.0183859690894064,-3.015296196541696,-3.0122069447552384,-3.009118386401884,-3.006030762395937,-3.0029444097578306,-2.9998598011987676,-2.9967776014917336,-2.9936987479354085,-2.99062456546837,-2.9875569317098933,-2.9844985140543345,-2.981453110882567,-2.9784261433329378,-2.9754253647905236,-2.972461884875426,-2.969551646545569,-2.9667175528356484,-2.963992517295789,-2.9614238102737063,-2.9590791845008697,-2.9570553609437007,-2.9554894714174322,-2.954573845651217
-3.5567748000846753,-3.5559854632841104,-3.554617665929304,-3.5528226556193894,-3.550710092444463,-3.5483601852037925,-3.5458320286855507,-3.543169429281494,-3.540405032083389,-3.5375632777653037,-3.5346625407836227,-3.531716687550829,-3.5287362193550935,-3.525729115393458,-3.5227014576449336,-3.5196578960464167,-3.516601996137622,-3.5135364997995415,-3.510463521461456,-3.5073846962090296,-3.5043012919168497,-3.5012142943860476,-3.4981244721641582,-3.4950324260285446,-3.4919386268612858,-3.4888434447137113,-3.4857471711668087,-3.4826500365771818,-3.4795522234115377,-3.4764538765823256,-3.473355111478618,-3.4702560202214143,-3.4671566765477513,-3.4640571396334234,-3.4609574570921637,-3.4578576673343395,-3.4547578014263807,-3.4516578845600936,-3.4485579372164823,-3.4454579760897515,-3.442358014822653,-3.439258064593052,-3.4361581345829246,-3.433058232354217,-3.4299583641507594,-3.4268585351413523,-3.4237587496159296,-3.42065901114423,-3.4175593227044203,-3.414459686787615,-3.411360105482992,-3.4082605805472626,-3.4051611134615083,-3.4020617054777755,-3.398962357657362,-3.3958630709023527,-3.392763845981644,-3.389664683552476,-3.386565584178281,-3.3834665483435087,-3.3803675764659773,-3.3772686689071825,-3.3741698259809145,-3.371071047960486,-3.3679723350848056,-3.36487368756349,-3.3617751055811835,-3.358676589301213,-3.3555781388686907,-3.3524797544131495,-3.349381436050802,-3.346283183886469,-3.3431849980152366,-3.340086878523894,-3.33698882549217,-3.3338908389938204,-3.330792919097582,-3.32769506586801,-3.3245972793662317,-3.321499559650625,-3.3184019067774355,-3.3153043208013497,-3.312206801776033,-3.309109349754644,-3.3060119647903394,-3.3029146469367645,-3.2998173962485615,-3.2967202127818873,-3.2936230965949567,-3.290526047748623,-3.28742906630701,-3.284332152338199,-3.2812353059149975,-3.278138527115798,-3.275041816025549,-3.2719451727368662,-3.2688485973513,-3.2657520899808,-3.262655650749413,-3.259559279795257,-3.256462977272827,-3.2533667433556985,-3.250270577967146,-3.2471744810372534,-3.24407845250228,-3.240982492304103,-3.2378866003897087,-3.234790776710738,-3.231695021223084,-3.228599333886523,-3.2255037146643852,-3.2224081635232578,-3.219312680432717,-3.2162172653650813,-3.2131219182951956,-3.2100266392002297,-3.206931428059498,-3.203836284854295,-3.200741209567745,-3.1976462021846674,-3.1945512626914505,-3.191456391075942,-3.188361587327344,-3.185266851436121,-3.182172183393915,-3.1790775831934663,-3.1759830508285476,-3.1728885862938987,-3.169794189585172,-3.1666998606988837,-3.1636055996323686,-3.1605114063837476,-3.157417280951898,-3.154323223336431,-3.151229233537679,-3.1481353115566932,-3.1450414573952505,-3.1419476710558745,-3.1388539525418766,-3.135760301857412,-3.1326667190075606,-3.1295732039984436,-3.1264797568373757,-3.1233863775330755,-3.120293066095933,-3.11719982253837,-3.114106646875312,-3.1110135391247997,-3.107920499308797,-3.1048275274542427,-3.1017346235944347,-3.0986417877708488,-3.095549020035524,-3.092456320454218,-3.0893636891105682,-3.086271126111601,-3.0831786315950516,-3.0800862057390987,-3.0769938487753463,-3.073901561006186,-3.0708093428280656,-3.067717194762763,-3.0646251174995123,-3.061533111951904,-3.05844117933493,-3.055349321269572,-3.052257539925145,-3.0491658382135176,-3.0460742200547837,-3.0429826907416175,-3.03989125744023,-3.036799929880894,-3.0337087213122165,-3.03061764982325,-3.0275267401798898,-3.0244360263821037,-3.0213455552339874,-3.018255391340399,-3.015165624117916,-3.012076377656935,-3.0089878246291457,-3.005900205948617,-3.0028138586354336,-2.999729255400284,-2.9966470610153904,-2.9935682127783085,-2.990494035625951,-2.987426407175131,-2.9843679948165582,-2.981322596925702,-2.978295634632901,-2.97529486131135,-2.972331386563533,-2.969421153321258,-2.9665870645805663,-2.963862033834508,-2.961293331346895,-2.958948709726705,-2.956924889763441,-2.955359003020943,-2.9544433788797413
-3.556662973059786,-3.5558736372806283,-3.554505841713474,-3.5527108337733257,-3.550598273414743,-3.5482483693356643,-3.5457202162475747,-3.5430576204836384,-3.5402932270905136,-3.537451476707329,-3.5345507437632713,-3.5316048946495675,-3.528624430637713,-3.525617330911635,-3.5225896774399934,-3.5195461201515035,-3.5164902245793908,-3.5134247325994967,-3.510351758637,-3.507272937774292,-3.504189537883344,-3.5011025447631923,-3.498012726959692,-3.494920685248855,-3.491826890511671,-3.4887317127985904,-3.485635443689886,-3.482538313541587,-3.4794405048199333,-3.4763421624369917,-3.4732434017815237,-3.4701443149742737,-3.4670449757520725,-3.4639454432905428,-3.4608457652032767,-3.4577459799005275,-3.454646118448625,-3.451546206039297,-3.4484462631534822,-3.445346306485333,-3.442246349677553,-3.4391464039079715,-3.436046478358532,-3.4329465805911528,-3.429846716849644,-3.426746892302785,-3.4236471112404963,-3.4205473772325,-3.4174476932569537,-3.4143480618049606,-3.41124848496569,-3.4081489644958487,-3.405049501876511,-3.401950098359717,-3.39885075500676,-3.395751472719723,-3.3926522522674984,-3.389553094307323,-3.3864539994026246,-3.3833549680378523,-3.380256000630824,-3.377157097543033,-3.37405825908827,-3.3709594855398444,-3.3678607771366638,-3.3647621340883442,-3.36166355657953,-3.3585650447735476,-3.355466598815506,-3.352368218834939,-3.3492699049480597,-3.3461716572596867,-3.3430734758649083,-3.339975360850511,-3.3368773122962243,-3.333779330275805,-3.3306814148579873,-3.3275835661073283,-3.324485784084955,-3.321388068849244,-3.3182904204564414,-3.3151928389612335,-3.3120953244172857,-3.3089978768777577,-3.3059004963958043,-3.3028031830250715,-3.2997059368202026,-3.296608757837354,-3.293511646134741,-3.2904146017732168,-3.2873176248169065,-3.2842207153338916,-3.2811238733969788,-3.278027099084562,-3.274930392481591,-3.2718337536806805,-3.268737182783382,-3.265640679901646,-3.262544245159519,-3.259447878695121,-3.2563515806629466,-3.2532553512365734,-3.250159190339275,-3.2470630979011323,-3.2439670738584074,-3.240871118152976,-3.2377752307318235,-3.2346794115465913,-3.231583660553171,-3.2284879777113393,-3.2253923629844263,-3.2222968163390195,-3.2192013377446917,-3.2161059271737633,-3.213010584601079,-3.2099153100038085,-3.2068201033612653,-3.203724964654744,-3.200629893867368,-3.1975348909839556,-3.194439955990897,-3.191345088876039,-3.188250289628584,-3.185155558238996,-3.1820608946989175,-3.1789662990010887,-3.175871771139282,-3.172777311108237,-3.169682918903605,-3.1665885945219037,-3.163494337960467,-3.1604001492174167,-3.1573060282916297,-3.154211975182716,-3.1511179898910076,-3.1480240724175568,-3.144930222764141,-3.1418364409332846,-3.138742726928298,-3.135649080753335,-3.1325555024134757,-3.1294619919148414,-3.126368549264748,-3.123275174471913,-3.120181867546727,-3.117088628501613,-3.113995457351493,-3.1109023541144114,-3.1078093188123304,-3.104716351472189,-3.101623452127285,-3.0985306208190937,-3.0954378575996557,-3.0923451625347274,-3.089252535707946,-3.086159977226339,-3.0830674872276407,-3.079975065890029,-3.0768827134451096,-3.0737904301952725,-3.070698216536968,-3.067606072991974,-3.0645140002495244,-3.061421999223208,-3.058330071128017,-3.055238217584933,-3.052146440763272,-3.0490547435749007,-3.0459631299399126,-3.04287160515098,-3.039780176374311,-3.0366888533401752,-3.0335976492971746,-3.0305065823343518,-3.02741567721759,-3.0243249679468382,-3.0212345013261643,-3.0181443419603835,-3.015054579266012,-3.011965337333355,-3.008876788833965,-3.0057891746817114,-3.002702831896381,-2.999618233188224,-2.996536043328816,-2.993457199614756,-2.990383026981542,-2.987315403043893,-2.984256995189419,-2.9812116017889934,-2.978184643966143,-2.975183875083961,-2.97222040472995,-2.969310175813714,-2.966476091298422,-2.9637510646285947,-2.961182365996699,-2.958837747907557,-2.9568139310002386,-2.9552480466248174,-2.9543324238653836
-3.5565710548250564,-3.5557817198853114,-3.5544139257872844,-3.5526189197946567,-3.5505063617506014,-3.54815646026978,-3.5456283100006587,-3.542965717228248,-3.540201326962132,-3.5373595798127275,-3.534458850186871,-3.5315130044583185,-3.528532543884863,-3.5255254476396516,-3.52249779768284,-3.519454243936418,-3.5163983519282813,-3.5133328635300343,-3.510259893163485,-3.5071810759083357,-3.5040976796344103,-3.5010106901390228,-3.4979208759666456,-3.4948288378921792,-3.4917350467957187,-3.4886398727269934,-3.485543607265691,-3.482446480767366,-3.479348675697872,-3.476250336968965,-3.4731515799691506,-3.470052496818963,-3.466953161255063,-3.463853632452931,-3.460753958026046,-3.4576541763845645,-3.454554318594739,-3.4514544098482327,-3.4483544706259277,-3.4452545176219322,-3.4421545644789138,-3.439054622374668,-3.4359547004911137,-3.4328548063901483,-3.42975494631556,-3.426655125436114,-3.423555348041717,-3.420455617702083,-3.417355937395357,-3.4142563096126364,-3.411156736443084,-3.408057219643399,-3.4049577606946517,-3.4018583608488773,-3.398759021167367,-3.3956597425521986,-3.3925605257722626,-3.3894613714847956,-3.3863622802532225,-3.383263252561989,-3.380164288828911,-3.3770653894154816,-3.37396655463549,-3.3708677847622446,-3.367769080034653,-3.364670440662331,-3.3615718668299213,-3.3584733587007483,-3.3553749164199216,-3.352276540116977,-3.3491782299081256,-3.346079985898186,-3.3429818081822433,-3.3398836968470857,-3.3367856519724444,-3.333687673632074,-3.3305897618947102,-3.3274919168249077,-3.324394138483795,-3.3212964269297482,-3.3181987822190138,-3.315101204406278,-3.312003693545206,-3.3089062496889587,-3.30580887289069,-3.3027115632040456,-3.299614320683669,-3.2965171453857165,-3.2934200373684046,-3.290322996692587,-3.2872260234223867,-3.284129117625886,-3.2810322793758933,-3.277935508750802,-3.2748388058355626,-3.27174217072279,-3.2686456035140363,-3.2655491043212526,-3.2624526732684864,-3.259356310493857,-3.256260016151861,-3.2531637904160755,-3.2500676332097753,-3.2469715444630403,-3.2438755241121324,-3.2407795720989263,-3.2376836883704074,-3.234587872878216,-3.2314921255782445,-3.228396446430268,-3.2253008353976163,-3.2222052924468754,-3.2191098175476203,-3.216014410672171,-3.212919071795371,-3.2098238008943905,-3.2067285979485427,-3.203633462939122,-3.2005383958492515,-3.1974433966637505,-3.1943484653690084,-3.1912536019528717,-3.188158806404542,-3.1850640787144844,-3.1819694188743397,-3.178874826876849,-3.175780302715784,-3.1726858463858845,-3.1695914578828024,-3.166497137203055,-3.1634028843439768,-3.1603086993036884,-3.157214582081067,-3.1541205326757233,-3.1510265510879885,-3.147932637318913,-3.1448387913702764,-3.1417450132446034,-3.138651302945204,-3.135557660476232,-3.1324640858427686,-3.1293705790509336,-3.1262771401080434,-3.1231837690228152,-3.1200904658056405,-3.11699723046894,-3.11390406302764,-3.1108109634997803,-3.1077179319073234,-3.1046249682772085,-3.101532072642735,-3.0984392450453786,-3.0953464855371786,-3.0922537941838915,-3.0891611710691547,-3.0860686162999964,-3.082976130014151,-3.079883712389796,-3.076791363658537,-3.0736990841227656,-3.0706068741789307,-3.0675147343488085,-3.064422665321634,-3.0613306680109975,-3.058238743631891,-3.0551468938052935,-3.052055120700523,-3.0489634272294444,-3.0458718173121513,-3.0427802962413146,-3.0396888711831407,-3.0365975518678945,-3.0335063515441756,-3.030415288301019,-3.027324386904297,-3.0242336813539445,-3.0211432184540046,-3.018053062809259,-3.014963303836171,-3.0118740656249714,-3.0087855208471,-3.005697910416262,-3.0026115713520007,-2.9995269763642067,-2.9964447902239235,-2.9933659502269627,-2.990291781307661,-2.9872241610790162,-2.9841657569260884,-2.9811203672159765,-2.97809341306661,-2.97509264783278,-2.9721291810896777,-2.9692189557286564,-2.966384874685873,-2.9636598513659655,-2.9610911559027677,-2.9587465407155045,-2.9567227263196156,-2.9551568438894993,-2.9542412222656282
-3.5564992487773925,-3.555709914493284,-3.5543421215427395,-3.5525471170712497,-3.5504345608349888,-3.5480846613835744,-3.545556513316247,-3.5428939228804097,-3.5401295350566917,-3.5372877904330817,-3.534387063398958,-3.5314412203144303,-3.52846076242659,-3.5254536689001634,-3.5224260216886645,-3.5193824707088286,-3.516326581484391,-3.5132610958836468,-3.510188128325771,-3.5071093138883658,-3.504025920439573,-3.500938933775365,-3.4978491224391353,-3.494757087204915,-3.491663298952102,-3.4885681277298604,-3.485471865117422,-3.4823747414699713,-3.4792769392530607,-3.476178603378199,-3.4730798492336947,-3.469980768939917,-3.466881436233394,-3.4637819102894976,-3.460682238721613,-3.4575824599398235,-3.4544826050103214,-3.4513826991247187,-3.4482827627638573,-3.4451828126218067,-3.4420828623412056,-3.4389829230998266,-3.4358830040795687,-3.4327831128423107,-3.429683255631828,-3.426583437616873,-3.423483663087342,-3.420383935612939,-3.4172842581718035,-3.414184633255026,-3.411085062951763,-3.4079855490187105,-3.404886092936935,-3.401786695958468,-3.398687359144598,-3.3955880833974006,-3.392488869485763,-3.389389718066919,-3.3862906297042934,-3.3831916048823323,-3.3800926440188497,-3.376993747475337,-3.373894915565581,-3.3707961485628926,-3.3676974467061767,-3.364598810205048,-3.361500239244149,-3.3584017339868035,-3.3553032945781216,-3.352204921147638,-3.3491066138115633,-3.3460083726747167,-3.3429101978321847,-3.3398120893707546,-3.336714047370155,-3.3336160719041423,-3.330518163041451,-3.3274203208466373,-3.3243225453808285,-3.321224836702401,-3.3181271948676008,-3.315029619931115,-3.3119321119466085,-3.30883467096724,-3.3057372970461647,-3.3026399902370303,-3.2995427505944797,-3.296445578174669,-3.2933484730358127,-3.2902514352387673,-3.287154464847656,-3.2840575619305596,-3.2809607265602887,-3.2778639588152356,-3.2747672587803507,-3.271670626548249,-3.2685740622204835,-3.265477565909006,-3.2623811377378646,-3.259284777845179,-3.256188486385447,-3.253092263532247,-3.2499961092088516,-3.246900023345342,-3.243804005877978,-3.2407080567486344,-3.2376121759042964,-3.234516363296604,-3.23142061888145,-3.228324942618609,-3.22522933447141,-3.2221337944064397,-3.219038322393273,-3.215942918404228,-3.212847582414149,-3.2097523144002054,-3.206657114341711,-3.20356198221996,-3.2004669180180763,-3.197371921720878,-3.1942769933147535,-3.1911821327875503,-3.1880873401284706,-3.1849926153279777,-3.181897958377714,-3.1788033692704194,-3.175708847999867,-3.1726143945607954,-3.1695200089488575,-3.1664256911605695,-3.1633314411932663,-3.160237259045068,-3.157143144714852,-3.154049098202229,-3.1509551195075303,-3.147861208631807,-3.1447673655768384,-3.141673590345147,-3.1385798829400438,-3.135486243365683,-3.1323926716271457,-3.1292991677305526,-3.1262057316832195,-3.123112363493863,-3.1200190631728733,-3.116925830732674,-3.113832666188189,-3.1107395695574604,-3.1076465408624503,-3.1045535801300983,-3.101460687393702,-3.098367862694737,-3.0952751060852433,-3.092182417630979,-3.0890897974155798,-3.0859972455460736,-3.082904762160196,-3.0798123474361243,-3.0767200016054645,-3.0736277249706068,-3.070535517928,-3.067443380999423,-3.0643513148741084,-3.061259320465646,-3.058167398989028,-3.055075552065236,-3.0519837818635858,-3.0488920912959423,-3.045800484282398,-3.0427089661156232,-3.039617543961821,-3.0365262275512577,-3.0334350301325252,-3.030343969794657,-3.0272530713035155,-3.024162368659022,-3.0210719086652027,-3.017981755926811,-3.0148919998602723,-3.0118027645557577,-3.0087142226846204,-3.005626615160437,-3.0025402790025604,-2.999455686920598,-2.9963735036851773,-2.9932946665914977,-2.990220500572988,-2.9871528832413015,-2.984094481979507,-2.9810490951517568,-2.978022143871606,-2.9750213814873616,-2.9720579175645985,-2.969147694980418,-2.9663136166498756,-2.9635885959464603,-2.961019902958209,-2.9586752900374895,-2.9566514776031796,-2.9550855966924656,-2.954169975955538
-3.5564477177197955,-3.5556583839062177,-3.554290591779189,-3.552495588399378,-3.550383033460522,-3.5480331354655577,-3.5455049889784,-3.542842400219456,-3.540078014148579,-3.53723627133766,-3.534335546163549,-3.531389704976566,-3.52840924901612,-3.525402157440895,-3.522374512199637,-3.519330963205311,-3.5162750759786623,-3.5132095923856133,-3.5101366268434506,-3.507057814428267,-3.5039744230070022,-3.5008874383746607,-3.497797629073862,-3.494705595878016,-3.4916118096660176,-3.4885166404866244,-3.4854203799187418,-3.482323258317288,-3.4792254581476016,-3.476127124321016,-3.473028372225694,-3.4699292939818904,-3.4668299633260324,-3.4637304394334163,-3.4606307699173633,-3.4575309931879037,-3.4544311403111836,-3.4513312364787794,-3.448231302171502,-3.4451313540833968,-3.4420314058570805,-3.4389314686703085,-3.4358315517049633,-3.4327316625229143,-3.429631807367925,-3.42653199140874,-3.423432218935249,-3.420332493517148,-3.4172328181325717,-3.4141331952726057,-3.4110336270264034,-3.4079341151506566,-3.4048346611264297,-3.401735266205753,-3.398635931449912,-3.3955366577609793,-3.3924374459078432,-3.3893382965477348,-3.3862392102440775,-3.3831401874813154,-3.3800412286772628,-3.37694233419341,-3.373843504343545,-3.370744739400975,-3.3676460396046064,-3.364547405164054,-3.361448836263959,-3.3583503330676465,-3.355251895720225,-3.3521535243512273,-3.3490552190768663,-3.3459569800019584,-3.342858807221592,-3.339760700822554,-3.336662660884573,-3.3335646874814056,-3.3304667806817863,-3.3273689405502695,-3.3242711671479843,-3.3211734605333056,-3.318075820762481,-3.3149782478901964,-3.3118807419701164,-3.3087833030554017,-3.305685931199207,-3.302588626455178,-3.299491388877959,-3.296394218523706,-3.2932971154506347,-3.2902000797196,-3.287103111394726,-3.284006210544095,-3.280909377240515,-3.277812611562381,-3.274715913594642,-3.271619283429915,-3.2685227211697514,-3.2654262269261034,-3.2623298008230193,-3.25923344299862,-3.256137153607403,-3.2530409328229473,-3.2499447805685255,-3.2468486967742187,-3.2437526813762867,-3.240656734316604,-3.2375608555421542,-3.234465045004579,-3.2313693026597683,-3.2282736284674995,-3.2251780223911006,-3.222082484397158,-3.218987014455246,-3.2158916125376833,-3.212796278619314,-3.2097010126773076,-3.206605814690978,-3.2035106846416173,-3.20041562251235,-3.197320628287995,-3.1942257019549416,-3.191130843501036,-3.18803605291548,-3.184941330188737,-3.1818466753124497,-3.178752088279358,-3.1756575690832336,-3.172563117718817,-3.1694687341817604,-3.1663744184685787,-3.1632801705766087,-3.1601859905039706,-3.157091878249541,-3.15399783381293,-3.15090385719447,-3.147809948395211,-3.144716107416931,-3.141622334262155,-3.1385286289341945,-3.1354349914372013,-3.1323414217762573,-3.1292479199574825,-3.1261544859881933,-3.123061119877107,-3.1199678216346154,-3.116874591273139,-3.1137814288076036,-3.110688334256051,-3.107595307640443,-3.104502348987718,-3.1014094583311755,-3.0983166357122895,-3.095223881183101,-3.0921311948093675,-3.0890385766747257,-3.085946026886202,-3.0828535455815325,-3.079761132938895,-3.076668789189896,-3.073576514636925,-3.0704843096764316,-3.067392174830192,-3.064300110787442,-3.0612081184617708,-3.0581161990681704,-3.0550243542276214,-3.0519325861094386,-3.0488408976254884,-3.0457492926958616,-3.0426577766132294,-3.0395663565437947,-3.0364750422178193,-3.033383846883894,-3.0302927886310465,-3.0272018922251354,-3.0241111916660732,-3.0210207337578736,-3.0179305831052696,-3.0148408291246587,-3.0117515959061687,-3.0086630561210903,-3.0055754506829078,-3.0024891166108363,-2.9994045266142835,-2.99632234546358,-2.9932435104534827,-2.990169346516768,-2.987101731264125,-2.9840433320771944,-2.9809979473180106,-2.9779709980969926,-2.9749702377577942,-2.9720067758590885,-2.969096555267747,-2.966262478883684,-2.9635374600580313,-2.960968768845961,-2.9586241575518595,-2.956600346525306,-2.955034466705014,-2.954118846604614
-3.556416583712431,-3.5556272501834942,-3.5542594585546383,-3.552464455835224,-3.550351901681215,-3.5480020045673126,-3.5454738590360604,-3.54281127129154,-3.54004688628103,-3.5372051445666877,-3.534304420517783,-3.5313585804787104,-3.5283781256842324,-3.5253710352893757,-3.522343391240005,-3.5192998434468046,-3.5162439574287108,-3.5131784750502124,-3.5101055107274504,-3.507026699535606,-3.503943309340889,-3.500856325937721,-3.4977665178682535,-3.4946744859055197,-3.4915807009281097,-3.488485532984537,-3.485389273653509,-3.4822921532897815,-3.4791943543585626,-3.4760960217710783,-3.472997270915407,-3.4698981939117313,-3.4667988644964227,-3.463699341844727,-3.4605996735699267,-3.4574998980820197,-3.4544000464471263,-3.4513001438568005,-3.4482002107918346,-3.4451002639462587,-3.442000316962678,-3.4389003810188354,-3.4358004652966057,-3.432700577357849,-3.4296007234463244,-3.42650090873077,-3.423401137501072,-3.4203014133269227,-3.4172017391864538,-3.4141021175707498,-3.4110025505689596,-3.4079030399377745,-3.4048035871582547,-3.4017041934824293,-3.398604859971584,-3.39550558752779,-3.3924063769199346,-3.3893072288052486,-3.3862081437471545,-3.383109122230096,-3.3800101646718854,-3.376911271434014,-3.373812442830268,-3.370713679133957,-3.3676149805839852,-3.3645163473899675,-3.3614177797365445,-3.3583192777870416,-3.355220841686567,-3.3521224715646545,-3.3490241675375154,-3.3459259297099666,-3.3428277581770955,-3.339729653025689,-3.3366316143354755,-3.3335336421802113,-3.3304357366286323,-3.3273378977452936,-3.324240125591322,-3.3211424202250934,-3.3180447817028553,-3.3149472100792927,-3.3118497054080724,-3.308752267742353,-3.30565489713529,-3.3025575936405303,-3.299460357312717,-3.296363188208007,-3.293266086384615,-3.290169051903397,-3.287072084828475,-3.2839751852279333,-3.28087835317458,-3.2777815887468087,-3.2746848920295704,-3.2715882631154813,-3.2684917021060933,-3.265395209113359,-3.2622987842613265,-3.2592024276881166,-3.2561061395482276,-3.2530099200152383,-3.2499137690124216,-3.2468176864698584,-3.2437216723238076,-3.240625726516144,-3.237529848993851,-3.2344340397085705,-3.231338298616193,-3.2282426256764944,-3.225147020852804,-3.222051484111707,-3.218956015422778,-3.2158606147583355,-3.212765282093223,-3.2096700174046107,-3.2065748206718117,-3.2034796918761184,-3.2003846310006554,-3.197289638030241,-3.194194712951265,-3.191099855751574,-3.188005066420369,-3.1849103449481144,-3.1818156913264515,-3.178721105548121,-3.1756265876068945,-3.1725321374975115,-3.1694377552156254,-3.16634344075775,-3.1632491941212235,-3.160155015304165,-3.1570609043054514,-3.153966861124693,-3.150872885762222,-3.1477789782190886,-3.14468513849707,-3.1415913665986936,-3.1384976625272674,-3.1354040262869467,-3.132310457882811,-3.129216957320983,-3.1261235246087753,-3.1230301597549066,-3.1199368627697686,-3.1168436336657823,-3.113750472457873,-3.1106573791640817,-3.1075643538063717,-3.104471396411682,-3.1013785070133104,-3.098285685652733,-3.0951929323819893,-3.092100247266837,-3.089007630390912,-3.085915081861241,-3.082822601815561,-3.07973019043205,-3.076637847942313,-3.0735455746487412,-3.070453370947783,-3.067361237361216,-3.0642691745782753,-3.06117718351255,-3.058085265379031,-3.0549934217987005,-3.051901654940872,-3.048809967717413,-3.0457183640484145,-3.042626849226546,-3.0395354304180087,-3.036444117353065,-3.033352923280304,-3.030261866288751,-3.0271709711442596,-3.024080271846739,-3.0209898152001933,-3.0178996658093444,-3.0148099130905717,-3.011720681133979,-3.0086321426108187,-3.005544538434519,-3.0024582056242135,-2.999373616889186,-2.9962914369995874,-2.9932126032499085,-2.9901384405725304,-2.98707082657756,-2.9840124286457748,-2.9809670451379278,-2.9779400971625405,-2.9749393380604507,-2.971975877386157,-2.969065658000343,-2.966231582793764,-2.9635065651040264,-2.960937874966423,-2.958593264656314,-2.956569454481357,-2.955003575320695,-2.954087955605352
-3.556405928279775,-3.5556165948495355,-3.5542488033934205,-3.552453800902996,-3.5503412470211333,-3.5479913502127403,-3.5454632050129504,-3.5428006176201854,-3.540036232977366,-3.5371944916432705,-3.5342937679845425,-3.5313479283435223,-3.5283674739533604,-3.525360383967817,-3.522332740331753,-3.5192891929550636,-3.516233307356059,-3.5131678253987273,-3.510094861498815,-3.5070160507311874,-3.5039326609618002,-3.5008456779848736,-3.4977558703423965,-3.4946638388072695,-3.491570054257979,-3.488474886742951,-3.4853786278408263,-3.482281507906305,-3.479183709404548,-3.4760853772467466,-3.472986626820948,-3.469887550247311,-3.4667882212621874,-3.463688699040806,-3.4605890311964362,-3.4574892561390635,-3.454389404934799,-3.4512895027751878,-3.448189570141018,-3.4450896237263136,-3.4419896771736753,-3.438889741660844,-3.4357898263696898,-3.4326899388620706,-3.4295900853817423,-3.4264902710974425,-3.423390500299054,-3.42029077655627,-3.417191102847219,-3.414091481662985,-3.4109919150927164,-3.407892404893104,-3.404792952545207,-3.401693559301055,-3.3985942262219324,-3.3954949542099104,-3.392395744033876,-3.3892965963510595,-3.3861975117248844,-3.3830984906397927,-3.3799995335135993,-3.3769006407077926,-3.3738018125361595,-3.370703049272008,-3.3676043511542426,-3.3645057183924787,-3.3614071511713575,-3.358308649654203,-3.3552102139861244,-3.352111844296656,-3.349013540702008,-3.3459153033069984,-3.342817132206713,-3.3397190274879387,-3.336620989230405,-3.333523017507868,-3.330425112389063,-3.327327273938545,-3.324229502217442,-3.32113179728413,-3.318034159194854,-3.314936588004302,-3.3118390837661384,-3.308741646533523,-3.3056442763596117,-3.30254697329805,-3.2994497374034815,-3.296352568732063,-3.2932554673420102,-3.2901584332941782,-3.2870614666526907,-3.28396456748563,-3.280867735865806,-3.27777097187161,-3.2746742755879947,-3.271577647107575,-3.268481086531904,-3.265384593972934,-3.2622881695547146,-3.2591918134153652,-3.2560955257093847,-3.252999306610352,-3.24990315604154,-3.2468070739330273,-3.2437110602210755,-3.2406151148475577,-3.2375192377594595,-3.234423428908421,-3.2313276882503326,-3.2282320157449704,-3.2251364113556633,-3.2220408750489966,-3.2189454067945444,-3.2158500065646263,-3.212754674334086,-3.209659410080093,-3.2065642137819603,-3.203469085420982,-3.2003740249802815,-3.1972790324446767,-3.1941841078005577,-3.191089251035771,-3.1879944621395175,-3.184899741102262,-3.181805087915645,-3.178710502572409,-3.1756159850663237,-3.1725215353921286,-3.1694271535454765,-3.166332839522884,-3.163238593321685,-3.160144414940001,-3.1570503043767086,-3.153956261631419,-3.1508622867044647,-3.147768379596895,-3.1446745403104877,-3.1415807688477684,-3.138487065212047,-3.1353934294074772,-3.13229986143914,-3.1292063613131553,-3.12611292903684,-3.123019564618912,-3.1199262680697606,-3.11683303940181,-3.1137398786299837,-3.110646785772322,-3.107553760850788,-3.104460803892321,-3.1013679149302193,-3.098275094005958,-3.095182341171577,-3.0920896564928353,-3.0889970400533677,-3.0859044919602026,-3.0828120123510754,-3.079719601404164,-3.076627259351073,-3.0735349864941943,-3.0704427832299763,-3.067350650080196,-3.064258587734088,-3.061166597105243,-3.058074679408652,-3.0549828362652964,-3.051891069844491,-3.0487993830581006,-3.045707779826217,-3.0426162654415103,-3.0395248470701817,-3.036433534442492,-3.0333423408070317,-3.030251284252824,-3.0271603895457218,-3.0240696906856317,-3.0209792344765556,-3.017889085523211,-3.014799333241973,-3.011710101722934,-3.0086215636373352,-3.005533959898584,-3.002447627525785,-2.999363039228183,-2.9962808597758626,-2.9932020264632233,-2.9901278642225106,-2.9870602506636286,-2.9840018531670545,-2.9809564700930986,-2.9779295225496236,-2.974928763876492,-2.9719653036267553,-2.96905508465895,-2.966221009860657,-2.963495992564793,-2.9609273027997554,-2.9585826928308414,-2.956558882951171,-2.954993004019233,-2.9540773844374058
-3.5564157885007988,-3.5556264549839347,-3.5542586633762094,-3.5524636606848046,-3.5503511065640856,-3.5480012094875533,-3.545473063996847,-3.542810476295353,-3.540046091329821,-3.537204349661993,-3.534303625660818,-3.531357785670439,-3.5283773309254216,-3.5253702405806386,-3.522342596581831,-3.519299048839585,-3.516243162872762,-3.513177680545789,-3.5101047162747583,-3.5070259051348125,-3.5039425149921293,-3.5008555316411076,-3.497765723623878,-3.494673691713457,-3.4915799067884223,-3.488484738897277,-3.485388479618718,-3.482291359307497,-3.4791935604288153,-3.4760952278938975,-3.472996477090815,-3.46989740013975,-3.466798070777068,-3.4636985481780163,-3.460598879955873,-3.4574991045206347,-3.454399252938422,-3.4512993504007863,-3.4481994173885213,-3.4450994705956544,-3.4419995236647916,-3.4388995877736757,-3.4357996721041815,-3.4326997842181677,-3.4295999303593927,-3.4265001156965957,-3.4234003445196595,-3.42030062039828,-3.417200946310587,-3.414101324747664,-3.4110017577986613,-3.40790224722027,-3.4048027944935506,-3.4017034008705327,-3.3986040674124998,-3.395504795021523,-3.3924055844664904,-3.389306436404633,-3.3862073513993725,-3.3831083299351534,-3.3800093724297895,-3.3769104792447706,-3.3738116506938827,-3.370712887050436,-3.367614188553334,-3.3645155554121917,-3.3614169878116504,-3.3583184859150337,-3.355220049867451,-3.352121679798436,-3.3490233758242,-3.3459251380495614,-3.3428269665696058,-3.3397288614711194,-3.3366308228338326,-3.3335328507315007,-3.3304349452328594,-3.327337106402463,-3.3242393343014394,-3.321141628988165,-3.3180439905188854,-3.314946418948288,-3.3118489143300374,-3.3087514767172936,-3.305654106163212,-3.3025568027214387,-3.2994595664466178,-3.296362397394905,-3.2932652956245163,-3.290168261196307,-3.2870712941744,-3.283974394626878,-3.2808775626265514,-3.277780798251812,-3.274684101587611,-3.2715874727265652,-3.2684909117702268,-3.265394418830547,-3.2622979940315746,-3.2592016375114303,-3.256105349424612,-3.2530091299447004,-3.2499129789949666,-3.246816896505491,-3.2437208824125343,-3.24062493665797,-3.237529059188783,-3.2344332499566133,-3.231337508917352,-3.228241836030775,-3.2251462312602115,-3.222050694572248,-3.2189552259364573,-3.2158598253251585,-3.2127644927131946,-3.2096692280777357,-3.2065740313980946,-3.2034789026555663,-3.200383841833275,-3.197288848916039,-3.194193923890247,-3.1910990667437455,-3.1880042774657364,-3.1849095560466822,-3.1818149024782256,-3.178720316753108,-3.1756257988651004,-3.172531348808942,-3.1694369665802853,-3.1663426521756453,-3.1632484055923586,-3.1601542268285447,-3.157060115883081,-3.1539660727555776,-3.150872097446367,-3.1477781899565005,-3.1446843502877537,-3.1415905784426545,-3.138496874424512,-3.13540323823748,-3.1323096698866393,-3.1292161693781106,-3.1261227367192093,-3.1230293719186517,-3.11993607498683,-3.1168428459361666,-3.113749684781585,-3.110656591541128,-3.107563566236758,-3.1044706088954137,-3.1013777195503933,-3.098284898243172,-3.095192145025791,-3.092099459964006,-3.089006843141454,-3.085914294665161,-3.082821814672865,-3.079729403342744,-3.076637060906403,-3.073544787666232,-3.07045258401868,-3.067360450485525,-3.0642683877560013,-3.061176396743698,-3.0580844786636074,-3.0549926351367107,-3.0519008683323228,-3.048809181162309,-3.045717577546761,-3.042626062778348,-3.039534644023273,-3.0364433310117955,-3.0333521369925056,-3.0302610800544283,-3.0271701849634183,-3.024079485719384,-3.0209890291263295,-3.017898879788976,-3.0148091271237036,-3.011719895220612,-3.008631356750955,-3.005543752628156,-3.002457419871346,-2.9993728311898034,-2.9962906513536716,-2.99321181765743,-2.990137655033443,-2.987070041091793,-2.9840116432132215,-2.980966259758426,-2.977939311835848,-2.974938552786207,-2.9719750921638237,-2.9690648728291196,-2.9662307976724613,-2.9635057800308817,-2.9609370899388305,-2.9585924796704384,-2.956568669531584,-2.955002790398886,-2.954087170699867
-3.5564461328654473,-3.5556567990759653,-3.5542890069911097,-3.5524940036672064,-3.5503814487947922,-3.5480315508744162,-3.5455034044681843,-3.5428408157951243,-3.5400764298140204,-3.5372346870959426,-3.5343339620170977,-3.5313881209273035,-3.528407665065575,-3.525400573590288,-3.522372928449945,-3.519329379557318,-3.516273492432998,-3.5132080089427866,-3.510135043503873,-3.5070562311922724,-3.503972839874862,-3.500885855346598,-3.49779604615006,-3.494704013058624,-3.491610226951161,-3.488515057876408,-3.4854187974132538,-3.4823216759166016,-3.4792238758517793,-3.4761255421301103,-3.4730267901397522,-3.4699277120009517,-3.4668283814501333,-3.4637288576625878,-3.460629188251633,-3.457529411627296,-3.454429558855722,-3.4513296551284847,-3.4482297209263932,-3.4451297729434915,-3.442029824822397,-3.4389298877408643,-3.435829970880774,-3.432730081803992,-3.4296302267542846,-3.426530410900396,-3.4234306385322144,-3.4203309132194364,-3.417231237940196,-3.4141316151855783,-3.4110320470447375,-3.4079325352743646,-3.4048330813555228,-3.401733686540242,-3.398634351889809,-3.395535078306296,-3.3924358665585905,-3.3893367173039253,-3.386237631105723,-3.3831386084484274,-3.380039649749853,-3.3769407553714896,-3.3738419256271244,-3.3707431607900666,-3.3676444610992204,-3.364545826764202,-3.361447257969653,-3.358348754878896,-3.355250317637042,-3.3521519463736236,-3.349053641204853,-3.345955402235548,-3.3428572295607952,-3.3397591232673807,-3.336661083435035,-3.333563110137514,-3.330465203443552,-3.327367363417704,-3.324269590121099,-3.321171883612112,-3.318074243946989,-3.3149766711804167,-3.31187916536606,-3.3087817265570796,-3.30568435480663,-3.302587050168359,-3.299489812696908,-3.296392642448434,-3.293295539481153,-3.2901985038559203,-3.2871015356368596,-3.2840046348920526,-3.2809078016943087,-3.2778110361220203,-3.2747143382601385,-3.27161770820128,-3.2685211460469965,-3.2654246519092407,-3.2623282259120607,-3.259231868193577,-3.2561355789082866,-3.2530393582297688,-3.2499432060812956,-3.2468471223929485,-3.2437511071009872,-3.2406551601472864,-3.23755928147883,-3.2344634710472593,-3.2313677288084657,-3.2282720547222254,-3.225176448751866,-3.222080910863974,-3.218985441028123,-3.2158900392166316,-3.212794705404345,-3.2096994395684315,-3.206604241688206,-3.203509111744962,-3.200414049721824,-3.1973190556036086,-3.194224129376705,-3.1911292710289607,-3.188034480549577,-3.1849397579290177,-3.181845103158925,-3.1787505162320397,-3.1756559971421336,-3.1725615458839465,-3.1694671624531296,-3.1663728468462,-3.1632785990604915,-3.1601844190941253,-3.157090306945978,-3.15399626261566,-3.150902286103504,-3.147808377410559,-3.1447145365386056,-3.1416207634901676,-3.138527058268556,-3.135433420877924,-3.1323398513233522,-3.129246349610961,-3.1261529157480656,-3.123059549743384,-3.119966251607308,-3.11687302135226,-3.113779858993163,-3.1106867645480585,-3.1075937380389096,-3.1045007794926556,-3.101407888942595,-3.098315066430203,-3.0952223120075204,-3.0921296257403026,-3.089037007712187,-3.0859444580302022,-3.0828519768320835,-3.079759564296008,-3.07666722065358,-3.0735749462071915,-3.070482741353292,-3.067390606613657,-3.064298542677523,-3.0612065504584782,-3.0581146311715153,-3.0550227864376165,-3.051931018426095,-3.0488393300488172,-3.045747725225875,-3.0426562092499383,-3.039564789287209,-3.036473475067949,-3.0333822798407506,-3.0302912216946405,-3.0272003253954765,-3.0241096249431716,-3.0210191671417372,-3.017929016595907,-3.0148392627220764,-3.011750029610371,-3.0086614899320803,-3.0055738846006808,-3.002487550635382,-2.9994029607455817,-2.996320779701594,-2.993241944798153,-2.9901677809680036,-2.987100165821784,-2.984041766741064,-2.980996382087768,-2.9779694329721553,-2.974968672737641,-2.9720052109425454,-2.9690949904532156,-2.966260914168792,-2.96353589543926,-2.960967204318111,-2.958622593107275,-2.9565987821527826,-2.955032902388307,-2.95411728232049
-3.5564968845925153,-3.555707550344379,-3.5543397574567925,-3.552544753068764,-3.5504321969316934,-3.5480822975916317,-3.5455541496451173,-3.542891559337489,-3.5401271716477876,-3.537285427162772,-3.5343847002708624,-3.531438857331421,-3.5284583995909524,-3.52545130621372,-3.5224236591528726,-3.5193801083248575,-3.5163242192531796,-3.5132587338059547,-3.5101857664022122,-3.5071069521194396,-3.504023558825685,-3.5009365723168475,-3.4978467611362616,-3.494754726057911,-3.4916609379611536,-3.4885657668951233,-3.4854695044390267,-3.4823723809480263,-3.4792745788876593,-3.4761762431694225,-3.4730774891816116,-3.4699784090445887,-3.46687907649487,-3.463779550707825,-3.4606798792968343,-3.4575801006719784,-3.454480245899444,-3.4513803401708407,-3.448280403967005,-3.445180453982009,-3.4420805038584885,-3.438980564774214,-3.435880645911083,-3.4327807548309734,-3.4296808977776605,-3.426581079919897,-3.4234813055475777,-3.4203815782304052,-3.4172819009465183,-3.4141822761870078,-3.411082706041032,-3.4079831922652843,-3.4048837363408317,-3.401784339519706,-3.3986850028631945,-3.395585727273373,-3.3924865135191298,-3.389387362257697,-3.3862882740525007,-3.383189249387985,-3.380090288681965,-3.376991392295931,-3.3738925605436716,-3.3707937936984953,-3.3676950919993085,-3.3645964556557253,-3.3614978848523887,-3.3583993797526244,-3.3553009405015404,-3.352202567228671,-3.3491042600502277,-3.346006019071028,-3.3429078443861604,-3.33980973608241,-3.3367116942395074,-3.333613718931207,-3.330515810226246,-3.327417968189179,-3.324320192881133,-3.321222484360485,-3.318124842683481,-3.315027267904807,-3.311929760078129,-3.3088323192566063,-3.3057349454933944,-3.30263763884214,-3.2995403993574857,-3.2964432270955877,-3.2933461221146616,-3.2902490844755623,-3.2871521142424136,-3.284055211483298,-3.280958376271023,-3.2778616086839825,-3.274764908807127,-3.271668276733072,-3.268571712563369,-3.2654752164099716,-3.262378788396927,-3.2592824286623556,-3.256186137360755,-3.253089914665702,-3.249993760500471,-3.246897674795142,-3.2438016574859763,-3.240705708514848,-3.237609827828741,-3.2345140153792973,-3.2314182711224086,-3.2283225950178487,-3.225226987028949,-3.222131447122294,-3.2190359752674587,-3.2159405714367626,-3.212845235605049,-3.209749967749488,-3.206654767849393,-3.2035596358860574,-3.2004645718426055,-3.197369575703856,-3.1942746474561967,-3.191179787087475,-3.1880849945868937,-3.184990269944916,-3.1818956131531846,-3.178801024204439,-3.175706503092451,-3.1726120498119617,-3.1695176643586223,-3.166423346728949,-3.163329096920278,-3.160234914930728,-3.1571408007591764,-3.1540467544052335,-3.1509527758692317,-3.1478588651522217,-3.144765022255982,-3.141671247183037,-3.138577539936697,-3.135483900521116,-3.1323903289413755,-3.1292968252035953,-3.126203389315091,-3.123110021284581,-3.1200167211224548,-3.116923488841136,-3.1138303244555474,-3.1107372279837318,-3.107644199447651,-3.1045512388742447,-3.1014583462968104,-3.098365521756825,-3.0952727653063286,-3.092180077011077,-3.0890874569547075,-3.085994905244247,-3.0829024220174315,-3.079810007452439,-3.0767176617808745,-3.0736253853051294,-3.0705331784216514,-3.0674410416522186,-3.0643489756860642,-3.0612569814367796,-3.058165060119356,-3.0550732133547753,-3.0519814433123527,-3.0488897529039525,-3.0457981460496684,-3.042706628042171,-3.0396152060476633,-3.0365238897964093,-3.0334326925370028,-3.0303416323584753,-3.027250734026689,-3.0241600315415664,-3.0210695717071325,-3.0179794191281384,-3.0148896632210076,-3.011800428075906,-3.008711886364184,-3.00562427899941,-3.0025379430009256,-2.999453351078326,-2.9963711680022156,-2.99329233106776,-2.9902181652083364,-2.9871505480355247,-2.9840921469322876,-2.981046760262611,-2.978019809139814,-2.975019046911848,-2.9720555831437583,-2.969145360711865,-2.966311282530068,-2.963586261970145,-2.9610175691176233,-2.958672956321205,-2.9566491439944707,-2.9550832631670816,-2.954167642478794
-3.556567926287613,-3.555778591395484,-3.55441079738079,-3.5526157914986327,-3.550503233585868,-3.5481533322524332,-3.5456251821432203,-3.5429625895405086,-3.5401981994517815,-3.537356452485825,-3.5344557230482097,-3.531509877511699,-3.528529417133308,-3.5255223210855733,-3.5224946713281673,-3.519451117782698,-3.5163952259767575,-3.513329737781712,-3.5102567676191785,-3.5071779505687055,-3.5040945544999915,-3.5010075652102564,-3.497917751243894,-3.49482571337574,-3.4917319224858394,-3.4886367486238785,-3.485540483369515,-3.482443357078275,-3.4793455522159906,-3.4762472136943976,-3.473148456901989,-3.4700493739592857,-3.466950038602937,-3.463850510008421,-3.4607508357892054,-3.457651054355442,-3.454551196773381,-3.4514512882346815,-3.448351349220223,-3.4452513964241085,-3.4421514434890037,-3.439051501592705,-3.4359515799171283,-3.4328516860241685,-3.429751826157614,-3.42665200548623,-3.4235522282999225,-3.4204524981684012,-3.4173528180698147,-3.414253190495258,-3.411153617533894,-3.408054100942422,-3.4049546422019112,-3.4018552425643973,-3.3987559030911703,-3.395656624684308,-3.3925574081127023,-3.389458254033588,-3.3863591630103893,-3.3832601355275544,-3.3801611720028975,-3.3770622727979123,-3.373963438226386,-3.3708646685616297,-3.3677659640425497,-3.364667324878761,-3.3615687512549064,-3.35847024333431,-3.3553718012620823,-3.3522734251677573,-3.349175115167548,-3.3460768713662725,-3.342978693859017,-3.339880582732569,-3.3367825380666583,-3.3336845599350413,-3.330586648406453,-3.3274888035454477,-3.324391025413154,-3.3212933140679497,-3.318195669566079,-3.3150980919622275,-3.312000581310063,-3.308903137662744,-3.305805761073426,-3.3027084515957554,-3.299611209284375,-3.2965140341954404,-3.2934169263871675,-3.2903198859204115,-3.287222912859296,-3.2841260072719014,-3.2810291692310365,-3.2779323988150946,-3.274835696109026,-3.271739061205447,-3.2686424942059094,-3.2655459952223636,-3.2624495643788576,-3.2593532018135107,-3.256256907680819,-3.253160682154361,-3.2500645251574096,-3.246968436620046,-3.2438724164785326,-3.2407764646747435,-3.2376805811556637,-3.234584765872933,-3.2314890187824443,-3.2283933398439726,-3.2252977290208484,-3.2222021862796577,-3.219106711589976,-3.216011304924121,-3.2129159662569373,-3.209820695565595,-3.206725492829407,-3.203630358029668,-3.200535291149502,-3.1974402921737277,-3.1943453610887333,-3.1912504978823666,-3.18815570254383,-3.1850609750635863,-3.181966315433278,-3.1788717236456443,-3.1757771996944593,-3.172682743574462,-3.169588355281305,-3.166494034811504,-3.163399782162395,-3.1603055973320973,-3.157211480319488,-3.154117431124179,-3.1510234497465004,-3.1479295361875033,-3.1448356904489674,-3.1417419125334156,-3.13864820244416,-3.135554560185353,-3.132460985762077,-3.1293674791804524,-3.126274040447793,-3.1231806695728177,-3.1200873665659175,-3.1169941314395144,-3.113900964208533,-3.1108078648910142,-3.1077148335089215,-3.104621870089193,-3.1015289746651264,-3.0984361472781976,-3.0953433879804484,-3.0922506968376346,-3.0891580739333935,-3.0860655193747513,-3.082973033299445,-3.07988061588565,-3.076788267364974,-3.073695988039806,-3.070603778306596,-3.0675116386871215,-3.064419569870616,-3.061327572770671,-3.058235648602276,-3.0551437989864145,-3.0520520260924013,-3.048960332832102,-3.04586872312561,-3.042777202265596,-3.0396857774182657,-3.036594458313886,-3.0335032582010526,-3.030412195168804,-3.02732129398301,-3.0242305886436047,-3.0211401259546298,-3.0180499705208637,-3.01496021175877,-3.011870973758573,-3.0087824291917076,-3.005694818971869,-3.002608480118587,-2.999523885341732,-2.996441699412316,-2.9933628596261066,-2.990288690917375,-2.9872210708990217,-2.984162666955963,-2.9811172774550836,-2.9780903235139946,-2.9750895584870167,-2.972126091948643,-2.9692158667891926,-2.9663817859432906,-2.9636567628133133,-2.9610880675297713,-2.958743452507034,-2.956719638253534,-2.955153755933709,-2.9542381343742194
-3.5566590997132574,-3.555869763993043,-3.554501968529049,-3.552706960725655,-3.550594400529599,-3.548244496632972,-3.5457163437428365,-3.543053748188975,-3.5402893550154406,-3.537447604859348,-3.534546872148315,-3.5316010232723425,-3.528620559501962,-3.5256134600203435,-3.522585806795549,-3.5195422497558218,-3.516486354434014,-3.513420862705668,-3.510347888995725,-3.507269068386387,-3.5041856687494737,-3.5010986758839016,-3.49800885833543,-3.4949168168799902,-3.4918230223985076,-3.4887278449413834,-3.48563157608885,-3.482534446196902,-3.4794366377317516,-3.4763382956054447,-3.4732395352067256,-3.470140448656323,-3.4670411096910554,-3.463941577486535,-3.4608418996563466,-3.4577421146107357,-3.4546422534160284,-3.4515423412639494,-3.4484423986354313,-3.4453424422246224,-3.4422424856742246,-3.4391425401620634,-3.4360426148700838,-3.4329427173602007,-3.4298428538762225,-3.426743029586927,-3.423643248782233,-3.4205435150318637,-3.417443831313976,-3.4143442001196727,-3.4112446235381237,-3.4081451033260333,-3.4050456409644756,-3.40194623770549,-3.398846894610371,-3.3957476125811983,-3.392648392386867,-3.389549234684614,-3.386450140037868,-3.3833511089310764,-3.380252141782056,-3.377153238952301,-3.3740544007556,-3.3709556274652646,-3.367856919320201,-3.364758276530027,-3.3616596992793855,-3.3585611877316013,-3.355462742031786,-3.3523643623094745,-3.3492660486808767,-3.3461678012508127,-3.34306962011437,-3.339971505358335,-3.336873457062438,-3.333775475300435,-3.3306775601410625,-3.3275797116488746,-3.3244819298849997,-3.321384214907815,-3.3182865667735655,-3.3151889855369383,-3.3120914712515988,-3.308994023970706,-3.3058966437474155,-3.3027993306353736,-3.2997020846892227,-3.29660490596512,-3.2935077945212807,-3.290410750418559,-3.2873137737210776,-3.2842168644969183,-3.2811200228188886,-3.2780232487653818,-3.274926542421348,-3.2718299038794028,-3.268733333241096,-3.2656368306183796,-3.2625403961352997,-3.2594440299299756,-3.256347732156903,-3.253251502989659,-3.250155342351517,-3.2470592501725584,-3.2439632263890457,-3.2408672709428537,-3.237771383780968,-3.2346755648550296,-3.2315798141209324,-3.2284841315384516,-3.225388517070916,-3.222292970684913,-3.219197492350016,-3.2161020820385455,-3.213006739725346,-3.2099114653875875,-3.206816259004584,-3.2037211205576295,-3.200626050029849,-3.1975310474060605,-3.194436112672653,-3.1913412458174735,-3.188246446829724,-3.185151715699868,-3.182057052419548,-3.1789624569815054,-3.175867929379511,-3.1727734696083045,-3.1696790776635395,-3.1665847535417324,-3.1634904972402187,-3.160396308757117,-3.1573021880913066,-3.154208135242396,-3.1511141502107187,-3.148020232997325,-3.1449263836039933,-3.141832602033249,-3.138738888288402,-3.1356452423736045,-3.1325516642939393,-3.129458154055526,-3.1263647116656803,-3.12327133713312,-3.120178030468236,-3.11708479168345,-3.113991620793688,-3.110898517816991,-3.1078054827753214,-3.104712515695618,-3.1016196166111794,-3.0985267855634806,-3.0954340226045614,-3.09234132780018,-3.0892487012339727,-3.086156143012966,-3.083063653274896,-3.0799712321979404,-3.076878880013705,-3.073786597024579,-3.070694383627012,-3.067602240342781,-3.064510167861122,-3.0614181670956238,-3.0583262392612767,-3.0552343859790643,-3.052142609418302,-3.049050912490855,-3.0459592991168187,-3.0428677745888653,-3.039776346073203,-3.0366850233000995,-3.0335938195181567,-3.030502752816418,-3.027411847960766,-3.0243211389511493,-3.0212306725916314,-3.018140513487026,-3.0150507510538467,-3.011961509382392,-3.0088729611442084,-3.0057853472531533,-3.002699004728996,-2.9996144062819616,-2.9965322166835886,-2.9934533732304196,-2.990379200857872,-2.9873115771805447,-2.9842531695858683,-2.981207776444452,-2.9781808188794296,-2.975180050253311,-2.972216580152735,-2.969306351486026,-2.9664722672144546,-2.963747240779744,-2.9611785423702437,-2.95883392448477,-2.9568101077537152,-2.955244223514824,-2.9543286008350886
-3.5567702059099546,-3.5559808691792725,-3.5546130719467732,-3.5528180617989946,-3.5507054988167606,-3.5483555917924066,-3.5458274355088597,-3.543164836353869,-3.540400439416115,-3.5375586853672747,-3.534657948661872,-3.5317120957109363,-3.528731627801495,-3.5257245241296946,-3.522696866673835,-3.519653305370255,-3.5165974057582234,-3.5135319097183793,-3.5104589316797234,-3.507380106727694,-3.5042967027366987,-3.5012097055077267,-3.498119883588199,-3.495027837755385,-3.491934038891288,-3.4888388570471793,-3.485742583803995,-3.4826454495182997,-3.479547636656768,-3.476449290131823,-3.4733505253325188,-3.470251434379835,-3.467152091010794,-3.4640525544011793,-3.4609528721647145,-3.4578530827117597,-3.454753217108735,-3.4516533005474437,-3.448553353508883,-3.445453392687257,-3.4423534317253113,-3.4392534818009097,-3.436153552096027,-3.4330536501726074,-3.4299537822744797,-3.426853953570441,-3.4237541683504262,-3.420654430184171,-3.4175547420498438,-3.414455106438556,-3.4113555254394856,-3.4082560008093465,-3.4051565340292176,-3.4020571263511448,-3.3989577788364254,-3.395858492387143,-3.3927592677721967,-3.3896601056488245,-3.3865610065804574,-3.3834619710515446,-3.380362999479906,-3.3772640922270365,-3.3741652496067283,-3.371066471892293,-3.3679677593226374,-3.3648691121073795,-3.3617705304311643,-3.358672014457318,-3.3555735643309523,-3.3524751801816,-3.349376862125473,-3.3462786102673934,-3.3431804247024477,-3.340082305517423,-3.3369842527920497,-3.333886266600084,-3.330788347010261,-3.327690494087138,-3.3245927078918407,-3.3214949884827463,-3.318397335916101,-3.315299750246592,-3.312202231527884,-3.309104779813138,-3.3060073951555062,-3.3029100776086366,-3.2998128272271705,-3.2967156440672656,-3.293618528187136,-3.2905214796476363,-3.2874244985128906,-3.2843275848509794,-3.28123073873471,-3.278133960242476,-3.2750372494592264,-3.2719406064775747,-3.2688440313990714,-3.265747524335667,-3.2626510854114086,-3.2595547147644135,-3.2564584125491765,-3.2533621789392733,-3.250266013857979,-3.2471699172353765,-3.2440738890077263,-3.2409779291169056,-3.2378820375098996,-3.23478621413835,-3.231690458958149,-3.2285947719290746,-3.2254991530144568,-3.2224036021808815,-3.2193081193979243,-3.2162127046379045,-3.2131173578756678,-3.210022079088383,-3.206926868255364,-3.2038317253579063,-3.2007366503791337,-3.197641643303866,-3.194546704118492,-3.1914518328108574,-3.1883570293701666,-3.185262293786883,-3.1821676260526477,-3.1790730261602027,-3.175978494103319,-3.172884029876738,-3.1697896334761118,-3.166695304897957,-3.1636010441396074,-3.1605068511991847,-3.1574127260755653,-3.1543186687683606,-3.151224679277902,-3.148130757605241,-3.1450369037521555,-3.1419431177211705,-3.1388493995155957,-3.1357557491395855,-3.132662166598221,-3.1295686518976233,-3.126475205045107,-3.1233818260493904,-3.120288514920864,-3.1171952716719504,-3.114102096317574,-3.1110089888757755,-3.1079159493685187,-3.104822977822741,-3.101730074271743,-3.098637238756998,-3.0955444713305473,-3.0924517720581473,-3.089359141023434,-3.086266578333435,-3.0831740841258872,-3.080081658578967,-3.07698930192428,-3.073897014464218,-3.070804796595228,-3.067712648839088,-3.064620571885033,-3.061528566646652,-3.058436634338936,-3.0553447765828676,-3.0522529955477635,-3.0491612941454913,-3.046069676296145,-3.0429781472923985,-3.039886714300462,-3.0367953870506086,-3.0337041787914445,-3.030613107612022,-3.0275221982782345,-3.02443148479005,-3.0213410139515635,-3.018250850367627,-3.015161083454816,-3.0120718373035196,-3.0089832845854194,-3.0058956662145704,-3.0028093192110363,-2.9997247162854754,-2.9966425222100668,-2.9935636742822993,-2.990489497438991,-2.9874218692968104,-2.984363457246257,-2.981318059662484,-2.978291097675365,-2.975290324657404,-2.972326850210059,-2.9694166172636223,-2.9665825288118852,-2.9638574983445802,-2.9612887961206398,-2.9589441747419185,-2.956920354987634,-2.9553544684070068,-2.9544388443602947
-3.5569010056296717,-3.5561116677082603,-3.5547438683917663,-3.5529488554813775,-3.5508362892159244,-3.5484863785058733,-3.5459582182235496,-3.5432956148250057,-3.540531213451509,-3.53768945481547,-3.534788713403117,-3.531842855650261,-3.5288623828633665,-3.5258552742538716,-3.522827611812141,-3.519784045484051,-3.5167281408164355,-3.5136626396959403,-3.510589656556348,-3.5075108264869113,-3.5044274173650853,-3.5013404149943015,-3.4982505879239407,-3.495158536932849,-3.4920647329043,-3.488969545890588,-3.485873267473478,-3.482776128010208,-3.479678309968,-3.476579958259721,-3.4734811882747856,-3.470382092134471,-3.4672827435760425,-3.4641832017754837,-3.4610835143466816,-3.4579837197001293,-3.4548838489023614,-3.451783927145272,-3.4486839749099363,-3.4455840088906204,-3.442484042730124,-3.439384087606355,-3.4362841527013273,-3.4331842455770136,-3.4300843724772694,-3.4269845385709146,-3.4238847481479033,-3.4207850047779855,-3.417685311439343,-3.414585670623101,-3.4114860844184456,-3.408386554582098,-3.405287082595145,-3.4021876697096367,-3.399088316986877,-3.3959890253289546,-3.392889795504771,-3.3897906281715695,-3.386691523892782,-3.3835924831528623,-3.3804935063696298,-3.3773945939045835,-3.374295746071515,-3.371196963143737,-3.3680982453601604,-3.364999592930404,-3.361901006039112,-3.3588024848496127,-3.3557040295070166,-3.35260564014086,-3.3495073168673546,-3.3464090597913208,-3.3433108690078464,-3.3402127446037175,-3.337114686658666,-3.3340166952464485,-3.3309187704358,-3.327820912291278,-3.3247231208740105,-3.3216253962423727,-3.3185277384526115,-3.315430147559413,-3.3123326236164417,-3.309235166676858,-3.306137776793816,-3.303040454020963,-3.2999431984129406,-3.296846010025906,-3.293748888918073,-3.2906518351502956,-3.287554848786697,-3.284457929895358,-3.2813610785490854,-3.278264294826272,-3.2751675788118653,-3.2720709305984803,-3.268974350287667,-3.2658778379913747,-3.2627813938336496,-3.259685017952608,-3.256588710502744,-3.2534924716576312,-3.250396301340545,-3.24730019948157,-3.244204166016967,-3.2411082008886134,-3.238012304043495,-3.234916475433256,-3.231820715013787,-3.2287250227448667,-3.225629398589825,-3.2225338425152494,-3.219438354490716,-3.216342934488545,-3.213247582483579,-3.21015229845299,-3.2070570823760924,-3.2039619342341803,-3.200866854010379,-3.197771841689507,-3.194676897257955,-3.1915820207035686,-3.1884872120155507,-3.185392471184365,-3.182297798201655,-3.1792031930601614,-3.1761086557536564,-3.173014186276879,-3.169919784625483,-3.1668254507959843,-3.163731184785719,-3.1606369865928072,-3.157542856216126,-3.1544487936552854,-3.151354798910618,-3.148260871983175,-3.145167012874734,-3.14207322158782,-3.1389794981257446,-3.13588584249266,-3.132792254693649,-3.129698734734832,-3.126605282623524,-3.1235118983684425,-3.1204185819799783,-3.1173253334705535,-3.114232152855092,-3.1111390401516363,-3.1080459953821493,-3.10495301857357,-3.1018601097591953,-3.0987672689805015,-3.0956744962895293,-3.092581791752035,-3.0894891554516564,-3.086396587495419,-3.083304088021059,-3.0802116572067533,-3.0771192952841075,-3.0740270025555123,-3.0709347794174167,-3.0678426263915974,-3.064750544167289,-3.0616585336580826,-3.0585665960789687,-3.05547473305093,-3.0523829467432826,-3.0492912400678946,-3.0461996169448615,-3.04310808266686,-3.040016644400103,-3.0369253118748665,-3.033834098339764,-3.0307430218838567,-3.027652107273055,-3.024561388507349,-3.021470912390863,-3.018380743528501,-3.01529097133691,-3.012201719906588,-3.0091131619093723,-3.006025538259553,-3.0029391859775405,-2.9998545777745034,-2.9967723784233744,-2.9936935252227586,-2.990619343111124,-2.9875517097075814,-2.984493292406242,-2.981447889587617,-2.97842092238952,-2.9754201441962316,-2.9724566646266757,-2.9695464266370304,-2.9667123332594056,-2.963987298040111,-2.96141859132125,-2.9590739658261014,-2.957050142509256,-2.9554842531691374,-2.9545686275115854
-3.557051220046061,-3.5562618807561597,-3.5548940790445567,-3.5530990629591397,-3.5509864929203294,-3.5486365779743565,-3.5461084130962925,-3.543445804820692,-3.5406813983492573,-3.5378396344412137,-3.534938887619227,-3.531993024347589,-3.5290125459551054,-3.5260054316707885,-3.522977763498867,-3.5199341913961804,-3.516878280918253,-3.5138127739586342,-3.5107397849566033,-3.5076609490057975,-3.5045775339871765,-3.501490525706977,-3.4984006927168343,-3.4953086357974024,-3.4922148258334156,-3.4891196328783463,-3.4860233485149132,-3.482926203101126,-3.479828379104834,-3.4767300214394155,-3.473631245494702,-3.4705321433923113,-3.46743278886979,-3.464333241103346,-3.461233547707058,-3.4581337470915745,-3.4550338703235575,-3.451933942595007,-3.448833984387087,-3.4457340123941353,-3.4426340402590156,-3.4395340791596856,-3.4364341382781998,-3.433334225176569,-3.430234346098678,-3.427134506213373,-3.4240347098106283,-3.4209349604602126,-3.4178352611403233,-3.4147356143420975,-3.411636022154733,-3.408536486334959,-3.4054370083638723,-3.40233758949353,-3.399238230785241,-3.3961389331411,-3.3930396973300128,-3.389940524009226,-3.3868414137421747,-3.383742367013315,-3.3806433842404706,-3.37754446578514,-3.3744456119611193,-3.3713468230417214,-3.3682480992658586,-3.365149440843149,-3.3620508479582396,-3.35895232077446,-3.355853859436921,-3.35275546407516,-3.3496571348053883,-3.3465588717324275,-3.343460674951366,-3.3403625445489915,-3.3372644806050364,-3.3341664831932563,-3.3310685523823875,-3.3279706882369844,-3.324872890818176,-3.3217751601843393,-3.31867749639172,-3.3155798994950048,-3.312482369547861,-3.309384906603445,-3.306287510714912,-3.303190181935909,-3.3000929203210774,-3.2969957259265725,-3.293898598810611,-3.2908015390340455,-3.2877045466609975,-3.284607621759549,-3.281510764402506,-3.2784139746682603,-3.2753172526417598,-3.2722205984156183,-3.2691240120913854,-3.2660274937810083,-3.262931043608532,-3.259834661712073,-3.256738348246123,-3.2536421033842555,-3.250545927049746,-3.2474498191726795,-3.244353779689319,-3.2412578085415418,-3.2381619056763347,-3.235066071045341,-3.2319703046044546,-3.2288746063134526,-3.2257789761356666,-3.222683414037684,-3.21958791998908,-3.2164924939621744,-3.2133971359318143,-3.2103018458751693,-3.207206623771555,-3.204111469602266,-3.201016383350427,-3.1979213650008567,-3.194826414539946,-3.1917315319555413,-3.1886367172368457,-3.185541970374323,-3.1824472913596153,-3.179352680185465,-3.1762581368456435,-3.1731636613348906,-3.1700692536488595,-3.1669749137840664,-3.163880641737848,-3.1607864375083237,-3.1576923010943707,-3.1545982324956006,-3.151504231712346,-3.148410298745656,-3.14531643359731,-3.142222636269833,-3.1391289067665364,-3.1360352450915734,-3.1329416512500248,-3.12984812524801,-3.1267546670928463,-3.1236612767932503,-3.1205679543596134,-3.117474699804358,-3.1143815131424084,-3.111288394391807,-3.1081953435745153,-3.1051023607174724,-3.1020094458539758,-3.0989165990255017,-3.0958238202840906,-3.0927311096955004,-3.089638467343366,-3.0865458933347143,-3.083453387807282,-3.0803609509392453,-3.0772685829622097,-3.074176284178567,-3.0710840549847647,-3.0679918959025794,-3.064899807621247,-3.061807791054357,-3.0587158474169014,-3.055623978329863,-3.052532185962557,-3.0494404732268547,-3.0463488440428512,-3.0432573037032253,-3.0401658593741923,-3.0370745207860343,-3.0339833011873725,-3.0308922186672795,-3.027801297991682,-3.024710573160595,-3.0216200909781827,-3.018529916049404,-3.0154401377909887,-3.0123508802935577,-3.0092623162291314,-3.0061746865122694,-3.003088328163779,-3.000003713895415,-2.9969215084809786,-2.9938426492203574,-2.990768461053914,-2.9877008216035623,-2.9846423982675705,-2.981596989432606,-2.9785700162456075,-2.9755692321043905,-2.9726057466479507,-2.969695502862218,-2.966861403823341,-2.964136363142652,-2.9615676512578437,-2.959223021031745,-2.9571991936205007,-2.955633301108938,-2.9547176736000718
-3.5572205317100223,-3.556431190876742,-3.5550633864639405,-3.5532683667977314,-3.551155792503336,-3.5488058727800977,-3.5462777027189647,-3.543615088943026,-3.5408506767221444,-3.5380089068683396,-3.5351081539453744,-3.5321622844496616,-3.5291817997351997,-3.526174679050823,-3.5231470044163937,-3.5201034258011195,-3.5170475087703266,-3.5139819952253517,-3.5109089996116682,-3.507830157027861,-3.5047467353588404,-3.5016597204140094,-3.49856988074754,-3.495477817142131,-3.492384000484162,-3.4892888008284344,-3.486192509758743,-3.483095357633968,-3.479997526922666,-3.4768991625387917,-3.4738003798726464,-3.470701271046234,-3.4676019097974113,-3.4645023553026495,-3.461402655176236,-3.4583028478289966,-3.4552029643277375,-3.4521030298645776,-3.4490030649207815,-3.445903086190771,-3.4428031073174763,-3.439703139478913,-3.436603191857184,-3.4335032720143404,-3.4304033861943006,-3.4273035395659406,-3.424203736419258,-3.4211039803240424,-3.4180042742585073,-3.414904620713805,-3.4118050217791467,-3.408705479211272,-3.4056059944912853,-3.402506568871254,-3.3994072034124927,-3.396307899017101,-3.3932086564539894,-3.390109476380409,-3.3870103593597993,-3.3839113058766186,-3.380812316348694,-3.3777133911375263,-3.374614530556913,-3.371515734880171,-3.3684170043462123,-3.365318339164658,-3.362219739520155,-3.359121205576033,-3.3560227374774065,-3.35292433535381,-3.349825999321459,-3.3467277294851736,-3.343629525940044,-3.3405313887728574,-3.3374333180633458,-3.3343353138852647,-3.3312373763073513,-3.328139505394162,-3.3250417012068243,-3.3219439638037156,-3.3188462932410823,-3.3157486895736104,-3.3126511528549654,-3.3095536831383057,-3.306456280476786,-3.3033589449240544,-3.3002616765347508,-3.2971644753650313,-3.29406734147311,-3.2909702749198413,-3.2878732757693467,-3.284776344089706,-3.281679479953725,-3.278582683439795,-3.2754859546328645,-3.2723892936255456,-3.269292700519386,-3.2661961754263333,-3.263099718470432,-3.2600033297897943,-3.256907009538914,-3.2538107578913618,-3.2507145747704143,-3.2476184601061564,-3.2445224138348525,-3.241426435898381,-3.238330526243729,-3.2352346848225406,-3.2321389115907095,-3.2290432065080146,-3.2259475695377873,-3.222852000646616,-3.219756499804078,-3.2166610669824918,-3.2135657021567043,-3.2104704053038855,-3.2073751764033513,-3.204280015436397,-3.201184922386147,-3.198089897237422,-3.194994939976611,-3.1919000505915616,-3.1888052290714763,-3.18571047540682,-3.182615789589236,-3.179521171611465,-3.176426621467279,-3.173332139151419,-3.170237724659538,-3.1671433779881517,-3.1640490991345973,-3.1609548880969935,-3.1578607448742195,-3.1547666694658854,-3.151672661872323,-3.148578722094585,-3.145484850134447,-3.142391045994436,-3.1392973096778616,-3.1362036411888776,-3.133110040532565,-3.130016507715045,-3.126923042743633,-3.1238296456270485,-3.1207363163756794,-3.11764305500195,-3.114549861520783,-3.1114567359502208,-3.1083636783122275,-3.1052706886337402,-3.1021777669480577,-3.099084913296656,-3.0959921277315745,-3.09289941031857,-3.089806761141279,-3.0867141803067293,-3.083621667952655,-3.080529224257235,-3.077436849452073,-3.0743445438395605,-3.071252307816146,-3.0681601419036078,-3.065068046791179,-3.0619760233924493,-3.0588840729224103,-3.0557921970020447,-3.0527003978006717,-3.0496086782301597,-3.046517042210607,-3.0434254950346946,-3.040334043868642,-3.037242698442735,-3.034151472005606,-3.0310603826463405,-3.027969455130883,-3.0248787234592758,-3.0217882344357267,-3.018698052665258,-3.0156082675646947,-3.012519003224796,-3.0094304323177874,-3.0063427957585316,-3.003256430568283,-3.0001718094594607,-2.997089597206841,-2.9940107311117594,-2.9909365361167155,-2.9878688898467898,-2.984810459704933,-2.981765044084756,-2.97873806414349,-2.975737273294213,-2.9727737811985597,-2.9698635308760144,-2.967029425452394,-2.9643043786123617,-2.9617356609014136,-2.9593910253397624,-2.957367193310866,-2.955801297222558,-2.9548856676257835
-3.5574085857234894,-3.5566192431751573,-3.555251435760701,-3.5534564121154038,-3.5513438330920666,-3.5489939080601802,-3.5464657322394553,-3.543803112351366,-3.5410386937415184,-3.5381969172805956,-3.535296157578029,-3.5323502811659253,-3.52936978942628,-3.526362661629951,-3.5233349798141784,-3.5202913939619105,-3.5172354696493637,-3.514169948786527,-3.5110969458257624,-3.508018095871147,-3.5049346668119847,-3.501847644461196,-3.4987577973757755,-3.4956657263406923,-3.4925719022441526,-3.4894766951424367,-3.4863803966205333,-3.4832832370382922,-3.480185398865055,-3.477087027015415,-3.473988236880198,-3.4708891205818326,-3.4677897518585277,-3.4646901898870412,-3.4615904822818955,-3.4584906674541105,-3.4553907764706544,-3.452290834523781,-3.4491908620948633,-3.446090875878414,-3.4429908895174406,-3.4398909141900234,-3.4367909590783183,-3.433691031744422,-3.43059113843229,-3.4274912843108294,-3.4243914736700645,-3.4212917100798097,-3.4181919965182965,-3.415092335476693,-3.411992729044224,-3.408893178977642,-3.405793686758061,-3.4026942536375566,-3.399594880677451,-3.3964955687798506,-3.393396318713672,-3.3902971311361703,-3.3871980066107885,-3.3840989456219894,-3.380999948587604,-3.3779010158691354,-3.3748021477803825,-3.371703344594665,-3.368604606550895,-3.3655059338586972,-3.3624073267027175,-3.3593087852462875,-3.356210309634522,-3.353111899996958,-3.350013556449811,-3.346915279097903,-3.3438170680363233,-3.3407189233518606,-3.3376208451242464,-3.334522833427237,-3.331424888329569,-3.3283270098958004,-3.325229198187059,-3.3221314532617208,-3.3190337751760324,-3.3159361639846807,-3.3128386197413313,-3.309741142499142,-3.3066437323112674,-3.3035463892313537,-3.300449113314043,-3.29735190461549,-3.2942547631939094,-3.2911576891101535,-3.288060682428345,-3.2849637432165633,-3.2818668715476136,-3.2787700674998854,-3.2756733311583273,-3.2725766626155495,-3.2694800619730993,-3.2663835293429235,-3.263287064849065,-3.2601906686296354,-3.257094340839125,-3.2539980816511034,-3.250901890988849,-3.2478057687824493,-3.244709714968168,-3.2416137294878844,-3.2385178122885865,-3.235421963321919,-3.2323261825437775,-3.2292304699139405,-3.22613482539574,-3.2230392489557644,-3.2199437405635916,-3.2168483001915416,-3.2137529278144608,-3.2106576234095203,-3.207562386956037,-3.2044672184353047,-3.20137211783045,-3.1982770851262914,-3.19518212030922,-3.192087223367084,-3.188992394289085,-3.1858976330656885,-3.182802939688537,-3.1797083141503735,-3.1766137564449686,-3.173519266567064,-3.1704248445123127,-3.1673304902772297,-3.1642362038591525,-3.161141985256201,-3.158047834467253,-3.154953751491919,-3.151859736330531,-3.148765788984142,-3.145671909454529,-3.1425780977442184,-3.13948435385652,-3.136390677795588,-3.1332970695665034,-3.130203529175385,-3.12711005662955,-3.124016651937716,-3.120923315110273,-3.1178300461596447,-3.1147368451007544,-3.111643711951644,-3.108550646734277,-3.1054576494755923,-3.1023647202088878,-3.0992718589756385,-3.096179065827885,-3.0930863408313845,-3.089993684069772,-3.086901095650076,-3.08380857571003,-3.080716124427813,-3.07762374203503,-3.0745314288340704,-3.0714391852213825,-3.0683470117187444,-3.065254909015389,-3.0621628780249095,-3.0590709199622954,-3.055979036448531,-3.052887229652934,-3.049795502487375,-3.046703858871953,-3.043612304099352,-3.040520845335795,-3.0374294923115754,-3.034338258275333,-3.0312471613161684,-3.0281562262000477,-3.025065486927047,-3.021974990301419,-3.018884800928258,-3.0157950082244924,-3.0127057362810357,-3.0096171577703412,-3.0065295136076093,-3.003443140814593,-3.000358512104446,-2.9972762922530327,-2.9941974185632936,-2.991123215980105,-2.9880555621320632,-2.9849971244273257,-2.981951701267216,-2.9789247138204042,-2.9759239155169315,-2.9729604160435854,-2.970050158457136,-2.967216045938592,-2.964490992254108,-2.961922268068973,-2.959577626578293,-2.957553789418121,-2.9559878893552236,-2.9550722574383026
-3.55761499110754,-3.5568256466760375,-3.5554578359656865,-3.5536628079512496,-3.5515502237354157,-3.5492002928744997,-3.546672110729597,-3.5440094841302097,-3.5412450585051096,-3.5384032747894008,-3.5355025076426547,-3.532556623636173,-3.529576124182689,-3.5265689885772487,-3.5235412988761703,-3.5204977050774895,-3.5174417727693825,-3.5143762438713386,-3.5113032328432836,-3.508224374795327,-3.5051409376215945,-3.5020539071388677,-3.4989640519072416,-3.495871972714176,-3.492778140449888,-3.4896829251722776,-3.4865866184676446,-3.4834894506969025,-3.480391604330258,-3.477293224283008,-3.4741944259465494,-3.4710953014437798,-3.4679959245132923,-3.464896354332159,-3.4617966385151635,-3.45869681547354,-3.4555969162744318,-3.452496966110239,-3.4493969854624558,-3.446296991025697,-3.4431969964430538,-3.4400970128926764,-3.4369970495567794,-3.433897113997507,-3.430797212458859,-3.427697350109775,-3.4245975312403107,-3.421497759420304,-3.418398037628007,-3.4152983683546085,-3.412198753689347,-3.409099195388988,-3.405999694934656,-3.402900253578434,-3.3998008723816557,-3.3967015522464328,-3.3936022939416888,-3.3905030981246833,-3.387403965358865,-3.3843048961287003,-3.381205890852023,-3.3781069498903395,-3.3750080735574506,-3.371909262126679,-3.3688105158369397,-3.3657118348978567,-3.36261321949408,-3.35951466978894,-3.3564161859275523,-3.3533177680394566,-3.350219416240869,-3.3471211306366118,-3.344022911321774,-3.3409247583831454,-3.3378266719004577,-3.334728651947469,-3.331630698592915,-3.328532811901354,-3.3254349919339132,-3.32233723874897,-3.3192395524027702,-3.316141932950002,-3.31304438044433,-3.3099468949389124,-3.3068494764869034,-3.30375212514195,-3.3006548409586927,-3.297557623993287,-3.2944604743039463,-3.2913633919515224,-3.288266377000137,-3.28516942951787,-3.282072549577526,-3.278975737257493,-3.2758789926427183,-3.272782315825813,-3.269685706908323,-3.2665891660021935,-3.2634926932314645,-3.260396288734249,-3.2572999526650337,-3.254203685197386,-3.2511074862545852,-3.24801135576672,-3.2449152936700565,-3.241819299906474,-3.238723374422962,-3.2356275171711673,-3.2325317281069847,-3.2294360071901935,-3.226340354384127,-3.223244769655373,-3.2201492529735107,-3.2170538043108614,-3.2139584236422714,-3.2108631109449126,-3.2077678661980995,-3.2046726893831283,-3.2015775804831246,-3.198482539482909,-3.195387566368872,-3.1922926611288625,-3.189197823752082,-3.1861030542289974,-3.1830083525512505,-3.179913718711584,-3.1768191527037692,-3.1737246545225473,-3.1706302241635713,-3.1675358616233584,-3.164441566899245,-3.1613473399893515,-3.1582531808925562,-3.1551590896084685,-3.152065066137422,-3.1489711104804674,-3.1458772226393825,-3.142783402616693,-3.13968965041571,-3.1365959660405873,-3.133502349496406,-3.1304088007892874,-3.127315319926547,-3.1242219069169015,-3.121128561770743,-3.118035284500494,-3.1149420751210775,-3.1118489336505353,-3.108755860110831,-3.1056628545289016,-3.102569916938047,-3.0994770473797417,-3.0963842459060267,-3.0932915125826583,-3.090198847493272,-3.087106250744896,-3.084013722475265,-3.0809212628625575,-3.0778288721383777,-3.0747365506051163,-3.071644298659221,-3.0685521168224685,-3.0654600057840935,-3.0623679664576864,-3.059276000058239,-3.0561841082067356,-3.0530922930724946,-3.0500005575673867,-3.0469089056115144,-3.0438173424975643,-3.040725875391763,-3.037634514024412,-3.0345432716441594,-3.0314521663401224,-3.0283612228782903,-3.025270475258774,-3.0221799702858796,-3.0190897725647767,-3.0159999715125094,-3.01291069122016,-3.0098221043604334,-3.0067344518489,-3.0036480707078597,-3.000563433651273,-2.9974812054561992,-2.9944023234273414,-2.991328112512186,-2.9882604503431884,-2.985202004334224,-2.982156572895086,-2.979129577207004,-2.9761287707186415,-2.97316526314441,-2.9702549975820185,-2.9674208772730792,-2.9646958160732213,-2.9621270847792736,-2.959782436778375,-2.9577585939839364,-2.9561926895568433,-2.9552770550923437
-3.5578393223432556,-3.5570499758643375,-3.555682161570632,-3.5538871288059886,-3.551774538944779,-3.5494246017464364,-3.5468964127257725,-3.54423377882974,-3.5414693455775312,-3.538627553974285,-3.535726778734091,-3.5327808864708605,-3.5298003786307506,-3.5267932345351,-3.5237655362609694,-3.5207219338228004,-3.5176659928217715,-3.5146004551877,-3.511527435388735,-3.508448568541546,-3.5053651225455003,-3.502278083221578,-3.499188219133245,-3.496096131070671,-3.4930022899262543,-3.4899070657596583,-3.4868107501586088,-3.483713573485176,-3.4806157182105055,-3.4775173292506594,-3.474418521997656,-3.4713193885749036,-3.468220002721413,-3.4651204236145996,-3.4620206988695283,-3.4589208668976656,-3.4558209587663455,-3.4527209996681276,-3.4496210100846385,-3.446521006710604,-3.4434210031892056,-3.4403210106986704,-3.4372210384212756,-3.4341210939192215,-3.4310211834365494,-3.4279213121422405,-3.4248214843263796,-3.4217217035588328,-3.4186219728178746,-3.415522294594713,-3.4124226709786023,-3.409323103726324,-3.406223594319014,-3.4031241440087676,-3.400024753856926,-3.3969254247656093,-3.3938261575037463,-3.3907269527286026,-3.3876278110036324,-3.3845287328133047,-3.3814297185754567,-3.3783307686515993,-3.375231883355536,-3.3721330629605912,-3.369034307705682,-3.3659356178004347,-3.3628369934295,-3.359738434756211,-3.3566399419256845,-3.35354151506746,-3.3504431542977544,-3.347344859721392,-3.344246631433462,-3.3411484695207556,-3.3380503740630045,-3.334952345133966,-3.331854382802379,-3.3287564871327984,-3.325658658186353,-3.3225608960214212,-3.3194632006942477,-3.3163655722595196,-3.3132680107709023,-3.3101705162815556,-3.3070730888446334,-3.303975728513781,-3.300878435343639,-3.297781209390362,-3.294684050712164,-3.291586959369896,-3.2884899354276795,-3.2853929789535927,-3.28229609002044,-3.27919926870661,-3.2761025150970484,-3.2730058292843656,-3.2699092113701056,-3.2668126614662123,-3.2637161796967256,-3.260619766199754,-3.257523421129784,-3.2544271446603803,-3.2513309367148246,-3.2482347972232066,-3.2451387261217923,-3.2420427233524634,-3.23894678886221,-3.2358509226026797,-3.232755124529768,-3.229659394603255,-3.2265637327864747,-3.2234681390460165,-3.2203726133514587,-3.2172771556751236,-3.214181765991859,-3.2110864442788354,-3.2079911905153695,-3.2048960046827584,-3.2018008867641266,-3.1987058367442947,-3.1956108546096544,-3.1925159403480543,-3.189421093948697,-3.1863263154020487,-3.1832316046997526,-3.1801369618345503,-3.177042386800214,-3.173947879591485,-3.1708534402040174,-3.167759068634326,-3.164664764879748,-3.161570528938406,-3.1584763608091766,-3.1553822604916704,-3.1522882279862205,-3.1491942632938783,-3.1461003664164218,-3.143006537356376,-3.1399127761170518,-3.136819082702604,-3.1337254571181123,-3.1306318993696975,-3.1275384094646763,-3.124444987411767,-3.121351633221359,-3.1182583469058756,-3.115165128480241,-3.1120719779624966,-3.1089788953746056,-3.105885880743505,-3.102792934102496,-3.0997000554930527,-3.096607244967216,-3.09351450259074,-3.0904218284472624,-3.087329222643809,-3.084236685318117,-3.0811442166483625,-3.078051816866151,-3.0749594862738725,-3.0718672252679746,-3.068775034370235,-3.0656829142698885,-3.0625908658805243,-3.0594988904171356,-3.0564069895007058,-3.0533151653005546,-3.050223420728554,-3.0471317597048095,-3.0440401875220076,-3.040948711346383,-3.0378573409082414,-3.034766089456245,-3.0316749750795258,-3.0285840225440994,-3.0254932658501152,-3.022402751801936,-3.019312545004815,-3.016222734875922,-3.0131334455065235,-3.010044849569596,-3.0069571879811128,-3.003870797763968,-3.000786151633,-2.997703914366566,-2.9946250232712868,-2.991550803297483,-2.988483132081808,-2.9854246770443544,-2.982379236604125,-2.9793522319560006,-2.9763514165688956,-2.9733879001872503,-2.970477625953286,-2.967643497174502,-2.9649184278038083,-2.9623496887810448,-2.9600050337021306,-2.9579811847820263,-2.956415275610109,-2.9554996383758416
-3.5580811210657175,-3.5572917723793167,-3.555923954222109,-3.5541289163358845,-3.5520163203879402,-3.5496663763567065,-3.54713817992273,-3.5444755381595936,-3.54171109668398,-3.53886929657654,-3.5359685126101414,-3.5330226114446392,-3.5300420945622246,-3.527034941312586,-3.5240072337951496,-3.5209636220420424,-3.517907671668462,-3.5148421246153636,-3.511769095359763,-3.508690219025399,-3.5056067635172927,-3.5025197146609526,-3.499429841023476,-3.496337743397956,-3.4932438926791445,-3.490148658928605,-3.4870523337356003,-3.483955147463446,-3.4808572825843007,-3.477758884015052,-3.474660067148391,-3.4715609241082737,-3.4684615286341622,-3.465361939903841,-3.4622622055326793,-3.459162363932394,-3.456062446170527,-3.452962477439808,-3.449862478222007,-3.446762465211966,-3.443662452052966,-3.4405624499233163,-3.4374624680053643,-3.4343625138613665,-3.431262593735414,-3.4281627127965275,-3.4250628753348265,-3.421963084920206,-3.418863344530966,-3.415763656658336,-3.412664023391588,-3.409564446487518,-3.4064649274272765,-3.403365467462968,-3.400266067655943,-3.3971667289083305,-3.3940674519890663,-3.3909682375554215,-3.3878690861708565,-3.3847699983198463,-3.3816709744202305,-3.378572014833523,-3.3754731198735315,-3.3723742898135813,-3.369275524892593,-3.3661768253201942,-3.3630781912810392,-3.359979622938461,-3.3568811204375777,-3.353782683907931,-3.350684313465736,-3.3475860092158185,-3.3444877712532697,-3.3413895996648804,-3.3382914945303837,-3.3351934559235374,-3.332095483913079,-3.3289975785635666,-3.325899739936128,-3.322801968089141,-3.319704263078851,-3.316606624959946,-3.313509053786091,-3.310411549610444,-3.307314112486159,-3.304216742466881,-3.301119439607251,-3.2980222039634244,-3.2949250355936135,-3.2918279345586696,-3.288730900922713,-3.2856339347538213,-3.282537036124798,-3.279440205114031,-3.276343441806465,-3.2732467462947086,-3.270150118680305,-3.2670535590751966,-3.2639570676034215,-3.2608606444030874,-3.2577642896286783,-3.254668003453758,-3.2515717858016076,-3.248475636602318,-3.2453795557921583,-3.24228354331301,-3.239187599111865,-3.236091723140371,-3.2329959153544254,-3.2299001757138077,-3.2268045041818536,-3.223708900725154,-3.2206133653132856,-3.2175178979185732,-3.214422498515864,-3.2113271670823296,-3.2082319035972873,-3.2051367080420343,-3.202041580399697,-3.198946520655096,-3.1958515287946208,-3.1927566048061222,-3.189661748678804,-3.18656696040313,-3.1834722399707442,-3.18037758737439,-3.177283002607839,-3.174188485665832,-3.1710940365440243,-3.1679996552389325,-3.1649053417478927,-3.161811096069025,-3.158716918201208,-3.1556228081440527,-3.1525287658978915,-3.149434791463776,-3.146340884843484,-3.1432470460395416,-3.1401532750552588,-3.137059571894792,-3.1339659365632198,-3.1308723690666644,-3.1277788694124418,-3.1246854376092696,-3.121592073667538,-3.1184987775996698,-3.115405549420588,-3.112312389148336,-3.109219296804875,-3.106126272417145,-3.1030333160184456,-3.09994042765025,-3.096847607364599,-3.0937548552272482,-3.090662171321834,-3.0875695557553846,-3.0844770086656337,-3.081384530230759,-3.078292120682366,-3.075199780322844,-3.0721075095486414,-3.0690153088815344,-3.065923179010758,-3.0628311208499017,-3.05973913561396,-3.0566472249239154,-3.053555390949089,-3.0504636366013536,-3.0473719658008163,-3.044280383840168,-3.0411888978856476,-3.038097517667571,-3.035006256434611,-3.031915132275918,-3.0288241699575353,-3.0257334034796535,-3.0226428796466953,-3.0195526630640055,-3.0164628431488865,-3.013373543992804,-3.0102849382690304,-3.0071972668939706,-3.0041108668911596,-3.0010262109763843,-2.997943963929399,-2.994865063058894,-2.991790833318247,-2.9887231523486366,-2.985664687576856,-2.9826192374318383,-2.979592223123186,-2.976591398141645,-2.973627872264033,-2.9707175886805626,-2.96788345076977,-2.9651583725894524,-2.9625896252336386,-2.960244962523356,-2.958221106998686,-2.9566551927109974,-2.955739552490423
-3.5583398978927976,-3.5575505468433124,-3.5561827245502697,-3.554387681181453,-3.552275078717728,-3.54992512737196,-3.5473969230021143,-3.544734272817329,-3.541969822538648,-3.5391280133275567,-3.536227220019849,-3.5332813093245554,-3.5303007827624437,-3.5272936197135523,-3.524265902301248,-3.5212222805765916,-3.5181663201697884,-3.5151007630337157,-3.512027723654877,-3.508948837164584,-3.50586537147391,-3.5027783124132075,-3.499688428553465,-3.496596320690901,-3.49350245972279,-3.4904072157127284,-3.4873108802516266,-3.4842136837041338,-3.4811158085434912,-3.478017399687469,-3.474918572529478,-3.4718194191940643,-3.4687200134211698,-3.465620414388976,-3.4625206697131774,-3.4594208178057584,-3.4563208897344837,-3.4532209106922664,-3.4501209011610268,-3.4470208778357345,-3.443920854359776,-3.4408208419115485,-3.437720849673473,-3.434620885207868,-3.431520954758877,-3.4284210634955636,-3.425321215708085,-3.422221414966368,-3.4191216642487388,-3.4160219660464475,-3.412922322448787,-3.4098227352125683,-3.406723205818957,-3.403623735520069,-3.400524325377266,-3.3974249762926854,-3.3943256890352704,-3.3912264642623,-3.3881273025372374,-3.385028204344563,-3.3819291701021226,-3.3788302001714334,-3.3757312948663056,-3.372632454460068,-3.3695336791916426,-3.366434969270659,-3.363336324881773,-3.3602377461883206,-3.3571392333354204,-3.3540407864526145,-3.35094240565612,-3.347844091050764,-3.344745842731639,-3.3416476607855357,-3.3385495452921856,-3.335451496325349,-3.3323535139537643,-3.3292555982419882,-3.326157749251149,-3.323059967039626,-3.319962251663664,-3.31686460317795,-3.3137670216361497,-3.3106695070914216,-3.307572059596918,-3.304474679206285,-3.3013773659741634,-3.298280119956708,-3.2951829412121296,-3.2920858298012803,-3.2889887857882787,-3.2858918092412033,-3.2827949002328562,-3.2796980588416242,-3.276601285152451,-3.2735045792579425,-3.2704079412596427,-3.267311371269492,-3.264214869411525,-3.26111843582385,-3.2580220706609477,-3.2549257740963777,-3.251829546053426,-3.2487333864621837,-3.2456372952589208,-3.2425412723855205,-3.2394453177889746,-3.2363494314209325,-3.233253613237293,-3.230157863197837,-3.2270621812659006,-3.223966567408074,-3.2208710215939362,-3.2177755437958115,-3.214680133988548,-3.2115847921493184,-3.2084895182574416,-3.205394312294212,-3.202299174242758,-3.1992041040879,-3.1961091018160306,-3.1930141674149994,-3.189919300874009,-3.1868245021835255,-3.183729771335192,-3.180635108321752,-3.177540513136979,-3.1744459857756127,-3.171351526233307,-3.1682571345065798,-3.165162810592768,-3.162068554489993,-3.1589743661971323,-3.1558802457137975,-3.1527861930403214,-3.1496922081777545,-3.1465982911278756,-3.1435044418932088,-3.1404106604770665,-3.1373169468836037,-3.134223301117901,-3.1311297231860786,-3.1280362130954527,-3.124942770854741,-3.1218493964743335,-3.1187560899666544,-3.115662851346627,-3.1125696806322933,-3.1094765778456157,-3.106383543013533,-3.103290576169344,-3.1001976773545232,-3.0971048466211117,-3.094012084034865,-3.090919389679418,-3.0878267636618,-3.084734206119745,-3.0816417172314297,-3.078549297228458,-3.0754569464132215,-3.0723646651821688,-3.069272454057076,-3.0661803137271773,-3.063088245106063,-3.0599962494087256,-3.0569043282561505,-3.053812483817658,-3.0507207190051235,-3.047629037738654,-3.0445374453109473,-3.0414459488882457,-3.038354558200874,-3.0352632864975178,-3.032172151867348,-3.0290811790764356,-3.025990402125015,-3.022899867817575,-3.0198096407595583,-3.0167198103684107,-3.0136305007358115,-3.010541884535345,-3.0074542026838817,-3.004367792205645,-3.0012831258174324,-2.9982008683004966,-2.995121956965739,-2.992047716769813,-2.988980025358743,-2.9859215501664935,-2.982876089632627,-2.979849064982506,-2.976848229730246,-2.973884693687323,-2.9709744000953244,-2.9681402524088334,-2.9654151647979257,-2.9628464085216906,-2.9605017376421254,-2.9584778750473513,-2.956911955283294,-2.955996311865917
-3.5586151343713985,-3.5578257808079594,-3.556457954115033,-3.554662904913593,-3.5525502955180928,-3.5502003363908017,-3.547672123578425,-3.5450094644343153,-3.5422450047905407,-3.5394031858945807,-3.536502382649166,-3.5335564618156527,-3.530575924955846,-3.527568751482069,-3.5245410235431605,-3.521497391210321,-3.5184414201297227,-3.515375852266925,-3.5123028021185294,-3.5092239048239002,-3.506140428300547,-3.5030533583839802,-3.499963463649325,-3.496871344896129,-3.493777473024346,-3.4906822180997397,-3.4875858717149697,-3.4844886642361037,-3.4813907781375377,-3.4782923583379795,-3.475193520231606,-3.472094355943588,-3.4689949392143817,-3.465895329222589,-3.4627955735842493,-3.4596957107116335,-3.4565957716727413,-3.4534957816606817,-3.450395761157538,-3.447295726858414,-3.4441956924068062,-3.4410956689812076,-3.437995665764118,-3.4348956903179193,-3.4317957488868123,-3.4286958466399073,-3.4255959878674003,-3.4224961761392496,-3.419396414433812,-3.4162967052423614,-3.41319705065421,-3.4100974524261876,-3.406997912039473,-3.403898430746196,-3.400799009607728,-3.397699649526217,-3.394600351270614,-3.3915011154982047,-3.388401942772459,-3.385302833577861,-3.382203788332262,-3.3791048073971814,-3.3760058910864332,-3.3729070396733505,-3.3698082533968576,-3.3667095324665866,-3.3636108770671944,-3.3605122873620177,-3.357413763496179,-3.35431530559922,-3.35121691378736,-3.3481185881654265,-3.345020328828512,-3.341922135863408,-3.3388240093498482,-3.3357259493615925,-3.3326279559673795,-3.3295300292317664,-3.3264321692158823,-3.323334375978104,-3.3202366495746793,-3.3171389900602946,-3.3140413974886145,-3.3109438719127984,-3.3078464133859984,-3.3047490219618605,-3.3016516976950245,-3.298554440641644,-3.295457250859931,-3.2923601284107358,-3.2892630733581774,-3.286166085770332,-3.283069165720002,-3.279972313285572,-3.2768755285519857,-3.273778811611849,-3.270682162566703,-3.2675855815284867,-3.264489068621235,-3.261392623983051,-3.258296247768413,-3.255199940150881,-3.252103701053739,-3.249007530407081,-3.245911428147179,-3.2428153942159166,-3.239719428560288,-3.2366235311319445,-3.2335277018867834,-3.2304319407845883,-3.227336247788694,-3.224240622865694,-3.221145065985169,-3.2180495771194417,-3.2149541562433614,-3.211858803334102,-3.20876351837098,-3.2056683013352942,-3.2025731522101712,-3.1994780709804327,-3.19638305763247,-3.193288112154133,-3.190193234534627,-3.1870984247644176,-3.184003682835149,-3.180909008739564,-3.1778144024714354,-3.174719864025504,-3.1716253933974254,-3.1685309905837165,-3.1654366555817126,-3.1623423883895367,-3.1592481890060653,-3.15615405743091,-3.153059993664405,-3.1499659977076013,-3.1468720695622774,-3.143778209230959,-3.1406844167169554,-3.1375906920244243,-3.1344970351584442,-3.131403446125137,-3.128309924931818,-3.1252164715872053,-3.12212308610169,-3.119029768487695,-3.1159365187601447,-3.1128433369370794,-3.1097502230404617,-3.1066571770972313,-3.103564199140687,-3.1004712892123023,-3.097378447364118,-3.094285673661891,-3.0911929681892567,-3.088100331053242,-3.0850077623915815,-3.081915262382453,-3.0788228312574604,-3.0757304693189935,-3.072638176963501,-3.06954595471276,-3.066453803256004,-3.0633617235068242,-3.0602697166802124,-3.0571777843971537,-3.0540859288269706,-3.0509941528815387,-3.0479024604809686,-3.0448108569179606,-3.041719349358764,-3.038627947533712,-3.035536664691505,-3.032445518921334,-3.0293545349893027,-3.026263746895692,-3.0231732014450596,-3.0200829632429516,-3.0169931217069648,-3.0139038009290062,-3.0108151735829947,-3.007727480586296,-3.00464105896386,-3.001556381433565,-2.9984741127782564,-2.995395190311191,-2.992320938992505,-2.9892532364733735,-2.9861947501953927,-2.9831492786094342,-2.980122242957624,-2.9771213967789407,-2.9741578499217347,-2.971247545682245,-2.9684133875959566,-2.965688289952392,-2.9631195241862374,-2.960774844615847,-2.9587509744995986,-2.95718504890955,-2.956269402091279
-3.5589062850242414,-3.5581169288009655,-3.556749097452835,-3.554954042080309,-3.5528414253507883,-3.5504914579904137,-3.5479632362455895,-3.5453005676222484,-3.542536098069924,-3.5396942689270823,-3.536793455167277,-3.5338475236072204,-3.5308669758521365,-3.527859791348511,-3.524832052272128,-3.521788408715501,-3.518732426341695,-3.5156668471296872,-3.512593785586764,-3.50951487686081,-3.5064313888761456,-3.503344307473738,-3.5002544012330894,-3.4971622709572676,-3.4940683875490626,-3.4909731210765274,-3.487876763134176,-3.4847795440895766,-3.481681646418347,-3.478583215040186,-3.4754843653500833,-3.4723851894738718,-3.4692857611525487,-3.4661861395651603,-3.463086372328114,-3.459986497853982,-3.4568865472110124,-3.4537865455925227,-3.4506865134807656,-3.447586467570988,-3.4444864215068067,-3.4413863864668115,-3.438286371633586,-3.4351863845695814,-3.432086431519057,-3.4289865176511722,-3.4258866472561667,-3.422786823904033,-3.4196870505731574,-3.416587329754839,-3.413487663538413,-3.4103880536807263,-3.4072885016629737,-3.4041890087372977,-3.401089575965081,-3.3979902042484817,-3.3948908943564593,-3.391791646946306,-3.3886924625814996,-3.3855933417465307,-3.382494284859253,-3.379395292281192,-3.376296364326165,-3.373197501267506,-3.3700987033441434,-3.366999970765712,-3.363901303716871,-3.360802702360959,-3.357704166843099,-3.3546056972928344,-3.3515072938263866,-3.3484089565485835,-3.3453106855545167,-3.34221248093098,-3.3391143427577084,-3.3360162711084618,-3.332918266051978,-3.3298203276528158,-3.3267224559721043,-3.323624651068221,-3.3205269129974115,-3.317429241814364,-3.3143316375727423,-3.3112341003257053,-3.308136630126406,-3.3050392270284887,-3.3019418910865945,-3.298844622356876,-3.2957474208975457,-3.2926502867694527,-3.2895532200367152,-3.286456220767409,-3.2833592890343355,-3.2802624249158794,-3.277165628496981,-3.274068899870245,-3.2709722391372114,-3.267875646409817,-3.2647791218120954,-3.2616826654821467,-3.258586277574448,-3.2554899582625545,-3.2523937074697553,-3.2492975251261442,-3.2462014111679944,-3.243105365537192,-3.2400093881807317,-3.236913479050265,-3.2338176381016925,-3.230721865294797,-3.227626160592916,-3.224530523962642,-3.2214349553735557,-3.218339454797983,-3.2152440222107725,-3.212148657589099,-3.2090533609122796,-3.2059581321616135,-3.202862971320228,-3.199767878372945,-3.1966728533061577,-3.193577896107716,-3.190483006766824,-3.187388185273948,-3.1842934316207323,-3.1811987457999202,-3.1781041278052844,-3.175009577631567,-3.1719150952744233,-3.1688206807303683,-3.1657263339967394,-3.1626320550716596,-3.159537843954007,-3.1564437006433916,-3.153349625140148,-3.150255617445327,-3.1471616775607063,-3.1440678054888136,-3.140974001232958,-3.137880264797296,-3.1347865961869084,-3.131692995407916,-3.1285994624676348,-3.125505997374782,-3.122412600139748,-3.1193192707749566,-3.116226009295332,-3.1131328157189144,-3.110039690067668,-3.106946632368531,-3.1038536426548022,-3.100760720967956,-3.097667867360032,-3.094575081896787,-3.0914823646618568,-3.0883897157622675,-3.085297135335755,-3.0822046235604956,-3.0791121806680937,-3.076019806960939,-3.0729275028354794,-3.0698352688134922,-3.0667431055842114,-3.063651014061228,-3.0605589954595342,-3.0574670514001157,-3.0543751840522955,-3.0512833963279524,-3.0481916921471983,-3.045100076802737,-3.042008557460826,-3.038917143851806,-3.0358258492243912,-3.032734691667796,-3.0296436959481565,-3.026552896065803,-3.0234623388253676,-3.0203720888325054,-3.0172822355049758,-3.0141929029349233,-3.0111042637966223,-3.008016559007959,-3.0049301255946577,-3.0018454362757376,-2.9987631558357286,-2.9956842215903787,-2.9926099585035075,-2.989542244231744,-2.9864837462247587,-2.9834382629453864,-2.9804112156534903,-2.977410357914355,-2.974446799615342,-2.9715364841105165,-2.968702315020958,-2.9659772067625676,-2.9634084309558166,-2.9610637421902926,-2.9590398641161184,-2.95747393236201,-2.9565582819454983
-3.559212779481149,-3.5584234204573724,-3.5570555842078466,-3.5552605223378744,-3.5531478978864697,-3.5507979218576016,-3.548269690707933,-3.5456070121040404,-3.54284253211914,-3.5400006921874945,-3.5370998673572296,-3.53415392450334,-3.5311733652767674,-3.5281661691599617,-3.5251384183570806,-3.5220947629830768,-3.5190387687188003,-3.5159731775573597,-3.512900104017286,-3.509821183255438,-3.5067376832033084,-3.503650589707607,-3.5005606713524453,-3.497468528944598,-3.494374633389842,-3.4912793547586416,-3.488182984647461,-3.485085753425451,-3.4819878435695135,-3.478889400000393,-3.475790538113932,-3.4726913500366594,-3.4695919095101444,-3.4664922757139025,-3.463392496264727,-3.460292609575506,-3.4571926467147516,-3.4540926328759984,-3.450992588541681,-3.447892530407195,-3.444792472116283,-3.44169242484764,-3.438592397783935,-3.435492398487695,-3.432392433203239,-3.4292925070997797,-3.426192624467598,-3.4230927888767257,-3.4199930033055805,-3.416893270245487,-3.4137935917858027,-3.4106939696833942,-3.4075944054194736,-3.4044949002461986,-3.4013954552249634,-3.3982960712579366,-3.3951967491140858,-3.3920974894507117,-3.3889982928312974,-3.38589915974034,-3.382800090595697,-3.3797010857589003,-3.3766021455437696,-3.373503270223643,-3.3704044600374505,-3.3673057151948296,-3.364207035880442,-3.36110842225763,-3.3580098744715157,-3.354911392651645,-3.3518129769142413,-3.348714627364132,-3.345616344096412,-3.342518127197874,-3.3394199767482546,-3.336321892821313,-3.3332238754857872,-3.3301259248062367,-3.32702804084379,-3.3239302236568267,-3.3208324733015915,-3.3177347898327723,-3.3146371733040345,-3.3115396237685353,-3.3084421412794285,-3.3053447258903583,-3.3022473776559638,-3.299150096632399,-3.296052882877875,-3.2929557364532385,-3.2898586574226085,-3.2867616458540603,-3.2836647018203933,-3.2805678253999915,-3.2774710166777954,-3.274374275746408,-3.2712776027073676,-3.268180997672608,-3.2650844607661624,-3.2619879921261266,-3.2588915919069774,-3.2557952602822655,-3.252698997175281,-3.249602802516121,-3.24650667624106,-3.2434106182919855,-3.240314628615894,-3.237218707164437,-3.2341228538935165,-3.2310270687629172,-3.2279313517359767,-3.2248357027792887,-3.2217401218624357,-3.2186446089577423,-3.2155491640400604,-3.212453787086564,-3.2093584780765707,-3.2062632369913806,-3.2031680638141222,-3.2000729585296166,-3.196977921124257,-3.193882951585894,-3.1907880499037327,-3.187693216068239,-3.184598450071058,-3.181503751904933,-3.178409121563638,-3.1753145590419143,-3.1722200643354164,-3.1691256374406627,-3.166031278354989,-3.1629369870765176,-3.1598427636041264,-3.156748607937428,-3.1536545200767545,-3.1505605000231585,-3.1474665477784183,-3.144372663345061,-3.141278846726397,-3.1381850979265797,-3.135091416950691,-3.1319978038048517,-3.1289042584963775,-3.1258107810339864,-3.1227173714280703,-3.119624029691051,-3.1165307558378537,-3.1134375498865188,-3.110344411859009,-3.1072513417822645,-3.104158339689582,-3.101065405622437,-3.0979725396328703,-3.094879741786637,-3.0917870121673734,-3.088694350882107,-3.0856017580685724,-3.082509233904945,-3.0794167786228304,-3.0763243925246173,-3.0732320760067546,-3.070139829591018,-3.067047653966641,-3.063955550047215,-3.060863519047733,-3.0577715625891817,-3.0546796828408835,-3.0515878827147196,-3.0484961661308043,-3.0454045383818467,-3.0423130066341084,-3.0392215806179426,-3.0361302735820783,-3.0330391036157525,-3.0299480954851368,-3.0268572831906138,-3.023766713536892,-3.020676451129742,-3.017586585387094,-3.014497240401344,-3.011408588847138,-3.0083208716429146,-3.00523442581521,-3.002149724084244,-2.9990674312363215,-2.9959884845898137,-2.9929142091124197,-2.9898464824665085,-2.9867879721102524,-2.983742476519082,-2.9807154169715364,-2.977714547060597,-2.9747509767146996,-2.971840649348792,-2.969006468674075,-2.966281349239512,-2.9637125628611853,-2.961367864414258,-2.959343977961315,-2.9577780397171702,-2.9568623855121303
-3.5595340246787748,-3.558744662719258,-3.5573768213316455,-3.5555817526504616,-3.5534691201042783,-3.5511191349883076,-3.5485908939796214,-3.545928204913205,-3.543163713991926,-3.5403218627504693,-3.537421026315132,-3.534475071622009,-3.531494500369964,-3.5284872920791526,-3.5254595289834754,-3.522415861221408,-3.5193598544924445,-3.5162942508045045,-3.5132211646879106,-3.510142231308927,-3.507058718606563,-3.503971612433549,-3.5008816813788317,-3.497789526253071,-3.4946956179651743,-3.4916003265881326,-3.488503943720456,-3.4854066997329536,-3.482308777103873,-3.4792103207550564,-3.476111446083239,-3.473012245215682,-3.4699127918945534,-3.46681314529986,-3.4637133530487976,-3.46061345355459,-3.457513477886025,-3.454413451236864,-3.45131339408973,-3.448213323140176,-3.4451132520320775,-3.4420131919442363,-3.4389131520594143,-3.435813139940215,-3.432713161831023,-3.429613222901103,-3.4265133274407855,-3.4234134790201396,-3.4203136806176135,-3.4172139347245625,-3.414114243430368,-3.4110146084919157,-3.4079150313904347,-3.4048155133780975,-3.4017160555163115,-3.3986166587072555,-3.395517323719908,-3.3924180512115765,-3.389318841745754,-3.38621969580694,-3.383120613813001,-3.3800215961254705,-3.3769226430581725,-3.3738237548844485,-3.370724931843233,-3.3676261741441653,-3.364527481971908,-3.3614288554898066,-3.358330294842985,-3.355231800160991,-3.3521333715600474,-3.3490350091449836,-3.3459367130108943,-3.3428384832445763,-3.3397403199257636,-3.3366422231282167,-3.3335441929206753,-3.3304462293676975,-3.3273483325304154,-3.3242505024672053,-3.3211527392343143,-3.3180550428864293,-3.3149574134772153,-3.31185985105983,-3.3087623556874264,-3.305664927413648,-3.302567566293134,-3.2994702723820377,-3.29637304573857,-3.2932758864235767,-3.290178794501177,-3.287081770039444,-3.2839848131111764,-3.2808879237947575,-3.277791102175125,-3.274694348344882,-3.2715976624055654,-3.268501044469107,-3.2654044946595375,-3.2623080131149513,-3.2592115999898215,-3.2561152554576958,-3.253018979441866,-3.2499227718724315,-3.2468266326856674,-3.243730561823463,-3.2406345592328174,-3.2375386248653832,-3.2344427586770625,-3.2313469606276413,-3.228251230680459,-3.22515556880211,-3.2220599749621774,-3.2189644491329883,-3.2158689912893923,-3.2127736014085655,-3.2096782794698266,-3.206583025454475,-3.2034878393456405,-3.2003927211281447,-3.197297670788381,-3.1942026883141996,-3.191107773694806,-3.1880129269206683,-3.1849181479834305,-3.181823436875837,-3.178728793591661,-3.1756342181256447,-3.1725397104734445,-3.1694452706315768,-3.166350898597379,-3.1632565943689737,-3.160162357945237,-3.157068189325783,-3.1539740885109433,-3.1508800555017706,-3.1477860903000447,-3.144692192908291,-3.1415983633298197,-3.1385046015687847,-3.135410907630269,-3.132317281520394,-3.129223723246475,-3.1261302328172302,-3.123036810243051,-3.1199434555363585,-3.116850168712078,-3.1137569497882507,-3.1106637987868395,-3.107570715734783,-3.10447770066538,-3.101384753620104,-3.098291874650996,-3.0951990638238134,-3.09210632122219,-3.089013646953153,-3.0859210411544367,-3.0828285040042176,-3.079736035734099,-3.0766436366464727,-3.0735513071377865,-3.070459047729815,-3.0673668591117935,-3.064274742197313,-3.0611826982013657,-3.0580907287449395,-3.054998835997358,-3.051907022870502,-3.048815293284491,-3.0457236525320375,-3.04263210777941,-3.039540668756973,-3.0364493487134725,-3.0333581657381683,-3.030267144597268,-3.0271763192912093,-3.024085736624782,-3.0209954612038765,-3.0179055824466015,-3.014816224445619,-3.011727559875964,-3.0086398296566528,-3.0055533708150737,-3.002468656072704,-2.9993863502177103,-2.996307390571213,-2.993233102104978,-2.9901653624873927,-2.9871068391855404,-2.984061330688057,-2.9810342582930565,-2.9780333756225557,-2.975069792648048,-2.9721594528483033,-2.9693252600289965,-2.9666001288785777,-2.964031331418187,-2.961686622822353,-2.95966272758604,-2.9580967825384636,-2.957181124361954
-3.5598694071137063,-3.5590800420888313,-3.5577121953362747,-3.555917119543148,-3.553804478544779,-3.5514544839404847,-3.5489262326374775,-3.5462635326465857,-3.5434990303060525,-3.5406571672554206,-3.5377563187026078,-3.534810351647507,-3.5318297678390222,-3.528822546836676,-3.5257947709054274,-3.5227510902083123,-3.5196950704642935,-3.5166294536967544,-3.5135563544483306,-3.510477407895107,-3.507393881983943,-3.504306762573859,-3.5012168182588446,-3.498124649853617,-3.4950307282703537,-3.491935423584686,-3.4888390273972583,-3.4857417700806126,-3.482643834114402,-3.4795453644216114,-3.476446476399911,-3.473347262177325,-3.4702477954966473,-3.467148135538396,-3.4640483299201903,-3.4609484170556017,-3.457848428013706,-3.4547483879885017,-3.451648317462809,-3.4485482331323465,-3.4454481486411255,-3.442348075168065,-3.4392480218960206,-3.436147996387677,-3.4330480048874854,-3.4299480525647676,-3.4268481437099005,-3.4237482818929945,-3.420648470092534,-3.4175487107999,-3.4144490061045003,-3.411349357763243,-3.4082497672573737,-3.405150235839082,-3.402050764569787,-3.3989513543516803,-3.3958520059537487,-3.392752720033312,-3.3896534971538643,-3.3865543377999163,-3.383455242389337,-3.380356211283666,-3.377257244796732,-3.3741583432018802,-3.3710595067380473,-3.367960735614876,-3.3648620300170324,-3.3617633901078605,-3.3586648160324883,-3.3555663079204656,-3.352467865888016,-3.3493694900399698,-3.3462711804714234,-3.343172937269171,-3.3400747605129513,-3.336976650276524,-3.333878606628629,-3.3307806296338254,-3.327682719353243,-3.324584875845261,-3.3214870991661263,-3.3183893893705263,-3.315291746512125,-3.31219417064408,-3.3090966618195448,-3.3059992200921617,-3.302901845516571,-3.299804538148923,-3.2967072980474286,-3.2936101252729353,-3.2905130198895582,-3.2874159819653714,-3.2843190115731744,-3.2812221087913462,-3.278125273704826,-3.275028506406213,-3.2719318069970424,-3.268835175589246,-3.2657386123068495,-3.2626421172879465,-3.2595456906870055,-3.2564493326775725,-3.2533530431829414,-3.250256822133213,-3.247160669464664,-3.244064585119187,-3.2409685690437797,-3.2378726211900988,-3.2347767415140467,-3.2316809299754117,-3.2285851865375332,-3.2254895111670066,-3.2223939038334155,-3.219298364509087,-3.216202893168872,-3.213107489789948,-3.2100121543516345,-3.2069168868352307,-3.2038216872238667,-3.200726555502365,-3.19763149165712,-3.1945364956759823,-3.191441567548158,-3.1883467072641145,-3.1852519148154967,-3.1821571901950483,-3.1790625333965434,-3.1759679444147255,-3.1728734232452505,-3.169778969884635,-3.1666845843302154,-3.1635902665801154,-3.1604960166332137,-3.1574018344891224,-3.1543077201481737,-3.1512136736114202,-3.1481196948806405,-3.1450257839583613,-3.141931940847893,-3.138838165553391,-3.135744458079935,-3.1326508184336475,-3.129557246621845,-3.1264637426532453,-3.123370306538238,-3.1202769382892472,-3.117183637921197,-3.1140904054521292,-3.1109972409040063,-3.1079041443037663,-3.1048111156847082,-3.101718155088306,-3.0986252625666006,-3.095532438185348,-3.0924396820281825,-3.0893469942021325,-3.086254374844932,-3.083161824134756,-3.08006934230321,-3.076976929652684,-3.0738845865796236,-3.070792313605806,-3.067700111420466,-3.0646079809371933,-3.0615159233709828,-3.05842394034282,-3.0553320340220322,-3.052240207320502,-3.0491484641583506,-3.046056809828295,-3.0429652514966117,-3.0398737988936744,-3.036782465268246,-3.033691268709613,-3.0306002339840226,-3.027509395091967,-3.024418798838322,-3.021328509829104,-3.0182386174826075,-3.0151492458917692,-3.0120605677320342,-3.00897282392302,-3.0058863514930043,-3.00280162316478,-2.9997193037284546,-2.996640330508021,-2.9935660284794894,-2.990498275317532,-2.9874397384985363,-2.984394216524925,-2.981367130715256,-2.9783662347218596,-2.975402638561189,-2.9724922857786558,-2.9696580802785775,-2.966932936895049,-2.964364127863321,-2.962019408670506,-2.9599955042630355,-2.9584295521116517,-2.9575138897883293
-3.5602182951336174,-3.559428926919552,-3.5580610745853223,-3.5562659913929515,-3.5541533416009523,-3.55180333712503,-3.5492750751118374,-3.546612363755146,-3.543847849534044,-3.54100597419717,-3.5381051130373566,-3.5351591331208736,-3.5321785362486864,-3.529171302021276,-3.526143512735914,-3.523099818581189,-3.52004378529632,-3.5169781549207806,-3.5139050420100144,-3.510826081750323,-3.5077425420967376,-3.504655408914816,-3.5015654508037994,-3.498473268582627,-3.495379333166876,-3.492284014634924,-3.4891876045896377,-3.48609033340536,-3.4829923835632064,-3.4798938999873528,-3.476794998076441,-3.4736957699592894,-3.4705962893793427,-3.4674966155176534,-3.46439679599228,-3.4612968692171573,-3.458196866261658,-3.4550968123200296,-3.451996727875299,-3.448896629623355,-3.4457965312083507,-3.442696443809323,-3.439596376609228,-3.436496337170833,-3.4333963317386598,-3.4302963654820893,-3.427196442691548,-3.4240965669371883,-3.4209967411975306,-3.417896967963987,-3.4147972493259906,-3.411697587040471,-3.4085979825886943,-3.4054984372228643,-3.4023989520044156,-3.399299527835551,-3.396200165485267,-3.393100865610892,-3.3900016287759294,-3.386902455464895,-3.383803346095665,-3.380704301029784,-3.377605320581084,-3.3745064050229145,-3.371407554594216,-3.3683087695046314,-3.3652100499388298,-3.3621113960601585,-3.359012808013747,-3.355914285929145,-3.3528158299225796,-3.349717440098881,-3.3466191165531476,-3.3435208593721755,-3.340422668635703,-3.3373245444174904,-3.334226486786278,-3.3311284958066256,-3.3280305715396645,-3.3249327140437726,-3.3218349233751963,-3.3187371995886235,-3.315639542737718,-3.312541952875638,-3.3094444300555352,-3.3063469743310536,-3.303249585756831,-3.300152264389019,-3.2970550102858263,-3.2939578235081,-3.2908607041199565,-3.2877636521894678,-3.2846666677894314,-3.2815697509982256,-3.2784729019007877,-3.275376120589716,-3.272279407166544,-3.2691827617432008,-3.266086184443711,-3.262989675406166,-3.2598932347850305,-3.2567968627538466,-3.25370055923591,-3.2506043241613236,-3.2475081574663682,-3.2444120590929346,-3.2413160289880247,-3.2382200671032946,-3.23512417339465,-3.2320283478218776,-3.2289325903483195,-3.225836900940573,-3.2227412795682215,-3.219645726203593,-3.21655024082154,-3.2134548233992395,-3.210359473916012,-3.2072641923531586,-3.2041689786938092,-3.2010738329227877,-3.197978755026488,-3.1948837449927607,-3.1917888028108123,-3.1886939284711113,-3.185599121965302,-3.1825043832861306,-3.1794097124273706,-3.1763151093837645,-3.173220574150968,-3.1701261067254976,-3.1670317071046927,-3.1639373752866757,-3.1608431112703252,-3.1577489150552536,-3.1546547866417938,-3.151560726030998,-3.1484667332246454,-3.145372808225262,-3.142278951036159,-3.1391851616614903,-3.1360914401063384,-3.1329977863768246,-3.129904200480264,-3.126810682425376,-3.1237172322225497,-3.1206238498842107,-3.117530535425282,-3.114437288863805,-3.1113441102217414,-3.1082509995260326,-3.105157956809974,-3.102064982115041,-3.0989720754932737,-3.0958792370104278,-3.0927864667501397,-3.0896937648194354,-3.0866011313560495,-3.0835085665381583,-3.080416070597365,-3.077323643836059,-3.0742312866506882,-3.071138999563029,-3.0680467832623153,-3.064954638662137,-3.06186256697749,-3.058770569829361,-3.0556786493870765,-3.0525868085625216,-3.0494950512758194,-3.046403382819694,-3.0433118103604277,-3.040220343628406,-3.0371289958724104,-3.0340377851817535,-3.0309467363227207,-3.027855883295865,-3.0247652729061496,-3.021674969759722,-3.018585063275071,-3.0154956775454202,-3.012406985246638,-3.0093192272989695,-3.006232740731618,-3.003147998268745,-3.000065664702477,-2.996986677359795,-2.993912361221126,-2.9908445939676787,-2.9877860430855216,-2.984740507091423,-2.981713407325206,-2.9787124974707417,-2.975748887591259,-2.9728385213015,-2.9700043026084124,-2.96727914649762,-2.964710325427132,-2.962365595209271,-2.9603416812601755,-2.9587757217180295,-2.9578600550803844
-3.560580041252157,-3.559790669731006,-3.558422811608764,-3.5566277207436165,-3.5545150618329093,-3.552165047120431,-3.5496367740011214,-3.5469740508584615,-3.5442095243175875,-3.5413676362402664,-3.5384667620073906,-3.5355207687540573,-3.5325401583352187,-3.5295329103938298,-3.5265051072606677,-3.523461399150818,-3.5204053518245035,-3.517339707337884,-3.5142665802596875,-3.5111876057868106,-3.5081040518827526,-3.505016904419856,-3.501926932002805,-3.498834735454917,-3.495740785695297,-3.492645452805169,-3.4895490283897046,-3.4864517428251127,-3.4833537785940276,-3.480255280621861,-3.4771563643082626,-3.4740571217828733,-3.470957626789811,-3.4678579385106842,-3.4647581045640052,-3.461658163364085,-3.4585581459806067,-3.455458077608074,-3.4523579787297276,-3.4492578660416333,-3.446157753188092,-3.4430576513482625,-3.439957569705205,-3.4368575158217727,-3.433757495942562,-3.4306575152370145,-3.427557577995608,-3.4244576877885393,-3.4213578475943662,-3.4182580599045322,-3.415158326808497,-3.412058650063214,-3.408959031149967,-3.405859471320976,-3.402759971637691,-3.399660533002326,-3.3965611561838904,-3.393461841839719,-3.390362590533325,-3.387263402749231,-3.384164278905319,-3.381065219363138,-3.377966224436524,-3.3748672943988307,-3.371768429489001,-3.3686696299166843,-3.3655708958665502,-3.3624722275019483,-3.35937362496801,-3.3562750883942867,-3.3531766178970064,-3.350078213581002,-3.346979875541373,-3.3438816038649137,-3.340783398631364,-3.3376852599144864,-3.3345871877830207,-3.331489182301528,-3.3283912435311382,-3.325293371530231,-3.3221955663550515,-3.319097828060288,-3.316000156699604,-3.312902552326158,-3.309805014993102,-3.3067075447540795,-3.303610141663728,-3.300512805778198,-3.297415537155698,-3.2943183358570756,-3.291221201946444,-3.2881241354918753,-3.2850271365661645,-3.281930205247691,-3.2788333416213886,-3.2757365457798553,-3.272639817824622,-3.269543157867616,-3.2664465660328585,-3.263350042458439,-3.26025358729882,-3.2571572007275384,-3.2540608826678934,-3.250964633049991,-3.2478684518101106,-3.2447723388901473,-3.2416762942371045,-3.2385803178026387,-3.235484409542657,-3.232388569416948,-3.229292797388854,-3.226197093424975,-3.223101457494894,-3.2200058895709405,-3.2169103896279676,-3.2138149576431543,-3.2107195935958206,-3.2076242974672677,-3.2045290692406256,-3.201433908900719,-3.1983388164339424,-3.1952437918281484,-3.192148835072543,-3.1890539461575944,-3.1859591250749495,-3.1828643718173524,-3.179769686378577,-3.1766750687533656,-3.1735805189373765,-3.170486036927127,-3.1673916227199554,-3.1642972763139836,-3.1612029977080893,-3.158108786901887,-3.1550146438957083,-3.1519205686906067,-3.1488265612883617,-3.145732621691498,-3.1426387499033273,-3.139544945928006,-3.1364512097706143,-3.1333575414372743,-3.1302639409353015,-3.1271704082734133,-3.124076943462002,-3.1209835465134907,-3.117890217442804,-3.114796956267982,-3.1117037630109876,-3.1086106376987592,-3.1055175803645954,-3.102424591049971,-3.0993316698069258,-3.0962388167012147,-3.0931460318164747,-3.0900533152597323,-3.08696066716872,-3.083868087721615,-3.0807755771500207,-3.0776831357563257,-3.074590763936979,-3.071498462213756,-3.0684062312758917,-3.0653140720369754,-3.0622219857120023,-3.0591299739219604,-3.0560380388361774,-3.0529461833665397,-3.0498544114331745,-3.0467627283288086,-3.043671141219733,-3.0405796598363475,-3.0374882974274504,-3.0343970720823816,-3.031306008567468,-3.028215140883322,-3.025124515835,-3.0220341980287846,-3.018944276883366,-3.0158548764922655,-3.012766169531791,-3.009678396922838,-3.0065918956955686,-3.0035071385755625,-3.000424790357044,-2.997345788370088,-2.9942714575997043,-2.99120367573388,-2.9881451102687215,-2.9850995597358723,-2.9820724454972094,-2.9790715212693075,-2.9761078971638995,-2.9731975168676246,-2.9703632844938523,-2.967638115185334,-2.9650692816310755,-2.9627245399806292,-2.9607006161372023,-2.959134648931092,-2.958218977819645
-3.5609539844732434,-3.560164609533176,-3.5587967454271956,-3.5570016466298098,-3.554888978292034,-3.552538952996835,-3.5500106683958363,-3.547347933068641,-3.544583393791377,-3.5417414925427613,-3.5388406047947245,-3.5358945977535203,-3.532913973329913,-3.5299067112107663,-3.5268788937614977,-3.523835171224588,-3.520779109381973,-3.5177134503070637,-3.5146403085823184,-3.51156131941559,-3.5084777507791323,-3.505390588552301,-3.5023006013454085,-3.4992083899862987,-3.496114425397722,-3.4930190776638486,-3.48992263839223,-3.4868253379610077,-3.483727358854383,-3.4806288459990458,-3.477529914795685,-3.4744306573747945,-3.471331147481189,-3.468231444297049,-3.4651315954413606,-3.4620316393288193,-3.4589316070294305,-3.4558315237379653,-3.4527314099378827,-3.4496312823254316,-3.446531154545066,-3.4434310377760733,-3.4403309412016214,-3.437230872384651,-3.4341308375698336,-3.4310308419266744,-3.4279308897457055,-3.4248309845971665,-3.4217311294596557,-3.4186313268246495,-3.415531578781634,-3.4124318870875854,-3.4093322532238095,-3.4062326784425445,-3.4031331638052547,-3.4000337102141667,-3.396934318438299,-3.393834989134998,-3.390735722867784,-3.387636520121187,-3.384537381313094,-3.3814383068050593,-3.3783392969109247,-3.3752403519040484,-3.372141472023377,-3.369042657478561,-3.365943908454273,-3.3628452251138654,-3.3597466076024713,-3.3566480560496452,-3.3535495705716154,-3.350451151273217,-3.3473527982495486,-3.3442545115874074,-3.3411562913665325,-3.338058137660687,-3.3349600505386134,-3.331862030064871,-3.3287640763005912,-3.3256661893041533,-3.322568369131804,-3.3194706158382297,-3.3163729294770956,-3.3132753101015586,-3.3101777577647704,-3.307080272520374,-3.3039828544230057,-3.3008855035288174,-3.2977882198960162,-3.2946910035854486,-3.2915938546612273,-3.2884967731914236,-3.2853997592488318,-3.2823028129118295,-3.2792059342653492,-3.2761091234019877,-3.273012380423272,-3.269915705441129,-3.2668190985795778,-3.2637225599767024,-3.260626089786963,-3.2575296881838947,-3.2544333550907982,-3.25133709043778,-3.2482408941611234,-3.245144766202725,-3.2420487065095895,-3.238952715033376,-3.235856791729992,-3.232760936559228,-3.2296651494844277,-3.226569430472189,-3.223473779492099,-3.220378196516487,-3.217282681520208,-3.214187234480439,-3.2110918553765035,-3.2079965441897027,-3.2049013009031673,-3.2018061255017227,-3.1987110179717653,-3.1956159783011446,-3.192521006479069,-3.1894261024960073,-3.1863312663436054,-3.1832364980146086,-3.1801417975027917,-3.177047164802898,-3.1739525999105838,-3.170858102822368,-3.167763673535587,-3.164669312048366,-3.161575018359583,-3.158480792468851,-3.1553866343765025,-3.1522925440835903,-3.1491985215918934,-3.1461045669039382,-3.143010680023037,-3.139916860953344,-3.1368231096999417,-3.13372942626895,-3.1306358106676866,-3.1275422629048677,-3.124448782990887,-3.1213553709381663,-3.1182620267616294,-3.1151687504793175,-3.112075542113194,-3.108982401690197,-3.1058893292436243,-3.1027963248149515,-3.099703388456218,-3.09661052023318,-3.0935177202294732,-3.090424988552123,-3.0873323253388634,-3.084239730767871,-3.0811472050707476,-3.078054748549884,-3.074962361601728,-3.0718700447480543,-3.0687777986780973,-3.0656856243054476,-3.0625935228451002,-3.0595014959180453,-3.0564095456936093,-3.0533176750836826,-3.0502258880083954,-3.0471341897604796,-3.044042587506234,-3.040951090976069,-3.037859713418802,-3.0347684729238007,-3.031677394257436,-3.0285865114203854,-3.0254958712177977,-3.022405538256096,-3.0193156019541787,-3.0162261864058744,-3.0131374642879454,-3.0100496765219593,-3.006963160139072,-3.0038783878663287,-3.000796024500117,-2.997717007373717,-2.9946426614768726,-2.991574864504579,-2.9885162839633206,-2.985470718400118,-2.9824435891996455,-2.9794426501122904,-2.97647901129993,-2.9735686165235293,-2.9707343700064786,-2.968009187053974,-2.965440340593822,-2.963095587124211,-2.9610716530518872,-2.959505677922665,-2.9585900021861393
-3.5613394526114637,-3.5605500741468163,-3.559182203872167,-3.557387096897391,-3.5552744188411936,-3.5529243826362,-3.5503960861986545,-3.547733338310343,-3.54496878590305,-3.5421268710760576,-3.5392259693951473,-3.536279948139928,-3.5332993092787,-3.5302920325435942,-3.5272642003357397,-3.524220462925858,-3.521164386118273,-3.5180987120041767,-3.5150255551801854,-3.511946550865444,-3.5088629670412335,-3.5057757895941397,-3.5026857871402775,-3.499593560512154,-3.4964995806362826,-3.4934042175998665,-3.490307763012915,-3.4872104472555576,-3.4841124528136143,-3.481013924615091,-3.4779149780617504,-3.474815705284964,-3.4717161800302665,-3.468616461480428,-3.465516597254919,-3.4624166257688374,-3.459316578092518,-3.4562164794210037,-3.453116350237983,-3.450016207239894,-3.446916064071347,-3.4438159319117623,-3.440715819944415,-3.437615735732342,-3.434515685520289,-3.431415674477829,-3.428315706895548,-3.4252157863437325,-3.422115915801019,-3.4190160977589183,-3.4159163343069454,-3.412816627202101,-3.409716977925712,-3.406617387730034,-3.4035178576765466,-3.400418388667489,-3.3973189814718916,-3.3942196367471102,-3.391120355056674,-3.3880211368851207,-3.384921982650343,-3.3818228927139002,-3.3787238673896414,-3.3756249069509265,-3.372526011636705,-3.3694271816566324,-3.366328417195384,-3.363229718416313,-3.360131085464556,-3.357032518469667,-3.3539340175478776,-3.350835582804023,-3.3477372143332027,-3.3446389122222175,-3.341540676550807,-3.338442507392735,-3.335344404816743,-3.3322463688873913,-3.3291483996658116,-3.326050497210382,-3.3229526615773506,-3.3198548928214033,-3.316757190996205,-3.3136595561549136,-3.3105619883506794,-3.3074644876371457,-3.3043670540689494,-3.30126968770224,-3.298172388595225,-3.295075156808749,-3.2919779924069252,-3.2888808954578237,-3.2857838660342367,-3.28268690421454,-3.2795900100836657,-3.276493183734208,-3.273396425267694,-3.270299734796046,-3.2672031124432808,-3.264106558347481,-3.261010072663103,-3.2579136555636774,-3.2548173069725066,-3.2517210268197005,-3.2486248150415453,-3.2455286715799385,-3.2424325963818865,-3.239336589399049,-3.236240650587335,-3.2331447799065387,-3.230048977320003,-3.2269532427943286,-3.2238575762991006,-3.2207619778066516,-3.2176664472918364,-3.2145709847318336,-3.2114755901059677,-3.208380263395539,-3.2052850045836814,-3.202189813655219,-3.199094690596547,-3.19599963539552,-3.1929046480413423,-3.1898097285244855,-3.186714876836596,-3.1836200929704184,-3.180525376919728,-3.1774307286792696,-3.174336148244699,-3.1712416356125344,-3.168147190780114,-3.165052813745561,-3.161958504507755,-3.158864263066309,-3.155770089421556,-3.1526759835745497,-3.149581945527069,-3.146487975281639,-3.143394072841572,-3.140300238211025,-3.1372064713950767,-3.13411277239985,-3.1310191412326613,-3.1279255779022277,-3.124832082418942,-3.121738654795226,-3.1186452950460044,-3.1155520031893182,-3.112458779247131,-3.10936562324638,-3.106272535220364,-3.1031795152105586,-3.1000865632690022,-3.096993679461451,-3.09390086387154,-3.0908081166062966,-3.0877154378034537,-3.0846228276411862,-3.0815302863510987,-3.07843781423558,-3.075345411691077,-3.0722530792393647,-3.0691608175696787,-3.0660686275956084,-3.0629765105321494,-3.0598844680002912,-3.056792502169365,-3.05370061595126,-3.0506088132661113,-3.0475170994066554,-3.0444254815392,-3.0413339693941683,-3.038242576220397,-3.035151320107283,-3.032060225821239,-3.028969327363009,-3.02587867153784,-3.0227883229522994,-3.0196983710255,-3.0166089398515874,-3.0135202021077925,-3.0104323987163744,-3.0073458667095134,-3.004261078815766,-3.0011786998337535,-2.9980996671000546,-2.9950253056092957,-2.9919574930636967,-2.988898896980442,-2.9858533159224034,-2.982826171297758,-2.9798252168917494,-2.976861562917948,-2.9739511532139415,-2.971116892116541,-2.9683916950984046,-2.965822835333525,-2.9634780696795,-2.961454125062173,-2.959888141764988,-2.958972461260453
-3.5617357645955003,-3.5609463825068595,-3.559578505889548,-3.5577833905067324,-3.5556707024579994,-3.5533206550354937,-3.550792346427538,-3.5481295856238075,-3.5453650197161317,-3.54252309092776,-3.539622174920971,-3.536676139050801,-3.5336954853447082,-3.530688193581368,-3.527660346198628,-3.524616593496246,-3.521560501301563,-3.5184948117240578,-3.515421639374903,-3.5123426194848566,-3.50925902004448,-3.5061718269477926,-3.503081808816875,-3.499989566489033,-3.4968955708946434,-3.493800192124031,-3.4907037217897297,-3.4876063902739176,-3.4845083800640766,-3.481409836089566,-3.4783108737532524,-3.475211585187411,-3.4721120441383153,-3.4690123097893415,-3.46591242976046,-3.4628124424671807,-3.4597123789801794,-3.456612264494779,-3.4535121194949028,-3.450411960677181,-3.4473118016863875,-3.4442116537020766,-3.441111525907637,-3.4380114258662,-3.434911359822593,-3.431811332946454,-3.428711349528426,-3.425611413138846,-3.4225115267563893,-3.419411692872601,-3.416311913577026,-3.4132121906266897,-3.4101125255029405,-3.4070129194580514,-3.4039133735535176,-3.400813888691594,-3.397714465641322,-3.3946151050600664,-3.391515807511366,-3.388416573479764,-3.3853174033831626,-3.382218297583126,-3.3791192563935066,-3.37602028008767,-3.372921368904568,-3.3698225230538594,-3.3667237427202226,-3.3636250280670135,-3.36052637923937,-3.357427796366849,-3.3543292795656834,-3.3512308289407096,-3.34813244458703,-3.3450341265914436,-3.3419358750336925,-3.3388376899875394,-3.3357395715217275,-3.3326415197008172,-3.329543534585941,-3.326445616235477,-3.3233477647056735,-3.320249980051216,-3.317152262325771,-3.3140546115824936,-3.310957027874536,-3.3078595112555416,-3.3047620617801448,-3.3016646795044955,-3.2985673644868014,-3.2954701167879055,-3.29237293647192,-3.2892758236069124,-3.286178778265676,-3.2830818005265847,-3.279984890474569,-3.27688804820222,-3.2737912738110633,-3.2706945674130203,-3.2675979291321036,-3.2645013591063936,-3.261404857490342,-3.2583084244574763,-3.2552120599311025,-3.2521157638413327,-3.2490195361244543,-3.2459233767223656,-3.2428272855820754,-3.2397312626552464,-3.2366353078977887,-3.2335394212694957,-3.230443602733713,-3.2273478522570422,-3.2242521698090725,-3.221156555362135,-3.2180610088910853,-3.214965530373102,-3.2118701197875104,-3.2087747771156123,-3.205679502340541,-3.202584295447122,-3.1994891564217522,-3.196394085252286,-3.193299081927929,-3.1902041464391515,-3.1871092787776005,-3.1840144789360227,-3.1809197469081925,-3.177825082688854,-3.1747304862736643,-3.1716359576591424,-3.1685414968426255,-3.1654471038222383,-3.1623527785968593,-3.159258521166102,-3.156164331530301,-3.153070209690508,-3.1499761556485044,-3.1468821694068145,-3.14378825096875,-3.1406944003384663,-3.137600617521046,-3.1345069025226096,-3.131413255350474,-3.1283196760133576,-3.1252261645216506,-3.122132720887777,-3.119039345126661,-3.1159460372563443,-3.112852797298789,-3.109759625280933,-3.106666521236076,-3.103573485205692,-3.1004805172418206,-3.0973876174102175,-3.0942947857945167,-3.091202022501745,-3.088109327669637,-3.085016701476368,-3.0819241441535405,-3.0788316560035436,-3.075739237422824,-3.0726468889331584,-3.0695546112237797,-3.0664624052082794,-3.063370272101652,-3.060278213524888,-3.0571862316473193,-3.0540943293808382,-3.0510025106455827,-3.0479107807342953,-3.0448191468132912,-3.0417276186130078,-3.0386362093823007,-3.035544937210597,-3.0324538268643546,-3.0293629123443844,-3.0262722404560343,-3.0231818758060194,-3.020091907813674,-3.0170024605734693,-3.0139137067631183,-3.0108258873055913,-3.007739339234121,-3.004654535278817,-3.001572140240599,-2.9984930914594377,-2.9954187139349786,-2.9923508853768706,-2.989292273313296,-2.986246676323428,-2.9832195158396098,-2.9802185456829227,-2.9772548761200888,-2.974344451067479,-2.971510174978524,-2.9687849634980674,-2.9662160900532295,-2.9638713118711513,-2.9618473564114187,-2.960281364715909,-2.9593656793088923
-3.562142232742259,-3.561352846936528,-3.559984963813618,-3.558189839806766,-3.556077141508793,-3.5537270825805987,-3.551198761489576,-3.5485359874386257,-3.5457714076837386,-3.5429294645753138,-3.5400285338746054,-3.5370824830140113,-3.5341018140816725,-3.531094506904004,-3.5280666439565147,-3.5250228755687467,-3.5219667675916497,-3.518901062153459,-3.515827873880275,-3.5127488380147667,-3.5096652225570164,-3.506578013408669,-3.503487979197924,-3.5003957207670084,-3.4973017090502645,-3.4942063141412176,-3.491109827654991,-3.488012479975864,-3.4849144535930217,-3.4818158934372114,-3.4787169149124355,-3.475617610151893,-3.472518052902615,-3.469418302348601,-3.4663184061103323,-3.4632184026037423,-3.460118322899855,-3.4570181921942837,-3.4539180309711903,-3.4508178559274065,-3.4477176807078695,-3.4446175164922725,-3.4415173724641215,-3.4384172561866433,-3.4353171739047474,-3.4322171307881417,-3.4291171311275286,-3.4260171784932925,-3.422917275864149,-3.4198174257316794,-3.4167176301854596,-3.4136178909825428,-3.4105182096042963,-3.4074185873030145,-3.404319025140208,-3.401219524018143,-3.3981200847058743,-3.3950207078607777,-3.3919213940463995,-3.3888221437472916,-3.385722957381363,-3.382623835310183,-3.3795247778476085,-3.3764257852670094,-3.3733268578073434,-3.3702279956782717,-3.3671291990644745,-3.3640304681293127,-3.3609318030179254,-3.357833203859871,-3.3547346707713834,-3.3516362038573,-3.348537803212725,-3.345439468924458,-3.3423412010722413,-3.3392429997298394,-3.336144864965995,-3.3330467968452693,-3.329948795428796,-3.326850860774954,-3.3237529929399905,-3.320655191978593,-3.317557457944425,-3.314459790890644,-3.3113621908704,-3.308264657937336,-3.3051671921460875,-3.3020697935528025,-3.298972462215688,-3.2958751981955867,-3.2927780015566097,-3.2896808723668234,-3.286583810699019,-3.2834868166315694,-3.280389890249404,-3.277293031645113,-3.274196240920219,-3.27109951818664,-3.268002863568386,-3.2649062772035355,-3.2618097592465376,-3.2587133098709145,-3.255616928999974,-3.252520616563832,-3.249424372498777,-3.246328196746711,-3.2432320892546427,-3.2401360499742373,-3.2370400788614067,-3.233944175875945,-3.2308483409812,-3.227752574143773,-3.2246568753332534,-3.2215612445219737,-3.2184656816847923,-3.215370186798889,-3.2122747598435875,-3.2091794008001924,-3.206084109651836,-3.202988886383346,-3.1998937309811186,-3.1967986434330085,-3.193703623728223,-3.1906086718572317,-3.187513787811683,-3.1844189715843227,-3.1813242231689274,-3.178229542560241,-3.17513492975392,-3.1720403847464835,-3.1689459075352695,-3.165851498118403,-3.1627571564947634,-3.1596628826639632,-3.156568676626337,-3.1534745383829357,-3.1503804679355403,-3.147286465286678,-3.14419253043966,-3.141098663398643,-3.138004864168708,-3.134911132755977,-3.1318174691677663,-3.1287238734127936,-3.1256303455014502,-3.122536885446159,-3.1194434932618442,-3.1163501689665467,-3.11325691258223,-3.110163724135833,-3.107070603660653,-3.103977551198165,-3.1008845668004077,-3.097791650533138,-3.09469880247999,-3.09160602274799,-3.08851331147487,-3.0854206688388093,-3.082328095071408,-3.0792355904750552,-3.076143155446198,-3.073050790506612,-3.069958496345531,-3.0668662738765464,-3.0637741243146523,-3.0606820492808415,-3.057590050944446,-3.0544981322173603,-3.0514062970197253,-3.0483145506442884,-3.0452229002573747,-3.0421313555894343,-3.0390399298893427,-3.0359486412465593,-3.0328575144275893,-3.0297665834333105,-3.026675895069175,-3.0235855139420487,-3.0204955294714924,-3.017406065752312,-3.0143172954627144,-3.0112294595264015,-3.0081428949776843,-3.005058074548265,-3.0019756630414176,-2.998896597800595,-2.9958222038305924,-2.992754358848675,-2.989695730394309,-2.9866501170633843,-2.9836229403130305,-2.9806219540010894,-2.977658268448799,-2.974747827653338,-2.9719135361877504,-2.969188309873489,-2.966619422397302,-2.9642746313653703,-2.962250664784729,-2.9606846644751705,-2.9597689740397444
-3.5625581649902407,-3.5617687753806795,-3.5604008856003606,-3.5586057527682255,-3.5564930439818365,-3.5541429732794567,-3.5516146394140597,-3.548951851806749,-3.5461872578815017,-3.5433453001188377,-3.5404443543812985,-3.537498288180449,-3.5345176036665253,-3.5315102807147984,-3.528482401839316,-3.5254386174001002,-3.522382493272263,-3.51931677160323,-3.516243567034383,-3.5131645148205783,-3.510080882971641,-3.5069936573970186,-3.5039036067311735,-3.5008113318213674,-3.4977173036060005,-3.4946218921818755,-3.491525389166765,-3.488428024947095,-3.4853299820138,-3.482231405299049,-3.4791324102079995,-3.4760330888747992,-3.472933515047257,-3.4698337479100076,-3.4667338350840575,-3.4636338149857706,-3.46053371868653,-3.4574335713822437,-3.454333393557318,-3.451233201908788,-3.448133010081762,-3.445032829256074,-3.44193266861535,-3.4388325357229177,-3.435732436823769,-3.4326323770876814,-3.4295323608054162,-3.4264323915474098,-3.4233324722924205,-3.420232605532067,-3.417132793355955,-3.4140330375211625,-3.41093333950908,-3.4078337005720214,-3.4047341217715146,-3.4016346040098404,-3.3985351480560655,-3.3954357545675755,-3.392336424107926,-3.389237157161677,-3.386137954146741,-3.3830388154246958,-3.3799397413094034,-3.3768407320742395,-3.373741787958164,-3.370642909170841,-3.3675440958969562,-3.3644453482998706,-3.3613466665247262,-3.358248050701084,-3.355149500945179,-3.352051017361851,-3.3489526000462044,-3.3458542490850407,-3.3427559645581013,-3.339657746539152,-3.3365595950969373,-3.3334615102960194,-3.3303634921975296,-3.3272655408598486,-3.324167656339223,-3.32106983869034,-3.3179720879668646,-3.3148744042219525,-3.3117767875087547,-3.308679237880913,-3.3055817553930633,-3.3024843401013526,-3.2993869920639862,-3.296289711341807,-3.293192497998924,-3.2900953521034046,-3.2869982737280377,-3.283901262951195,-3.2808043198578036,-3.277707444540452,-3.2746106371006607,-3.2715138976503457,-3.2684172263135145,-3.2653206232282415,-3.2622240885489724,-3.259127622449225,-3.2560312248523116,-3.2529348956883477,-3.2498386348936252,-3.2467424424100475,-3.2436463181846267,-3.2405502621690285,-3.237454274319167,-3.234358354594837,-3.2312625029593867,-3.2281667193794217,-3.225071003824531,-3.2219753562670483,-3.218879776681831,-3.2157842650460604,-3.2126888213390634,-3.2095934455421427,-3.206498137638433,-3.203402897612762,-3.200307725451527,-3.1972126211425813,-3.1941175846751344,-3.191022616039656,-3.1879277152277954,-3.184832882232298,-3.1817381170469408,-3.178643419666468,-3.1755487900865367,-3.172454228303666,-3.1693597343151945,-3.166265308119247,-3.1631709497147025,-3.160076659101174,-3.156982436278998,-3.1538882812492255,-3.1507941940136366,-3.1477001745747564,-3.144606222935899,-3.141512339101221,-3.1384185230758033,-3.1353247748657673,-3.13223109447843,-3.129137481922508,-3.1260439372083932,-3.12295046034851,-3.1198570513577804,-3.1167637102542476,-3.1136704370598727,-3.1105772318015954,-3.1074840945127127,-3.1043910252347002,-3.101298024019597,-3.098205090933158,-3.0951122260590185,-3.0920194295042047,-3.08892670140645,-3.0858340419439303,-3.082741451348248,-3.079648929921792,-3.0765564780610086,-3.0734640962876725,-3.070371785291018,-3.067279545984636,-3.0641873795835224,-3.0610952877086697,-3.0580032725294113,-3.0549113369576433,-3.05181948491351,-3.0487277216897657,-3.0456360544527454,-3.042544492932911,-3.03945305037916,-3.0363617448809834,-3.033270601204933,-3.030179653351957,-3.0270889481276115,-3.0239985501389213,-3.0209085488056755,-3.0178190682230226,-3.014730281069677,-3.011642428270087,-3.008555846859667,-3.005471009571752,-3.0023885812120223,-2.9993094991274964,-2.996235088328235,-2.9931672265393012,-2.990108581311706,-2.987062951258449,-2.984035757862023,-2.9810347550178866,-2.9780710531030663,-2.9751605961974317,-2.972326288996434,-2.9696010475022545,-2.96703214566733,-2.964687341485722,-2.96266336352469,-2.9610973544000925,-2.9601816588189287
-3.5629828670813506,-3.5621934735875995,-3.5608255770092248,-3.5590304351653583,-3.5569177156689706,-3.5545676329436553,-3.5520392860339993,-3.5493764845839184,-3.546611876188928,-3.5437699034624157,-3.540868942370349,-3.537922860505133,-3.534942160080411,-3.5319348210213426,-3.52890692588133,-3.5258631250515218,-3.5228069844316976,-3.519741246188884,-3.516668024980065,-3.513588956072541,-3.510505307486087,-3.5074180651381193,-3.5043279976694923,-3.5012357059326127,-3.498141660870024,-3.4950462325818736,-3.49194971268864,-3.488852331578945,-3.4857542717455035,-3.4826556781219353,-3.4795566661145823,-3.4764573278585593,-3.4733577371024675,-3.4702579530315956,-3.4671580232674826,-3.464057986226935,-3.4609578729817,-3.4578577087279863,-3.4547575139504496,-3.4516573053463353,-3.448557096560925,-3.4454568987741987,-3.4423567211699013,-3.4392565713114625,-3.4361564554439608,-3.4330563787372452,-3.4299563454821373,-3.426856359249126,-3.423756423017014,-3.4206565392774553,-3.4175567101200865,-3.4144569373020124,-3.411357222304649,-3.4082575663803287,-3.405157970590595,-3.402058435837745,-3.398958962890856,-3.395859552407324,-3.3927602049507173,-3.3896609210056012,-3.3865617009898976,-3.383462545265189,-3.3803634541453436,-3.3772644279037403,-3.374165466779343,-3.371066570981819,-3.367967740695857,-3.3648689760848205,-3.3617702772938536,-3.3586716444525195,-3.3555730776770543,-3.3524745770723006,-3.349376142733363,-3.346277774747045,-3.3431794731930875,-3.340081238145259,-3.336983069672304,-3.333884967838783,-3.3307869327058306,-3.3276889643318257,-3.3245910627730155,-3.321493228084088,-3.318395460318707,-3.3152977595300293,-3.3122001257712053,-3.3091025590958747,-3.306005059558674,-3.30290762721575,-3.299810262125308,-3.296712964348189,-3.2936157339485024,-3.2905185709943123,-3.2874214755584066,-3.284324447719156,-3.2812274875614857,-3.278130595177982,-3.2750337706701647,-3.2719370141499455,-3.268840325741331,-3.2657437055823917,-3.262647153827569,-3.259550670650378,-3.256454255974131,-3.2533579097289476,-3.250261631851123,-3.247165422282562,-3.244069280970278,-3.2409732078659372,-3.2378772029254557,-3.234781266108631,-3.2316853973788136,-3.2285895967026086,-3.2254938640496054,-3.22239819939214,-3.2193026027050697,-3.2162070739655784,-3.2131116131529924,-3.2100162202486167,-3.2069208952355854,-3.203825638098726,-3.2007304488244372,-3.197635327400573,-3.194540273816344,-3.1914452880622215,-3.188350370129853,-3.1852555200119843,-3.182160737702393,-3.1790660231958245,-3.175971376487935,-3.1728767975752437,-3.1697822864550913,-3.166687843125601,-3.1635934675856525,-3.16049915983486,-3.1574049198735583,-3.1543107477028007,-3.1512166433243656,-3.1481226067407815,-3.1450286379553596,-3.1419347369722566,-3.138840903796554,-3.135747138434373,-3.1326534408930304,-3.1295598111812444,-3.126466249309406,-3.123372755289939,-3.120279329137766,-3.1171859708709295,-3.1140926805113933,-3.110999458086094,-3.1079063036283308,-3.1048132171795775,-3.1017201987918743,-3.098627248530976,-3.0955343664805164,-3.0924415527475233,-3.089348807469729,-3.0862561308253085,-3.083163523045864,-3.0800709844337844,-3.0769785153855156,-3.073886116422834,-3.070793788234972,-3.0677015317355214,-3.064609348139479,-3.061517239067838,-3.058425206689931,-3.05533325391766,-3.0522413846711713,-3.0491496042432247,-3.0460579198001625,-3.042966341072463,-3.0398748813090446,-3.0367835585994287,-3.0336923977102153,-3.0306014326424275,-3.0275107102017267,-3.024420294995297,-3.0213302764431655,-3.018240778640829,-3.0151519742675172,-3.012064104248443,-3.0089775056201464,-3.005892651117628,-3.0028102055490313,-2.999731106265008,-2.9966566782809996,-2.993588799330032,-2.9905301369749044,-2.9874844898460866,-2.984457279451971,-2.9814562597264263,-2.9784925411034466,-2.97558206774734,-2.9727477444785486,-2.970022487483801,-2.967453570986832,-2.9651087533777796,-2.963084763795962,-2.9615187456701193,-2.960603044834522
-3.563415644681105,-3.5626262472291836,-3.561258343723274,-3.559463192696035,-3.557350462285657,-3.555000367308405,-3.5524720071060343,-3.549809191549516,-3.5470445684091696,-3.5442025804337804,-3.541301603694714,-3.5383555058667544,-3.5353747892281633,-3.532367433754936,-3.52933952204058,-3.526295704507962,-3.5232395470820017,-3.5201737919496985,-3.5171005537839335,-3.5140214678646933,-3.5109378022218882,-3.507850542781055,-3.5047604581895686,-3.5016681493050728,-3.4985740870743336,-3.495478641600909,-3.492382104508038,-3.4892847061865755,-3.4861866291310535,-3.4830880182765704,-3.479988989030675,-3.4768896335294683,-3.4737900255223586,-3.470690224195296,-3.4675902771703666,-3.464490222864825,-3.4613900923507877,-3.458289910824775,-3.4551896987716977,-3.4520894728890132,-3.44898924682218,-3.445889031751325,-3.4427888368603177,-3.439688669712692,-3.436588536553611,-3.433488442552999,-3.4303883920017397,-3.427288388470374,-3.4241884349377485,-3.421088533895556,-3.417988687433464,-3.4148888973086065,-3.411789165002422,-3.408689491767261,-3.4055898786646863,-3.402490326597009,-3.3993908363333194,-3.3962914085310256,-3.393192043753703,-3.390092742485926,-3.3869935051456244,-3.383894332094386,-3.380795223646084,-3.377696180074101,-3.3745972016174086,-3.3714982884856752,-3.3683994408635924,-3.365300658914528,-3.3622019427836265,-3.3591032926004534,-3.356004708481247,-3.3529061905308493,-3.3498077388443686,-3.3467093535086088,-3.343611034603314,-3.34051278220225,-3.3374145963741624,-3.334316477183614,-3.3312184246917376,-3.3281204389569132,-3.325022520035389,-3.321924667981852,-3.3188268828499665,-3.315729164692888,-3.3126315135637667,-3.309533929516244,-3.306436412604954,-3.3033389628860435,-3.3002415804177163,-3.297144265260814,-3.294047017479444,-3.29094983714167,-3.2878527243202793,-3.284755679093639,-3.2816587015466743,-3.2785617917719687,-3.275464949871038,-3.272368175955795,-3.2692714701502403,-3.2661748325924425,-3.263078263436839,-3.2599817628569396,-3.2568853307760617,-3.253788967124326,-3.2506926718380287,-3.2475964448590777,-3.244500286134489,-3.2414041956159307,-3.2383081732593206,-3.2352122190244583,-3.2321163328746936,-3.229020514776632,-3.2259247646998674,-3.2228290826167347,-3.2197334685020946,-3.2166379223331294,-3.213542444089167,-3.210447033751513,-3.207351691303302,-3.204256416729363,-3.2011612100160938,-3.1980660711513504,-3.194971000124343,-3.191875996925543,-3.188781061546599,-3.1856861939802577,-3.182591394220295,-3.179496662261457,-3.176401998099402,-3.17330740173065,-3.170212873152541,-3.1671184123631995,-3.164024019361504,-3.1609296941470695,-3.1578354367202297,-3.1547412470820384,-3.1516471252342764,-3.1485530711794705,-3.145459084920932,-3.1423651664628167,-3.139271315810207,-3.1361775329692234,-3.1330838179471843,-3.1299901707528064,-3.1268965913964815,-3.1238030798906333,-3.1207096362501865,-3.117616260493182,-3.114522952641581,-3.111429712722324,-3.108336540768708,-3.1052434368222075,-3.102150400934862,-3.099057433172427,-3.0959645336185373,-3.092871702380218,-3.0897789395952024,-3.0866862454416655,-3.083593620151211,-3.0805010640262247,-3.0774085774631543,-3.074316160983775,-3.0712238152773192,-3.068131541257381,-3.065039340138954,-3.061947213543033,-3.058855163638954,-3.0557631933386173,-3.0526713065621762,-3.0495795086023954,-3.0464878066256276,-3.043396210362363,-3.0403047330615434,-3.037213392812723,-3.034122214382552,-3.0310312317721255,-3.0279404917872137,-3.024850059035164,-3.021760022936243,-3.0186705075863047,-3.0155816856651043,-3.0124937980986317,-3.0094071819245776,-3.006322309879638,-3.0032398467744637,-3.0001607299634143,-2.997086284467413,-2.9940183880275963,-2.990959708218778,-2.987914043689228,-2.9848868159737334,-2.9818857790453066,-2.9789220433959915,-2.9760115532761438,-2.973177213633577,-2.9704519408430787,-2.9678830094048507,-2.9655381781126486,-2.963514176688744,-2.9619481493902406,-2.9610324432001462
-3.563855805428148,-3.5630664039504434,-3.561698493398661,-3.559903333031175,-3.557790591520367,-3.5554404840818816,-3.552912110359717,-3.550249280455777,-3.547484642318172,-3.544642638833398,-3.541741646180017,-3.5387955321166022,-3.5358147989871367,-3.5328074268193217,-3.529779498247455,-3.526735663726663,-3.5236794892074346,-3.520613716897083,-3.5175404614846606,-3.514461358263056,-3.5113776752724903,-3.50829039844676,-3.5052002964398663,-3.502107970114784,-3.4990138904225767,-3.495918427470266,-3.4928218728838965,-3.4897244570565986,-3.4866263624847535,-3.4835277341049617,-3.4804286873259995,-3.4773293142849706,-3.474229688732104,-3.4711298698540247,-3.468029905273374,-3.464929833407865,-3.461829685329992,-3.4587294862365856,-3.4556292566128186,-3.4525290131563615,-3.449428769512855,-3.446328536862575,-3.443228324389519,-3.4401281396573236,-3.4370279889112427,-3.4339278773212745,-3.4308278091783655,-3.427727788053109,-3.4246278169243967,-3.4215278982839616,-3.4184280342215048,-3.4153282264941867,-3.4122284765834685,-3.4091287857417223,-3.406029155030528,-3.4029295853522115,-3.399830077475876,-3.396730632058941,-3.3936312496649914,-3.390531930778611,-3.3874326758177338,-3.384333485143957,-3.3812343590711578,-3.378135297872725,-3.375036301787632,-3.3719373710255516,-3.36883850577118,-3.365739706187884,-3.362640972420814,-3.3595423045995374,-3.356443702840295,-3.353345167247929,-3.3502466979175467,-3.347148294935955,-3.3440499583828975,-3.3409516883321437,-3.337853484852438,-3.3347553480083443,-3.3316572778609945,-3.32855927446877,-3.325461337887919,-3.3223634681731284,-3.3192656653780626,-3.3161679295558772,-3.3130702607597224,-3.3099726590432375,-3.3068751244610572,-3.303777657069328,-3.3006802569262526,-3.2975829240926706,-3.294485658632689,-3.2913884606143706,-3.2882913301105012,-3.2851942671994467,-3.2820972719661294,-3.279000344503132,-3.2759034849119693,-3.272806693304549,-3.269709969804871,-3.2666133145509986,-3.2635167276973664,-3.2604202094174797,-3.2573237596346583,-3.254227378279026,-3.251131065286882,-3.248034820600136,-3.244938644165805,-3.241842535935559,-3.238746495865318,-3.2356505239148814,-3.232554620047601,-3.2294587842300855,-3.2263630164319292,-3.2232673166254675,-3.2201716847855617,-3.2170761208893954,-3.2139806249162985,-3.210885196847576,-3.2077898366663624,-3.204694544357489,-3.2015993199073542,-3.1985041633038143,-3.195409074536079,-3.1923140535946204,-3.1892191004710875,-3.1861242151582285,-3.1830293976498196,-3.1799346479406077,-3.17683996602625,-3.1737453519032672,-3.1706508055689997,-3.16755632702157,-3.1644619162598597,-3.1613675732834836,-3.1582732980927752,-3.155179090688789,-3.152084951073305,-3.1489908792488506,-3.145896875218737,-3.1428029389871206,-3.1397090705590838,-3.136615269940749,-3.133521537139431,-3.130427872163849,-3.127334275024395,-3.1242407457334913,-3.1211472843060615,-3.118053890760147,-3.114960565117712,-3.111867307405695,-3.1087741176573926,-3.1056809959142795,-3.102587942228395,-3.0994949566654952,-3.096402039309213,-3.0933091902665746,-3.0902164096753135,-3.087123697713605,-3.0840310546130505,-3.080938480676038,-3.077845976299014,-3.0747535420037546,-3.071661178479492,-3.0685688866398175,-3.0654766676997287,-3.0623845232802185,-3.059292455550625,-3.056200467422851,-3.053108562817055,-3.050016747026006,-3.0469250272160653,-3.043833413117739,-3.0407419179799904,-3.0376505598924073,-3.034559363621689,-3.0314683631690063,-3.028377605340242,-3.025287154742906,-3.022197100797511,-3.019107567600273,-3.016018727831481,-3.0129308224179177,-3.0098441883984406,-3.006759298511472,-3.0036768175702147,-3.000597682932795,-2.9975232196257124,-2.994455305398354,-2.9913966078377525,-2.9883509256102845,-2.9853236802775793,-2.9823226258524618,-2.9793588728860163,-2.9764483657161156,-2.9736140094201207,-2.970888720564092,-2.968319773929419,-2.9659749287203683,-2.9639509152521204,-2.962384878624292,-2.9614691669882482
-3.5643026609049433,-3.5635132553401694,-3.5621453376352514,-3.5603501677853258,-3.558237415005098,-3.5558872949156695,-3.5533589074678833,-3.5506960629980906,-3.5479314096349004,-3.5450893904046166,-3.54218838159463,-3.5392422510485777,-3.536261501177163,-3.53325411206058,-3.5302261663745393,-3.5271823146069137,-3.5241261227341574,-3.521060332984207,-3.5179870600625325,-3.5149079392751177,-3.5118242386726544,-3.508736944197322,-3.5056468245098533,-3.502554480478634,-3.499460383059086,-3.496364902361754,-3.493268330015529,-3.4901708964158535,-3.487072784060981,-3.4839741378890396,-3.48087507331005,-3.4777756824621346,-3.474676039096358,-3.4715762024000294,-3.468476219996354,-3.4653761303035084,-3.4622759643943706,-3.4591757474660896,-3.456075500004101,-3.4529752387062973,-3.449874977218498,-3.446774726721135,-3.4436744963983292,-3.4405742938138277,-3.4374741252129737,-3.4343739957658403,-3.4312739097634406,-3.428173870776418,-3.425073881783714,-3.421973945277096,-3.4188740633463004,-3.4157742377485154,-3.4126744699652276,-3.4095747612488307,-3.40647511266092,-3.4033755251038382,-3.400275999346703,-3.397176536046943,-3.3940771357681516,-3.390977798994923,-3.3878785261451987,-3.3847793175805823,-3.3816801736149564,-3.3785810945217136,-3.375482080539831,-3.372383131878987,-3.3692842487238788,-3.3661854312378785,-3.3630866795661376,-3.3599879938382253,-3.3568893741703825,-3.3537908206674554,-3.350692333424553,-3.3475939125284815,-3.3444955580589872,-3.341397270089838,-3.338299048689781,-3.3352008939233793,-3.3321028058517665,-3.329004784533324,-3.325906830024299,-3.3228089423793796,-3.319711121652228,-3.316613367896002,-3.3135156811638495,-3.3104180615094116,-3.307320508987321,-3.3042230236537233,-3.3011256055668214,-3.298028254787454,-3.2949309713797277,-3.2918337554117025,-3.288736606956163,-3.285639526091475,-3.2825425129025585,-3.279445567481993,-3.276348689931291,-3.273251880362358,-3.270155138899191,-3.2670584656798516,-3.2639618608587684,-3.2608653246094432,-3.2577688568551992,-3.2546724575261616,-3.251576126558631,-3.2484798638945214,-3.245383669480851,-3.242287543269293,-3.2391914852157666,-3.2360954952800745,-3.23299957342557,-3.229903719618863,-3.2268079338295466,-3.2237122160299596,-3.220616566194963,-3.2175209843017423,-3.2144254703296267,-3.2113300242599236,-3.20823464607577,-3.2051393357619937,-3.2020440933049956,-3.1989489186926323,-3.195853811914115,-3.192758772959915,-3.1896638018216823,-3.1865688984921654,-3.183474062965142,-3.1803792952353582,-3.177284595298471,-3.1741899631510018,-3.171095398790291,-3.1680009022144624,-3.164906473422397,-3.1618121124137093,-3.1587178191887344,-3.155623593748526,-3.1525294360948646,-3.149435346230276,-3.146341324158074,-3.1432473698824146,-3.14015348340838,-3.1370596647420923,-3.1339659138908678,-3.130872230863425,-3.1277786156701555,-3.1246850683234824,-3.1215915888383288,-3.118498177232737,-3.115404833528669,-3.1123115577530642,-3.1092183499392205,-3.106125210128611,-3.1030321383732757,-3.0999391347389693,-3.0968461993093266,-3.093753332191374,-3.090660533522842,-3.087567803481907,-3.0844751423001706,-3.081382550280021,-3.078290027817905,-3.0751975754355954,-3.0721051938223263,-3.069012883891689,-3.0659206468586815,-3.0628284843442968,-3.0597363985178756,-3.056644392291324,-3.053552469584801,-3.050460635691085,-3.0473688977765456,-3.044277265571704,-3.041185752325546,-3.0380943761276917,-3.0350031617448923,-3.0319121431783924,-3.028821367234189,-3.025730898519961,-3.0226408264564686,-3.019551275140294,-3.016462417252273,-3.013374493719988,-3.010287841583483,-3.0072029335829327,-3.0041204345341277,-3.001041281799023,-2.997966800409778,-2.9948988681241553,-2.9918401525415925,-2.988794452346847,-2.985767189128801,-2.982766116940695,-2.979802346393556,-2.976891821914103,-2.974057448711216,-2.971332143545137,-2.9687631814827244,-2.966418322145007,-2.964394296449099,-2.96282825034995,-2.9619125331850675
-3.5647555285221735,-3.563966118815321,-3.562598193860992,-3.560803014401001,-3.558690250199675,-3.5563401172890257,-3.553811715930872,-3.55114885669917,-3.548384187905452,-3.5455421527177133,-3.542641127533639,-3.539694980283074,-3.536714213444341,-3.5337068071508355,-3.5306788441202372,-3.527634974873611,-3.524578765413721,-3.521512957989403,-3.5184396673227676,-3.5153605287330714,-3.5122768102816173,-3.5091894979190843,-3.506099360313022,-3.5030069983373013,-3.4999128829517634,-3.4968173842705226,-3.4937207939253567,-3.4906233423140454,-3.4875252119367444,-3.48442654773313,-3.481327465114487,-3.4782280562199688,-3.475128394801485,-3.4720285400470394,-3.4689285395804066,-3.465828431820235,-3.462728247839792,-3.459628012836549,-3.456527747296208,-3.453427467916881,-3.450327188344575,-3.447226919759875,-3.4441266713470333,-3.441026450669904,-3.4379262639739214,-3.434826116429238,-3.4317260123269278,-3.4286259552376928,-3.4255259481405185,-3.422425993527214,-3.4193260934875473,-3.4162262497787372,-3.4131264638822936,-3.4100267370506305,-3.4069270703453625,-3.4038274646688467,-3.4007279207902137,-3.3976284393669056,-3.3945290209625263,-3.3914296660616756,-3.3883303750823046,-3.3852311483860213,-3.3821319862867143,-3.379032889057782,-3.375933856938206,-3.3728348901376686,-3.3697359888408687,-3.3666371532111827,-3.3635383833937627,-3.3604396795181803,-3.3573410417006797,-3.354242470046108,-3.3511439646495758,-3.3480455255978896,-3.344947152970797,-3.341848846842066,-3.3387506072804443,-3.3356524343504974,-3.3325543281133583,-3.3294562886274077,-3.3263583159488945,-3.3232604101325047,-3.320162571231903,-3.317064799300244,-3.313967094390678,-3.310869456556844,-3.3077718858533762,-3.304674382336419,-3.301576946064173,-3.298479577097477,-3.2953822755004345,-3.292285041341106,-3.289187874692275,-3.2860907756323057,-3.2829937442461157,-3.2798967806262835,-3.2767998848743183,-3.2737030571021237,-3.270606297433693,-3.267509606007084,-3.264412982976723,-3.261316428516107,-3.258219942548561,-3.255123525004213,-3.2520271758193675,-3.2489308949359383,-3.2458346823009467,-3.2427385378660674,-3.2396424615872217,-3.2365464534242134,-3.2334505133403972,-3.230354641302384,-3.2272588372797695,-3.224163101244893,-3.221067433172616,-3.217971833040126,-3.2148763008267522,-3.2117808365138028,-3.2086854400844143,-3.2055901115234176,-3.2024948508172133,-3.1993996579536583,-3.196304532921965,-3.193209475712605,-3.1901144863172277,-3.187019564728583,-3.1839247109404476,-3.1808299249475698,-3.1777352067456066,-3.1746405563310782,-3.1715459737013276,-3.1684514588544777,-3.165357011789409,-3.162262632505736,-3.159168321003793,-3.156074077284637,-3.1529799013500472,-3.149885793202551,-3.1467917528454605,-3.143697780282932,-3.1406038755200467,-3.137510038562929,-3.1344162694188937,-3.13132256809666,-3.128228934606619,-3.125135368961195,-3.1220418711753117,-3.11894844126701,-3.115855079258252,-3.112761785175976,-3.109668559053481,-3.1065754009322406,-3.103482310864294,-3.1003892889153963,-3.0972963351691822,-3.0942034497326767,-3.091110632743612,-3.088017884380164,-3.084925204873932,-3.081832594527306,-3.078740053736731,-3.0756475830239816,-3.072555183078291,-3.0694628548132514,-3.066370599443859,-3.0632784185911106,-3.0601863144243473,-3.0570942898554754,-3.0540023488046586,-3.050910496564682,-3.047818740301925,-3.044727089746923,-3.0416355581486845,-3.0385441635968657,-3.035452930858268,-3.0323618939342145,-3.029271099630814,-3.026180612555916,-3.0230905221305324,-3.020000952451618,-3.0169120762005597,-3.013824134305752,-3.010737463808442,-3.00765253745058,-3.00457002005058,-3.0014908489742744,-2.9984163492595597,-2.995348398672688,-2.9922896648256687,-2.9892439464218867,-2.986216665077841,-2.9832155748877343,-2.9802517865233398,-2.977341244501421,-2.9745068541641437,-2.97178153246855,-2.9692125547708055,-2.9668676811143064,-2.9648436430262013,-2.963277587328285,-2.9623618645601666
-3.565213733310593,-3.564424319412862,-3.5630563871237126,-3.561261197940431,-3.5591484221834393,-3.5567982763005053,-3.5542698608680836,-3.551606986700532,-3.5488423022944664,-3.5460002509612414,-3.543099209210135,-3.5401530450582173,-3.5371722610522274,-3.5341648373793872,-3.531136856799841,-3.528092969868238,-3.525036742613961,-3.5219709173069935,-3.5188976086862818,-3.5158184520845124,-3.5127347155737234,-3.5096473851131913,-3.506557229377369,-3.503464849245676,-3.500370715682425,-3.4972751988053394,-3.494178590249119,-3.4910811204139107,-3.487982971801794,-3.484884289354012,-3.481785188483125,-3.478685761329332,-3.4755860816453974,-3.472486208620026,-3.4693861898775724,-3.466286063837159,-3.463185861572447,-3.4600856082812337,-3.456985324449492,-3.453885026775559,-3.4507847289056297,-3.4476844420204444,-3.4445841753043878,-3.441483936321422,-3.4383837313170753,-3.435283565461575,-3.4321834430460623,-3.4290833676412946,-3.4259833422263064,-3.422883369292945,-3.4197834509310137,-3.4166835888977585,-3.4135837846747146,-3.4104840395143166,-3.4073843544781983,-3.4042847304687327,-3.4011851682550636,-3.398085668494644,-3.3949862317510884,-3.391886858509007,-3.3887875491863566,-3.385688304144752,-3.3825891236980885,-3.3794900081197667,-3.3763909576487743,-3.3732919724947963,-3.3701930528425357,-3.3670941988553706,-3.363995410678456,-3.3608966884413682,-3.357798032260351,-3.354699442240253,-3.3516009184761852,-3.3485024610549567,-3.3454040700563152,-3.3423057455540306,-3.3392074876168514,-3.336109296309341,-3.3330111716926347,-3.329913113825115,-3.326815122763028,-3.3237171985610616,-3.320619341272879,-3.3175215509516365,-3.3144238276504825,-3.311326171423056,-3.3082285823239896,-3.305131060409428,-3.302033605737572,-3.2989362183692585,-3.2958388983685905,-3.292741645803627,-3.2896444607471493,-3.2865473432775207,-3.2834502934796563,-3.280353311446134,-3.2772563972784607,-3.2741595510885366,-3.271062773000351,-3.267966063151958,-3.2648694216977803,-3.261772848811311,-3.2586763444158784,-3.255579908441613,-3.2524835408248207,-3.2493872415074185,-3.2462910104364293,-3.2431948475635295,-3.240098752844644,-3.2370027262395764,-3.2339067677116837,-3.2308108772275768,-3.2277150547568527,-3.224619300271852,-3.221523613747438,-3.2184279951607984,-3.215332444491263,-3.2122369617201407,-3.2091415468305704,-3.2060461998073833,-3.20295092063698,-3.1998557093072186,-3.1967605658073115,-3.1936654901277315,-3.1905704822601275,-3.1874755421972494,-3.184380669932876,-3.1812858654617524,-3.17819112877954,-3.1750964598827585,-3.172001858768749,-3.1689073254356352,-3.1658128598823,-3.162718462108357,-3.159624132114143,-3.1565298699007105,-3.153435675469841,-3.150341548824062,-3.147247489966686,-3.1441534989018685,-3.1410595756346917,-3.137965720171278,-3.134871932518945,-3.1317782126864118,-3.1286845606840683,-3.125590976524338,-3.122497460222146,-3.1194040117955324,-3.1163106312664612,-3.11321731866187,-3.1101240740150566,-3.107030897367496,-3.1039377887712263,-3.1008447482920025,-3.0977517760134585,-3.09465887204262,-3.091566036517218,-3.0884732696154287,-3.085380571568853,-3.082287942679879,-3.0791953833449526,-3.0761028940858473,-3.073010475591797,-3.0699181287763935,-3.0668258548546343,-3.0637336554475154,-3.060641532724379,-3.057549489597135,-3.0544575299859518,-3.051365659183619,-3.048273884356527,-3.0451822152352275,-3.042090665068749,-3.0389992519467834,-3.035908000636183,-3.0328169451383498,-3.0297261322595093,-3.026635626607682,-3.023545517604133,-3.020455929346196,-3.0173670345158135,-3.0142790740422045,-3.0111923849678317,-3.0081074400364423,-3.005024904069103,-3.001945714435571,-2.9988711961795462,-2.9958032270758705,-2.992744474749271,-2.989698737921982,-2.9866714382384463,-2.9836703298343084,-2.9807065234428034,-2.977795963671799,-2.97496155599832,-2.9722362175785197,-2.9696672240612823,-2.9673223359173457,-2.96529828529108,-2.9637322198813347,-2.9628164914439825
-3.5656766096147945,-3.5648871914835065,-3.5635192517848395,-3.5617240527792444,-3.559611265348904,-3.5572611063615716,-3.5547326767115424,-3.552069787456026,-3.549305087278604,-3.546463019635448,-3.5435619611485674,-3.540615779923147,-3.5376349785750363,-3.5346275373458345,-3.5315995390385844,-3.528555634241859,-3.5254993890119333,-3.5224335456401548,-3.519360218882477,-3.5162810440851544,-3.51319728933107,-3.510109940588185,-3.5070197665379235,-3.5039273680653107,-3.5008332161391764,-3.4977376808808907,-3.4946410539281034,-3.4915435656833567,-3.488445398650671,-3.4853466977728735,-3.4822475784638125,-3.479148132864743,-3.4760484347292944,-3.4729485432468796,-3.4698485060424367,-3.4667483615355703,-3.4636481408003377,-3.460547869034865,-3.4574475667254,-3.4543472505705064,-3.4512469342165684,-3.4481466288444835,-3.445046343638769,-3.441946086163498,-3.438845862664292,-3.435745678311458,-3.4326455373962035,-3.4295454434893413,-3.4264453995699533,-3.423345408129927,-3.420245471259101,-3.4171455907147497,-3.4140457679784326,-3.4109460043026076,-3.407846300748927,-3.404746658219778,-3.40164707748432,-3.398547559200016,-3.3954481039304896,-3.392348712160361,-3.389249384307595,-3.386150120733813,-3.3830509217529148,-3.379951787638308,-3.376852718628984,-3.3737537149346295,-3.370654776739954,-3.367555904208337,-3.3644570974849355,-3.361358356699328,-3.3582596819677604,-3.3551610733950823,-3.352062531076406,-3.3489640550985427,-3.345865645541241,-3.342767302478273,-3.339669025978384,-3.3365708161061405,-3.3334726729226785,-3.330374596486379,-3.3272765868534893,-3.3241786440786965,-3.3210807682156647,-3.317982959317549,-3.314885217437499,-3.311787542629152,-3.3086899349471413,-3.3055923944476104,-3.3024949211887584,-3.2993975152314214,-3.296300176639702,-3.2932029054816576,-3.2901057018300675,-3.2870085657632946,-3.2839114973662524,-3.280814496731516,-3.2777175639605884,-3.2746206991653675,-3.271523902469842,-3.2684271740120607,-3.2653305139464446,-3.26223392244648,-3.2591373994354984,-3.256040944843633,-3.252944558607194,-3.249848240668098,-3.2467519909733715,-3.243655809474692,-3.2405596961279852,-3.237463650893057,-3.234367673733267,-3.2312717646152262,-3.2281759235085343,-3.2250801503855313,-3.2219844452210817,-3.2188888079923754,-3.2157932386787427,-3.2126977372614927,-3.2096023037237646,-3.2065069380503908,-3.203411640227773,-3.2003164102437696,-3.1972212480875926,-3.1941261537497154,-3.191031127221789,-3.187936168496562,-3.1848412775678145,-3.181746454430292,-3.178651699079655,-3.1755570115124248,-3.1724623917259427,-3.169367839718334,-3.1662733554884803,-3.163178939035995,-3.160084590361215,-3.1569903094651934,-3.153896096349712,-3.1508019510172973,-3.1477078734712634,-3.144613863715767,-3.1415199217558887,-3.138426047597751,-3.135332241248672,-3.13223850271737,-3.129144832014236,-3.126051229151693,-3.1229576941446657,-3.119864227011196,-3.1167708277732453,-3.1136774964577523,-3.1105842330980153,-3.107491037735509,-3.1043979104222705,-3.1013048512240564,-3.0982118602244992,-3.0951189375306254,-3.092026083280166,-3.088933297651296,-3.085840580875616,-3.082747933255515,-3.0796553551874366,-3.076562847193155,-3.073470409961905,-3.070378044407278,-3.0672857517442726,-3.064193533593885,-3.061101392125459,-3.058009330250907,-3.0549173518904,-3.0518254623367356,-3.048733668756313,-3.0456419808796986,-3.0425504119559457,-3.0394589800747798,-3.0363677100031072,-3.033276635742407,-3.030185804099021,-3.027095279681145,-3.024005151910301,-3.020915544884203,-3.0178266312853568,-3.014738652043812,-3.0116519442032597,-3.0085669805092614,-3.005484425785567,-3.0024052174058964,-2.999330680419812,-2.996262692610832,-2.9932039216165314,-2.9901581661781846,-2.9871308479684613,-2.9841297211648703,-2.981165896562737,-2.978255318861959,-2.975420893675789,-2.9726955383615254,-2.9701265288637466,-2.9677816260848853,-2.9657575627928137,-2.9641914875723696,-2.9632757534080665
-3.5661435026843615,-3.5653540802828596,-3.563986133110517,-3.56219092419756,-3.56007812499279,-3.5577279527875847,-3.5551995087968318,-3.552536604322694,-3.5497718882373372,-3.5469298041430064,-3.5440287287754146,-3.541082530328624,-3.538101711488201,-3.5350942525505897,-3.5320662363620983,-3.5290223135455223,-3.5259660501842607,-3.5229001885912097,-3.5198268435394766,-3.5167476503890005,-3.513663877233604,-3.510576510050013,-3.50748631752668,-3.5043939005542857,-3.5012997301062168,-3.4982041763075213,-3.495107530798828,-3.4920100239850878,-3.488911838372284,-3.4858131189048374,-3.4827139809979006,-3.479614516793792,-3.4765148000470107,-3.4734148899476867,-3.470314834121345,-3.4672146709880773,-3.4641144316223436,-3.461014141222601,-3.4579138202753716,-3.4548134854794497,-3.45171315048141,-3.448612826462309,-3.4455125226067964,-3.442412246479059,-3.4393120043248113,-3.4362118013144394,-3.4331116417392185,-3.430011529170018,-3.4269114665859672,-3.423811456478995,-3.4207115009389732,-3.4176116017232063,-3.414511760313281,-3.4114119779616754,-3.40831225573006,-3.405212594520838,-3.4021129951031823,-3.3990134581345672,-3.395913984178629,-3.392814573719995,-3.3897152271766378,-3.386615944910184,-3.383516727234541,-3.380417574423122,-3.377318486714921,-3.3742194643196313,-3.3711205074219617,-3.3680216161852963,-3.3649227907547963,-3.3618240312600394,-3.3587253378172752,-3.355626710531355,-3.352528149497394,-3.349429654802202,-3.346331226525528,-3.3432328647411444,-3.3401345695177995,-3.3370363409200605,-3.333938179009062,-3.3308400838431864,-3.327742055478681,-3.3246440939702335,-3.3215461993715074,-3.318448371735657,-3.3153506111158317,-3.3122529175656683,-3.3091552911398,-3.3060577318943682,-3.3029602398875735,-3.299862815180251,-3.296765457836501,-3.2936681679243796,-3.2905709455166665,-3.2874737906917204,-3.2843767035344547,-3.281279684137441,-3.278182732602181,-3.27508584904057,-3.271989033576593,-3.2688922863482968,-3.2657956075100962,-3.2626989972354745,-3.259602455447765,-3.2565059820771043,-3.253409577059803,-3.2503132403377824,-3.24721697185807,-3.2441207715723452,-3.2410246394365365,-3.2379285754104505,-3.2348325794574477,-3.231736651544142,-3.2286407916401334,-3.2255449997177634,-3.222449275751898,-3.219353619719725,-3.216258031600578,-3.213162511375768,-3.2100670590284337,-3.2069716745434076,-3.203876357907092,-3.200781109107346,-3.197685928133382,-3.1945908149756743,-3.191495769625874,-3.1884007920767314,-3.185305882322027,-3.1822110403565063,-3.17911626617583,-3.176021559776519,-3.172926921155915,-3.169832350312144,-3.1667378472440872,-3.163643411951359,-3.1605490444342967,-3.157454744693953,-3.154360512732109,-3.1512663485512933,-3.148172252154819,-3.1450782235468426,-3.141984262732447,-3.1388903697177524,-3.1357965445100775,-3.1327027871181405,-3.1296090975523327,-3.126515475825078,-3.1234219219512998,-3.1203284359490397,-3.11723501784026,-3.1141416676518996,-3.111048385417257,-3.107955171177806,-3.104862024985585,-3.1017689469063474,-3.098675937023728,-3.095582995444752,-3.0924901223071504,-3.089397317789099,-3.086304582122198,-3.0832119156088353,-3.080119318645455,-3.0770267917538328,-3.073934335623202,-3.070841951167154,-3.0677496396006863,-3.064657402544797,-3.0615652421688306,-3.0584731613847027,-3.0553811641125885,-3.052289255645291,-3.0491974431492213,-3.04610573635496,-3.0430141485115842,-3.0399226977088545,-3.036831408713729,-3.0337403155277674,-3.03064946495743,-3.0275589216110865,-3.024468774910519,-3.0213791489538244,-3.018290216424075,-3.01520221825216,-3.012115491483011,-3.0090305088640177,-3.0059479352216343,-3.0028687079335805,-2.9997941520553297,-2.996726145379153,-2.993667355555586,-2.9906215813451063,-2.9875942444488555,-2.984593099086569,-2.9816292561161966,-2.9787186603304625,-2.975884217480031,-2.973158845125081,-2.9705898195084477,-2.9682449019679944,-2.966220825900493,-2.964654740784435,-2.963739000843614
-3.56661377015863,-3.565824343456168,-3.564456388756338,-3.56266116986468,-3.560548358800697,-3.558198173282436,-3.5556697148476877,-3.553006795045332,-3.5502420629374742,-3.5473999622734853,-3.5444988699036055,-3.5415526541114115,-3.538571817652683,-3.535564340879108,-3.532536306680577,-3.52949236571435,-3.5264360840911477,-3.52337020414557,-3.5202968406680046,-3.5172176290321726,-3.514133837342914,-3.5110464515857784,-3.507956240456303,-3.504863804850863,-3.5017696157474347,-3.498674043274773,-3.4955773790765017,-3.4924798535600052,-3.489381649233239,-3.486282911042232,-3.483183754403448,-3.480084271460277,-3.476984535968097,-3.4738846071177587,-3.4707845325353808,-3.4676843506415422,-3.464584092511108,-3.46148378334287,-3.458383443623625,-3.455283090052399,-3.4521827362759594,-3.449082393475525,-3.4459820708358797,-3.4428817759213217,-3.4397815149776614,-3.436681293175363,-3.43358111480577,-3.43048098343981,-3.4273809020566572,-3.424280873148284,-3.4211808988045966,-3.4180809807829298,-3.414981120564895,-3.4118813194029927,-3.4087815783589113,-3.4056818983350703,-3.402582280100656,-3.3994827243131573,-3.396383231536219,-3.393283802254477,-3.390184436885913,-3.3870851357921596,-3.3839858992871306,-3.3808867276442416,-3.377787621102492,-3.3746885798715796,-3.371589604136217,-3.3684906940597914,-3.3653918497874664,-3.3622930714488217,-3.3591943591601074,-3.3560957130261766,-3.352997133142146,-3.3498986195948266,-3.3468001724639698,-3.3437017918233485,-3.3406034777417117,-3.3375052302836257,-3.3344070495102254,-3.3313089354798935,-3.3282108882488783,-3.325112907871867,-3.3220149944025237,-3.3189171478940036,-3.3158193683994543,-3.3127216559725126,-3.3096240106678105,-3.3065264325414896,-3.303428921651748,-3.3003314780594217,-3.297234101828609,-3.2941367930273664,-3.29103955172847,-3.2879423780102783,-3.2848452719577015,-3.28174823366331,-3.278651263228603,-3.275554360765473,-3.272457526397901,-3.2693607602639307,-3.2662640625179726,-3.263167433333506,-3.260070872633867,-3.2569743803491953,-3.253877956415803,-3.250781600775615,-3.2476853133756607,-3.244589094167621,-3.2414929431074264,-3.238396860154885,-3.2353008452733585,-3.232204898429462,-3.2291090195927965,-3.2260132087357056,-3.222917465833055,-3.2198217908620346,-3.216726183801979,-3.2136306446341987,-3.2105351733418335,-3.207439769909717,-3.204344434324251,-3.201249166573297,-3.1981539666460685,-3.1950588345330404,-3.191963770225863,-3.188868773717287,-3.1857738450010924,-3.1826789840720267,-3.1795841909257505,-3.176489465558785,-3.173394807968472,-3.1703002181529385,-3.167205696111064,-3.1641112418424644,-3.161016855347476,-3.157922536627153,-3.154828285683277,-3.151734102518375,-3.1486399871357613,-3.145545939539593,-3.1424519597349523,-3.1393580477279612,-3.136264203525936,-3.1331704271375957,-3.1300767185733323,-3.126983077845569,-3.1238895049692297,-3.1207959999623567,-3.1177025628469117,-3.1146091936498332,-3.111515892404418,-3.1084226591521427,-3.1053294939450433,-3.1022363968488764,-3.099143367947275,-3.0960504073472634,-3.0929575151865736,-3.089864691643379,-3.0867719369492828,-3.08367925140667,-3.080586635411986,-3.077494089487006,-3.074401614320962,-3.0713092108274456,-3.0682168802214576,-3.065124624123994,-3.0620324447044016,-3.058940344874599,-3.055848328554765,-3.052756401037709,-3.0496645694898517,-3.0465728436417887,-3.0434812367426214,-3.0403897668821456,-3.037298458827374,-3.034207346579944,-3.031116476946436,-3.028025914535395,-3.0249357487688653,-3.02184610374533,-3.0187571521484338,-3.0156691349099107,-3.0125823890759382,-3.0094973873957516,-3.0064147946985282,-3.0033355483660147,-3.0002609734596404,-2.997192947780489,-2.99413413899215,-2.9910883458744415,-2.9880609901571824,-2.9850598261026375,-2.9820959646318332,-2.9791853506309898,-2.976350889989169,-2.9736255004708925,-2.971056458619396,-2.9687115262111092,-2.9666874372762306,-2.965121342193337,-2.9642055964344225
-3.567086783442594,-3.5662973524142045,-3.5649293901431887,-3.5631341612149017,-3.5610213382228593,-3.558671139314256,-3.5561426663516555,-3.5534797311320854,-3.5507149829086986,-3.5478728655788436,-3.5449717561079512,-3.5420255228696345,-3.5390446686902948,-3.536037173977184,-3.533009121664027,-3.5299651624427506,-3.526908862451553,-3.5238429640468674,-3.5207695820364577,-3.517690351807911,-3.514606541477148,-3.5115191370385954,-3.5084289071949155,-3.5053364528482143,-3.5022422449810815,-3.4991466537259996,-3.4960499707296075,-3.492952426401734,-3.4898542032523223,-3.486755446229015,-3.483656270749597,-3.480556768958534,-3.4774570146120887,-3.474357066901838,-3.4712569734544956,-3.4681567726911324,-3.4650564956870187,-3.4619561676412833,-3.458855809041005,-3.4557554365854397,-3.452655063921548,-3.4495547022307096,-3.4464543606978446,-3.4433540468873645,-3.4402537670451743,-3.4371535263418203,-3.4340533290687123,-3.430953178796835,-3.4278530785054127,-3.4247530306864578,-3.4216530374299126,-3.418553100493141,-3.4154532213577813,-3.4123534012763543,-3.409253641310568,-3.406153942362858,-3.4030543052024247,-3.3999547304867677,-3.3968552187795433,-3.393755770565396,-3.390656386262315,-3.38755706623194,-3.3844578107881915,-3.3813586202044896,-3.3782594947198374,-3.3751604345439383,-3.3720614398615067,-3.3689625108359333,-3.3658636476123824,-3.362764850320437,-3.3596661190763504,-3.3565674539849772,-3.3534688551414344,-3.3503703226325356,-3.3472718565380326,-3.344173456931698,-3.341075123882282,-3.3379768574543514,-3.3348786577090417,-3.3317805247047345,-3.3286824584976804,-3.325584459142565,-3.322486526693053,-3.3193886612022987,-3.316290862723449,-3.313193131310142,-3.3100954670170086,-3.30699786990019,-3.3039003400178837,-3.300802877430923,-3.297705482203407,-3.2946081544033894,-3.291510894103645,-3.288413701382532,-3.285316576324957,-3.2822195190234895,-3.279122529579627,-3.276025608105257,-3.2729287547243597,-3.2698319695749736,-3.266735252811505,-3.2636386046074293,-3.260542024886086,-3.257445513577617,-3.2543490706183387,-3.251252695950176,-3.248156389520161,-3.245060151279976,-3.2419639811855534,-3.238867879196704,-3.2357718452767887,-3.2326758793924255,-3.229579981513216,-3.2264841516115044,-3.2233883896621593,-3.220292695642372,-3.2171970695314753,-3.2141015113107825,-3.2110060209634335,-3.207910598474263,-3.2048152438296738,-3.2017199570175268,-3.198624738027037,-3.195529586848679,-3.1924345034741046,-3.189339487896065,-3.1862445401083392,-3.1831496601056766,-3.1800548478837363,-3.176960103439041,-3.173865426768933,-3.170770817871537,-3.1676762767457363,-3.164581803391146,-3.1614873978081035,-3.158393059997662,-3.155298789961603,-3.1522045877024536,-3.1491104532235292,-3.1460163865289847,-3.1429223876239036,-3.1398284565144077,-3.1367345932078146,-3.1336407977128418,-3.1305470700398828,-3.1274534102013596,-3.124359818212198,-3.121266294090439,-3.1181728378580438,-3.1150794495419514,-3.111986129175459,-3.1088928768000423,-3.1057996924677376,-3.1027065762443002,-3.0996135282133648,-3.096520548481955,-3.0934276371878027,-3.090334794509082,-3.0872420206773943,-3.0841493159951257,-3.0810566808587216,-3.077964115789955,-3.0748716214780596,-3.071779198836626,-3.0686868490806556,-3.065594573831146,-3.062502375257445,-3.0594102562714727,-3.056318220793412,-3.0532262741160805,-3.050134423405907,-3.047042678393504,-3.043951052327996,-3.040859563299216,-3.0377682360742297,-3.0346771046547545,-3.0315862158474896,-3.028495634261157,-3.025405449318064,-3.022315785117083,-3.0192268143424332,-3.0161387779266975,-3.0130520129173095,-3.0099669920653573,-3.0068843802027585,-3.00380511471531,-3.0007305206704307,-2.9976624758780703,-2.9946036480149463,-2.9915578358803305,-2.988530461232885,-2.9855292783776517,-2.982565398299097,-2.9796547659774806,-2.976820287441063,-2.9740948806598935,-2.971525822479354,-2.9691808751169826,-2.9671567732400788,-2.965590668132529,-2.9646749165217687
-3.567561928971579,-3.56677249359794,-3.565404523721923,-3.563609284712177,-3.561496449738793,-3.559146237380029,-3.556617749824673,-3.55395479911901,-3.5511900347080902,-3.5483479006379026,-3.5454467739895823,-3.5425005232271816,-3.539519651248041,-3.5365121385152243,-3.5334840680064867,-3.530440090448575,-3.527383772007292,-3.524317855060998,-3.5212444544349144,-3.518165205530554,-3.5150813764749715,-3.5119939532715083,-3.508903704629981,-3.5058112314582504,-3.5027170047435434,-3.4996213946220878,-3.496524692743551,-3.4934271295202173,-3.4903288874640257,-3.487230111524243,-3.4841309171199772,-3.481031396396779,-3.4779316231117967,-3.474831656457336,-3.47173154406071,-3.468631324343484,-3.4655310283813354,-3.4624306813737307,-3.459330303808029,-3.456229912383721,-3.453129520747961,-3.450029140082291,-3.446928779571766,-3.4438284467809126,-3.4407281479557312,-3.437627888266849,-3.4345276720057436,-3.4314275027434573,-3.4283273834592642,-3.4252273166452167,-3.422127304391293,-3.4190273484548874,-3.415927450317663,-3.4128276112321636,-3.4097278322601157,-3.406628114303972,-3.4035284581329446,-3.4004288644045477,-3.3973293336824475,-3.3942298664512967,-3.3911304631290915,-3.3880311240774796,-3.384931849610385,-3.3818326400012357,-3.378733495489041,-3.375634416283505,-3.372535402569346,-3.369436454509957,-3.3663375722505067,-3.3632387559205794,-3.3601400056364286,-3.357041321502912,-3.3539427036151483,-3.3508441520599512,-3.3477456669170738,-3.3446472482602894,-3.3415488961583497,-3.338450610675822,-3.3353523918738417,-3.3322542398107924,-3.3291561545429222,-3.3260581361249186,-3.3229601846104453,-3.319862300052657,-3.3167644825047007,-3.313666732020213,-3.3105690486538233,-3.3074714324616736,-3.304373883501959,-3.3012764018355134,-3.298178987526434,-3.295081640642774,-3.291984361257308,-3.2888871494483882,-3.285790005300924,-3.2826929289074798,-3.2795959203695513,-3.276498979799025,-3.2734021073198765,-3.2703053030701406,-3.2672085672042206,-3.2641118998955863,-3.2610153010675806,-3.2579187706503476,-3.2548223085802053,-3.251725914799082,-3.248629589254011,-3.245533331896679,-3.242437142683017,-3.2393410215728387,-3.236244968529508,-3.233148983519642,-3.230053066512845,-3.2269572174814622,-3.223861436400363,-3.220765723246739,-3.2176700779999257,-3.214574500641235,-3.211478991153809,-3.2083835495224813,-3.205288175733658,-3.2021928697752,-3.199097631636321,-3.1960024613074975,-3.1929073587803813,-3.189812324047723,-3.186717357103305,-3.183622457941874,-3.1805276265590914,-3.1774328629514796,-3.1743381671163813,-3.1712435390519227,-3.1681489787569843,-3.165054486231183,-3.1619600614748564,-3.1588657044890587,-3.1557714152755705,-3.1526771938369205,-3.149583040176422,-3.1464889542982317,-3.1433949362074323,-3.140300985910146,-3.1372071034136906,-3.1341132887267844,-3.1310195418598186,-3.1279258628252165,-3.124832251637904,-3.121738708315922,-3.118645232881232,-3.1155518253607735,-3.1124584857878435,-3.109365214203915,-3.1062720106610278,-3.1031788752249354,-3.1000858079792724,-3.0969928090310623,-3.0938998785180374,-3.090807016618371,-3.0877142235636645,-3.0846214996563037,-3.0815288452927336,-3.078436260994728,-3.07534374745152,-3.072251305576701,-3.069158936585271,-3.0660666420982303,-3.062974424284926,-3.0598822860572823,-3.056790231335487,-3.0536982654123617,-3.0506063954543463,-3.0475146311920702,-3.0444229858746796,-3.0413314775920446,-3.038240131111283,-3.0351489804341947,-3.0320580723675987,-3.028967471520395,-3.025877267315154,-3.02278758385114,-3.019698593813148,-3.016610538134614,-3.013523753864234,-3.0104387137549566,-3.007356082641453,-3.0042767979135863,-3.0012021846447947,-2.99813412065393,-2.995075273630895,-2.9920294423945046,-2.989002048732392,-2.986000846992566,-2.9830369482232175,-2.9801262974990634,-2.977291800988186,-2.9745663768670796,-2.9719973022846196,-2.969652339901421,-2.9676282250247312,-2.966062109847785,-2.965146352359061
-3.5680386093640797,-3.5672491696313635,-3.565881192126142,-3.5640859430028504,-3.561973096009989,-3.559622870158251,-3.5570943679636855,-3.5544314017226286,-3.5516666210726395,-3.5488244702088196,-3.5459233263283756,-3.5429770579860884,-3.539996168150463,-3.53698863734055,-3.5339605485782775,-3.5309165526253246,-3.527860215675188,-3.5247942801282233,-3.521720860827167,-3.518641593187502,-3.51555774534745,-3.5124703033192985,-3.5093800358200435,-3.5062875437633165,-3.5031932981409977,-3.50009766909307,-3.4970009482722406,-3.493903366093256,-3.490805105070058,-3.4877063101535426,-3.484607096764148,-3.4815075570485083,-3.4784077647646634,-3.4753077791056497,-3.472207647699382,-3.469107408967921,-3.4660070939873533,-3.4629067279574834,-3.4598063313659533,-3.456705920912487,-3.4536055102444334,-3.4505051105434976,-3.447404730994871,-3.444304379163193,-3.4412040612945622,-3.4381037825596863,-3.4350035472501115,-3.431903358936936,-3.428803220599484,-3.4257031347298503,-3.4226031034180484,-3.419503128421503,-3.416403211221901,-3.413303353071811,-3.410203555032977,-3.4071038180078683,-3.404004142765711,-3.400904529964031,-3.3978049801665042,-3.3947054938577947,-3.391606071455905,-3.388506713322491,-3.385407419771481,-3.382308191076309,-3.3792090274759876,-3.3761099291802235,-3.373010896373742,-3.369911929219938,-3.3668130278639814,-3.3637141924354585,-3.3606154230506267,-3.3575167198143423,-3.3544180828217276,-3.351319512159597,-3.3482210079077057,-3.345122570139827,-3.342024198924712,-3.3389258943269295,-3.335827656407617,-3.3327294852251566,-3.3296313808357962,-3.3265333432942237,-3.3234353726541013,-3.3203374689685843,-3.3172396322908204,-3.3141418626744454,-3.311044160174089,-3.3079465248458906,-3.3048489567480464,-3.3017514559413885,-3.298654022490014,-3.295556656461973,-3.2924593579300394,-3.2893621269725655,-3.2862649636744554,-3.2831678681282743,-3.2800708404355143,-3.2769738807080597,-3.2738769890698816,-3.2707801656590125,-3.267683410629851,-3.2645867241558615,-3.2614901061603905,-3.2583935565735853,-3.2552970753317667,-3.252200662376864,-3.2491043176559122,-3.2460080411206005,-3.2429118327268633,-3.2398156924345156,-3.236719620206921,-3.2336236160107,-3.2305276798154567,-3.2274318115935383,-3.224336011319815,-3.221240278971479,-3.2181446145278665,-3.215049017970291,-3.211953489281895,-3.2088580284475143,-3.205762635453554,-3.2026673102878753,-3.1995720529396925,-3.1964768633994827,-3.1933817416588983,-3.1902866877106915,-3.1871917015486426,-3.184096783167501,-3.1810019325629275,-3.1779071497314444,-3.174812434670396,-3.171717787377907,-3.1686232078528604,-3.165528696094871,-3.1624342521042776,-3.1593398758821336,-3.156245567430221,-3.1531513267510687,-3.1500571538479902,-3.146963048725141,-3.143869011387605,-3.1407750418415037,-3.1376811400941556,-3.1345873061542795,-3.1314935400322663,-3.1283998417405394,-3.1253062112940233,-3.12221264871076,-3.119119154012712,-3.1160257272268166,-3.1129323683863728,-3.1098390775328544,-3.106745854718299,-3.10365270000846,-3.1005596134869715,-3.0974665952608578,-3.0943736454678503,-3.091280764286124,-3.088187951947279,-3.0850952087537,-3.0820025351018328,-3.078909931513451,-3.0758173986777866,-3.0727249375084327,-3.0696325492203886,-3.066540235434655,-3.0634479983205827,-3.060355840790096,-3.0572637667633877,-3.0541717815332863,-3.0510798922662414,-3.0479881086928966,-3.0448964440624238,-3.0418049164647276,-3.038713550666982,-3.035622380671066,-3.032531453283918,-3.029440833114619,-3.0263506095860038,-3.0232609067977267,-3.0201718974351626,-3.0170838224326055,-3.0139970188400125,-3.010911959412203,-3.0078293089866066,-3.0047500049571685,-3.0016753724033602,-2.998607289152968,-2.995548422909125,-2.9925025725102463,-2.9894751597730296,-2.986473939088588,-2.9835100215690384,-2.980599352383853,-2.9777648378413817,-2.97503939632522,-2.9724703052887023,-2.9701253278369286,-2.968101199919128,-2.966535074640775,-2.9656193112554017
-3.5685162444619727,-3.5677268003616853,-3.566358815212391,-3.564563555955846,-3.562450696920083,-3.560100457549074,-3.557571940686765,-3.5549089588800293,-3.552144161959309,-3.549301994269108,-3.5464008331229353,-3.543454547166475,-3.5404736394395337,-3.537466090517264,-3.5344379834658493,-3.5313939690819716,-3.5283376135868703,-3.5252716594029447,-3.5221982213904774,-3.51911893497895,-3.516035068317775,-3.5129476074282007,-3.509857321034417,-3.50676481005584,-3.5036705454890114,-3.500574897477675,-3.4974781576775853,-3.4943805565059587,-3.4912822764787386,-3.4881834625484567,-3.485084230136881,-3.481984671391737,-3.478884860071954,-3.475784855371301,-3.4726847049182954,-3.4695844471354946,-3.466484113099396,-3.463383728010144,-3.4602833123556613,-3.4571828828359066,-3.454082453098424,-3.4509820343250834,-3.4478816357012114,-3.444781264791564,-3.4416809278423335,-3.438580630024309,-3.4354803756291066,-3.4323801682278825,-3.429280010800007,-3.426179905837618,-3.4230798554307644,-3.4199798613369006,-3.4168799250377413,-3.4137800477858753,-3.410680230643066,-3.4075804745118,-3.4044807801613177,-3.401381148249156,-3.3982815793390024,-3.3951820739155285,-3.3920826323967455,-3.388983255144316,-3.385883942472175,-3.3827846946537607,-3.3796855119280904,-3.376586394504875,-3.3734873425688425,-3.370388356283391,-3.3672894357936927,-3.364190581229336,-3.361091792706581,-3.3579930703302856,-3.354894414195573,-3.35179582438926,-3.3486973009911,-3.34559884407487,-3.342500453709321,-3.339402129959022,-3.3363038728851104,-3.333205682545968,-3.3301075589978453,-3.3270095022954282,-3.3239115124923813,-3.3208135896418574,-3.3177157337970042,-3.3146179450114572,-3.3115202233398446,-3.3084225688383073,-3.3053249815650383,-3.3022274615808698,-3.2991300089498976,-3.2960326237401705,-3.2929353060244613,-3.2898380558811198,-3.2867408733950496,-3.2836437586588123,-3.2805467117738987,-3.2774497328521885,-3.2743528220176517,-3.2712559794083163,-3.2681592051785775,-3.2650624995018953,-3.261965862301618,-3.258869293507897,-3.2557727930570537,-3.252676360891022,-3.2495799969568386,-3.246483701206193,-3.2433874735950217,-3.2402913140831413,-3.2371952226339173,-3.234099199213972,-3.2310032437929097,-3.227907356343079,-3.224811536839352,-3.2217157852589224,-3.218620101581126,-3.2155244857872765,-3.212428937860519,-3.2093334577856885,-3.206238045549191,-3.2031427011388884,-3.2000474245439965,-3.1969522157549926,-3.1938570747635286,-3.1907620015623577,-3.187666996145261,-3.1845720585069883,-3.1814771886432003,-3.1783823865504206,-3.1752876522259914,-3.1721929856680395,-3.169098386875448,-3.1660038558478325,-3.162909392585529,-3.159814997089593,-3.1567206693618073,-3.1536264094047,-3.1505322172215857,-3.147438092816621,-3.144344036194888,-3.141250047362509,-3.1381561263268023,-3.1350622730964863,-3.131968487681952,-3.128874770095623,-3.1257811203524253,-3.1226875384704,-3.1195940244715095,-3.1165005783826905,-3.113407200237241,-3.1103138900766356,-3.107220647952912,-3.1041274739318254,-3.1010343680970083,-3.097941330555485,-3.0948483614449858,-3.091755460943685,-3.088662629283184,-3.0855698667658675,-3.08247717378818,-3.0793845508718953,-3.076291998706247,-3.073199518204825,-3.0701071105826316,-3.0670147774606673,-3.0639225210082834,-3.060830344137409,-3.0577382507682387,-3.0546462461936086,-3.0515543375799785,-3.048462534658008,-3.045370850676893,-3.042279303726573,-3.0391879185742763,-3.0360967292219634,-3.033005782476694,-3.029915142947725,-3.0268249000581573,-3.0237351779080393,-3.0206461491833267,-3.0175580548191707,-3.014471231866795,-3.0113861530828903,-3.0083034833076527,-3.005224159939115,-3.002149508062797,-2.999081405515434,-2.996022520013413,-2.9929766504147914,-2.9899492185653846,-2.986947978899493,-2.983984042593285,-2.9810733549111736,-2.9782388223020475,-2.9755133633570057,-2.9729442558344332,-2.970599263284782,-2.9685751223005092,-2.9670089869011047,-2.966093217607615
-3.568994272258812,-3.5682048237876276,-3.5668368309884415,-3.5650415615909243,-3.5629286905030857,-3.560578437602504,-3.558049906061273,-3.5553869086769905,-3.552622095473129,-3.5497799109437103,-3.5468787325186306,-3.543932428934549,-3.540951503302632,-3.5379439362541723,-3.5349158108996432,-3.531871778070757,-3.528815404016519,-3.5257494311813877,-3.522675974443207,-3.5195966692454674,-3.5165127837487797,-3.5134253039833636,-3.510334998680606,-3.5072424687657136,-3.5041481852398917,-3.5010525182506527,-3.497955759456795,-3.494858139278007,-3.4917598402322403,-3.488661007273658,-3.4855617558253638,-3.482462178036171,-3.479362347665903,-3.476262323909059,-3.4731621543947595,-3.470061877546059,-3.466961524439867,-3.4638611202766674,-3.4607606855446638,-3.457660236944051,-3.4545597881225683,-3.451459350262249,-3.448358932548556,-3.4452585425463598,-3.44215818650195,-3.439057869586197,-3.4359575960907827,-3.4328573695869244,-3.4297571930540425,-3.426657068984315,-3.4235569994678268,-3.4204569862620615,-3.41735703084876,-3.414257134480534,-3.4111572982191656,-3.408057522967157,-3.4049578094937623,-3.401858158456532,-3.3987585704191625,-3.3956590458663354,-3.3925595852160706,-3.3894601888300353,-3.3863608570221717,-3.3832615900659238,-3.380162388200312,-3.3770632516350534,-3.3739641805548777,-3.370865175123185,-3.3677662354851514,-3.3646673617703673,-3.361568554095094,-3.3584698125641923,-3.3553711372727846,-3.3522725283076897,-3.3491739857486644,-3.3460755096694834,-3.3429771001388997,-3.339878757221482,-3.336780480978369,-3.333682271467944,-3.3305841287464553,-3.32748605286859,-3.3243880438880113,-3.3212901018578727,-3.3181922268313215,-3.3150944188619933,-3.311996678004516,-3.308899004315028,-3.3058013978517238,-3.3027038586754345,-3.2996063868502534,-3.2965089824442297,-3.293411645530133,-3.290314376186313,-3.287217174497671,-3.2841200405567648,-3.2810229744650834,-3.277925976334505,-3.2748290462889953,-3.2717321844665794,-3.2686353910216472,-3.2655386661276555,-3.262442009707954,-3.2593454216926974,-3.2562489020182106,-3.2531524506264287,-3.2500560674643917,-3.2469597524837894,-3.243863505640561,-3.2407673268945243,-3.2376712162090473,-3.2345751735507524,-3.2314791988892466,-3.2283832921968787,-3.2252874534485216,-3.2221916826213697,-3.2190959796947602,-3.2160003446500087,-3.2129047774702597,-3.2098092781403498,-3.206713846646685,-3.203618482977128,-3.2005231871208966,-3.1974279590684658,-3.19433279881149,-3.191237706342722,-3.188142681655944,-3.185047724745905,-3.1819528356082665,-3.178858014239552,-3.1757632606371047,-3.1726685747990517,-3.169573956724276,-3.1664794064123942,-3.1633849238637435,-3.1602905090793785,-3.1571961620610813,-3.1541018828113807,-3.1510076713335904,-3.1479135276318666,-3.144819451711293,-3.1417254435779918,-3.13863150323928,-3.135537630703878,-3.132443825982176,-3.129350089086599,-3.126256420032071,-3.1231628188366343,-3.1200692855222507,-3.116975820115859,-3.1138824226507555,-3.1107890931684143,-3.1076958317208723,-3.1046026383738843,-3.101509513211085,-3.098416456339498,-3.095323467896854,-3.0922305480613272,-3.0891376970645164,-3.086044915208807,-3.082952202890644,-3.0798595606318004,-3.0767669891215093,-3.0736744892733623,-3.0705820623023614,-3.067489709829507,-3.064397434024153,-3.0613052377982295,-3.0582131250719358,-3.055121101138115,-3.0520291731632367,-3.0489373508779756,-3.0458456475315523,-3.0427540812139426,-3.039662676692428,-3.036571467969051,-3.033480501850991,-3.0303898429476854,-3.027299580682501,-3.0242098391558763,-3.021120791054349,-3.0180326773139274,-3.0149458349871043,-3.0118607368324426,-3.008778047692906,-3.0056987049706203,-3.0026240337571575,-2.9995559118982085,-2.996497007123424,-2.993451118310516,-2.9904236673344426,-2.987422408672724,-2.984458453565628,-2.9815477473725798,-2.9787131966831133,-2.9759877202959872,-2.973418596274869,-2.971073588615901,-2.969049434555254,-2.9674832890271277,-2.966567513821044
-3.5694721497172406,-3.568682696876825,-3.5673146964306626,-3.5655194168960365,-3.563406533760711,-3.5610562673357027,-3.5585277211211293,-3.55586470816522,-3.553099878684405,-3.5502576773221644,-3.5473564816247385,-3.5444101604197247,-3.5414292168896195,-3.538421631721837,-3.5353934880711275,-3.5323494368042168,-3.5292930441978694,-3.526227052718592,-3.5231535772617852,-3.5200742532849443,-3.5169903489598733,-3.513902850325757,-3.5108125261211787,-3.507719977277132,-3.5046256747994877,-3.501529988839522,-3.4984332110590812,-3.495335571880321,-3.492237253823201,-3.489138401843517,-3.486039131365705,-3.4829395345396663,-3.4798396851261186,-3.4767396423202928,-3.4736394537519124,-3.4705391578445273,-3.4674387856754585,-3.4643383624455306,-3.4612379086432297,-3.4581374409689825,-3.4550369730707255,-3.451936516130655,-3.4488360793343715,-3.4457356702468593,-3.4426352951145045,-3.4395349591082587,-3.4364346665198733,-3.433334420920622,-3.430234225289974,-3.427134082120151,-3.4240339935012716,-3.420933961190851,-3.4178339866706557,-3.414734071193318,-3.4116342158206394,-3.408534421455139,-3.4054346888660856,-3.402335018711041,-3.399235411553713,-3.396135867878793,-3.3930363881043073,-3.389936972591931,-3.3868376216556118,-3.3837383355687964,-3.380639114570513,-3.3775399588704795,-3.3744408686534304,-3.371341844082769,-3.3682428853036734,-3.365143992445737,-3.362045165625222,-3.3589464049469924,-3.3558477105061724,-3.3527490823895802,-3.3496505206769736,-3.346552025442129,-3.3434535967537986,-3.340355234676554,-3.3372569392715326,-3.3341587105971175,-3.331060548709558,-3.3279624536635413,-3.3248644255127306,-3.3217664643102793,-3.318668570109334,-3.3155707429635304,-3.312472982927495,-3.3093752900573667,-3.3062776644113385,-3.303180106050239,-3.3000826150381624,-3.296985191443155,-3.293887835337986,-3.2907905468010035,-3.2876933259171066,-3.284596172778852,-3.2814990874877257,-3.2784020701556034,-3.2753051209064465,-3.272208239878277,-3.2691114272254813,-3.26601468312151,-3.262918007489718,-3.2598214002602615,-3.2567248613694684,-3.2536283907592756,-3.2505319883767245,-3.2474356541735094,-3.2443393881055687,-3.2412431901327228,-3.2381470602183415,-3.2350509983290476,-3.23195500443445,-3.228859078506898,-3.225763220521266,-3.222667430454749,-3.2195717082866873,-3.2164760539983948,-3.2133804675730167,-3.2102849489953917,-3.2071894982519265,-3.2040941153304834,-3.2009988002202805,-3.197903552911794,-3.194808373396679,-3.191713261667689,-3.188618217718605,-3.185523241544178,-3.1824283331400696,-3.179333492502803,-3.1762387196297226,-3.1731440145189547,-3.170049377169382,-3.1669548075806215,-3.163860305753011,-3.1607658716876066,-3.157671505386189,-3.154577206851287,-3.1514829760862146,-3.148388813095129,-3.145294717883114,-3.142200690456291,-3.1391067308219798,-3.1360128389888975,-3.132919014967437,-3.1298252587700213,-3.1267315704115757,-3.123637949910141,-3.12054439728768,-3.1174509125711287,-3.1143574957937865,-3.1112641469971254,-3.1081708662331846,-3.1050776535677187,-3.10198450908436,-3.098891432890134,-3.09579842512277,-3.092705485960442,-3.0896126156347483,-3.086519814448076,-3.0834270827968684,-3.0803344212029,-3.077241830355402,-3.074149311167968,-3.0710568648555983,-3.0679644930392955,-3.0648721978884144,-3.0617799823148872,-3.0586878502389183,-3.0555958069533546,-3.0525038596246787,-3.049412017983581,-3.0463202952793047,-3.0432287096018626,-3.0401372857185907,-3.0370460576316107,-3.0339550721482227,-3.0308643938780437,-3.0277741122447046,-3.0246843513490385,-3.021595283878163,-3.018507150768943,-3.0154202890751387,-3.012335171557186,-3.009252463060815,-3.0061731009922417,-3.003098410449087,-3.000030269285996,-2.996971345245877,-2.9939254372260895,-2.9908979671307216,-2.987896689480498,-2.98493271557976,-2.9820219908829086,-2.9791874221200687,-2.9764619282975784,-2.9738927877842696,-2.971547765021801,-2.969523597889815,-2.9679574422368664,-2.967041661120464
-3.569949353477039,-3.569159896273871,-3.5677918881920676,-3.5659965985353583,-3.5638837033704007,-3.561533423441008,-3.559004862574832,-3.556341834070362,-3.5535769883366974,-3.5507347701665575,-3.5478335572223556,-3.5448872184224927,-3.541906257020692,-3.5388986537604064,-3.5358704918405954,-3.5328264221629486,-3.5297700110319443,-3.5267040009361095,-3.523630506788373,-3.5205511640602123,-3.517467240934612,-3.5143797234597094,-3.511289380381276,-3.508196812636081,-3.5051024912346516,-3.502006786332024,-3.4989099895930873,-3.4958123314424623,-3.4927139944021115,-3.4896151234294637,-3.4865158339502837,-3.4834162181155612,-3.4803163496869045,-3.4772162878602777,-3.4741160802660063,-3.471015765328136,-3.4679153741243964,-3.4648149318559525,-3.461714459011571,-3.4586139722919156,-3.4555134853451164,-3.452413009353532,-3.4493125535029003,-3.4462121253583184,-3.4431117311662693,-3.440011376097786,-3.4369110644446867,-3.4338107997783043,-3.430710585078157,-3.427610422836508,-3.4245103151435115,-3.421410263756713,-3.4183102701579062,-3.415210335599745,-3.4121104611440507,-3.409010647693357,-3.4059108960169477,-3.402811206772396,-3.3997115805234204,-3.396612017754719,-3.393512518884328,-3.3904130842739293,-3.3873137142374765,-3.3842144090484223,-3.3811151689457977,-3.378015994139325,-3.3749168848137425,-3.371817841132457,-3.3687188632406504,-3.3656199512679166,-3.362521105330519,-3.359422325533323,-3.356323611971454,-3.353224964731732,-3.3501263838939157,-3.3470278695317837,-3.343929421714089,-3.3408310405054014,-3.337732725966859,-3.334634478156847,-3.3315362971316143,-3.328438182945849,-3.325340135653213,-3.322242155306859,-3.3191442419599335,-3.3160463956660706,-3.3129486164798974,-3.3098509044575533,-3.3067532596572295,-3.3036556821397545,-3.3005581719692194,-3.297460729213672,-3.2943633539458785,-3.291266046244185,-3.2881688061934886,-3.285071633886345,-3.281974529424236,-3.278877492919035,-3.2757805244947007,-3.272683624289251,-3.269586792457069,-3.266490029171601,-3.2633933343562034,-3.2602967079410363,-3.2572001498624297,-3.254103660062323,-3.251007238487761,-3.2479108850904383,-3.244814599826297,-3.2417183826551565,-3.238622233540389,-3.2355261524486196,-3.2324301393494563,-3.229334194215252,-3.2262383170208806,-3.2231425077435385,-3.2200467663625654,-3.2169510928592784,-3.213855487216824,-3.210759949420038,-3.2076644794553295,-3.2045690773105617,-3.2014737429749527,-3.198378476438981,-3.195283277694301,-3.192188146733666,-3.1890930835508584,-3.1859980881406287,-3.182903160498639,-3.179808300621414,-3.1767135085062974,-3.1736187841514156,-3.170524127555652,-3.167429538718624,-3.1643350176406684,-3.161240564322841,-3.158146178766926,-3.155051860975451,-3.1519576109517304,-3.14886342869992,-3.1457693142251038,-3.1426752675334053,-3.139581288632141,-3.1364873775300306,-3.1333935342374657,-3.1302997587668693,-3.1272060511331663,-3.124112411354399,-3.1210188394525296,-3.1179253354544967,-3.1148318993935966,-3.1117385313113024,-3.1086452312596524,-3.1055519993044003,-3.10245883552918,-3.099365740041014,-3.0962727129776346,-3.093179754517215,-3.0900868648913526,-3.0869940444024344,-3.0839012934469032,-3.0808086125465337,-3.0777160023905576,-3.0746234638925674,-3.0715309982675647,-3.0684386071365517,-3.0653462926688855,-3.062254057776503,-3.0591619063796105,-3.0560698437710627,-3.05297787711735,-3.04988601614918,-3.0467942741158187,-3.043702669107314,-3.0406112258910576,-3.0375199784692515,-3.0344289736493173,-3.03133827604105,-3.028247975068345,-3.0251581948324278,-3.0220691080209945,-3.018980955571769,-3.015894074539775,-3.012808937687318,-3.0097262098628903,-3.006646828476792,-3.0035721186326834,-3.000503958194149,-2.997445014917336,-2.994399087719223,-2.9913715985329845,-2.9883703019224828,-2.9854063092560383,-2.9824955660828874,-2.979660979273536,-2.9769354680415954,-2.9743663110606073,-2.9720212732170865,-2.9699970930331876,-2.9684309272704636,-2.967515140252528
-3.5704253804563737,-3.569635918901552,-3.5682679032035316,-3.5664726034504906,-3.5643596962865014,-3.5620094028870732,-3.55948082740656,-3.5568177833930714,-3.554052921447887,-3.5512106865125874,-3.54830945636546,-3.545363100015482,-3.5423821207874204,-3.539374499480624,-3.5363463193381484,-3.5333022312965587,-3.530245801687978,-3.527179773022897,-3.5241062602317292,-3.5210268987999016,-3.517942956921548,-3.5148554206537366,-3.5117650587494063,-3.5086724721510922,-3.5055781318739645,-3.502482408076811,-3.499385592427554,-3.496287915353276,-3.493189559377937,-3.4900906694605927,-3.4869913610283336,-3.4838917262332365,-3.480791838837798,-3.47769175803871,-3.474591531466899,-3.4714911975469067,-3.4683907873568716,-3.465290326098298,-3.462189834260233,-3.4590893285435715,-3.455988822596641,-3.4528883276019626,-3.449787852745409,-3.4466874055921926,-3.443586992388892,-3.440486618306621,-3.437386287637268,-3.4342860039522214,-3.431185770231049,-3.4280855889660553,-3.424985462247431,-3.4218853918327508,-3.4187853792038334,-3.4156854256133555,-3.4125855321231566,-3.409485699635788,-3.406385928920548,-3.4032862206350196,-3.4001865753429326,-3.397086993528996,-3.393987475611252,-3.3908880219513904,-3.387788632863369,-3.384689308620647,-3.381590049462259,-3.3784908555979327,-3.375391727212408,-3.3722926644690947,-3.3691936675131764,-3.3660947364742513,-3.362995871468584,-3.3598970726010418,-3.3567983399667516,-3.353699673652535,-3.35060107373815,-3.347502540297376,-3.3444040733989673,-3.341305673107495,-3.338207339484098,-3.3351090725871595,-3.3320108724729294,-3.3289127391960953,-3.3258146728103206,-3.3227166733687574,-3.3196187409245526,-3.3165208755313387,-3.3134230772437436,-3.3103253461179034,-3.30722768221201,-3.3041300855868907,-3.3010325563066365,-3.2979350944392922,-3.294837700057624,-3.2917403732399766,-3.288643114071245,-3.2855459226439803,-3.2824487990596642,-3.279351743430167,-3.276254755879444,-3.2731578365455114,-3.270060985582746,-3.2669642031645894,-3.2638674892144026,-3.2607708436623457,-3.2576742664447536,-3.2545777575035673,-3.251481316785833,-3.2483849442432473,-3.245288639831754,-3.2421924035111758,-3.239096235244885,-3.236000134999508,-3.232904102744655,-3.229808138452678,-3.226712242098454,-3.223616413659181,-3.2205206531141983,-3.2174249604448244,-3.214329335634205,-3.211233778667179,-3.2081382895301545,-3.205042868210996,-3.2019475146989227,-3.198852228984412,-3.1957570110591194,-3.1926618609157984,-3.1895667785482322,-3.18647176395117,-3.1833768171202768,-3.1802819380520755,-3.177187126743911,-3.1740923831939107,-3.170997707400958,-3.1679030993646693,-3.1648085590853836,-3.1617140865641575,-3.1586196818027723,-3.1555253448037566,-3.152431075570424,-3.149336874106933,-3.1462427404183666,-3.1431486745108472,-3.1400546763916934,-3.1369607460696236,-3.13386688355503,-3.1307730888603356,-3.1276793620004657,-3.124585702993461,-3.1214921118612837,-3.118398588630873,-3.115305133335526,-3.112211746016716,-3.1091184267264795,-3.1060251755305726,-3.1029319925126275,-3.0998388777796677,-3.0967458314694234,-3.0936528537600685,-3.090559944883201,-3.0874671051412066,-3.0843743349305286,-3.0812816347729397,-3.0781890053576735,-3.0750964475983227,-3.0720039627098887,-3.068911552313375,-3.0658192185781394,-3.06272696441612,-3.0596347937475286,-3.0565427118652257,-3.053450725935713,-3.050358845689712,-3.047267084376514,-3.0441754600862025,-3.041083997586224,-3.0379927308788597,-3.0349017067716515,-3.031810989874572,-3.0287206696117823,-3.025630870084897,-3.0225417639821903,-3.019453592242242,-3.0163666919213354,-3.013281535783643,-3.0101987886804125,-3.0071193880260156,-3.004044658930139,-3.0009764792652835,-2.9979175168008,-2.9948715704732365,-2.9918440622447795,-2.98884274672232,-2.9858787353379936,-2.9829679737356294,-2.980133368925757,-2.9774078403287314,-2.9748386669220297,-2.9724936140358857,-2.9704694208333327,-2.9689032449865946,-2.9679874520821614
-3.5708997483488956,-3.570110282457951,-3.568742259170896,-3.566946949357551,-3.564834030237348,-3.5624837234159488,-3.5599551333732418,-3.5572920739060674,-3.5545271958071996,-3.5516849441665452,-3.5487836968778566,-3.54583732304036,-3.5428563260496144,-3.5398486867606658,-3.5368204884605117,-3.5337763821204677,-3.5307199341002065,-3.5276538869321006,-3.5245803555639865,-3.521500975495191,-3.5184170149309564,-3.5153294599372504,-3.512239079274155,-3.509146473889949,-3.5060521148044312,-3.502956372180126,-3.49985953768798,-3.496761841757527,-3.4936634669147186,-3.4905645581202314,-3.4874652308024783,-3.484365577114617,-3.481265670820029,-3.4781655711161354,-3.47506532563446,-3.471964972800038,-3.4688645436914154,-3.4657640635104334,-3.4626635527464185,-3.4595630281005003,-3.4564625032211986,-3.4533619892911966,-3.4502614954965027,-3.4471610294024444,-3.444060597255696,-3.4409602042274514,-3.437859854609666,-3.4347595519737877,-3.431659299299431,-3.4285590990789423,-3.4254589534025466,-3.4223588640278515,-3.4192588324366993,-3.416158859881789,-3.41305894742498,-3.4099590959688393,-3.4068593062826786,-3.403759579024095,-3.400659914756827,-3.397560313965592,-3.394460777068442,-3.3913613044270705,-3.388261896355444,-3.3851625531270253,-3.3820632749808537,-3.3789640621266606,-3.3758649147491897,-3.3727658330118526,-3.369666817059836,-3.3665678670227392,-3.363468983016832,-3.3603701651469806,-3.357271413508314,-3.354172728187655,-3.351074109264763,-3.3479755568134175,-3.3448770709023745,-3.3417786515962042,-3.338680298956047,-3.3355820130402862,-3.3324837939051712,-3.32938564160539,-3.3262875561946053,-3.32318953772597,-3.3200915862526297,-3.316993701828218,-3.3138958845073616,-3.3107981343461965,-3.307700451402913,-3.3046028357383372,-3.3015052874165596,-3.2984078065056233,-3.295310393078293,-3.292213047212911,-3.289115768994372,-3.2860185585152246,-3.282921415876948,-3.279824341191409,-3.2767273345825614,-3.2736303961884152,-3.2705335261633453,-3.2674367246807883,-3.264339991664108,-3.261243327043468,-3.258146730755205,-3.255050202741261,-3.2519537429486842,-3.2488573513291756,-3.2457610278386793,-3.2426647724370197,-3.23956858508757,-3.2364724657569583,-3.233376414414797,-3.230280431033439,-3.227184515587762,-3.224088668054964,-3.2209928884143864,-3.217897176647348,-3.2148015327369954,-3.2117059566681676,-3.208610448427274,-3.205515008002179,-3.202419635382103,-3.199324330557524,-3.1962290935200977,-3.193133924262579,-3.190038822778751,-3.1869437890633634,-3.183848823112081,-3.1807539249214276,-3.1776590944887473,-3.174564331812169,-3.1714696368905755,-3.1683750097235843,-3.165280450311533,-3.1621859586554777,-3.1590915347572017,-3.155997178619234,-3.1529028902448877,-3.1498086696383214,-3.1467145168046184,-3.1436204317499015,-3.1405264144814886,-3.1374324650080987,-3.134338583340124,-3.1312447694899865,-3.1281510234726126,-3.1250573453060424,-3.121963735012239,-3.1188701926181404,-3.1157767181570435,-3.112683311670422,-3.109589973210314,-3.106496702842473,-3.1034035006505336,-3.1003103667415175,-3.0972173012531545,-3.094124304363618,-3.0910313763045068,-3.0879385173782063,-3.08484572798116,-3.0817530086351397,-3.0786603600293803,-3.075567783077473,-3.0724752789944207,-3.0693828494012263,-3.0662904964672504,-3.0631982231044326,-3.0601060332329886,-3.0570139321457868,-3.0539219270093385,-3.0508300275543796,-3.0477382470302268,-3.0446466035269983,-3.041555121812192,-3.0384638358881726,-3.0353727925626006,-3.032282056445627,-3.0291917169616744,-3.026101898212748,-3.023012772887697,-3.0199245819259506,-3.0168376623850546,-3.0137524870310357,-3.010669720717887,-3.00759030086404,-3.004515552585184,-3.0014473537627038,-2.998388372179112,-2.9953424067904506,-2.9923148795878154,-2.9893135452209716,-2.9863495151856427,-2.9834387352199125,-2.980604112473833,-2.977878566573766,-2.9753093768000354,-2.9729643089250133,-2.970940102750318,-2.969373916855593,-2.9684581180856937
-3.571371996019924,-3.570582525812621,-3.569214494971121,-3.5674191751433266,-3.5653062441214027,-3.562955923939203,-3.560427319400666,-3.5577642445502295,-3.5549993503712876,-3.552157082101401,-3.549255817749258,-3.546309426503925,-3.5433284118314283,-3.5403207546422597,-3.5372925382671543,-3.5342484137120227,-3.5311919473639577,-3.528125881777119,-3.5250523319166853,-3.5219729332958196,-3.5188889541308237,-3.515801380496526,-3.512710981160118,-3.509618357075595,-3.506523979267364,-3.50342821790167,-3.5003313646524687,-3.4972336499517347,-3.494135256327402,-3.4910363287417607,-3.4879369826245417,-3.4848373101299797,-3.481737385022337,-3.4786372664997582,-3.475537002194362,-3.4724366305316745,-3.4693361825906472,-3.4662356835734585,-3.4631351539697137,-3.4600346104807733,-3.45693406675535,-3.4538335339762885,-3.450733021329733,-3.4476325363811253,-3.4445320853772334,-3.441431673489331,-3.4383313050094415,-3.435230983509069,-3.4321307119678797,-3.4290304928782596,-3.425930328330469,-3.4228302200821443,-3.4197301696151547,-3.416630178182221,-3.413530246845221,-3.4104303765067376,-3.407330567936096,-3.4042308217909056,-3.401131138634916,-3.3980315189528536,-3.3949319631627763,-3.3918324716263877,-3.388733044657657,-3.385633682530053,-3.3825343854826198,-3.379435153725094,-3.376335987442221,-3.373236886797416,-3.370137851935868,-3.3670388829871776,-3.363939980067616,-3.360841143282052,-3.3577423727256166,-3.3546436684851333,-3.3515450306403625,-3.3484464592650856,-3.345347954428058,-3.3422495161938506,-3.3391511446236035,-3.3360528397757006,-3.332954601706391,-3.3298564304703633,-3.3267583261212805,-3.3236602887122952,-3.3205623182965525,-3.3174644149276857,-3.3143665786603203,-3.3112688095505916,-3.308171107656691,-3.3050734730394415,-3.3019759057629328,-3.298878405895208,-3.2957809735090287,-3.2926836086827365,-3.289586311501223,-3.286489082057037,-3.283391920451654,-3.2802948267969385,-3.27719780121684,-3.274100843849367,-3.2710039548488883,-3.267907134388837,-3.264810382392581,-3.2617136987902855,-3.2586170835182893,-3.2555205365185382,-3.252424057738082,-3.249327647128622,-3.2462313046461038,-3.243135030250353,-3.240038823904747,-3.236942685575914,-3.233846615233466,-3.2307506128497594,-3.227654678399671,-3.2245588118604007,-3.221463013211291,-3.218367282433661,-3.2152716195106583,-3.212176024427124,-3.209080497169466,-3.205985037725552,-3.2028896460846004,-3.1997943222370906,-3.1966990661746784,-3.1936038778901197,-3.190508757377197,-3.187413704630662,-3.1843187196461793,-3.1812238024202713,-3.178128952950285,-3.175034171234347,-3.1719394572713404,-3.168844811060885,-3.165750232603318,-3.1626557218996956,-3.1595612789518,-3.1564669037621598,-3.1533725963340906,-3.1502783566717496,-3.1471841847802215,-3.1440900806656287,-3.140996044335289,-3.1379020757979212,-3.1348081750639176,-3.1317143421457017,-3.128620577058198,-3.125526879819447,-3.1224332504514125,-3.1193396889810314,-3.116246195441602,-3.113152769874596,-3.1100594123320526,-3.106966122879725,-3.1038729016012465,-3.10077974860364,-3.097686664024637,-3.0945936480424083,-3.0915007008885538,-3.088407822865457,-3.085315014369562,-3.082222275922642,-3.0791296082139286,-3.0760370121570144,-3.0729444889669035,-3.0698520402646,-3.066759668219465,-3.06366737574344,-3.0605751667567462,-3.0574830465522562,-3.0543910222964925,-3.051299103720207,-3.0482073040727378,-3.0451156414442404,-3.0420241406022677,-3.0389328355492626,-3.0358417730930047,-3.0327510178438213,-3.0296606592263977,-3.0265708213431264,-3.023481676883432,-3.020393466787589,-3.0173065281143945,-3.0142213336317245,-3.011138548196306,-3.0080591092306106,-3.004984341856302,-3.0019161239636087,-2.9988571233481407,-2.99581113898535,-2.9927835928951083,-2.9897822397698595,-2.986818191168623,-2.9839073929233098,-2.981072752322857,-2.9783471891986917,-2.975777983132604,-2.973432900337085,-2.9714086812494287,-2.969842485352557,-2.9689266807439516
-3.5718416838056037,-3.5710522093057424,-3.5696841709514553,-3.5678888411644305,-3.5657758983064105,-3.5634255648370763,-3.560896945882631,-3.5582338557337425,-3.555468945563376,-3.552626660755928,-3.5497253794343915,-3.546778970877177,-3.5437979386203935,-3.540790263629668,-3.537762029279237,-3.534717886609412,-3.5316614020345587,-3.5285953181305008,-3.5255217498796667,-3.522442332808978,-3.5193583351457374,-3.5162707429735836,-3.513180325066776,-3.510087682384999,-3.5069932859572415,-3.5038975059534483,-3.5008006340505693,-3.497702900683003,-3.4946044883806575,-3.4915055421074275,-3.4884061772943524,-3.485306486096738,-3.482206542279724,-3.4791064050421743,-3.4760061220168015,-3.47290573162962,-3.4698052649599838,-3.4667047472104042,-3.463604198870765,-3.460503636642658,-3.457403074174986,-3.4543025226507553,-3.4512019912562457,-3.44810148755701,-3.4450010177999113,-3.4419005871563026,-3.4388001999182767,-3.4356998596573938,-3.4325995693533673,-3.4294993314986257,-3.4263991481834624,-3.423299021165545,-3.4201989519267677,-3.417098941719872,-3.413998991606755,-3.4108991024900157,-3.407799275138993,-3.4046995102113087,-3.4015998082707215,-3.3985001698019675,-3.3954005952231125,-3.3923010848958675,-3.389201639134208,-3.3861022582116074,-3.383002942367113,-3.3799036918104655,-3.376804506726413,-3.3737053872783767,-3.370606333611544,-3.3675073458555205,-3.3644084241265775,-3.361309568529587,-3.3582107791596805,-3.3551120561036822,-3.3520133994413546,-3.348914809246478,-3.3458162855878086,-3.34271782852992,-3.3396194381339526,-3.3365211144582894,-3.333422857559181,-3.3303246674913147,-3.3272265443083535,-3.3241284880634496,-3.32103049880975,-3.3179325766008843,-3.3148347214914797,-3.3117369335376687,-3.3086392127976425,-3.305541559332225,-3.302443973205504,-3.29934645448552,-3.296249003245035,-3.2931516195623876,-3.290054303522469,-3.286957055217825,-3.283859874749929,-3.280762762230643,-3.2776657177839126,-3.2745687415477427,-3.2714718336764985,-3.268374994343609,-3.2652782234724436,-3.262181520993171,-3.2590848868421327,-3.255988320961277,-3.252891823297656,-3.24979539380297,-3.2466990324331695,-3.243602739148081,-3.240506513911083,-3.2374103566888044,-3.23431426745086,-3.2312182461696066,-3.2281222928199225,-3.225026407379008,-3.2219305898262056,-3.218834840142836,-3.215739158312048,-3.2126435443186825,-3.2095479981491497,-3.2064525197913163,-3.2033571092344006,-3.2002617664688846,-3.1971664914864237,-3.1940712842797736,-3.1909761448427187,-3.1878810731700096,-3.1847860692573104,-3.181691133101147,-3.178596264698862,-3.1755014640485864,-3.1724067311492026,-3.1693120660003284,-3.166217468602304,-3.1631229389561843,-3.1600284770637526,-3.1569340829275383,-3.153839756550856,-3.150745497937863,-3.147651307093643,-3.1445571840243205,-3.141463128737211,-3.138369141241036,-3.135275221546186,-3.132181369665085,-3.129087585612657,-3.1259938694069445,-3.122900221069908,-3.119806640628488,-3.1167131281159803,-3.1136196835738583,-3.11052630705416,-3.107432998622639,-3.104339758362929,-3.1012465863820506,-3.0981534828177364,-3.0950604478481574,-3.0919674817049123,-3.0888745846903847,-3.08578175720102,-3.0826889997585893,-3.0795963130523254,-3.076503697995822,-3.073411155804079,-3.0703186880981046,-3.0672262970472595,-3.064133985563491,-3.061041757567021,-3.05794961835073,-3.0548575750811504,-3.0517656374890496,-3.048673818823789,-3.0455821371755607,-3.042490617311969,-3.039399293235536,-3.0363082117541613,-3.0332174374783465,-3.030127059833037,-3.027037202921013,-3.0239480394322666,-3.0208598103079165,-3.0177728526080037,-3.0146876391022444,-3.0116048346500826,-3.0085253766780067,-3.005450590313624,-3.002382353455958,-2.999323333913644,-2.9962773306814343,-2.9932497658078185,-2.990248394027685,-2.9872843269630005,-2.98437351053898,-2.981538852182682,-2.9788132719294675,-2.9762440496609295,-2.973898952027252,-2.9718747200978926,-2.9703085142540697,-2.9693927038389765
-3.5723083937188207,-3.5715189149540394,-3.5701508691353325,-3.5683555294531955,-3.566242574835278,-3.563892228164349,-3.5613635948867985,-3.5587004895379404,-3.555935563479088,-3.553093262240531,-3.5501919640588286,-3.5472455383011607,-3.5442644885732664,-3.5412567958955576,-3.538228543685489,-3.5351843830175564,-3.53212788033322,-3.5290617782298304,-3.5259881917069507,-3.522908756305177,-3.519824740262739,-3.516737129672027,-3.51364669331433,-3.5105540321549813,-3.5074596172275214,-3.5043638187055723,-3.501266928269058,-3.4981691763547897,-3.4950707454946324,-3.4919717806540773,-3.4888723972654643,-3.485772687485163,-3.4826727250791834,-3.4795725692471056,-3.4764722676222313,-3.4733718586310602,-3.4702713733533472,-3.4671708369919343,-3.4640702700369816,-3.460969689190309,-3.4578691081010113,-3.4547685379522552,-3.451667987930452,-3.448567465601268,-3.4454669772116584,-3.4423665279330584,-3.4392661220576253,-3.4361657631569757,-3.433065454210873,-3.429965197711784,-3.4268649957500386,-3.423764850083333,-3.4206647621935873,-3.417564733333566,-3.414464764565183,-3.411364856791054,-3.408265010780532,-3.4051652271912505,-3.402065506586979,-3.3989658494524617,-3.395866256205772,-3.3927667272086253,-3.389667262775004,-3.386567863178387,-3.3834685286578274,-3.380369259423067,-3.37727005565886,-3.3741709175286276,-3.3710718451775636,-3.3679728387352728,-3.3648738983180304,-3.361775024030708,-3.3586762159684382,-3.3555774742180486,-3.3524787988593014,-3.349380189965977,-3.346281647606834,-3.3431831718464453,-3.3400847627459505,-3.3369864203637345,-3.3338881447560484,-3.33078993597758,-3.3276917940819914,-3.324593719122434,-3.321495711152053,-3.31839777022448,-3.31529989639434,-3.3122020897177675,-3.3091043502529502,-3.3060066780607116,-3.3029090732051385,-3.2998115357542717,-3.2967140657808702,-3.2936166633632724,-3.2905193285863663,-3.287422061542696,-3.284324862333733,-3.2812277310713363,-3.2781306678794495,-3.2750336728960723,-3.2719367462755664,-3.2688398881913567,-3.2657430985668148,-3.262646377332112,-3.2595497244235925,-3.256453139783206,-3.2533566233580062,-3.250260175099699,-3.2471637949642345,-3.244067482911441,-3.2409712389046965,-3.2378750629106334,-3.234778954898867,-3.2316829148417554,-3.228586942714177,-3.225491038493334,-3.22239520215857,-3.219299433691206,-3.216203733074391,-3.2131081002929673,-3.2100125353333464,-3.206917038183394,-3.203821608832331,-3.2007262472706373,-3.19763095348997,-3.194535727483085,-3.1914405692437673,-3.188345478766768,-3.1852504560477524,-3.1821555010832454,-3.179060613870591,-3.175965794407919,-3.1728710426941147,-3.169776358728795,-3.166681742512299,-3.1635871940456823,-3.160492713330728,-3.157398300369966,-3.1543039551667107,-3.1512096777251197,-3.1481154680502774,-3.145021326148306,-3.1419272520265245,-3.138833245693651,-3.1357393071600783,-3.1326454364382292,-3.1295516335430302,-3.1264578984925215,-3.1233642313086665,-3.1202706320184026,-3.117177100655027,-3.114083637260013,-3.1109902418853976,-3.107896914596934,-3.104803655478255,-3.1017104646363847,-3.0986173422090517,-3.0955242883744285,-3.0924313033641133,-3.0893383874804914,-3.0862455411200047,-3.0831527648044266,-3.080060059222989,-3.076967425289285,-3.073874864218317,-3.070782377631092,-3.0676899676969733,-3.0645976373279082,-3.0615053904441245,-3.058413232338509,-3.0553211701776037,-3.052229213692192,-3.0491373761316583,-3.046045675586229,-3.0429541368235613,-3.0398627938462575,-3.0367716934623328,-3.033680900282464,-3.030590503731857,-3.027500627913671,-3.024411445518469,-3.021323197488205,-3.0182362208841576,-3.015150988477868,-3.012068165131482,-3.0089886882754793,-3.005913883043371,-3.0028456273429205,-2.9997865889957014,-2.996740567015645,-2.993712983479673,-2.9907115931648427,-2.987747507755663,-2.9848366732700553,-2.9820019972723073,-2.979276400000398,-2.9767071616337937,-2.974362049257549,-2.9723378045692175,-2.970771588842524,-2.9698557726583514
-3.5727717295664996,-3.5719822465680697,-3.5706141933396744,-3.568818843834976,-3.5667058775433804,-3.5643555177676434,-3.561826870271994,-3.5591637498345965,-3.556398808003733,-3.5535564904545165,-3.5506551755362405,-3.5477087327042045,-3.544727665633267,-3.54171995539822,-3.5386916854594253,-3.5356475069253066,-3.5325909862642213,-3.5295248660948904,-3.5264512614338894,-3.523371807835384,-3.5202877735484552,-3.517200144674183,-3.514109690000828,-3.5110170104993332,-3.507922577207761,-3.5048267603033807,-3.5017298514690696,-3.498632081144032,-3.495533631862079,-3.492434648590284,-3.4893352467622805,-3.486235518535491,-3.4831355376767923,-3.4800353633864742,-3.4769350432984227,-3.4738346158396176,-3.4707341120902133,-3.4676335572533814,-3.4645329718195548,-3.4614323724907825,-3.4583317729163494,-3.45523118427958,-3.452130615767017,-3.4490300749444365,-3.44592956805889,-3.44282910028189,-3.43972867590566,-3.436628298501874,-3.433527971050341,-3.43042769604357,-3.4273274755719254,-3.424227311393132,-3.421127204989135,-3.4180271576127197,-3.4149271703258197,-3.411827244031066,-3.4087273794978263,-3.4056275773837443,-3.4025278382526,-3.399428162589147,-3.3963285508114653,-3.393229003281278,-3.390129520312574,-3.3870301021788354,-3.3839307491191204,-3.380831461343176,-3.3777322390357574,-3.37463308236029,-3.371533991461968,-3.3684349664704003,-3.365336007501863,-3.3622371146612298,-3.3591382880436353,-3.3560395277359065,-3.352940833817808,-3.3498422063631224,-3.3467436454406063,-3.343645151114833,-3.3405467234469435,-3.337448362495324,-3.3343500683162244,-3.331251840964331,-3.3281536804933074,-3.3250555869563057,-3.32195756040647,-3.318859600897432,-3.315761708483816,-3.3126638832217545,-3.3095661251694364,-3.3064684343876833,-3.3033708109405815,-3.3002732548961706,-3.297175766327208,-3.2940783453120295,-3.2909809919355215,-3.2878837062902266,-3.284786488477614,-3.2816893386095383,-3.278592256809942,-3.275495243216821,-3.272398297984533,-3.2693014212864964,-3.2662046130460882,-3.263107873193482,-3.260011201665025,-3.256914598402668,-3.2538180633534677,-3.25072159646913,-3.247625197705608,-3.244528867022731,-3.2414326043838795,-3.238336409755686,-3.2352402831077676,-3.2321442244124827,-3.2290482336447135,-3.2259523107816603,-3.222856455802669,-3.2197606686890605,-3.2166649494239854,-3.2135692979922865,-3.210473714380375,-3.207378198576118,-3.2042827505687366,-3.2011873703487113,-3.1980920579077003,-3.194996813238459,-3.191901636334773,-3.188806527191394,-3.1857114858039863,-3.1826165121690773,-3.1795216062840104,-3.176426768146915,-3.173331997756676,-3.170237295112912,-3.1671426602159602,-3.1640480930668793,-3.160953593667451,-3.1578591620202063,-3.154764798128458,-3.151670501996365,-3.1485762736290113,-3.1454821130325215,-3.1423880202142116,-3.139293995182802,-3.1362000379486847,-3.1331061485242833,-3.130012326924523,-3.1269185731674445,-3.12382488727501,-3.1207312692741573,-3.117637719198183,-3.114544237088562,-3.1114508229973312,-3.108357476990243,-3.105264199150931,-3.102170989586417,-3.0990778484344315,-3.095984775873146,-3.0928917721341582,-3.089798837519853,-3.0867059724266737,-3.083613177376392,-3.0805204530582393,-3.0774278003858093,-3.074335220574106,-3.0712427152441375,-3.0681502865652672,-3.065057937449445,-3.0619656718169037,-3.058873494960535,-3.05578141404689,-3.0526894388067674,-3.0495975824895747,-3.0465058631855757,-3.0434143056624774,-3.040322943922961,-3.037231824775158,-3.034141012829921,-3.0310505975127104,-3.0279607029270674,-3.0248715017641157,-3.02178323496664,-3.0186962395971473,-3.0156109884289926,-3.012528146327,-3.0094486507256124,-3.006373826764203,-3.003305552359208,-3.0002464953450474,-2.997200454754688,-2.9941728526932767,-2.991171443979729,-2.988207340360639,-2.985296487945951,-2.982461794436177,-2.9797361802704305,-2.977166925923862,-2.974821798913208,-2.972797541559507,-2.971231316022446,-2.9703154941115164
-3.5732313169825907,-3.5724418297852147,-3.571073769207868,-3.569278409961123,-3.567165432091537,-3.5648150593184047,-3.5622863977211905,-3.55962326231892,-3.5568583048453104,-3.5540159711191097,-3.551114639601421,-3.5481681798349416,-3.545187095563083,-3.542179367914577,-3.539151080392333,-3.536106884138431,-3.533050345647906,-3.529984207560671,-3.526910584910176,-3.5238311132640456,-3.5207470608821225,-3.517659413874106,-3.5145689410351753,-3.5114762433418356,-3.5083817918366287,-3.5052859567004457,-3.502189029619091,-3.499091241034145,-3.495992773481347,-3.4928937719293423,-3.489794351813041,-3.486694605290918,-3.4835946061307053,-3.4804944135334,-3.4773940751334638,-3.4742936293583555,-3.4711931072886255,-3.4680925341277726,-3.4649919303665,-3.461891312707083,-3.4587906947989935,-3.4556900878257117,-3.452589500973913,-3.449488941809485,-3.44638841657957,-3.4432879304557598,-3.4401874877303427,-3.4370870919750494,-3.4339867461697366,-3.4308864528069525,-3.4277862139770954,-3.42468603143792,-3.4215859066713965,-3.418485840930331,-3.415385835276676,-3.412285890613079,-3.409186007708919,-3.4060861872218524,-3.40298642971567,-3.3998867356751328,-3.3967871055183303,-3.3936875396069914,-3.3905880382551103,-3.3874886017361745,-3.384389230289245,-3.3812899241240726,-3.3781906834254176,-3.3750915083567063,-3.3719923990631364,-3.3688933556743197,-3.3657943783065334,-3.3626954670646527,-3.3595966220438136,-3.3564978433308434,-3.353399131005508,-3.3503004851415903,-3.3472019058078497,-3.3441033930688593,-3.3410049469857603,-3.3379065676169373,-3.3348082550186415,-3.3317100092455605,-3.328611830351357,-3.325513718389183,-3.322415673412182,-3.3193176954739845,-3.3162197846292147,-3.313121940934006,-3.3100241644465456,-3.3069264552276545,-3.3038288133414166,-3.3007312388558705,-3.297633731843773,-3.2945362923834582,-3.291438920559812,-3.288341616465373,-3.2852443802016076,-3.282147211880369,-3.2790501116255966,-3.2759530795752823,-3.2728561158837803,-3.2697592207245045,-3.2666623940208352,-3.2635656357029483,-3.260468945707191,-3.2573723239755195,-3.254275770454991,-3.251179285097315,-3.248082867858445,-3.2449865186982114,-3.241890237579997,-3.2387940244704367,-3.2356978793391473,-3.232601802158488,-3.2295057929033404,-3.226409851550909,-3.223313978080539,-3.2202181724735532,-3.2171224347131013,-3.214026764784028,-3.210931162672745,-3.2078356283671194,-3.204740161856372,-3.2016447631309854,-3.1985494321826176,-3.1954541690040243,-3.192358973588992,-3.189263845932272,-3.1861687860295294,-3.1830737938772904,-3.179978869472901,-3.1768840128144906,-3.1737892239009438,-3.170694502731879,-3.1675998493076363,-3.164505263629271,-3.1614107456985656,-3.1583162955180515,-3.1552219130910433,-3.1521275984216994,-3.149033351515103,-3.145939172377377,-3.142845061015841,-3.139751017439214,-3.1366570416578874,-3.133563133684285,-3.1304692935333316,-3.127375521223069,-3.1242818167754587,-3.1211881802174393,-3.118094611582307,-3.1150011109115363,-3.1119076782571646,-3.1088143136849444,-3.105721017278509,-3.102627789144879,-3.0995346294217843,-3.0964415382873973,-3.093348515973316,-3.0902555627819255,-3.087162679109668,-3.0840698654783143,-3.080977122577098,-3.0778844513196115,-3.0747918529208573,-3.0716993290018455,-3.068606881731941,-3.065514514023097,-3.0624222297955486,-3.0593300343421954,-3.056237934829598,-3.0531459409885695,-3.050054066068542,-3.04696232815981,-3.0438707520301356,-3.0407793716822775,-3.0376882339244817,-3.0345974033677723,-3.031506969437866,-3.028417056238681,-3.0253278364618974,-3.022239551051125,-3.0191525370700867,-3.016067267293938,-3.0129844065901614,-3.0099048923971288,-3.006830049860024,-3.003761756903888,-3.0007026813758806,-2.99765662232785,-2.9946290018929336,-2.991627574931565,-2.98866345325191,-2.9857525830551848,-2.982917872177007,-2.980192241255972,-2.977622971060492,-2.9752778295354454,-2.973253559620245,-2.971687324353272,-2.970771496762551
-3.5736868033817784,-3.5728973120233873,-3.571529244163476,-3.56973387526269,-3.567620885919703,-3.5652705002665868,-3.5627418246951903,-3.5600786744632242,-3.557313701488166,-3.5544713517311,-3.5515700037639326,-3.548623527215968,-3.545642425898551,-3.542634680993862,-3.53960637604698,-3.536562162233334,-3.533505606074397,-3.530439450231085,-3.5273658097535674,-3.52428632022281,-3.521202249909316,-3.5181145849313267,-3.515024094090876,-3.5119313783699826,-3.5088369088156326,-3.5057410556123028,-3.5026441104487005,-3.4995463037687577,-3.496447818110126,-3.493348798443005,-3.4902493602035776,-3.4871495955513523,-3.4840495782549143,-3.4809493675159575,-3.4778490109695186,-3.4747485470435313,-3.471648006818936,-3.4685474154995553,-3.465446793576363,-3.4623461577518544,-3.45924552167569,-3.4561448965315056,-3.453044291506106,-3.449943714165489,-3.446843170756889,-3.443742666451974,-3.4406422055430994,-3.4375417916020496,-3.4344414276087294,-3.4313411160557252,-3.428240859033471,-3.42514065829975,-3.422040515336556,-3.4189404313967175,-3.415840407542205,-3.41274044467568,-3.409640543566536,-3.4065407048724397,-3.403440929157192,-3.4003412169055633,-3.397241568535651,-3.3941419844091896,-3.3910424648401785,-3.3879430101021115,-3.384843620434054,-3.3817442960457607,-3.3786450371219945,-3.3755458438261847,-3.3724467163035325,-3.36934765468365,-3.366248659082817,-3.3631497296059094,-3.360050866348066,-3.356952069396115,-3.3538533388298206,-3.35075467472297,-3.3476560771443213,-3.344557546158448,-3.341459081826492,-3.33836068420684,-3.3352623533557417,-3.332164089327884,-3.32906589217693,-3.325967761956031,-3.322869698718331,-3.3197717025174613,-3.3166737734080445,-3.3135759114462124,-3.310478116690151,-3.3073803892006817,-3.3042827290418884,-3.3011851362818074,-3.2980876109931936,-3.29499015325438,-3.291892763150249,-3.2887954407733395,-3.285698186225115,-3.2826009996174275,-3.279503881074211,-3.276406830733455,-3.2733098487495096,-3.270212935295785,-3.2671160902956626,-3.264019313679322,-3.2609226053831133,-3.257825965348994,-3.254729393524025,-3.251632889859916,-3.2485364543126214,-3.2454400868419753,-3.2423437874113605,-3.239247555987412,-3.236151392539749,-3.2330552970407327,-3.2299592694652457,-3.226863309790491,-3.2237674179958162,-3.220671594062546,-3.2175758379738304,-3.214480149714514,-3.211384529271009,-3.208288976631184,-3.2051934917842613,-3.2020980747207224,-3.199002725432226,-3.1959074439115285,-3.1928122301524158,-3.1897170841496396,-3.1866220058988666,-3.183526995396623,-3.180432052640254,-3.17733717762789,-3.1742423703584155,-3.1711476308314497,-3.1680529590473308,-3.164958355007117,-3.161863818712591,-3.1587693501662817,-3.1556749493715053,-3.1525806163324206,-3.14948635105411,-3.1463921535426973,-3.1432980238055013,-3.140203961851241,-3.137109967690309,-3.134016041335129,-3.130922182800626,-3.127828392104841,-3.124734669269736,-3.12164101432225,-3.1185474272956792,-3.1154539082314963,-3.112360457181738,-3.109267074212159,-3.106173759406391,-3.1030805128714567,-3.099987334745085,-3.096894225205448,-3.0938011844841427,-3.090708212883555,-3.0876153108001265,-3.084522478755629,-3.0814297174392946,-3.0783370277647153,-3.075244410946895,-3.0721518686068428,-3.069059402913926,-3.0659670167801,-3.0628747141256043,-3.059782500243343,-3.056690382299888,-3.053598370026067,-3.050506476671335,-3.0474147203260205,-3.0443231257579377,-3.0412317269699214,-3.0381405707703344,-3.035049721770369,-3.031959269395995,-3.0288693377515035,-3.0257800995291277,-3.0226917956732944,-3.0196047632489313,-3.0165194750329776,-3.0134365958955476,-3.0103570632789096,-3.0072822023340073,-3.004213890994406,-3.0011547971198915,-2.99810871978102,-2.9950810811386703,-2.9920796360944166,-2.98911549651744,-2.9862046086994014,-2.983369880609803,-2.980644233084921,-2.9780749471837784,-2.975729791275525,-2.9737055089123587,-2.972139264003415,-2.9712234307842382
-3.574137857838637,-3.573348362360198,-3.571980287289419,-3.57018490882963,-3.568071908126187,-3.5657215097198782,-3.56319282031186,-3.5605296553961776,-3.557764667072258,-3.554922301442123,-3.5520209371873896,-3.549074444023118,-3.5460933258279157,-3.54308556383689,-3.5400572416368723,-3.5370130104363136,-3.533956436782863,-3.5308902633582324,-3.5278166052291486,-3.5247370979897843,-3.5216530099212022,-3.5185653271501,-3.5154748184852997,-3.512382084914279,-3.509287597488423,-3.5061917263957607,-3.5030947633278715,-3.4999969387310204,-3.49689843514475,-3.4937993975408004,-3.4906999413566115,-3.487600158752721,-3.4845001234985546,-3.481399894796498,-3.4782995202821576,-3.4751990383839346,-3.4720984801831563,-3.4689978708839666,-3.4658972309776064,-3.4627965771667926,-3.45969592310137,-3.456595279965128,-3.4534946569450025,-3.450394061607096,-3.4472935001987364,-3.444192977891666,-3.441092498978306,-3.437992067030496,-3.4348916850281856,-3.431791355464003,-3.428691080428415,-3.4255908616792317,-3.422490700698473,-3.419390598738987,-3.416290556862762,-3.4131905759724765,-3.4100906568375375,-3.4069908001156244,-3.4038910063705465,-3.4007912760870833,-3.397691609683339,-3.3945920075210543,-3.3914924699142346,-3.3883929971363784,-3.385293589426556,-3.3821942469945236,-3.379094970025048,-3.3759957586815608,-3.372896613109266,-3.369797533437778,-3.3666985197833776,-3.363599572250944,-3.360500690935617,-3.357401875924226,-3.3543031272965362,-3.3512044451263336,-3.348105829482379,-3.3450072804292468,-3.3419087980280775,-3.338810382337259,-3.33571203341304,-3.3326137513101086,-3.329515536082128,-3.326417387782249,-3.3233193064636146,-3.320221292179857,-3.317123344985598,-3.314025464936968,-3.310927652092154,-3.3078299065119743,-3.304732228260512,-3.301634617405802,-3.2985370740206,-3.2954395981832354,-3.292342189978591,-3.289244849499202,-3.28614757684653,-3.283050372132422,-3.279953235480811,-3.276856167029685,-3.2737591669333894,-3.2706622353653287,-3.267565372248888,-3.2644685775142492,-3.2613718510977643,-3.2582751929413933,-3.2551786029921987,-3.252082081201892,-3.24898562752643,-3.245889241925647,-3.2427929243629294,-3.239696674804912,-3.236600493221216,-3.2335043795842036,-3.230408333868758,-3.2273123560520838,-3.224216446113528,-3.221120604034416,-3.2180248297978995,-3.2149291233888233,-3.2118334847935994,-3.2087379140000984,-3.2056424109975423,-3.202546975776414,-3.199451608328371,-3.196356308646172,-3.1932610767236027,-3.190165912555416,-3.1870708161372776,-3.1839757874657137,-3.180880826538071,-3.1777859333524785,-3.1746911079078215,-3.17159635020372,-3.1685016602405116,-3.165407038019255,-3.1623124835417333,-3.159217996810477,-3.1561235778288026,-3.153029226600865,-3.149934943131749,-3.1468407274275796,-3.1437465794956747,-3.140652499344754,-3.137558486985209,-3.1344645424294626,-3.1313706656924407,-3.128276856792185,-3.125183115750657,-3.1220894425947945,-3.1189958373578954,-3.115902300081432,-3.112808830817441,-3.1097154296316765,-3.1066220966077713,-3.103528831852746,-3.1004356355043314,-3.097342507740698,-3.094249448793444,-3.091156458964954,-3.0880635386516677,-3.084970688375359,-3.0818779088252586,-3.078785200914959,-3.075692565859466,-3.0726000052797886,-3.0695075213452965,-3.0664151169679466,-3.063322796067982,-3.0602305639383136,-3.0571384277455214,-3.054046397220448,-3.0509544856125697,-3.047862711012251,-3.044771098187355,-3.041679681140795,-3.038588506681046,-3.03549763941947,-3.032407168782285,-3.029317218874153,-3.0262279623878534,-3.0231396402686213,-3.0200525895825807,-3.0169672831084346,-3.013884385718907,-3.01080483486012,-3.007729955688722,-3.0046616261467167,-3.001602514106393,-2.9985564186568308,-2.9955287619863737,-2.992527299037332,-2.9895631417393043,-2.986652236473504,-2.9838174913420015,-2.9810918273768037,-2.9785225259246846,-2.9761773557748854,-2.9741530610863536,-2.9725868066304026,-2.9716709678382034
-3.574584170897391,-3.573794671342697,-3.572426589137696,-3.570631201220515,-3.5685181892773756,-3.566167778253432,-3.563639075155864,-3.560975895712537,-3.558210892202894,-3.555368510868398,-3.552467130499208,-3.5495206208952266,-3.546539486001617,-3.5435317071058443,-3.5405033678360507,-3.5374591194333593,-3.534402528471316,-3.5313363376522093,-3.528262662059147,-3.525183137299369,-3.5220990316643848,-3.519011331289261,-3.5159208049895345,-3.5128280537580845,-3.509733548650648,-3.506637659858765,-3.503540679076862,-3.500442836753507,-3.4973443154301163,-3.4942452600799543,-3.4911457861417072,-3.4880459857769273,-3.484945932755875,-3.481845686281617,-3.4787452939903254,-3.475644794310865,-3.472544218324946,-3.46944359123703,-3.466342933538619,-3.4632422619326504,-3.460141590069151,-3.4570409291320643,-3.4539402883084525,-3.450839675164526,-3.4477390959477012,-3.4446385558297976,-3.441538059103301,-3.4384376093401032,-3.4353372095202013,-3.432236862136262,-3.429136569278785,-3.42603633270561,-3.42293615389878,-3.4198360341111638,-3.4167359744047694,-3.4136359756822885,-3.4105360387131407,-3.4074361641550177,-3.4043363525717383,-3.40123660444809,-3.3981369202021834,-3.395037300195768,-3.3919377447428536,-3.388838254116943,-3.385738828557111,-3.3826394682731187,-3.3795401734497346,-3.3764409442503953,-3.373341780820305,-3.3702426832890793,-3.3671436517730036,-3.364044686376957,-3.36094578719608,-3.357846954317204,-3.3547481878200953,-3.3516494877785417,-3.3485508542613025,-3.345452287332953,-3.342353787054635,-3.3392553534847353,-3.3361569866795047,-3.3330586866936307,-3.329960453580775,-3.326862287394089,-3.323764188186716,-3.3206661560122863,-3.3175681909254213,-3.3144702929822523,-3.3113724622409646,-3.308274698762377,-3.305177002610571,-3.3020793738535796,-3.2989818125641563,-3.295884318820631,-3.2927868927078827,-3.2896895343184465,-3.286592243753779,-3.2834950211257286,-3.2803978665582236,-3.277300780189247,-3.274203762173142,-3.271106812683309,-3.2680099316431352,-3.264913118982805,-3.261816374638673,-3.258719698552701,-3.2556230906719534,-3.252526550948144,-3.2494300793372317,-3.2463336757990513,-3.24323734029699,-3.240141072797686,-3.2370448732707606,-3.233948741688577,-3.2308526780260194,-3.2277566822602934,-3.2246607543707473,-3.221564894338706,-3.218469102147323,-3.2153733777814417,-3.2122777212274767,-3.209182132473298,-3.206086611508128,-3.202991158322451,-3.1998957729079263,-3.1968004552573106,-3.1937052053643904,-3.1906100232239196,-3.1875149088315653,-3.1844198621838524,-3.181324883278128,-3.1782299721125225,-3.1751351286859215,-3.1720403529979433,-3.1689456450489275,-3.1658510048399315,-3.1627564323727397,-3.159661927649881,-3.1565674906746723,-3.1534731214512712,-3.1503788199847613,-3.147284586281267,-3.1441904203481066,-3.1410963221939987,-3.138002291829337,-3.1349083292665436,-3.1318144345205443,-3.1287206076093796,-3.1256268485550125,-3.1225331573843813,-3.119439534130782,-3.1163459788356875,-3.1132524915511346,-3.1101590723428774,-3.1070657212945476,-3.103972438513167,-3.100879224136465,-3.097786078342614,-3.09469300136321,-3.0915999935006373,-3.088507055151338,-3.0854141868370824,-3.082321389247104,-3.0792286632949963,-3.0761360101957615,-3.0730434315704116,-3.069950929588317,-3.0668585071614354,-3.063766168210015,-3.060673918026972,-3.0575817637788973,-3.0544897151966475,-3.0513977855297223,-3.048305992868519,-3.0452143619809524,-3.0421229268700096,-3.039031734344277,-3.035940849015284,-3.0328503603094963,-3.0297603923319425,-3.026671117775943,-3.0235827775875324,-3.020495708834016,-3.017410384295843,-3.014327468848318,-3.0112478999413783,-3.0081730027373133,-3.005104655186479,-3.0020455251735303,-2.998999411805875,-2.99597173729903,-2.9929702566356085,-2.990006081804982,-2.9870951592769655,-2.984260397284785,-2.981534717054101,-2.9789654002163743,-2.976620215976473,-2.974595909093643,-2.973029645192207,-2.9721138008862504
-3.575025454317479,-3.5742359507329624,-3.5728678614750056,-3.5710724642081546,-3.5689594411533396,-3.5666090176554754,-3.564080301024278,-3.5614171072187695,-3.558652088696361,-3.555809691836364,-3.5529082955362457,-3.5499617696797867,-3.546980618277944,-3.543972822669948,-3.5409444665247776,-3.5379002011158565,-3.5348435930423348,-3.531777385026842,-3.5287036921686807,-3.5256241500880123,-3.5225400270866736,-3.5194523093080012,-3.516361765574173,-3.513268996883406,-3.5101744742957415,-3.5070785680061953,-3.503981569712003,-3.500883709864012,-3.4977851710054906,-3.4946860981112122,-3.491586606621091,-3.488486788697685,-3.485386718112078,-3.482286454068013,-3.4791860442022178,-3.4760855269440145,-3.4729849333754923,-3.469884288701428,-3.4667836134135848,-3.4636829242151177,-3.4605822347562327,-3.4574815562210244,-3.45438089779668,-3.451280267049516,-3.448179670227039,-3.445079112501143,-3.441978598164377,-3.4388781307886873,-3.4357777133541147,-3.4326773483533652,-3.42957703787697,-3.4264767836827983,-3.423376587252916,-3.4202764498402147,-3.4171763725067175,-3.4140763561551326,-3.4109764015548927,-3.4078765093636987,-3.40477668014538,-3.401676914384733,-3.3985772124998763,-3.3954775748525634,-3.3923780017568106,-3.389278493486126,-3.3861790502795883,-3.3830796723469616,-3.3799803598730187,-3.3768811130211986,-3.373781931936707,-3.3706828167491643,-3.3675837675748554,-3.3644847845186603,-3.3613858676757205,-3.358287017132869,-3.3551882329698746,-3.352089515260524,-3.3489908640735777,-3.345892279473612,-3.3427937615217687,-3.3396953102764346,-3.336596925793861,-3.3334986081287346,-3.330400357334718,-3.327302173464962,-3.3242040565726096,-3.321106006711291,-3.318008023935627,-3.314910108301749,-3.3118122598678403,-3.308714478694719,-3.3056167648464663,-3.302519118391114,-3.2994215394014144,-3.2963240279556953,-3.2932265841388344,-3.2901292080433624,-3.2870318997707373,-3.283934659432803,-3.2808374871534842,-3.2777403830707623,-3.274643347338975,-3.27154638013152,-3.268449481371787,-3.265352650989963,-3.2622558889224056,-3.259159195111077,-3.2560625695030447,-3.252966012050024,-3.249869522707974,-3.246773101436734,-3.243676748199689,-3.240580462963479,-3.2374842456977277,-3.234388096374799,-3.231292014969578,-3.228196001459272,-3.2251000558232303,-3.222004178042778,-3.2189083681010686,-3.2158126259829483,-3.212716951674831,-3.209621345164587,-3.20652580644144,-3.2034303354958737,-3.2003349323195485,-3.1972395969052214,-3.194144329246679,-3.191049129338675,-3.1879539971768764,-3.184858932757811,-3.181763936078825,-3.1786690071380477,-3.175574145934366,-3.172479352467397,-3.169384626737482,-3.166289968745679,-3.163195378493771,-3.1601008559842887,-3.157006401220546,-3.1539120142067043,-3.150817694947845,-3.147723443450094,-3.144629259720769,-3.141535143768589,-3.1384410956039464,-3.1353471152392656,-3.1322532026894705,-3.129159357972603,-3.126065581110625,-3.122971872130475,-3.1198782310654494,-3.11678465795702,-3.1136911528572253,-3.1105977158318177,-3.1075043469644292,-3.1044110463620824,-3.1013178141625075,-3.0982246505438735,-3.0951315557377783,-3.092038530046606,-3.088945573866796,-3.085852687720122,-3.0827598722958154,-3.0796671285074697,-3.0765744575700884,-3.073481861104683,-3.070389341280625,-3.0672969010098767,-3.0642045442126884,-3.061112276181983,-3.0580201040843606,-3.0549280376506927,-3.0518360901304993,-3.0487442796142115,-3.0456526308697938,-3.0425611779003074,-3.039469967514451,-3.036379064323919,-3.0332885577554194,-3.0301985719143434,-3.0271092794945464,-3.0240209214428546,-3.020933834827741,-3.0178484924313818,-3.0147655591316305,-3.011685972382196,-3.008611057350946,-3.0055426919964936,-3.002483544215719,-2.9994374131341486,-2.996409720994164,-2.99340822281822,-2.9904440306547806,-2.9875330910612536,-2.984698312400524,-2.9819726160896987,-2.9794032840416844,-2.9770580858722386,-2.9750337669340627,-2.973467493694772,-2.9725516439378854
-3.575461440759688,-3.574671933194221,-3.573303836968842,-3.5715084304657108,-3.5693953964339764,-3.5670449606134684,-3.5645162306127673,-3.561853022619249,-3.5590879892661307,-3.5562455770689025,-3.5533441650310404,-3.5503976231191854,-3.5474164554092895,-3.544408643291721,-3.5413802704758037,-3.5383359882668675,-3.5352793632893578,-3.5322131382859983,-3.5291394283720887,-3.526059869180556,-3.5229757290234383,-3.5198879940522434,-3.5167974330957086,-3.513704647157327,-3.5106101073013884,-3.5075141837263435,-3.5044171681322047,-3.5013192909720705,-3.498220734791039,-3.4951216445653723,-3.4920221357361982,-3.4889223004670686,-3.485822212529881,-3.4827219311290487,-3.479621503901846,-3.47652096927805,-3.4734203583401255,-3.470319696293158,-3.4672190036291686,-3.464118297051523,-3.461017590210609,-3.4579168942906677,-3.454816218479013,-3.4517155703420666,-3.4486149561274217,-3.4455143810070474,-3.442413849273553,-3.439313364498939,-3.4362129296632915,-3.433112547259355,-3.4300122193776925,-3.4269119477762016,-3.4238117339369714,-3.4207115791129112,-3.4176114843660623,-3.414511450599149,-3.4114114785816168,-3.4083115689711776,-3.405211722331672,-3.402111939147903,-3.3990122198379957,-3.395912564763712,-3.3928129742390722,-3.3897134485375897,-3.386613987898345,-3.3835145925311076,-3.380415262620654,-3.3773159983304235,-3.3742167998056267,-3.371117667175885,-3.3680186005574844,-3.364919600055307,-3.361820665764495,-3.3587217977718833,-3.3556229961572415,-3.3525242609943566,-3.349425592351991,-3.34632699029472,-3.3432284548836866,-3.3401299861772777,-3.3370315842317435,-3.3339332491017735,-3.330834980841028,-3.327736779502658,-3.324638645139807,-3.3215405778061036,-3.3184425775561697,-3.3153446444461347,-3.312246778534182,-3.3091489798811287,-3.3060512485510527,-3.3029535846119864,-3.2998559881366805,-3.296758459203462,-3.2936609978972076,-3.2905636043104454,-3.2874662785446302,-3.284369020711604,-3.2812718309352893,-3.278174709353663,-3.27507765612106,-3.2719806714108746,-3.268883755146496,-3.2657869072581165,-3.262690127682095,-3.2595934163603966,-3.2564967732400896,-3.2534001982728915,-3.2503036914147634,-3.2472072526255453,-3.2441108818686253,-3.241014579110644,-3.2379183443212254,-3.234822177472734,-3.2317260785400572,-3.228630047500402,-3.2255340843331184,-3.222438189019533,-3.2193423615427994,-3.2162466018877653,-3.2131509100408446,-3.2100552859899096,-3.2069597297241828,-3.203864241234148,-3.2007688205114664,-3.197673467548896,-3.1945781823402237,-3.1914829648802043,-3.188387815164503,-3.18529273318965,-3.1821977189529895,-3.179102772452653,-3.176007893687526,-3.1729130826572285,-3.1698183393621004,-3.166723663803199,-3.1636290559823075,-3.160534515901958,-3.1574400435654657,-3.154345638976988,-3.151251302141611,-3.1481570330654574,-3.1450628317558453,-3.1419686982214956,-3.1388746324727994,-3.1357806345221806,-3.132686704384564,-3.129592842077991,-3.126499047624424,-3.1234053210508006,-3.1203116623904177,-3.1172180716847486,-3.114124548985829,-3.111031094359414,-3.107937707889134,-3.1048443896820106,-3.101751139875773,-3.0986579586485914,-3.0955648462320644,-3.0924718029285754,-3.089378829134565,-3.0862859253718047,-3.0831930923295263,-3.0801003309213226,-3.0770076423621986,-3.073915028273167,-3.0708224908235997,-3.0677300329254615,-3.0646376584990063,-3.0615453728371618,-3.0584531831065376,-3.0553610990380204,-3.052269133881152,-3.0491773057263947,-3.046085639341764,-3.0429941687303956,-3.039902940701096,-3.036812019865722,-3.0337214956512257,-3.0306314921633537,-3.0275421820964907,-3.024453806398242,-3.0213667021382355,-3.0182813421003525,-3.015198391164967,-3.012118786789512,-3.0090438541473663,-3.005975471205298,-3.0029163058722657,-2.9998701572916944,-2.9968424477325035,-2.9938409322565085,-2.9908767229705457,-2.9879657665185535,-2.9851309713915044,-2.9824052591956285,-2.9798359121218607,-2.9774907001918653,-2.9754663693446024,-2.9739000868807457,-2.9729842317390616
-3.575891883418392,-3.575102371923101,-3.5737342688197815,-3.5719388531989864,-3.569825808331303,-3.5674753603463993,-3.564946617147883,-3.562283395148552,-3.5595183471551746,-3.5566759198176685,-3.5537744922441545,-3.5508279344830718,-3.5478467506745313,-3.544838922259383,-3.541810532986779,-3.5387662341935475,-3.5357095925291016,-3.532643350756002,-3.5295696240053442,-3.526490047922652,-3.5234058908300345,-3.520318138887069,-3.5172275609289687,-3.5141347579644324,-3.5110402010619475,-3.5079442604233524,-3.504847227751401,-3.501749333501414,-3.498650760220295,-3.495551652885777,-3.492452126940186,-3.4893522745480556,-3.4862521694820883,-3.4831518709473537,-3.4800514265816704,-3.4769508748152638,-3.473850246730968,-3.470749567534175,-3.4676488577171583,-3.4645481339834965,-3.4614474099837516,-3.4583466969023124,-3.455246003926615,-3.452145338623184,-3.4490447072396995,-3.4459441149482046,-3.442843566041371,-3.4397430640912496,-3.436642612077972,-3.433542212494319,-3.4304418674308876,-3.4273415786456014,-3.424241347620574,-3.4211411756087347,-3.4180410636721428,-3.414941012713536,-3.4118410235023715,-3.408741096696374,-3.4056412328593924,-3.4025414324762373,-3.399441695965042,-3.3963420236875743,-3.3932424159578605,-3.3901428730494167,-3.3870433952013297,-3.3839439826233715,-3.380844635500321,-3.377745353995621,-3.3746461382544837,-3.3715469884065317,-3.3684479045680535,-3.365348886843934,-3.362249935329315,-3.359151050111034,-3.356052231268861,-3.3529534788765836,-3.3498547930029643,-3.3467561737125786,-3.343657621066571,-3.3405591351233284,-3.337460715939101,-3.334362363568576,-3.3312640780654177,-3.3281658594827745,-3.325067707873789,-3.3219696232920923,-3.318871605792303,-3.315773655430551,-3.312675772265018,-3.3095779563565215,-3.3064802077691393,-3.3033825265709016,-3.300284912834557,-3.297187366638431,-3.2940898880673983,-3.290992477213987,-3.28789513417965,-3.284797859076225,-3.281700652027633,-3.2786035131718463,-3.275506442663197,-3.272409440675073,-3.26931250713087,-3.266215641960781,-3.2631188451011655,-3.260022116493993,-3.2569254560863317,-3.2538288638299027,-3.250732339680668,-3.247635883598469,-3.2445394955466957,-3.241443175491989,-3.2383469234039737,-3.2352507392550165,-3.232154623020005,-3.2290585746761473,-3.225962594202795,-3.2228666815812748,-3.219770836794742,-3.2166750598280434,-3.213579350667594,-3.210483709301266,-3.207388135718283,-3.20429262990913,-3.201197191865467,-3.1981018215800536,-3.1950065190466765,-3.1919112842600907,-3.1888161172159624,-3.185721017910819,-3.182625986342008,-3.179531022507661,-3.1764361264066645,-3.173341298038637,-3.1702465374039193,-3.167151844503569,-3.1640572193393695,-3.1609626619138522,-3.157868172230333,-3.1547737502929687,-3.1516793961068457,-3.148585109678087,-3.145490891014011,-3.142396740123339,-3.139302657016461,-3.136208641705803,-3.1331146942062884,-3.1300208145359587,-3.1269270027167773,-3.1238332587756807,-3.1207395827459656,-3.1176459746691045,-3.114552434597136,-3.1114589625958105,-3.1083655587487615,-3.10527222316301,-3.1021789559762847,-3.099085757366756,-3.0959926275660217,-3.0928995668764645,-3.0898065756945274,-3.0867136545419807,-3.0836208041080555,-3.0805280253063456,-3.0774353193518555,-3.074342687865598,-3.071250133016947,-3.068157657717869,-3.065065265888621,-3.0619729628221397,-3.0588807556850406,-3.055788654208224,-3.052696671641255,-3.0496048260746287,-3.0465131422764067,-3.043421654249797,-3.0403304088037166,-3.0372394705501824,-3.0341489289163848,-3.031058908008424,-3.027969580521205,-3.0248811874031056,-3.021794065724892,-3.0187086882721283,-3.0156257199276757,-3.012546098152644,-3.0094711481258534,-3.0064027478221202,-3.0033435651623277,-3.0002973993075694,-2.9972696725529606,-2.9942681399991704,-2.9913039138106616,-2.988392940716787,-2.9855581293349642,-2.982832401458114,-2.9802630395516316,-2.97791781403787,-2.975893471434517,-2.974327179864603,-2.9734113194072993
-3.5763165556045604,-3.5755270402326382,-3.574158930344476,-3.572363505729429,-3.5702504501724652,-3.5678999901878146,-3.565371233970116,-3.5627079981545395,-3.559942935719051,-3.5571004934461796,-3.554199050547277,-3.551252477151469,-3.5482712774621605,-3.545263432970002,-3.54223502746343,-3.539190712310346,-3.536134054184796,-3.5330677958689085,-3.529994052509359,-3.5269144597641,-3.5238302859651767,-3.520742517280126,-3.5176519225505465,-3.514559102790275,-3.511464529071939,-3.5083685716007187,-3.5052715220820727,-3.5021736109735144,-3.499075020823728,-3.495975896611897,-3.492876353781533,-3.4897764844981363,-3.486676362535199,-3.4835760470984436,-3.4804755858262224,-3.477375017149203,-3.4742743721505835,-3.4711736760360576,-3.4680729492981506,-3.4649722086406505,-3.4618714677142917,-3.4587707377036074,-3.4556700277961565,-3.452569345558566,-3.4494686972386015,-3.4463680880083762,-3.4432675221606237,-3.440167003267448,-3.437066534309023,-3.4339661177781653,-3.4308657557655047,-3.427765450028992,-3.4246652020507624,-3.421565013083767,-3.418464884190081,-3.4153648162724566,-3.4122648101003636,-3.4091648663315373,-3.4060649855298357,-3.4029651681800797,-3.3998654147004084,-3.3967657254525943,-3.3936661007506697,-3.390566540868155,-3.3874670460441414,-3.3843676164884036,-3.381268252385725,-3.3781689538995505,-3.3750697211750937,-3.37197055434198,-3.3688714535164994,-3.3657724188035387,-3.362673450298242,-3.3595745480874437,-3.3564757122509166,-3.3533769428624494,-3.350278239990805,-3.3471796037005603,-3.3440810340528593,-3.3409825311060883,-3.3378840949165003,-3.3347857255387816,-3.3316874230265943,-3.3285891874330895,-3.3254910188114084,-3.32239291721518,-3.3192948826990247,-3.3161969153190705,-3.313099015133499,-3.310001182203126,-3.306903416592028,-3.303805718368236,-3.3007080876044976,-3.297610524379136,-3.2945130287770232,-3.2914156008906854,-3.2883182408215745,-3.2852209486815265,-3.282123724594457,-3.2790265686983373,-3.2759294811474953,-3.272832462115314,-3.2697355115251936,-3.266638629307327,-3.2635418153980784,-3.2604450697394185,-3.2573483922784177,-3.254251782966798,-3.251155241760524,-3.248058768619437,-3.2449623635069282,-3.2418660263896406,-3.238769757237201,-3.2356735560219754,-3.232577422718853,-3.2294813573050427,-3.2263853597598966,-3.223289430064742,-3.2201935682027343,-3.2170977741587223,-3.214002047919122,-3.2109063894718037,-3.207810798805993,-3.204715275912177,-3.201619820782014,-3.1985244334082634,-3.1954291137847144,-3.192333861906121,-3.1892386777681505,-3.1861435613673312,-3.183048512701011,-3.1799535317673193,-3.1768586185651437,-3.1737637730941044,-3.1706689953545406,-3.16757428534751,-3.1644796430747966,-3.1613850685389315,-3.1582905617432306,-3.1551961226918523,-3.152101751389882,-3.1490074478434438,-3.1459132120598556,-3.142819044047837,-3.1397249438177806,-3.13663091138211,-3.1335369467557506,-3.1304430499567437,-3.127349221007051,-3.124255459933612,-3.1211617667697222,-3.118068141556854,-3.114974584347045,-3.111881095206047,-3.108787674217492,-3.105694321488401,-3.1026010371565036,-3.09950782139997,-3.096414674450396,-3.0933215966101657,-3.0902285882757203,-3.0871356499688307,-3.084042782378728,-3.0809499864190055,-3.077857263304669,-3.074764614656732,-3.071672042644569,-3.06857955018015,-3.0654871411837354,-3.0623948209482657,-3.059302596640368,-3.0562104779909554,-3.0531184782496132,-3.050026615506869,-3.046934914530832,-3.0438434093247824,-3.0407521466977436,-3.037661191261891,-3.03457063244465,-3.0314805943524674,-3.028391249680766,-3.0253028393786825,-3.0222157005181067,-3.0191303058862626,-3.0160473203684663,-3.012967681429455,-3.0098927142534118,-3.0068242968230967,-3.0037650970711534,-3.0007189141761055,-2.9976911704589098,-2.994689621058563,-2.9917253781963713,-2.9888143886859484,-2.985979561269442,-2.9832538179239383,-2.980684441385576,-2.978339202471973,-2.9763148482717066,-2.97474854771903,-2.973832682018081
-3.576735250284806,-3.575945731091332,-3.574577614514722,-3.572782181033209,-3.5706691149388305,-3.5683186431249148,-3.5657898740729985,-3.5631266246374604,-3.5603615479650363,-3.5575190909689804,-3.5546176329624037,-3.5516710441539803,-3.5486898288095086,-3.545681968468726,-3.542653546958803,-3.5396092156782704,-3.536552541325457,-3.5334862667017823,-3.5304125069692787,-3.527332897798151,-3.52424870753024,-3.5211609223409286,-3.5180703110781124,-3.5149774747606948,-3.5118828844653818,-3.508786910400648,-3.5056898442746185,-3.502591916546969,-3.4994933097681398,-3.4963941689187434,-3.493294609443459,-3.490194723508739,-3.4870945848888577,-3.4839942527901804,-3.480893774851587,-3.47779318950418,-3.4746925278315164,-3.4715918150395875,-3.468491071621164,-3.4653903142802402,-3.462289556667722,-3.4591888099682855,-3.4560880833696106,-3.4529873844384227,-3.4498867194225746,-3.446786093494249,-3.4436855109462408,-3.440584975350703,-3.4374844896878525,-3.4343840564505443,-3.431283677729438,-3.4281833552825103,-3.425083090591921,-3.4219828849106393,-3.418882739300757,-3.41578265466504,-3.4126826317729715,-3.4095826712822976,-3.406482773756886,-3.4033829396815647,-3.400283169474479,-3.397183463497408,-3.3940838220643896,-3.3909842454489496,-3.387884733890182,-3.384785287597866,-3.381685906756785,-3.3785865915303885,-3.375487342063893,-3.3723881584869244,-3.3692890409157754,-3.3661899894553327,-3.363091004200742,-3.359992085238841,-3.3568932326494023,-3.3537944465062153,-3.350695726878043,-3.347597073829463,-3.3444984874216193,-3.341399967712899,-3.338301514759555,-3.335203128616273,-3.332104809336715,-3.3290065569740324,-3.325908371581366,-3.322810253212346,-3.31971220192159,-3.316614217765226,-3.313516300801435,-3.310418451091033,-3.307320668698095,-3.30422295369065,-3.3011253061414454,-3.298027726128802,-3.29493021373759,-3.2918327690603357,-3.288735392198486,-3.285638083263875,-3.2825408423804174,-3.2794436696860814,-3.27634656533519,-3.273249529501125,-3.270152562107284,-3.2670556630838674,-3.2639588323672393,-3.260862069899371,-3.2577653756273373,-3.2546687495028603,-3.2515721914819053,-3.248475701524317,-3.245379279593487,-3.242282925656059,-3.239186639681661,-3.236090421642661,-3.2329942715139484,-3.2298981892727334,-3.226802174898369,-3.2237062283721833,-3.220610349677332,-3.217514538798665,-3.214418795722597,-3.2113231204370014,-3.208227512931103,-3.205131973195388,-3.202036501221517,-3.19894109700225,-3.1958457605313746,-3.1927504918036473,-3.189655290814735,-3.1865601575611655,-3.183465092040285,-3.180370094250228,-3.1772751641898798,-3.17418030185886,-3.171085507257508,-3.167990780386883,-3.16489612124877,-3.1618015298456985,-3.158707006180985,-3.1556125502587884,-3.152518162084193,-3.149423841663323,-3.146329589003498,-3.1432354041134367,-3.140141287003533,-3.137047237686209,-3.13395325617639,-3.130859342492117,-3.1277654966553525,-3.124671718693034,-3.121578008638459,-3.118484366533099,-3.115390792428992,-3.1122972863918896,-3.1092038485054245,-3.1061104788766176,-3.103017177643197,-3.099923944983333,-3.096830781128622,-3.093737686381448,-3.090644661138251,-3.0875517059208013,-3.084458821418332,-3.0813660085444368,-3.0782732685141205,-3.075180602948398,-3.0720880140166456,-3.068995504630833,-3.0659030787112242,-3.062810741550767,-3.0597185003160954,-3.056626364738138,-3.053534348066501,-3.0504424683917426,-3.04735075048202,-3.044259228340684,-3.041167948776862,-3.0380769764028868,-3.0349864006464156,-3.0318963456142374,-3.0288069840022818,-3.0257185567604354,-3.022631400961696,-3.0195459893949232,-3.0164629869478543,-3.0133833310888005,-3.0103083470072365,-3.0072399126937492,-3.004180696092576,-3.001134496399421,-2.998106735960717,-2.9951051699532423,-2.9921409106543395,-2.9892299049606854,-2.9863950617373862,-2.983669303143074,-2.9810999121807833,-2.9787546600577786,-2.976730294425415,-2.975163985017641,-2.974248114147569
-3.5771477795810274,-3.576358256622786,-3.574990133457117,-3.573194691240892,-3.57108161476568,-3.5687311312982746,-3.566202349602846,-3.5635390867497243,-3.5607739960519065,-3.5579315245514307,-3.5550300516616575,-3.5520834476696224,-3.5491022169025883,-3.5460943409486587,-3.5430659036731567,-3.5400215565047883,-3.5369648661658064,-3.5338985754766354,-3.530824799614436,-3.5277451742614834,-3.524660967769269,-3.5215731663209056,-3.518482538770492,-3.5153896861419187,-3.5122950795159134,-3.509199089104197,-3.5061020066175224,-3.5030040625176952,-3.4999054393568847,-3.4968062821171135,-3.493706706244207,-3.490606803905559,-3.4875066488762148,-3.484406300363168,-3.48130580600582,-3.4782052042357012,-3.4751045261367235,-3.4720037969151716,-3.4689030370640612,-3.4658022632875873,-3.4627014892368253,-3.459600726096594,-3.4564999830546883,-3.453399267677934,-3.450298586214266,-3.447197943835939,-3.444097344835803,-3.4409967927860645,-3.4378962906669828,-3.4347958409714483,-3.4316954457901514,-3.4285951068810947,-3.42549482572646,-3.4223946035792365,-3.4192944415015316,-3.416194340396126,-3.4130943010325137,-3.4099943240684523,-3.406894410067817,-3.4037945595154446,-3.400694772829489,-3.397595050371734,-3.394495392456223,-3.3913957993564865,-3.3882962713116225,-3.3851968085314126,-3.382097411200643,-3.3789980794827645,-3.375898813522997,-3.3727996134509697,-3.3697004793829746,-3.366601411423902,-3.363502409668898,-3.3604034742048,-3.357304605111383,-3.3542058024624364,-3.3511070663267235,-3.3480083967688237,-3.3449097938498804,-3.3418112576282817,-3.3387127881602785,-3.335614385500558,-3.332516049702784,-3.3294177808201053,-3.3263195789056637,-3.323221444013088,-3.320123376196995,-3.3170253755135137,-3.3139274420208245,-3.31082957577974,-3.3077317768543373,-3.3046340453126426,-3.3015363812274017,-3.298438784676935,-3.2953412557461115,-3.292243794527454,-3.2891464011224087,-3.2860490756428073,-3.2829518182125605,-3.279854628969634,-3.2767575080683478,-3.2736604556820788,-3.27056347173423,-3.2674665561549996,-3.2643697088807566,-3.2612729298534746,-3.2581762190202292,-3.2550795763327427,-3.251983001746985,-3.2488864952227994,-3.2457900567235813,-3.242693686215975,-3.2395973836696093,-3.2365011490568527,-3.2334049823525968,-3.2303088835340508,-3.227212852580568,-3.224116889473478,-3.221020994195938,-3.217925166732797,-3.2148294070704724,-3.2117337151968375,-3.2086380911011174,-3.2055425347737976,-3.2024470462065406,-3.199351625392106,-3.196256272324282,-3.193160986997825,-3.1900657694084025,-3.1869706195525427,-3.1838755374275927,-3.1807805230316846,-3.1776855763637055,-3.174590697423276,-3.1714958862107356,-3.1684011427271437,-3.165306466974284,-3.162211858954688,-3.159117318671671,-3.156022846129392,-3.152928441332936,-3.1498341042884275,-3.146739835003184,-3.143645633485926,-3.1405514997470463,-3.1374574337989682,-3.134363435656616,-3.1312695053380337,-3.1281756428651817,-3.125081848264997,-3.1219881215707783,-3.1188944628239965,-3.1158008720766883,-3.1127073493946074,-3.1096138948613823,-3.106520508584038,-3.1034271907003013,-3.1003339413883424,-3.0972407608797576,-3.09414764947693,-3.0910546075763006,-3.0879616356996387,-3.0848687345361765,-3.081775904999508,-3.0786831483046377,-3.0755904660725824,-3.072497860472719,-3.0694053344170205,-3.066312891825755,-3.063220537991873,-3.0601282800820195,-3.0570361278271356,-3.0539440944768477,-3.0508521981217465,-3.0477604635300346,-3.0446689247051326,-3.041577628456271,-3.0384866393959378,-3.035396046952017,-3.032305975231637,-3.0292165969312257,-3.0261281530014097,-3.0230409805162775,-3.019955552266301,-3.0168725331415978,-3.013792860614003,-3.0107178598782016,-3.0076494089324926,-3.0045901757325364,-3.001543959490964,-2.998516182579301,-2.995514600211549,-2.992550324720252,-2.989639303083917,-2.9868044442887767,-2.984078670672316,-2.981509265500493,-2.9791640003644315,-2.977139623469897,-2.975573305338646,-2.974657429376285
-3.5775539742357454,-3.5767644475710614,-3.5753963179184094,-3.5736008671027855,-3.5714877804075535,-3.569137285467184,-3.5666084913241036,-3.563945215261249,-3.561180110755301,-3.5583376249750853,-3.5554361374326633,-3.5524895184922136,-3.5495082725415186,-3.546500381216293,-3.5434719284194225,-3.5404275656093227,-3.537370859531795,-3.534304553025976,-3.531230761283924,-3.528151119999799,-3.5250668975345905,-3.521979080079021,-3.5188884364932975,-3.5157955678062214,-3.5127009451024795,-3.50960493859699,-3.506507840003089,-3.5034098797846793,-3.5003112404956362,-3.4972120671193676,-3.4941124751028316,-3.491012556614346,-3.487912385429713,-3.484812020756551,-3.481711510234771,-3.478610892296326,-3.475510198025477,-3.4724094526287974,-3.4693086765995416,-3.466207886642105,-3.463107096407729,-3.46000631708137,-3.4569055578509413,-3.4538048262833647,-3.4507041286266555,-3.447603470053138,-3.444502854855724,-3.4414022866066656,-3.4383017682862644,-3.4352013023874477,-3.432100891000934,-3.429000535884752,-3.425900238521107,-3.4228000001630052,-3.4196998218725723,-3.4165997045526018,-3.4134996489726026,-3.4103996557903393,-3.407299725569697,-3.4041998587955193,-3.401100055885967,-3.3980003172028317,-3.394900643060158,-3.3918010337314817,-3.3887014894559044,-3.385602010443212,-3.3825025968781945,-3.379403248924306,-3.376303966726768,-3.3732047504152103,-3.370105600105927,-3.367006515903809,-3.363907497904004,-3.3608085461933523,-3.3577096608516275,-3.3546108419526206,-3.351512089565096,-3.348413403753632,-3.345314784579374,-3.3422162321007094,-3.33911774637389,-3.336019327453603,-3.33292097539351,-3.3298226902467616,-3.3267244720664992,-3.3236263209063504,-3.3205282368209326,-3.317430219866373,-3.3143322701008526,-3.311234387585183,-3.3081365723834386,-3.3050388245636477,-3.3019411441985524,-3.298843531366473,-3.295745986152277,-3.2926485086484845,-3.2895510989565393,-3.2864537571882706,-3.283356483467588,-3.280259277932453,-3.277162140737182,-3.274065072055148,-3.2709680718097562,-3.267871139931209,-3.2647742763558756,-3.261677481025732,-3.2585807538878555,-3.2554840948939727,-3.252387504000051,-3.249290981165938,-3.246194526355029,-3.2430981395339686,-3.240001820672388,-3.2369055697426568,-3.2338093867196656,-3.230713271580626,-3.227617224304893,-3.2245212448737948,-3.2214253332704907,-3.2183294894798298,-3.2152337134882294,-3.2121380052835637,-3.209042364855059,-3.2059467921932012,-3.2028512872896524,-3.1997558501371732,-3.196660480729552,-3.1935651790615442,-3.190469945128818,-3.187374778927903,-3.1842796804561466,-3.18118464971168,-3.1780896866933928,-3.174994791400904,-3.171899963834553,-3.1688052039953996,-3.165710511885228,-3.1626158875065684,-3.1595213308627375,-3.1564268419578947,-3.1533324207971245,-3.150238067386551,-3.147143781733493,-3.1440495638466706,-3.1409554137364757,-3.137861331415333,-3.1347673168981673,-3.13167337020302,-3.1285794913518528,-3.1254856803716042,-3.1223919372955704,-3.1192982621652234,-3.1162046550326004,-3.113111115963455,-3.110017645041417,-3.106924242373508,-3.1038309080974558,-3.100737642391431,-3.0976444454870284,-3.0945513176866313,-3.0914582593866804,-3.088365271108946,-3.085272353542659,-3.0821795076014142,-3.0790867345002186,-3.0759940358600875,-3.072901413850399,-3.069808871383128,-3.066716412378545,-3.063624042129609,-3.060531767802972,-3.057439599129588,-3.054347549359103,-3.051255636582138,-3.048163885566942,-3.0450723303170038,-3.0419810176416577,-3.038890012153541,-3.035799403280764,-3.032709315130787,-3.0296199204005294,-3.026531460041345,-3.0234442711283966,-3.0203588264537435,-3.0172757909098498,-3.014196101972018,-3.011121084840062,-3.008052617519874,-3.004993367978358,-3.0019471354448086,-2.9989193423154603,-2.9959177438409554,-2.9929534524081887,-2.990042415076225,-2.987207540950551,-2.984481752544729,-2.9819123333835695,-2.9795670554361036,-2.97754266745392,-2.9759763407343742,-2.9750604597586356
-3.577953683047214,-3.5771641527357803,-3.57579601670062,-3.5740005574240907,-3.5718874606734317,-3.56953695444487,-3.5670081480546045,-3.564344858994754,-3.561579740903048,-3.558737241073059,-3.5558357391139546,-3.552889105465821,-3.5499078445759786,-3.5468999381269892,-3.543871470058698,-3.5408270918587514,-3.5377703702961236,-3.5347040482283587,-3.531630240862171,-3.5285505839034137,-3.525466345722426,-3.5223785125174163,-3.5192878531546,-3.5161949686676124,-3.5131003301450354,-3.5100043078049317,-3.5069071933631832,-3.5038092172857547,-3.5007105621281958,-3.4976113728752805,-3.4945117649750794,-3.4914118305968196,-3.488311643517051,-3.4852112629440017,-3.482110736518089,-3.47901010267168,-3.475909392489379,-3.472808631178045,-3.469707839231167,-3.4666070333533368,-3.4635062271959587,-3.460405431944126,-3.457304656785865,-3.4542039092881938,-3.45110319569921,-3.448002521191305,-3.444901890057447,-3.4418013058699373,-3.4387007716091187,-3.435600289767953,-3.432499862437191,-3.4293994913748835,-3.4262991780632572,-3.42319892375534,-3.420098729513271,-3.416998596239858,-3.4138985247046216,-3.4107985155653378,-3.4076985693858988,-3.404598686651157,-3.401498867779278,-3.398399113132059,-3.395299423023551,-3.3921997977272937,-3.389100237482393,-3.3860007424986374,-3.3829013129608207,-3.3798019490324,-3.3767026508585967,-3.3736034185690422,-3.3705042522800346,-3.367405152096464,-3.3643061181134817,-3.361207150417927,-3.358108249089574,-3.355009414202215,-3.3519106458246153,-3.3488119440213535,-3.345713308853574,-3.3426147403796667,-3.3395162386558828,-3.3364178037369094,-3.3333194356764095,-3.330221134527531,-3.3271229003434155,-3.3240247331776898,-3.320926633084973,-3.3178286001213912,-3.3147306343451235,-3.3116327358169824,-3.308534904601041,-3.305437140765324,-3.302339444382574,-3.29924181553111,-3.2961442542957977,-3.293046760769156,-3.289949335052626,-3.2868519772580362,-3.2837546875092913,-3.280657465944351,-3.277560312717528,-3.2744632280021926,-3.2713662117217517,-3.2682692638064084,-3.2651723841925366,-3.262075572822113,-3.2589788296422166,-3.2558821546045746,-3.2527855476651575,-3.2496890087838137,-3.24659253792394,-3.2434961350521827,-3.240399800138172,-3.237303533154279,-3.234207334075395,-3.2311112028787337,-3.2280151395436496,-3.2249191440514737,-3.221823216385364,-3.2187273565301697,-3.21563156447231,-3.212535840199659,-3.2094401837014437,-3.2063445949681495,-3.203249073991441,-3.2001536207640777,-3.1970582352798487,-3.1939629175335096,-3.190867667520731,-3.18777248523804,-3.1846773706827842,-3.181582323853097,-3.178487344747865,-3.1753924333667096,-3.17229758970997,-3.169202813778706,-3.166108105574702,-3.163013465100489,-3.159918892359383,-3.1568243873555444,-3.153729950094056,-3.150635580581044,-3.1475412788238253,-3.144447044831122,-3.1413528786133256,-3.138258780182859,-3.135164749554649,-3.1320707867467354,-3.1289768917810816,-3.125883064684625,-3.1227893054906617,-3.1196956142406647,-3.1166019909866702,-3.1135084357944303,-3.110414948747577,-3.1073215299531323,-3.104228179548823,-3.101134897712819,-3.098041684676715,-3.094948540742895,-3.091855466307799,-3.0887624618931966,-3.0856695281883204,-3.082576666106763,-3.0794838768635318,-3.076391162079643,-3.0732985239244766,-3.070205965310008,-3.0671134901565127,-3.064021103756955,-3.060928813277996,-3.0578366284506013,-3.054744562524438,-3.0516526335901553,-3.0485608664160484,-3.0454692950056734,-3.042377966168465,-3.0392869445172095,-3.0361963194802386,-3.0331062151653394,-3.0300168042699154,-3.026928327746035,-3.023841122669919,-3.0207556618351874,-3.017672610136611,-3.0145929050529063,-3.0115178717889344,-3.008449388358058,-3.005390122738244,-3.0023438741751813,-2.9993160650894124,-2.9963144507676356,-2.9933501436502143,-2.9904390908754777,-2.987604201666244,-2.9848783987093133,-2.982308965784183,-2.9799636752317027,-2.9779392763404884,-2.9763729411710025,-2.975457055262651
-3.578346772279168,-3.577557238381887,-3.57618909607081,-3.5743936284746782,-3.572280521836523,-3.5699300045082842,-3.5674011860753616,-3.5647378842355657,-3.56197275278498,-3.5591302391398423,-3.5562287230048044,-3.5532820748945926,-3.5503007993150715,-3.5472928779948676,-3.5442643949101695,-3.541220001577366,-3.538163264788216,-3.5350969274183677,-3.532023104688945,-3.5289434323173006,-3.525859178682962,-3.522771329991501,-3.519680655115043,-3.516587755091975,-3.51349310101471,-3.5103970631044024,-3.5072999330794365,-3.5042019414078056,-3.5011032706467087,-3.498004065782259,-3.494904442263624,-3.491804492260927,-3.4887042895514484,-3.485603893344019,-3.4825033512795502,-3.4794027017908196,-3.4763019759627674,-3.4732011990025304,-3.470100391403833,-3.466999569871459,-3.4638987480569736,-3.460797937145603,-3.457697146325487,-3.454596383163739,-3.4514956539085344,-3.4483949637323312,-3.4452943169281536,-3.442193717068352,-3.4390931671333087,-3.4359926696160197,-3.432892226607264,-3.429791839865119,-3.4266915108718337,-3.423591240880452,-3.420491030953129,-3.4173908819926866,-3.414290794768655,-3.4111907699388215,-3.4080908080670884,-3.4049909096383146,-3.401891075070673,-3.3987913047259646,-3.3956915989182477,-3.392591957921066,-3.389492381973527,-3.386392871285423,-3.383293426041552,-3.380194046405371,-3.3770947325221052,-3.373995484521388,-3.370896302519518,-3.367797186621388,-3.364698136922149,-3.3615991535086414,-3.3585002364606407,-3.3554013858519403,-3.352302601751305,-3.3492038842233156,-3.3461052333291157,-3.343006649127094,-3.3399081316735035,-3.3368096810230305,-3.3337112972293372,-3.3306129803455744,-3.3275147304248813,-3.324416547520886,-3.321318431688204,-3.3182203829829633,-3.3151224014633414,-3.3120244871901496,-3.308926640227461,-3.3058288606432997,-3.302731148510407,-3.299633503907099,-3.296535926918241,-3.2934384176363496,-3.290340976162865,-3.2872436026096117,-3.284146297100495,-3.281049059773469,-3.277951890782844,-3.2748547903019865,-3.271757758254305,-3.2686607945700077,-3.265563899185467,-3.2624670720426634,-3.259370313088676,-3.256273622275234,-3.2531769995583106,-3.2500804448977543,-3.246983958256963,-3.2438875396025835,-3.240791188904248,-3.2376949061343288,-3.234598691267719,-3.231502544281632,-3.228406465155423,-3.225310453870424,-3.222214510409793,-3.2191186347583813,-3.216022826902608,-3.212927086830346,-3.2098314145308233,-3.206735809994528,-3.203640273213122,-3.2005448041793665,-3.197449402887052,-3.194354069330934,-3.19125880350668,-3.1881636054108204,-3.185068475040704,-3.181973412394462,-3.178878417470983,-3.175783490269888,-3.1726886307915168,-3.1695938390369283,-3.1664991150079067,-3.1634044587069847,-3.1603098701374783,-3.1572153493035464,-3.154120896210274,-3.1510265108637854,-3.1479321932713993,-3.144837943441837,-3.1417437613854906,-3.1386496471147836,-3.1355556006446395,-3.1324616219931016,-3.129367711182131,-3.1262738682386653,-3.123180093196001,-3.1200863860956107,-3.1169927469895313,-3.113899175943516,-3.110805673041195,-3.1077122383895888,-3.1046188721264256,-3.1015255744298758,-3.0984323455315343,-3.095339185733784,-3.0922460954330635,-3.0891530751511436,-3.0860601255772573,-3.0829672476249983,-3.079874442509373,-3.076781711851397,-3.0736890578204514,-3.070596483328516,-3.067503992295868,-3.064411590015477,-3.061319283654012,-3.0582270829424534,-3.0551350011304854,-3.052043056308788,-3.048951273245701,-3.045859685944846,-3.0427683412157553,-3.039677303671363,-3.036586662740217,-3.0334965425304277,-3.0304071157398753,-3.0273186233213303,-3.0242314023520525,-3.0211459256271977,-3.0180628580438067,-3.014983137083951,-3.0119080879574525,-3.0088395886850208,-3.0057803072554994,-3.0027340429306992,-2.9997062181550667,-2.996704588250747,-2.9937402657106866,-2.99082919775115,-2.9879942937103268,-2.985268476445366,-2.9826990299861906,-2.980353727039261,-2.9783293174212506,-2.9767629739429795,-2.975847083184413
-3.5787331250491725,-3.5779435876280017,-3.5765754391494426,-3.574779963377454,-3.5726668470226377,-3.570316318786501,-3.567787488518991,-3.565124174120053,-3.5623590295413914,-3.559516502319788,-3.556614972253732,-3.5536683099312962,-3.550687019915884,-3.5476790839813908,-3.544650586139717,-3.5416061779354977,-3.538549426182883,-3.53548307377531,-3.53240923594807,-3.5293295484298097,-3.5262452796090917,-3.523157415698724,-3.520066725576641,-3.5169738102858976,-3.5138791409226693,-3.5107830877111508,-3.5076859423721847,-3.5045879353757585,-3.5014892492806897,-3.4983900290744114,-3.4952903902071677,-3.49219042484996,-3.4890902067807903,-3.485989795209082,-3.482889237776234,-3.4797885729154214,-3.4766878317119176,-3.4735870393731356,-3.470486216393025,-3.4673853794765606,-3.4642845422754642,-3.4611837159750976,-3.458082909763709,-3.4549821312085034,-3.4518813865577336,-3.4487806809839245,-3.445680018780156,-3.4425794035188253,-3.4394788381803543,-3.436378325257773,-3.4332778668418884,-3.4301774646908045,-3.4270771202867896,-3.4239768348829056,-3.420876609541322,-3.4177764451648756,-3.4146763425231073,-3.4115763022738137,-3.4084763249809056,-3.4053764111292497,-3.4022765611370245,-3.3991767753660382,-3.396077054130353,-3.3929773977035156,-3.3898778063246393,-3.3867782802035196,-3.3836788195249534,-3.3805794244524034,-3.3774800951310957,-3.3743808316906656,-3.371281634247414,-3.3681825029062353,-3.3650834377622805,-3.361984438902393,-3.3588855064063474,-3.3557866403479375,-3.3526878407959293,-3.349589107814903,-3.3464904414660035,-3.343391841807619,-3.3402933088960025,-3.3371948427858413,-3.334096443530798,-3.330998111184022,-3.3278998457986533,-3.3248016474283184,-3.3217035161276343,-3.318605451952726,-3.3155074549617716,-3.312409525215581,-3.3093116627782275,-3.3062138677177337,-3.303116140106839,-3.300018480023859,-3.2969208875536564,-3.2938233627887485,-3.290725905830572,-3.2876285167909494,-3.2845311957937824,-3.2814339429770234,-3.2783367584949805,-3.2752396425210137,-3.2721425949785363,-3.2690456157977565,-3.2659487049150506,-3.2628518622724,-3.259755087816886,-3.2566583815002397,-3.2535617432784356,-3.2504651731113228,-3.2473686709622993,-3.2442722367980146,-3.2411758705881017,-3.2380795723049345,-3.2349833419234058,-3.2318871794207302,-3.2287910847762635,-3.2256950579713384,-3.2225990989891136,-3.21950320781444,-3.216407384433738,-3.213311628834882,-3.2102159410070996,-3.2071203209408785,-3.204024768627882,-3.200929284060872,-3.1978338672336375,-3.1947385181409342,-3.1916432367784324,-3.188548023142661,-3.18545287723097,-3.1823577990414917,-3.179262788573112,-3.176167845825453,-3.1730729707988554,-3.1699781634943784,-3.166883423913807,-3.163788752059673,-3.160694147935292,-3.157599611544823,-3.1545051428933517,-3.1514107419870014,-3.148316408833093,-3.1452221434403453,-3.142127945819151,-3.139033815981934,-3.1359397539436196,-3.13284575972225,-3.129751833339786,-3.126657974823164,-3.1235641842056836,-3.1204704615288157,-3.117376806844597,-3.114283220218779,-3.111189701734994,-3.1080962515002617,-3.10500286965231,-3.101909556369309,-3.0988163118828536,-3.0957231364953275,-3.092630030603169,-3.089536994728149,-3.0864440295594986,-3.083351136010812,-3.0802583152970957,-3.077165569039367,-3.0740728994070086,-3.070980309312,-3.0678878026746235,-3.0647953847878533,-3.061703062818366,-3.0586108464971544,-3.0555187490739235,-3.052426788639382,-3.049334989961912,-3.0462433870452004,-3.0431520266988774,-3.040060973536021,-3.0369703169853923,-3.0338801811554177,-3.030790738744445,-3.0277022307059345,-3.0246149941181693,-3.0215295017778137,-3.018446418584137,-3.0153666820225093,-3.01229161730763,-3.009223102467425,-3.00616380550143,-3.0031175256872977,-3.0000896854929624,-2.99708804027541,-2.994123702579254,-2.9912126196973507,-2.9883777010812684,-2.9856518697555576,-2.9830824099962423,-2.9807370948690735,-2.9787126747096555,-2.9771463230661976,-2.9762304275412412
-3.5791126406995537,-3.5783230998173545,-3.5769549452813343,-3.5751594614793336,-3.5730463355811835,-3.5706957966317234,-3.5681669547407306,-3.5655036280066774,-3.5627384705341147,-3.559895929978217,-3.5569943862296376,-3.55404770994849,-3.551066405754684,-3.548058455466576,-3.545029943131144,-3.5419855203207655,-3.5389287538715855,-3.5358623866945127,-3.532788534038747,-3.529708831644036,-3.526624547907814,-3.523536669049994,-3.5204459639542134,-3.5173530336681145,-3.5142583492915707,-3.5111622810517615,-3.508065120671943,-3.504967098624062,-3.5018683974685287,-3.4987691621940713,-3.495669508251987,-3.492569527814143,-3.4894692946592487,-3.486368867997308,-3.4832682954701983,-3.4801676155114913,-3.4770668592067855,-3.4739660517637625,-3.4708652136765963,-3.467764361650447,-3.4646635093371927,-3.4615626679223226,-3.458461846594194,-3.4553610529201046,-3.4522602931483832,-3.4491595724516197,-3.446058895122948,-3.44295826473481,-3.439857684267668,-3.4367571562145836,-3.4336566826663937,-3.4305562653812247,-3.4274559058413674,-3.4243556052999007,-3.4212553648190096,-3.418155185301542,-3.415055067517053,-3.4119550121233453,-3.4088550196843417,-3.4057550906849134,-3.4026552255432465,-3.3995554246211537,-3.396455688232702,-3.3933560166514427,-3.3902564101164923,-3.3871568688376477,-3.3840573929997126,-3.3809579827661485,-3.3778586382821842,-3.374759359677458,-3.371660147068272,-3.3685610005595223,-3.3654619202463607,-3.3623629062156306,-3.3592639585471074,-3.356165077314586,-3.3530662625868333,-3.3499675144284287,-3.346868832900519,-3.343770218061493,-3.3406716699676027,-3.3375731886735363,-3.334474774232955,-3.331376426699007,-3.3282781461248345,-3.3251799325640627,-3.3220817860713074,-3.3189837067026944,-3.3158856945164006,-3.312787749573237,-3.309689871937273,-3.306592061676531,-3.3034943188637502,-3.300396643577246,-3.2972990359018777,-3.2942014959301607,-3.2911040237635305,-3.2880066195138076,-3.2849092833048905,-3.2818120152747285,-3.2787148155776262,-3.2756176843869405,-3.2725206216260876,-3.2694236272252772,-3.2663267011208883,-3.2632298432549036,-3.260133053574407,-3.2570363320311304,-3.2539396785810495,-3.250843093184014,-3.2477465758034234,-3.2446501264059306,-3.241553744961167,-3.2384574314415073,-3.2353611858218456,-3.232265008079398,-3.2291688981935214,-3.2260728561455485,-3.2229768819186386,-3.219880975497644,-3.216785136868984,-3.2136893660205343,-3.2105936629415233,-3.207498027622438,-3.2044024600549426,-3.2013069602317987,-3.198211528146797,-3.1951161637946943,-3.192020867171159,-3.188925638272722,-3.185830477096731,-3.1827353836413192,-3.1796403579053747,-3.1765453998885174,-3.17345050959109,-3.170355687014151,-3.167260932159485,-3.1641662450296253,-3.1610716256278866,-3.1579770739584285,-3.1548825900263364,-3.151788173837736,-3.1486938253999432,-3.145599544721681,-3.1425053318133416,-3.1394111866873478,-3.1363171093586253,-3.1332230998452157,-3.130129158169081,-3.127035284357158,-3.123941478442743,-3.1208477404673083,-3.117754070482891,-3.114660468555244,-3.1115669347679975,-3.1084734692281724,-3.105380072073496,-3.1022867434821375,-3.0991934836856934,-3.096100292986545,-3.0930071717811325,-3.0899141205912257,-3.086821140106056,-3.0837282312392165,-3.080635395205715,-3.0775426336265705,-3.074449948671164,-3.0713573432514787,-3.0682648212878,-3.0651723880731074,-3.062080050774085,-3.0589878191217372,-3.0558957063657886,-3.0528037305969766,-3.0497119165837265,-3.046620298329789,-3.04352892264489,-3.0404378541422474,-3.0373471822508313,-3.0342570310793806,-3.031167573326701,-3.028079049946935,-3.024991798019365,-3.021906290342138,-3.018823191816714,-3.0157434399317014,-3.012668359906588,-3.00959982977639,-3.0065405175511417,-3.0034942225240555,-3.000466367186136,-2.9974647069285854,-2.9945003543467648,-2.991589256808756,-2.98875432387748,-2.986028478741904,-2.9834590059197628,-2.9811136788296855,-2.9790892483169498,-2.977522888653996,-2.9766069884476964
-3.5794852341548724,-3.5786956898752686,-3.5773275293931373,-3.5755320377087374,-3.5734189024426852,-3.5710683529768388,-3.5685394996760276,-3.5658761608336027,-3.563110990704154,-3.5602684370590687,-3.5573668798794706,-3.55442018989619,-3.551438871784606,-3.548430907406718,-3.5454023808439374,-3.5423579436958756,-3.5393011628202644,-3.5362347811451635,-3.5331609139334312,-3.5300811969357073,-3.526996898558135,-3.523909005027604,-3.5208182852333483,-3.5177253402275173,-3.514630641113611,-3.511534558121738,-3.5084373829775273,-3.5053393461548477,-3.5022406302156694,-3.4991413801499913,-3.4960417114101507,-3.492941716168862,-3.489841468205529,-3.4867410267307277,-3.4836404393868023,-3.4805397446077118,-3.477438973479376,-3.4743381512097393,-3.4712372982931967,-3.468136431435092,-3.4650355642874535,-3.461934708035899,-3.458833871868893,-3.455733063353822,-3.452632288739091,-3.44953155319735,-3.446430861021788,-3.443330215784893,-3.440229620467164,-3.4371290775616963,-3.4340285891593534,-3.430928157018286,-3.427827782620804,-3.4247274672200048,-3.4216272118780884,-3.4185270174979157,-3.4154268848490514,-3.4123268145893113,-3.4092268072826215,-3.4061268634138635,-3.4030269834012286,-3.3999271676065352,-3.396827416343853,-3.3937277298867388,-3.3906281084743113,-3.3875285523163723,-3.3844290615977273,-3.3813296364818397,-3.3782302771139414,-3.3751309836236723,-3.3720317561273343,-3.368932594729825,-3.3658334995262993,-3.3627344706035998,-3.3596355080415043,-3.356536611913808,-3.3534377822892765,-3.3503390192324924,-3.347240322804602,-3.344141693063993,-3.3410431300669186,-3.337944633868066,-3.3348462045210967,-3.33174784207916,-3.328649546595396,-3.32555131812343,-3.3224531567178794,-3.3193550624348673,-3.31625703533257,-3.3131590754717966,-3.3100611829166176,-3.306963357735054,-3.3038655999998445,-3.300767909789302,-3.2976702871882866,-3.29457273228931,-3.2914752451938067,-3.288377826013594,-3.285280474872569,-3.282183191908679,-3.2790859772762233,-3.2759888311485574,-3.2728917534490978,-3.2697947441080575,-3.266697803061817,-3.26360093025236,-3.2605041256267726,-3.257407389136789,-3.254310720738385,-3.2512141203914124,-3.248117588059273,-3.245021123708618,-3.2419247273090828,-3.23882839883304,-3.2357321382553876,-3.2326359455533407,-3.229539820706256,-3.2264437636954657,-3.2233477745041323,-3.2202518531171083,-3.217155999520814,-3.214060213703126,-3.2109644956532706,-3.207868845361738,-3.204773262820191,-3.2016777480213925,-3.198582300959132,-3.195486921628167,-3.1923916100241683,-3.1892963661436644,-3.186201189984005,-3.1831060815433223,-3.1800110408205056,-3.176916067815175,-3.1738211625276724,-3.1707263249590567,-3.167631555111112,-3.164536852986371,-3.1614422185881508,-3.15834765192061,-3.1552531529888355,-3.1521587217989504,-3.1490643583582734,-3.1459700626755254,-3.142875834761099,-3.139781674627418,-3.136687582289408,-3.13359355776511,-3.1304996010764863,-3.127405712250475,-3.1243118913203713,-3.121218138327647,-3.118124453324339,-3.115030836376198,-3.111937287566857,-3.1088438070033364,-3.105750394823362,-3.1026570512051053,-3.0995637763801605,-3.0964705706509106,-3.093377434413794,-3.090284368190581,-3.087191372670503,-3.0840984487671532,-3.0810055976955395,-3.0779128210766813,-3.074820121079962,-3.071727500617366,-3.068634963609181,-3.0655425153483917,-3.0624501630016905,-3.0593579163000943,-3.0562657884933455,-3.0531737976722093,-3.0500819686051535,-3.04699033529599,-3.04389894455454,-3.0408078609941596,-3.037717174044025,-3.03462700781318,-3.0315375350008797,-3.0284489965619334,-3.0253617295766086,-3.022276206844508,-3.0191930932692412,-3.0161133263425937,-3.013038231288756,-3.009969686149703,-3.0069103589457757,-3.003864048985459,-3.0008361787824027,-2.997834503761398,-2.994870136567619,-2.9919590246429886,-2.9891240776597345,-2.9863982189682168,-2.9838287333234357,-2.9814833944904113,-2.9794589538147225,-2.9778925862797276,-2.97697668147816
-3.5798508352694074,-3.579061287656645,-3.5776931213408485,-3.575897621923109,-3.5737844774663023,-3.5714339176829344,-3.568905053188064,-3.566241702466235,-3.563476519919235,-3.560633953432473,-3.5577323830758276,-3.554785679649507,-3.5518043478833152,-3.54879636968207,-3.5457678291609644,-3.5427233779463285,-3.5396665829170737,-3.5366001870180885,-3.533526305525625,-3.530446574201013,-3.52736226145894,-3.5242743535331384,-3.5211836193183377,-3.518090659871103,-3.514995946298495,-3.511899848833498,-3.5088026592040666,-3.5057046078859546,-3.502605877442667,-3.4995066128654493,-3.4964069296076556,-3.493306919842834,-3.49020665735107,-3.487106201343498,-3.484005599462923,-3.480904890143684,-3.4778041044720136,-3.474703267656119,-3.471602400190607,-3.468501518781001,-3.4654006370794814,-3.4622997662717894,-3.459198915546493,-3.4560980924710667,-3.452997303293989,-3.4498965531879735,-3.4467958464462614,-3.443695186641383,-3.440594576753878,-3.4374940192768726,-3.4343935163012573,-3.4312930695852084,-3.428192680611051,-3.425092350631902,-3.4219920807099755,-3.4188918717481447,-3.4157917245159846,-3.412691639671321,-3.409591617778087,-3.406491659321173,-3.403391764718775,-3.4002919343327167,-3.3971921684770727,-3.3940924674254043,-3.3909928314168343,-3.387893260661165,-3.3847937553432046,-3.38169431562642,-3.3785949416560457,-3.3754956335617217,-3.372396391459752,-3.3692972154550347,-3.3661981056427264,-3.36309906210967,-3.360000084935644,-3.3569011741944457,-3.353802329954842,-3.3507035522814137,-3.3476048412353068,-3.344506196874911,-3.341407619256479,-3.3383091084346987,-3.3352106644632302,-3.3321122873952245,-3.32901397728382,-3.325915734182642,-3.322817558146307,-3.3197194492309383,-3.316621407494712,-3.3135234329984358,-3.3104255258061803,-3.3073276859859644,-3.304229913610526,-3.301132208758178,-3.298034571513776,-3.294937001969833,-3.2918395002277805,-3.2887420663994336,-3.285644700608687,-3.2825474029934845,-3.279450173708124,-3.276353012925956,-3.2732559205704006,-3.2701588965716715,-3.2670619408661525,-3.2639650533958284,-3.2608682341077877,-3.257771482953764,-3.254674799889736,-3.251578184875557,-3.248481637874629,-3.245385158853605,-3.2422887477821196,-3.239192404632549,-3.236096129379789,-3.2329999220010572,-3.2299037824757115,-3.226807710785085,-3.22371170691234,-3.22061577084233,-3.2175199025614742,-3.214424102057649,-3.211328369320084,-3.2082327043392675,-3.205137107106865,-3.2020415776156366,-3.1989461158593744,-3.1958507218328362,-3.192755395531692,-3.1896601369524706,-3.1865649460925236,-3.183469822949982,-3.180374767523736,-3.1772797798134054,-3.174184859819331,-3.1710900075425736,-3.167995222984918,-3.1649005061488964,-3.161805857037825,-3.1587112756558633,-3.1556167620080973,-3.152522316100651,-3.149427937940843,-3.1463336275373948,-3.143239384900698,-3.140145210043176,-3.137051102979754,-3.1339570637284746,-3.130863092311299,-3.1277691887551646,-3.1246753530933677,-3.1215815853673816,-3.1184878856292424,-3.1153942539447015,-3.1123006903973898,-3.1092071950943283,-3.106113768173244,-3.1030204098123058,-3.099927120243109,-3.0968338997680354,-3.093740748783524,-3.090647667811346,-3.087554657540732,-3.0844617188852754,-3.081368853059984,-3.078276061685877,-3.0751833469323397,-3.0720907117113585,-3.0689981599432237,-3.065905696920925,-3.0628133298111626,-3.0597210683449654,-3.056628925772093,-3.0535369201833396,-3.0504450763472133,-3.0473534282675883,-3.0442620227543764,-3.0411709244210705,-3.0380802226970505,-3.0349900416916564,-3.0319005541045874,-3.0288120008913055,-3.0257247191330445,-3.0226391816308325,-3.0195560532903896,-3.016476271606619,-3.0134011618083236,-3.010332601944306,-3.0072732600450176,-3.0042269354339295,-3.001199050646908,-2.9981973611416963,-2.995232979612341,-2.9923218535732095,-2.98948689280377,-2.9867610208127213,-2.9841915225878393,-2.9818461722339853,-2.9798217215875744,-2.9782553463294366,-2.9773394370195203
-3.5802093881680124,-3.5794198372868307,-3.5780516652506753,-3.576256158249798,-3.574143004780748,-3.5717924348802526,-3.5692635594087387,-3.5666001970382304,-3.563835002314854,-3.5609924232358234,-3.5580908399580533,-3.555144123349783,-3.5521627781941802,-3.5491547864380486,-3.54612623222971,-3.54308176722169,-3.540024958313672,-3.5369585484670427,-3.533884652971194,-3.530804907597935,-3.527720580770331,-3.5246326587288275,-3.521541910373539,-3.518448936765365,-3.5153542090148564,-3.5122580973578166,-3.5091608935244816,-3.5060628279924546,-3.5029640833267406,-3.4998648045198113,-3.496765107026019,-3.4936650830197253,-3.490564806281685,-3.4874643360235837,-3.4843637198886763,-3.4812629963116746,-3.4781621963791185,-3.4750613452994696,-3.4719604635675476,-3.4688595678890506,-3.4657586719163045,-3.462657786835174,-3.4595569218343303,-3.4564560844813332,-3.4533552810247325,-3.450254516637305,-3.447153795612342,-3.444053121522418,-3.440952497348108,-3.437851925582569,-3.4347514083167208,-3.4316509473087597,-3.4285505440410335,-3.4254501997666726,-3.4223499155479074,-3.4192496922876208,-3.416149530755401,-3.4130494316090814,-3.4099493954126054,-3.4068494226508674,-3.4037495137420692,-3.4006496690480406,-3.3975498888828626,-3.3944501735200965,-3.3913505231988705,-3.3882509381289907,-3.3851514184952665,-3.3820519644611675,-3.37895257617193,-3.375853253757197,-3.3727539973332727,-3.3696548070050567,-3.366555682867705,-3.3634566250080637,-3.3603576335059113,-3.357258708435045,-3.354159849864233,-3.3510610578580566,-3.3479623324776613,-3.3448636737814375,-3.341765081825638,-3.33866655666495,-3.3355680983530354,-3.3324697069430425,-3.3293713824881115,-3.3262731250418667,-3.323174934658925,-3.3200768113954084,-3.316978755309492,-3.313880766461984,-3.310782844916953,-3.3076849907424175,-3.304587204011114,-3.3014894848013525,-3.2983918331979902,-3.2952942492935358,-3.2921967331894217,-3.2890992849974596,-3.286001904841542,-3.2829045928596106,-3.2798073492059596,-3.276710174053938,-3.273613067326966,-3.27051602895526,-3.267419058875205,-3.264322157028788,-3.261225323363099,-3.2581285578298727,-3.255031860385089,-3.251935230988603,-3.248838669603817,-3.245742176197386,-3.2426457507389452,-3.239549393200872,-3.236453103558062,-3.233356881787734,-3.230260727869246,-3.227164641783932,-3.224068623514955,-3.220972673047168,-3.217876790366992,-3.214780975462304,-3.211685228322334,-3.20858954893757,-3.205493937299677,-3.202398393401418,-3.199302917236585,-3.196207508799935,-3.193112168087137,-3.1900168950947227,-3.186921689820042,-3.1838265522612264,-3.180731482417165,-3.17763648028748,-3.174541545872514,-3.1714466791733242,-3.168351880191697,-3.1652571489301646,-3.162162485392044,-3.1590678895814928,-3.1559733615035976,-3.152878901164484,-3.1497845085714715,-3.1466901837332792,-3.1435959266602995,-3.1405017373649566,-3.137407615862176,-3.1343135621699982,-3.131219576310386,-3.128125658310277,-3.1250318082029667,-3.1219380260299276,-3.1188443118431963,-3.115750665708524,-3.112657087709542,-3.1095635779532707,-3.106470136577437,-3.1033767637602114,-3.1002834597331876,-3.097190224798747,-3.094097059353329,-3.0910039639187037,-3.0879109391841015,-3.084817986063117,-3.081725105770759,-3.078632299928046,-3.075539570704365,-3.072446921011703,-3.069354354770354,-3.066261877273313,-3.063169495687287,-3.060077219743317,-3.0569850626911816,-3.0538930426217,-3.0508011843034204,-3.0477095217402788,-3.0446181017422753,-3.041526988923037,-3.038436272712142,-3.035346077219224,-3.032256575144416,-3.0291680074438188,-3.0260807111996146,-3.022995159214231,-3.0199120163954563,-3.0168322202412505,-3.013757095984942,-3.010688521682025,-3.007629165372869,-3.004582826395635,-3.0015549273079785,-2.998553223599951,-2.9955888280135228,-2.992677688134098,-2.9898427138463015,-2.987116828814094,-2.984547318253507,-2.9822019566026405,-2.9801774961792122,-2.9786111133479705,-2.97769519961729
-3.580560850583623,-3.5797712964991293,-3.5784031188565626,-3.576607604423602,-3.5744944421218277,-3.5721438623057327,-3.5696149760762244,-3.566951602289071,-3.5641863956318636,-3.5613438042113934,-3.558442208269874,-3.555495478742223,-3.5525141204639072,-3.5495061154228837,-3.5464775477999373,-3.5434330692732767,-3.540376246762937,-3.537309823246478,-3.5342359140261674,-3.5311561548840853,-3.52807181425151,-3.524983878375464,-3.521893116161343,-3.518800128674291,-3.515705387028281,-3.512609261461879,-3.509512043707557,-3.5064139642447305,-3.503315205639879,-3.500215912886672,-3.4971162014404387,-3.494016163476341,-3.4909158727757905,-3.4878153885510073,-3.484714758445693,-3.481614020894921,-3.478513206985534,-3.4754123419262424,-3.4723114462120757,-3.469210536548903,-3.466109626589194,-3.4630087275189343,-3.4599078485268944,-3.4568069971807183,-3.4537061797290267,-3.450605401344655,-3.447504666320946,-3.4444039782305165,-3.4413033400539774,-3.4382027542845175,-3.435102223013082,-3.432001747997888,-3.4289013307213043,-3.4258009724364786,-3.4227006742056534,-3.419600436931727,-3.4165002613842956,-3.4134001482212,-3.4103000980063913,-3.4072001112247707,-3.4041001882945485,-3.4010003295775575,-3.3979005353878815,-3.3948008059990893,-3.3917011416503104,-3.3886015425513545,-3.3855020088870336,-3.3824025408208187,-3.3793031384979466,-3.376203802048063,-3.3731045315874746,-3.3700053272210817,-3.366906189044041,-3.3638071171432,-3.360708111598338,-3.3576091724832517,-3.3545102998667105,-3.3514114938132957,-3.3483127543841547,-3.3452140816376765,-3.342115475630115,-3.3390169364161566,-3.3359184640494624,-3.3328200585831813,-3.329721720070453,-3.3266234485649036,-3.3235252441211456,-3.320427106795303,-3.3173290366455506,-3.314231033732695,-3.311133098120804,-3.3080352298778966,-3.3049374290767073,-3.301839695795546,-3.298742030119267,-3.2956444321403784,-3.2925469019603084,-3.2894494396908693,-3.2863520454559514,-3.2832547193934927,-3.2801574616577844,-3.2770602724221707,-3.273963151610075,-3.2708660991517173,-3.2677691149834827,-3.264672199047362,-3.261575351290445,-3.258478571664469,-3.2553818601254134,-3.2522852166331355,-3.249188641151039,-3.2460921336457784,-3.2429956940869915,-3.239899322447055,-3.2368030187008667,-3.233706782825645,-3.2306106148007494,-3.227514514607515,-3.224418482229105,-3.221322517650372,-3.2182266208577386,-3.2151307918390812,-3.212035030583631,-3.2089393370818766,-3.2058437113254836,-3.2027481533072137,-3.1996526630208595,-3.1965572404611793,-3.193461885623842,-3.1903665985053777,-3.187271379103138,-3.1841762274152554,-3.1810811434406188,-3.17798612717885,-3.174891178630291,-3.1717962977960004,-3.168701484677764,-3.1656067392781138,-3.162512061600368,-3.159417451648685,-3.1563229094281504,-3.153228434944889,-3.1501340282062205,-3.1470396892208647,-3.1439454179992157,-3.1408512145536958,-3.1377570788992304,-3.134663011053861,-3.131569011039549,-3.1284750788832336,-3.125381214618209,-3.1222874182859477,-3.119193689938485,-3.116100029641575,-3.1130064374788473,-3.1099129135573222,-3.106819458014728,-3.103726071029233,-3.1006327528324316,-3.0975395037267055,-3.0944463241084934,-3.0913532144995655,-3.088260175589152,-3.0851672082908475,-3.082074313819661,-3.0789814937966105,-3.0758887503910843,-3.0727960865150727,-3.0697035060888735,-3.066611014405485,-3.0635186186316212,-3.0604263284983344,-3.05733415725542,-3.0542421229937244,-3.0511502504818355,-3.0480585737237473,-3.044967139529549,-3.0418760125129998,-3.0387852821038708,-3.0356950724120826,-3.032605556138193,-3.0295169742389327,-3.0264296637974093,-3.0233440976174237,-3.020260940608791,-3.0171811302724687,-3.014105991846216,-3.011037403392091,-3.007978032960177,-3.004931679903037,-3.001903766799677,-2.9989020491718175,-2.995937639808397,-2.9930264863644394,-2.9901914988276292,-2.9874656010141005,-2.9848960783635916,-2.982550705640798,-2.980526235635151,-2.978959845381694,-2.9780439273183306
-3.5809051931940696,-3.5801156359716204,-3.578747452837028,-3.5769519311236198,-3.574838760169334,-3.5724881706399434,-3.5699592738719303,-3.5672958889010573,-3.564530670553494,-3.561688067043373,-3.5587864586964684,-3.5558397165130122,-3.5528583453797076,-3.549850327324822,-3.5468217465609455,-3.5437772547914386,-3.540720418956279,-3.53765398204887,-3.5345800593840893,-3.531500286754083,-3.5284159325981723,-3.5253279831698237,-3.5222372073796038,-3.5191442062968163,-3.5160494510387865,-3.512953311846787,-3.50985608045548,-3.5067579873460564,-3.503659215086438,-3.5005599086714687,-3.4974601835574357,-3.494360131920287,-3.4912598275420734,-3.4881593296355438,-3.485058685844831,-3.4819579346053695,-3.4788571070042953,-3.4757562282505625,-3.4726553188394047,-3.469554395476861,-3.466453471815542,-3.463352559041548,-3.460251666343749,-3.4571508012898726,-3.454049970128608,-3.4509491780328507,-3.447848429295991,-3.4447477274906877,-3.441647075597588,-3.438546476109911,-3.4354459311186267,-3.4323454423819757,-3.4292450113823416,-3.4261446393728896,-3.423044327415878,-3.4199440764142137,-3.4168438871375044,-3.4137437602436007,-3.4106436962964617,-3.4075436957809946,-3.404443759115414,-3.4013438866615595,-3.3982440787335184,-3.395144335604863,-3.392044657514726,-3.3889450446729197,-3.385845497264258,-3.3827460154522146,-3.379646599382029,-3.376547249183348,-3.373447964972479,-3.3703487468543236,-3.3672495949240404,-3.3641505092684767,-3.3610514899674127,-3.357952537094646,-3.3548536507189466,-3.351754830904897,-3.3486560777136436,-3.3455573912035756,-3.3424587714309464,-3.3393602184504436,-3.3362617323157284,-3.33316331307995,-3.3300649607962463,-3.326966675518243,-3.3238684573005552,-3.320770306199303,-3.3176722222726616,-3.314574205581438,-3.3114762561896995,-3.308378374165463,-3.305280559581462,-3.3021828125160044,-3.299085133053945,-3.295987521287789,-3.2928899773189646,-3.2897925012592792,-3.2866950932326215,-3.2835977533769287,-3.280500481846489,-3.277403278814642,-3.274306144204816,-3.27120907794723,-3.2681120799782724,-3.2650151502399343,-3.2619182886793068,-3.258821495248128,-3.2557247699023804,-3.252628112601922,-3.2495315233101576,-3.246435001993743,-3.243338548622317,-3.2402421631682565,-3.237145845606461,-3.234049595914147,-3.2309534140706773,-3.2278573000573867,-3.224761253857439,-3.2216652754556874,-3.218569364838555,-3.2154735219939186,-3.212377746911009,-3.209282039580316,-3.206186399993505,-3.203090828143339,-3.1999953240236088,-3.1968998876290744,-3.193804518955406,-3.1907092179991348,-3.18761398475761,-3.1845188192289653,-3.1814237214120893,-3.1783286913066027,-3.1752337289128474,-3.1721388342318853,-3.1690440072655006,-3.165949248016226,-3.162854556487379,-3.159759932683118,-3.15666537660853,-3.153570888269739,-3.1504764676740646,-3.147382114830227,-3.1442878297486176,-3.141193612441662,-3.1380994629242847,-3.135005381214526,-3.1319113673343497,-3.1288174213106936,-3.1257235431768526,-3.1226297329743,-3.1195359907550704,-3.1164423165849153,-3.113348710547467,-3.1102551727497447,-3.107161703329476,-3.1040683024648295,-3.1009749703874,-3.0978817073995684,-3.0947885138977735,-3.0916953904037854,-3.088602337606834,-3.0855093564205145,-3.082416448059835,-3.0793236141458165,-3.0762308568478476,-3.07313817907792,-3.0700455847563335,-3.0669530791760904,-3.0638606695039137,-3.060768365470865,-3.057676180326758,-3.0545841321624647,-3.0514922457466125,-3.0484005550832523,-3.0453091069825606,-3.042217966058424,-3.0391272217408027,-3.0360369981399007,-3.0329474679566912,-3.0298588721485187,-3.026771547799403,-3.0236859677144867,-3.02060279680557,-3.0175229725765464,-3.0144478202695173,-3.0113792179529684,-3.008319833686501,-3.005273466836785,-3.0022455400037424,-2.9992438087401148,-2.99627938588085,-2.9933682191491724,-2.9905332186337246,-2.987807308299705,-2.985237773805993,-2.9828923902372186,-2.9808679108449,-2.979301513320694,-2.978385591013064
-3.581242398961197,-3.5804528386662864,-3.5790846501542988,-3.577289121312395,-3.575175941886185,-3.5728253428462238,-3.570296435759651,-3.5676330398384684,-3.5648678100445297,-3.5620251946970702,-3.559123574203681,-3.5561768196285466,-3.5531954359085347,-3.5501874051113855,-3.5471588114808266,-3.544114306744849,-3.541057457862954,-3.537991007844058,-3.5349170720153884,-3.5318372861789444,-3.5287529187819238,-3.5256649560841002,-3.522574167001106,-3.519481152606318,-3.5163863840203438,-3.513290231487105,-3.5101929867434074,-3.507094880272183,-3.5039960946427646,-3.5008967748511473,-3.4977970363545574,-3.494696971329708,-3.49159665355928,-3.488496142256536,-3.4853954850660354,-3.4822947204235617,-3.4791938794165405,-3.476092987254167,-3.4729920644318724,-3.4698911276558597,-3.4667901905788785,-3.463689264387145,-3.460588358269625,-3.457487479794127,-3.4543866352094086,-3.4512858296884206,-3.4481850675246037,-3.4450843522906585,-3.441983686967264,-3.4388830740476704,-3.435782515622871,-3.4326820134511293,-3.4295815690148483,-3.426481183567208,-3.4233808581704785,-3.4202805937275804,-3.41718039100813,-3.4140802506699877,-3.4109801732771188,-3.407880159314437,-3.404780209200164,-3.4016803232961417,-3.3985805019164625,-3.395480745334703,-3.392381053789998,-3.389281427492163,-3.386181866626016,-3.3830823713550324,-3.3799829418244527,-3.376883578163925,-3.373784280489758,-3.3706850489068545,-3.367585883510374,-3.364486784387164,-3.3613877516170074,-3.3582887852737016,-3.3551898854260154,-3.3520910521385314,-3.348992285472398,-3.3458935854860044,-3.342794952235604,-3.339696385775885,-3.336597886160508,-3.333499453442622,-3.330401087675365,-3.327302788912362,-3.3242045572082275,-3.3211063926190825,-3.3180082952031005,-3.314910265021088,-3.311812302137111,-3.308714406619186,-3.3056165785400453,-3.3025188179779956,-3.2994211250178904,-3.2963234997522335,-3.2932259422824512,-3.290128452720351,-3.2870310311898185,-3.283933677828787,-3.2808363927915414,-3.27773917625142,-3.2746420281318507,-3.2715449483630565,-3.2684479368814277,-3.2653509936289558,-3.2622541185527343,-3.2591573116045036,-3.256060572740246,-3.25296390191982,-3.2498672991066315,-3.2467707642673385,-3.2436742973715798,-3.2405778983917335,-3.237481567302699,-3.234385304081696,-3.231289108708085,-3.2281929811632017,-3.2250969214302105,-3.2220009294939667,-3.2189050053408925,-3.215809148958866,-3.212713360337117,-3.2096176394661375,-3.2065219863375916,-3.203426400944244,-3.200330883279886,-3.1972354333392765,-3.1941400511180857,-3.1910447366128456,-3.187949489820906,-3.1848543107404015,-3.181759199370219,-3.178664155709981,-3.1755691797600303,-3.172474271521427,-3.169379430995955,-3.1662846581861483,-3.163189953095324,-3.16009531572764,-3.157000746088184,-3.153906244183081,-3.150811810019649,-3.147717443606608,-3.144623144954352,-3.1415289140753035,-3.1384347509843895,-3.135340655699651,-3.1322466282430494,-3.1291526686415225,-3.1260587769283665,-3.1229649531450536,-3.1198711973436195,-3.116777509589815,-3.1136838899672727,-3.110590338583011,-3.107496855574758,-3.104403441120681,-3.101310095452375,-3.0982168188722214,-3.0951236117766583,-3.092030474687456,-3.0889374082938454,-3.0858444135094207,-3.08275149154919,-3.0796586440341747,-3.076565873133765,-3.073473181759953,-3.070380573833042,-3.0672880546460397,-3.064195631365674,-3.0611033137230215,-3.058011114967909,-3.054919053191235,-3.051827153161664,-3.048735448883306,-3.045643987166419,-3.0425528326250157,-3.039462074689244,-3.0363718374695825,-3.033282293667413,-3.030193684240683,-3.0271063462743,-3.024020752574723,-3.020937568055697,-3.0178577302239886,-3.014782564325952,-3.011713948436363,-3.008654550624146,-3.0056081702697823,-3.002580229993671,-2.999578485378929,-2.9966140493055535,-2.9937028695635446,-2.9908678563403956,-2.988141933747256,-2.985572387657575,-2.9832269934692355,-2.9812025048861974,-2.979636100243024,-2.9787201737797298
-3.5815724624745973,-3.580782899172747,-3.579414705398037,-3.577619169579658,-3.575505981862193,-3.5731553735144805,-3.5706264563293963,-3.5679630496914223,-3.565197808695205,-3.56235518176284,-3.5594535493819883,-3.5565067826794245,-3.5535253866411143,-3.550517343373424,-3.5474887371505592,-3.5444442197246127,-3.541387358074196,-3.538320895223406,-3.5352469465115584,-3.532167147750292,-3.529082767394514,-3.525994791710175,-3.5229039896178618,-3.5198109621949376,-3.5167161805652216,-3.513620014975231,-3.5105227571638706,-3.5074246376157734,-3.5043258389016554,-3.501226506018636,-3.498126754424859,-3.4950266762977917,-3.4919263454207266,-3.488825821007433,-3.4857251507028866,-3.482624372943212,-3.4795235188161175,-3.4764226135310334,-3.4733216775835856,-3.4702207276801387,-3.4671197774735774,-3.464018838150231,-3.46091791889916,-3.4578170272882516,-3.4547161695663307,-3.4516153509064025,-3.448514575601955,-3.4454138472257294,-3.44231316875844,-3.439212542693364,-3.4361119711215204,-3.433011455801192,-3.4299109982148006,-3.426810599615542,-3.423710261065698,-3.420609983468202,-3.417509767592679,-3.414409614096998,-3.4113095235451314,-3.4082094964219998,-3.4051095331458296,-3.4020096340784685,-3.398909799534014,-3.3958100297860443,-3.3927103250736983,-3.389610685606794,-3.3865111115701505,-3.383411603127245,-3.38031216042332,-3.3772127835880243,-3.37411347273767,-3.371014227977161,-3.3679150494016574,-3.3648159370980086,-3.3617168911459965,-3.35861791161942,-3.355518998587048,-3.352420152113465,-3.349321372259817,-3.3462226590844946,-3.3431240126437514,-3.3400254329922747,-3.3369269201837257,-3.333828474271253,-3.3307300953079952,-3.327631783347576,-3.32453353844461,-3.321435360655218,-3.3183372500375725,-3.3152392066524796,-3.312141230564004,-3.3090433218401616,-3.3059454805536843,-3.3028477067828783,-3.2997500006125944,-3.2966523621353367,-3.293554791452529,-3.2904572886759755,-3.2873598539295603,-3.2842624873512145,-3.281165189095221,-3.2780679593349147,-3.2749707979937255,-3.2718737050018776,-3.268776680295762,-3.2656797238173727,-3.262582835513805,-3.2594860153367997,-3.2563892632423412,-3.2532925791902905,-3.2501959631440545,-3.247099415070289,-3.244002934938635,-3.240906522721472,-3.2378101783937,-3.2347139019325386,-3.2316176933173497,-3.22852155252947,-3.2254254795520634,-3.222329474369985,-3.2192335369696594,-3.2161376673389634,-3.213041865467129,-3.2099461313446476,-3.206850464963184,-3.2037548663155033,-3.2006593353953967,-3.197563872197623,-3.1944684767178524,-3.191373148952616,-3.1882778888992647,-3.185182696555933,-3.18208757192151,-3.178992514995618,-3.175897525778599,-3.1728026042715127,-3.169707750476144,-3.1666129643950267,-3.163518246031477,-3.160423595389656,-3.157329012474649,-3.154234497292581,-3.1511400498507705,-3.1480456701579382,-3.144951358224478,-3.1418571140628133,-3.1387629376878685,-3.135668829117686,-3.1325747883742263,-3.129480815484429,-3.126386910481587,-3.123293073407175,-3.120199304313229,-3.1171056032654993,-3.1140119703476175,-3.1109184056666024,-3.1078249093601813,-3.104731481606523,-3.101638122637222,-3.0985448327546594,-3.0954516123552733,-3.092358461960833,-3.0892653822605687,-3.086172374168075,-3.0830794388983627,-3.079986578072452,-3.0768937938597327,-3.0738010891722003,-3.07070846793016,-3.0676159354266246,-3.0645234988283296,-3.0614311678663597,-3.0583389557905614,-3.0552468806918562,-3.0521549673389456,-3.0490632497359957,-3.045971774693347,-3.042880606825134,-3.0397898355616872,-3.036699585013755,-3.033610027883117,-3.030521405128312,-3.0274340538351185,-3.0243484468112825,-3.0212652489724507,-3.018185397828204,-3.0151102186290566,-3.0120415894559445,-3.008982178386911,-3.005935784815956,-3.0029078313835194,-2.9999060737024448,-2.9969416246968175,-2.994030432221988,-2.991195406562192,-2.9884694719714213,-2.985899914533112,-2.9835545099517233,-2.981530012374002,-2.979963600763707,-2.9790476702333897
-3.581895389302203,-3.581105823058865,-3.5797376241359884,-3.5779420814929885,-3.5758288856647407,-3.5734782682118738,-3.5709493411480877,-3.5682859240265903,-3.5655206720719286,-3.5626780338068187,-3.5597763897972508,-3.556829611231225,-3.553848203142734,-3.550840147675934,-3.5478115291348433,-3.5447669992951356,-3.541710125154113,-3.5386436497507234,-3.5355696884361056,-3.5324898770313324,-3.529405483998852,-3.5263174956106553,-3.523226680792178,-3.520133640624682,-3.5170388462351303,-3.513942667872576,-3.510845397277978,-3.5077472649376324,-3.504648453423607,-3.5015491077341254,-3.4984493433282293,-3.495349252384118,-3.492248908685689,-3.4891483714472047,-3.486047688314045,-3.4829468977226714,-3.4798460307610717,-3.476745112638903,-3.4736441638519806,-3.4705432011068296,-3.4674422380564667,-3.4643412858873295,-3.4612403537885705,-3.4581394493281548,-3.455038578754972,-3.4519377472420834,-3.4488369590830237,-3.4457362178505715,-3.4426355265254744,-3.43953488760104,-3.436434303168309,-3.433333774985586,-3.4302333045353115,-3.4271328930706932,-3.4240325416540283,-3.42093225118826,-3.417832022443024,-3.414731856076196,-3.4116317526517563,-3.4085317126546313,-3.405431736503053,-3.4023318245588734,-3.399231977136194,-3.396132194508596,-3.393032476915222,-3.3899328245658924,-3.386833237645429,-3.383733716317312,-3.3806342607267847,-3.3775348710034967,-3.3744355472637624,-3.371336289612486,-3.3682370981448275,-3.3651379729476383,-3.3620389141007005,-3.3589399216778144,-3.355840995747749,-3.3527421363750882,-3.34964334362098,-3.346544617543816,-3.343445958199847,-3.3403473656437623,-3.337248839929223,-3.3341503811093762,-3.3310519892373613,-3.327953664366802,-3.3248554065523113,-3.3217572158500097,-3.3186590923180708,-3.3155610360172982,-3.3124630470117573,-3.309365125369462,-3.306267271163144,-3.3031694844711077,-3.3000717653782035,-3.2969741139769324,-3.293876530368717,-3.2907790146653615,-3.2876815669907473,-3.2845841874828023,-3.2814868762958076,-3.2783896336030947,-3.2752924593280954,-3.272195353401035,-3.269098315758307,-3.2660013463419073,-3.2629044450989317,-3.2598076119811226,-3.256710846944465,-3.2536141499488203,-3.250517520957597,-3.2474209599374526,-3.244324466858029,-3.2412280416917065,-3.238131684413385,-3.235035395000286,-3.23193917343177,-3.228843019689176,-3.225746933755668,-3.222650915616102,-3.2195549652569015,-3.2164590826659465,-3.2133632678324675,-3.210267520746956,-3.2071718414010775,-3.2040762297875958,-3.2009806859003045,-3.197885209733962,-3.1947898012842395,-3.1916944605476676,-3.1885991875215978,-3.185503982204164,-3.1824088445942555,-3.1793137746914946,-3.1762187724962243,-3.173123838009503,-3.170028971233117,-3.1669341721695994,-3.1638394408222683,-3.1607447771952826,-3.1576501812937297,-3.154555653123733,-3.151461192692612,-3.1483668000090868,-3.145272475083551,-3.1421782179284277,-3.139084028558641,-3.1359899069922355,-3.1328958532511715,-3.1298018673623873,-3.1267079493591776,-3.123614099283015,-3.120520317185936,-3.117426603133692,-3.1143329572099128,-3.1112393795216184,-3.1081458702065348,-3.1050524294428317,-3.1019590574621025,-3.098865754566728,-3.0957725211531475,-3.0926793577431293,-3.0895862650259036,-3.0864932439150667,-3.0834002956256263,-3.0803074217786053,-3.0772146245433945,-3.0741219068319907,-3.071029272564701,-3.067936727034541,-3.0648442774082563,-3.0617519334169425,-3.05865970831046,-3.0555676201797555,-3.0524756937935664,-3.049383963156112,-3.0462924750778155,-3.0432012941729316,-3.040110509871968,-3.037020246285937,-3.0339306761170084,-3.0308420403242966,-3.027754675994434,-3.0246690559364255,-3.0215858450677784,-3.018505980900825,-3.01543078869015,-3.0123621465227144,-3.009302722485484,-3.00625631598568,-3.00322834968335,-3.0002265792204152,-2.997262117564087,-2.994350912633649,-2.9915158748079693,-2.988789928480769,-2.986220359940907,-2.9838749451927375,-2.981850438816159,-2.980284020390427,-2.97936808588163
-3.582211195349834,-3.5814216262302963,-3.580053422273516,-3.578257872957372,-3.576144669198364,-3.5737940428424344,-3.5712651061192044,-3.5686016787468633,-3.565836416076974,-3.562993766730643,-3.56009211135045,-3.557145321184263,-3.5541639013130353,-3.551155833917872,-3.5481272033319446,-3.5450826613539825,-3.5420257749995665,-3.5389592873221654,-3.535885313684479,-3.532805489916805,-3.5297210844889646,-3.526633083678855,-3.5235422564166536,-3.5204492037874355,-3.517354396921235,-3.514258206069587,-3.5111609229754572,-3.5080627781267704,-3.504963954096918,-3.501864595885197,-3.49876481895153,-3.495664715474834,-3.4925643592395947,-3.489463809460559,-3.486363113783503,-3.483262310645218,-3.48016143113396,-3.4770605004596113,-3.473959539118175,-3.4708585638163285,-3.4677575882072174,-3.464656623477389,-3.461555678816086,-3.4584547617913475,-3.4553538786521276,-3.452253034571543,-3.4491522338431713,-3.4460514800398308,-3.442950776142301,-3.439850124643914,-3.4367495276357385,-3.433648986876096,-3.430548503847445,-3.4274480798030083,-3.424347715805096,-3.421247412756662,-3.418147171427351,-3.415046992475047,-3.411946876463737,-3.408846823878354,-3.4057468351371347,-3.4026469106019364,-3.399547050586863,-3.3964472553654996,-3.3933475251769925,-3.3902478602311636,-3.387148260712837,-3.3840487267854944,-3.3809492585943826,-3.3778498562691524,-3.3747505199261183,-3.3716512496701867,-3.368552045596519,-3.365452907791966,-3.36235383633631,-3.3592548313033515,-3.356155892761861,-3.353057020776423,-3.349958215408186,-3.34685947671554,-3.343760804754739,-3.3406621995804704,-3.337563661246395,-3.334465189805661,-3.331366785311408,-3.3282684478172575,-3.3251701773778235,-3.322071974049227,-3.3189738378896387,-3.3158757689598626,-3.312777767323963,-3.3096798330499535,-3.306581966210564,-3.303484166884098,-3.300386435155405,-3.297288771116985,-3.2941911748702575,-3.2910936465270257,-3.2879961862111693,-3.2848987940606142,-3.2818014702296385,-3.2787042148915697,-3.2756070279698415,-3.272509909394682,-3.2694128591024865,-3.2663158770352516,-3.263218963140075,-3.260122117368701,-3.2570253396771163,-3.253928630025183,-3.2508319883763095,-3.247735414697155,-3.2446389089573606,-3.2415424711293084,-3.2384461011878987,-3.2353497991103537,-3.232253564876036,-3.2291573984662847,-3.2260612998642633,-3.2229652690548285,-3.2198693060244037,-3.216773410760869,-3.2136775832534568,-3.2105818234926566,-3.2074861314701364,-3.204390507178659,-3.2012949506120183,-3.1981994617649736,-3.195104040633197,-3.1920086872132196,-3.1889134015023917,-3.1858181834988475,-3.1827230332014778,-3.1796279506099037,-3.176532935724467,-3.1734379885462296,-3.170343109076977,-3.167248297319242,-3.1641535532763414,-3.161058876952435,-3.1579642683526084,-3.154869727482987,-3.151775254350891,-3.1486808489650393,-3.145586511335827,-3.1424922414756757,-3.139398039399512,-3.1363039051253763,-3.133209838675232,-3.130115840076016,-3.127021909361024,-3.123928046571728,-3.1208342517601633,-3.1177405249920818,-3.1146468663511144,-3.11155327594428,-3.108459753909306,-3.10536630042436,-3.102272915721037,-3.0991796001017167,-3.096086353962838,-3.092993177826169,-3.0899000723809418,-3.0868070385407504,-3.0837140775206042,-3.080621190941525,-3.0775283809729057,-3.074435650526745,-3.071343003523353,-3.06825044525575,-3.0651579828906867,-3.062065626159269,-3.0589733883113723,-3.055881287437968,-3.052789348307828,-3.049697604925225,-3.046606104100661,-3.0435149104485095,-3.0404241133994527,-3.037333837064759,-3.034244254146981,-3.0311556056057958,-3.028068228528669,-3.0249825957258376,-3.0218993721166276,-3.0188194952160634,-3.015744290282709,-3.012675635409415,-3.0096161986918726,-3.0065697795502326,-3.0035418006637125,-3.0005400177026673,-2.9975755436764784,-2.9946643265669386,-2.991829276845452,-2.9891033190423664,-2.9865337396473994,-2.9841883149581476,-2.9821637999780433,-2.9805973748881733,-2.9796814364892175
-3.582519906231514,-3.58173033430081,-3.580362125423949,-3.5785665695855458,-3.576453358075096,-3.5741027230174054,-3.571573776853136,-3.5689103394617256,-3.5661450663188856,-3.563302406141881,-3.5604007396481525,-3.557453938144083,-3.554472506756524,-3.551464427702695,-3.548435785344261,-3.545391231502487,-3.5423343332108166,-3.539267833536912,-3.5361938478547748,-3.5331140120037166,-3.530029594460768,-3.5269415815095977,-3.5238507420850165,-3.520757677275826,-3.5176628582150644,-3.5145666551566914,-3.5114693598456346,-3.5083712027714116,-3.505272366508706,-3.502172996057869,-3.4990732068796797,-3.4959730911537568,-3.49287272266516,-3.4897721606291077,-3.486671452691769,-3.483570637290252,-3.4804697455130773,-3.4773688025703486,-3.474267828958249,-3.4711668413836074,-3.468065853499696,-3.464964876493168,-3.4618639195533554,-3.45876299024837,-3.4556620948272285,-3.4525612384630997,-3.449460425449605,-3.4463596593596,-3.4432589431738965,-3.440158279385855,-3.4370576700865647,-3.4339571170343692,-3.4308566217117415,-3.427756185371919,-3.4246558090772248,-3.421555493730622,-3.4184552401017654,-3.415355048848548,-3.4122549205349637,-3.4091548556459492,-3.4060548545997467,-3.402954917758217,-3.3998550454354683,-3.396755237905091,-3.3936554954062323,-3.3905558181487185,-3.3874562063173745,-3.3843566600756856,-3.3812571795688973,-3.378157764926665,-3.375058416265302,-3.371959133689716,-3.3688599172950706,-3.3657607671682164,-3.3626616833889367,-3.359562666031034,-3.3564637151632786,-3.353364830850254,-3.3502660131531092,-3.347167262130234,-3.3440685778378834,-3.340969960330744,-3.337871409662477,-3.3347729258862313,-3.3316745090551434,-3.328576159222837,-3.3254778764439257,-3.3223796607745286,-3.3192815122728185,-3.316183430999597,-3.313085417018927,-3.309987470398824,-3.3068895912120153,-3.3037917795368035,-3.300694035458037,-3.2975963590682147,-3.294498750468755,-3.291401209771458,-3.288303737100201,-3.285206332592909,-3.282108996403857,-3.279011728706369,-3.275914529423883,-3.2728173984866276,-3.2697203358309976,-3.266623341398993,-3.263526415137712,-3.2604295569989006,-3.2573327669385455,-3.25423604491651,-3.2511393908962045,-3.248042804844289,-3.2449462867304053,-3.241849836526936,-3.238753454208783,-3.235657139753169,-3.232560893139455,-3.229464714348982,-3.226368603364914,-3.2232725601721084,-3.2201765847569894,-3.217080677107437,-3.213984837212682,-3.2108890650632174,-3.207793360650709,-3.204697723967923,-3.2016021550086506,-3.198506653767653,-3.195411220240602,-3.192315854424029,-3.1892205563152847,-3.1861253259125024,-3.183030163214573,-3.1799350682211194,-3.1768400409324835,-3.173745081349725,-3.170650189474631,-3.1675553653097337,-3.1644606088583505,-3.161365920124642,-3.158271299113693,-3.1551767458316307,-3.1520822602857725,-3.14898784248484,-3.145893492439225,-3.142799210161352,-3.1397049956661474,-3.136610848971651,-3.1335167700998245,-3.1304227590776064,-3.127328815938292,-3.124234940723354,-3.121141133484828,-3.1180473942884652,-3.114953723217896,-3.1118601203801397,-3.108766585912923,-3.105673119994414,-3.1025797228562064,-3.099486394800682,-3.0963931362242785,-3.0932999476487644,-3.09020682976337,-3.08711378348169,-3.0840208100187345,-3.0809279109955265,-3.077835088581458,-3.0747423456885294,-3.071649686237055,-3.068557115520059,-3.0654646407042976,-3.062372271520886,-3.0592800212197164,-3.0561879078917817,-3.05309595630589,-3.0500042004663652,-3.0469126871837884,-3.043821481072645,-3.0407306715637885,-3.03764038276874,-3.0345507873904247,-3.0314621263890724,-3.028374736852962,-3.0252890915935327,-3.02220585553189,-3.0191259661856864,-3.0160507488173773,-3.01298208152557,-3.009922632414483,-3.006876200916904,-3.0038482097307884,-3.0008464145542786,-2.9978819284379745,-2.994970699424765,-2.9921356380764945,-2.9894096690570513,-2.9868400790524685,-2.984494644646951,-2.982470121257888,-2.980903689654589,-2.9799877474534497
-3.5828215566522705,-3.5820319819750983,-3.5806637682913878,-3.5788682060808275,-3.5767549869973285,-3.5744043434381405,-3.571875388050106,-3.569211940870204,-3.5664466574954314,-3.5636039867370055,-3.560702309385501,-3.557755496804469,-3.554774054165606,-3.551765963721414,-3.548737309861394,-3.5456927444288273,-3.5426358344746136,-3.539569323080281,-3.5364953256308693,-3.533415477974501,-3.530331048595245,-3.5272430237824124,-3.524152172475341,-3.521059095766473,-3.51796426479178,-3.5148680498075926,-3.5117707425607563,-3.5086725735423414,-3.5055737253282953,-3.502474342919996,-3.4993745417790616,-3.4962744140857973,-3.4931740336258263,-3.4900734596148277,-3.4869727396993486,-3.4838719123168107,-3.480771008555994,-3.4776700536272167,-3.474569068026839,-3.4714680684618386,-3.4683670685856094,-3.4652660795849077,-3.462165110649151,-3.459064169346526,-3.45596326192611,-3.45286239356112,-3.4497615685452225,-3.4466607904513094,-3.4435600622602247,-3.440459386465353,-3.437358765157809,-3.4342582000959525,-3.4311576927622744,-3.428057244410027,-3.4249568561015415,-3.421856528739795,-3.4187562630944495,-3.415656059823406,-3.412555919490665,-3.40945584258117,-3.406355829513167,-3.403255880648522,-3.4001559963013466,-3.397056176745234,-3.393956422219334,-3.3908567329334747,-3.3877571090724854,-3.3846575507998513,-3.381558058260821,-3.3784586315850507,-3.375359270888855,-3.3722599762771424,-3.369160747845077,-3.3660615856795104,-3.3629624898602275,-3.3598634604610296,-3.3567644975506874,-3.3536656011937858,-3.3505667714514735,-3.3474680083821418,-3.3443693120420437,-3.341270682485868,-3.338172119767275,-3.335073623939413,-3.331975195055419,-3.3288768331689167,-3.325778538334519,-3.3226803106083445,-3.3195821500485643,-3.316484056715981,-3.313386030674658,-3.310288071992607,-3.3071901807425554,-3.3040923570028053,-3.300994600858204,-3.2978969124012476,-3.2947992917333537,-3.2917017389663212,-3.288604254224025,-3.285506837644388,-3.282409489381682,-3.2793122096092304,-3.2762149982504702,-3.273117855235633,-3.2700207805011163,-3.2669237739889208,-3.263826835646147,-3.2607299654245407,-3.2576331632800897,-3.254536429172658,-3.2514397630656573,-3.2483431649257484,-3.245246634722574,-3.242150172428517,-3.2390537780184796,-3.2359574514696856,-3.2328611927614976,-3.2297650018752555,-3.2266688787941264,-3.2235728235029653,-3.220476835988198,-3.2173809162377047,-3.2142850642407175,-3.2111892799877277,-3.208093563470403,-3.204997914681509,-3.2019023336148376,-3.19880682026515,-3.1957113746281154,-3.1926159967002694,-3.1895206864789616,-3.186425443962328,-3.1833302691492573,-3.180235162039371,-3.1771401226330123,-3.174045150931243,-3.1709502469358486,-3.1678554106493615,-3.1647606420750987,-3.16166594121722,-3.1585713080808118,-3.1554767426719996,-3.152382244998103,-3.1492878150678427,-3.1461934528916116,-3.1430991584818346,-3.140004931853436,-3.1369107730244568,-3.1338166820168585,-3.130722658857579,-3.1276287035799144,-3.1245348162253364,-3.1214409968458807,-3.118347245507299,-3.115253562293222,-3.1121599473106683,-3.109066400697366,-3.105972922631482,-3.1028795133446083,-3.0997861731391274,-3.0966929024114775,-3.0935997016834262,-3.0905065716442057,-3.08741351320741,-3.084320527588049,-3.0812276164071455,-3.0781347818340934,-3.0750420267808942,-3.071949355167863,-3.06885677228803,-3.0657642853081577,-3.0626719039593717,-3.059579641491578,-3.056487515995791,-3.0533955522408545,-3.050303784231143,-3.0472122587773107,-3.044121040493958,-3.0410302188121037,-3.0379399178435147,-3.0348503102914806,-3.0317616371167695,-3.028674235408456,-3.025588577979156,-3.0225053297517137,-3.019425428246349,-3.016350198729317,-3.013281519304851,-3.0102220580854993,-3.0071756145163966,-3.0041476113138015,-3.001145804203007,-2.998181306274882,-2.9952700656320053,-2.9924349929245824,-2.989709012946964,-2.9871394125769815,-2.9847939686788516,-2.9827694370743907,-2.9812029991075915,-2.9802870531917884
-3.583116189804761,-3.582326612445401,-3.5809583940673493,-3.5791628256337793,-3.577049599154483,-3.574698947292777,-3.572169982896863,-3.5695065261575687,-3.566741232790343,-3.563898551698153,-3.5609968637429965,-3.5580500403442556,-3.555068586717419,-3.5520604851494477,-3.549031820057029,-3.5459872433049466,-3.5429303219611437,-3.539863799120691,-3.5367897901794088,-3.5337099309940228,-3.5306254900554777,-3.527537453658593,-3.524446590747128,-3.5213535024170826,-3.518258659807293,-3.5151624331764046,-3.512065114273134,-3.508966933590069,-3.5058680737043906,-3.502768679618482,-3.4996688667947815,-3.496568727414264,-3.4934683352631,-3.4903677495574192,-3.4872670179441387,-3.484166178860989,-3.4810652633970016,-3.477964296762702,-3.4748632994546256,-3.4717622881798937,-3.4686612765920213,-3.465560275877865,-3.4624592952269255,-3.45935834220746,-3.4562574230686054,-3.453156542983631,-3.450055706246243,-3.4469549164293705,-3.4438541765138866,-3.4407534889932028,-3.4376528559584534,-3.434552279168019,-3.4314517601044057,-3.42835130002088,-3.425250899979787,-3.4221505608841105,-3.4190502835035232,-3.4159500684959325,-3.412849916425344,-3.4097498277767087,-3.4066498029682775,-3.4035498423619193,-3.4004499462717512,-3.3973501149713687,-3.3942503486999245,-3.3911506476672493,-3.388051012058173,-3.384951442036184,-3.3818519377465335,-3.3787524993188764,-3.37565312686953,-3.3725538205034034,-3.3694545803156615,-3.366355406393157,-3.3632562988156742,-3.360157257657016,-3.357058282985953,-3.3539593748670726,-3.3508605333615216,-3.3477617585276915,-3.3446630504218366,-3.3415644090986443,-3.3384658346117746,-3.335367327014378,-3.3322688863595893,-3.3291705127010323,-3.326072206093319,-3.3229739665925684,-3.3198757942569523,-3.3167776891472713,-3.3136796513275875,-3.310581680865913,-3.307483777834974,-3.304385942313071,-3.30128817438505,-3.2981904741434076,-3.295092841689559,-3.291995277135302,-3.288897780604508,-3.285800352235099,-3.2827029921813438,-3.279605700616562,-3.276508477464194,-3.273411322654473,-3.2703142361237982,-3.267217217814171,-3.2641202676726917,-3.2610233856511095,-3.2579265717054127,-3.2548298257954658,-3.251733147884682,-3.2486365379397224,-3.2455399959302316,-3.242443521828592,-3.239347115609707,-3.2362507772508007,-3.2331545067312364,-3.2300583040323536,-3.2269621691373205,-3.2238661020309936,-3.220770102699798,-3.217674171131614,-3.2145783073156737,-3.21148251124247,-3.2083867829036703,-3.205291122292041,-3.2021955294013744,-3.199100004226431,-3.1960045467628824,-3.192909157007261,-3.1898138349569187,-3.1867185806099902,-3.1836233939653646,-3.180528275022665,-3.1774332237822334,-3.174338240245132,-3.171243324413146,-3.1681484762888092,-3.165053695875438,-3.161958983177194,-3.158864338199161,-3.1557697609474653,-3.152675251429427,-3.149580809653766,-3.1464864356308753,-3.143392129373179,-3.1402978908956016,-3.137203720216186,-3.1341096173568945,-3.1310155823446637,-3.1279216152127893,-3.1248277160027427,-3.1217338847665603,-3.1186401215699937,-3.115546426496672,-3.1124527996536147,-3.1093592411785496,-3.1062657512496434,-3.10317233009849,-3.100078978027469,-3.096985695433019,-3.0938924828369077,-3.0907993409283674,-3.087706270620992,-3.0846132731297913,-3.0815203500757904,-3.0784275036283826,-3.0753347366995714,-3.0722420532096755,-3.0691494584517263,-3.066056959592493,-3.0629645663631115,-3.059872292013503,-3.0567801546347053,-3.0536881789955936,-3.0505963991005904,-3.047504861760425,-3.0444136315898067,-3.041322798019917,-3.038232485162764,-3.0351428657219923,-3.0320541806588968,-3.0289667670633276,-3.0258810977490485,-3.022797837640601,-3.0197179242607137,-3.0166426828793544,-3.0135739916062487,-3.010514518562082,-3.007468063204043,-3.0044400482662685,-3.0014382295005677,-2.9984737200371328,-2.995562468036836,-2.9927273842361735,-2.990001393556907,-2.9874317830641743,-2.98508632989565,-2.9830617902681107,-2.9814953460867786,-2.980579396543271
-3.583403856781095,-3.5826142768033455,-3.581246053842609,-3.5794504793340427,-3.577337245634859,-3.5749865856681122,-3.572457612478569,-3.5697941464072516,-3.5670288432852395,-3.56418615210507,-3.561284453798465,-3.558337619839308,-3.5553561554858413,-3.5523480430586645,-3.5493193670010026,-3.5462747791986278,-3.543217846736125,-3.5401513127217847,-3.537077292561956,-3.533997422121758,-3.5309129698988495,-3.527824922193429,-3.524734047953571,-3.5216409482787467,-3.518546094310591,-3.515449856310005,-3.5123525260275352,-3.5092543339572533,-3.5061554626775417,-3.503056057191764,-3.4999562329631604,-3.496856082173357,-3.493755678609062,-3.490655081486844,-3.4875543384539838,-3.484453487948507,-3.481352561059696,-3.478251582998279,-3.47515057426096,-3.4720495515550014,-3.468948528534037,-3.4658475163850215,-3.462746524297538,-3.4596455598399114,-3.456544629261336,-3.4534437377351295,-3.450342889555042,-3.4472420882940353,-3.4441413369330123,-3.441040637965411,-3.4379399934823858,-3.4348394052423354,-3.431738874727782,-3.4286384031920036,-3.4255379916973596,-3.422437641146843,-3.419337352310133,-3.416237125845145,-3.4131369623158934,-3.410036862207332,-3.406936825937717,-3.403836853868923,-3.400736946315069,-3.397637103549754,-3.3945373258121334,-3.3914376133120396,-3.388337966234306,-3.3852383847424212,-3.3821388689816376,-3.379039419081614,-3.375940035158666,-3.3728407173177066,-3.3697414656538998,-3.366642280254099,-3.3635431611980904,-3.3604441085596766,-3.3573451224076285,-3.3542462028065323,-3.3511473498175373,-3.3480485634990345,-3.344949843907278,-3.3418511910969553,-3.3387526051217282,-3.3356540860347432,-3.3325556338891373,-3.329457248738534,-3.3263589306375443,-3.3232606796422868,-3.3201624958109317,-3.317064379204281,-3.3139663298863966,-3.3108683479252883,-3.3077704333936833,-3.3046725863698803,-3.301574806938724,-3.298477095192709,-3.2953794512332495,-3.2922818751721414,-3.2891843671332563,-3.2860869272545115,-3.2829895556901745,-3.2798922526135623,-3.276795017948116,-3.27369785162407,-3.2706007535778263,-3.2675037237513864,-3.2644067620918533,-3.261309868550976,-3.2582130430847442,-3.2551162856530254,-3.252019596219232,-3.2489229747500263,-3.2458264212150527,-3.2427299355866954,-3.2396335178398585,-3.236537167951765,-3.2334408859017802,-3.2303446716712445,-3.2272485252433243,-3.2241524466028793,-3.221056435736334,-3.217960492631569,-3.2148646172778177,-3.211768809665572,-3.2086730697865,-3.2055773976333666,-3.2024817931999654,-3.199386256481058,-3.1962907874723148,-3.19319538617027,-3.190100052572275,-3.1870047866764653,-3.1839095884817294,-3.1808144579876907,-3.177719395194691,-3.174624400103793,-3.1715294727167813,-3.1684346130361902,-3.165339821065337,-3.162245096808381,-3.1591504402704085,-3.156055851457545,-3.1529613303771096,-3.1498668770378235,-3.14677249145008,-3.1436781736263044,-3.1405839235814192,-3.1374897413334675,-3.1343956269044106,-3.131301580321186,-3.12820760161709,-3.1251136908335946,-3.1220198480227346,-3.1189260732502606,-3.1158323665998044,-3.1127387281783845,-3.109645158123727,-3.106551656614,-3.1034582238807977,-3.100364860226498,-3.09727156604754,-3.0941783418656934,-3.091085188370188,-3.0879921064746183,-3.084899097393995,-3.0818061627493427,-3.0787133047100568,-3.0756205261881404,-3.072527831103915,-3.069435224750417,-3.0663427142944206,-3.0632503094670707,-3.0601580235183037,-3.0570658745391777,-3.0539738872986004,-3.0508820958010445,-3.0477905468573097,-3.044699305082212,-3.041608459907092,-3.0385181354441935,-3.0354285043975073,-3.0323398077288415,-3.0292523825288047,-3.026166701612281,-3.0230834299054696,-3.0200035049335487,-3.0169282519701075,-3.0138595491302334,-3.0108000645425554,-3.0077535976760332,-3.004725571282253,-3.001723741138909,-2.9987592204145828,-2.9958479573270513,-2.99301286269705,-2.9902868615707185,-2.9877172411960484,-2.9853717789776666,-2.983347231517913,-2.981780781269887,-2.9808648281849766
-3.5836846160008284,-3.5828950334679344,-3.581526806035202,-3.579731225598374,-3.5776179848536915,-3.5752673169776714,-3.572738335206899,-3.5700748600289596,-3.5673095473877736,-3.5644668463632803,-3.5615651379552453,-3.558618293690737,-3.555636818869718,-3.5526286958456126,-3.549600009087545,-3.5465554105017705,-3.543498467189112,-3.5404319222707614,-3.5373578911633388,-3.534278009740158,-3.531193546505431,-3.5281054877646034,-3.5250146024699616,-3.5219214917243624,-3.5188266266721695,-3.5157303775764914,-3.5126330361896576,-3.509534833007185,-3.5064359506086333,-3.5033365339983216,-3.50023669864027,-3.4971365367167446,-3.494036122014974,-3.4909355137519595,-3.4878347595753327,-3.4847338979234124,-3.4816329598857183,-3.47853197067318,-3.475430950782667,-3.4723299169215793,-3.469228882743665,-3.4661278594359732,-3.4630268561881694,-3.4599258805686453,-3.4568249388266525,-3.4537240361355552,-3.450623176789142,-3.4475223643604114,-3.4444216018302938,-3.4413208916922513,-3.438220236037461,-3.435119636624339,-3.4320190949354212,-3.4289186122240007,-3.425818189552445,-3.422717827823759,-3.4196175278076306,-3.4165172901619814,-3.4134171154508306,-3.41031700415914,-3.4072169567051698,-3.4041169734507974,-3.401017054710146,-3.397917200756817,-3.394817411829969,-3.391717688139437,-3.3886180298700554,-3.3855184371853166,-3.3824189102304727,-3.379319449135184,-3.3762200540157683,-3.3731207249771367,-3.370021462114456,-3.3669222655145807,-3.363823135257298,-3.3607240714164095,-3.3576250740606883,-3.3545261432547204,-3.3514272790596538,-3.348328481533881,-3.3452297507336555,-3.342131086713665,-3.339032489527569,-3.335933959228517,-3.332835495869646,-3.3297370995045776,-3.3266387701879236,-3.3235405079758027,-3.320442312926383,-3.317344185100467,-3.3142461245621146,-3.311148131379338,-3.30805020562486,-3.3049523473769806,-3.301854556720542,-3.2987568337480395,-3.2956591785608844,-3.292561591270871,-3.2894640720018686,-3.2863666208917928,-3.2832692380949093,-3.2801719237845317,-3.277074677884103,-3.2739775003238596,-3.270880391040205,-3.2677833499751423,-3.2646863770757752,-3.261589472293853,-3.2584926355853687,-3.255395866910189,-3.252299166231727,-3.249202533516646,-3.246105968734592,-3.2430094718579485,-3.23991304286162,-3.2368166817228325,-3.23372038842095,-3.2306241629373136,-3.2275280052550914,-3.2244319153591405,-3.221335893235888,-3.218239938873214,-3.215144052260353,-3.212048233387797,-3.2089524822472133,-3.2058567988313684,-3.2027611831340566,-3.1996656351500383,-3.1965701548749856,-3.1934747423054315,-3.1903793974387273,-3.1872841202730076,-3.1841889108071637,-3.181093769040818,-3.1779986949743124,-3.1749036886087088,-3.171808749945794,-3.1687138789881,-3.165619075738946,-3.1625243402024927,-3.1594296723838253,-3.1563350722890697,-3.1532405399255445,-3.1501460753019703,-3.14705167842874,-3.1439573493182773,-3.140863087985509,-3.1377688944484765,-3.134674768729141,-3.131580710854441,-3.12848672085767,-3.125392798780301,-3.12229894467437,-3.1192051586056277,-3.116111440657705,-3.1130177909376195,-3.1099242095830975,-3.106830696772307,-3.1037372527368414,-3.100643877779081,-3.097550572295464,-3.0944573368077584,-3.091364172005194,-3.088271078801367,-3.085178058411287,-3.082085112455979,-3.0789922431048393,-3.075899453269874,-3.0728067468714046,-3.069714129202472,-3.0666216074298585,-3.0635291912847173,-3.0604368940169966,-3.057344733717777,-3.054252735155997,-3.0511609323361752,-3.0480693720691847,-3.0449781189699445,-3.0418872624699493,-3.038796926681672,-3.0357072843094426,-3.032618576315569,-3.0295311397914007,-3.0264454475529172,-3.0233621645279323,-3.0202822282440134,-3.0172069639782864,-3.0141382498510727,-3.0110787539987496,-3.008032275901762,-3.005004238328728,-3.0020023970825975,-2.9990378653694165,-2.9961265914624917,-2.9932914862647633,-2.9905654749437467,-2.9879958449258655,-2.9856503738762497,-2.9836258187734894,-2.982059362605327,-2.9811434060645654
-3.583958532656205,-3.583168947630795,-3.58180071583568,-3.5800051296159006,-3.577891881998411,-3.575541206406979,-3.57301221626531,-3.5703487322039598,-3.5675834102769195,-3.564740699649394,-3.561838981387521,-3.558892127070251,-3.5559106420382443,-3.5529025086769463,-3.5498738114807447,-3.546829202375876,-3.543772248479003,-3.540705692923904,-3.537631651137218,-3.5345517590002533,-3.53146728502361,-3.528379215517853,-3.525288319439377,-3.522195197894345,-3.519100322029784,-3.516004062110955,-3.5129067098919258,-3.509808495869624,-3.506709602624757,-3.503610175162575,-3.5005103289478585,-3.497410156163498,-3.494309730597232,-3.4912091114664814,-3.4881083464192226,-3.4850074738940573,-3.4819065249807415,-3.4788055248903986,-3.4757044941200586,-3.472603449377257,-3.4695024043158527,-3.4664013701229877,-3.4633003559884066,-3.4601993694805664,-3.4570984168487735,-3.4539975032664394,-3.450896633027393,-3.4477958097046644,-3.444695036279212,-3.4415943152445236,-3.438493648691794,-3.4353930383794573,-3.4322924857900663,-3.429191992176926,-3.426091558602413,-3.4229911859695443,-3.4198908750480137,-3.41679062649575,-3.4136904408767808,-3.41059031867607,-3.4074902603118833,-3.4043902661461027,-3.401290336492855,-3.398190471625744,-3.3950906717839295,-3.391990937177252,-3.388891267990546,-3.3857916643873027,-3.3826921265127785,-3.379592654496633,-3.376493248455187,-3.373393908493354,-3.3702946347063,-3.3671954271808806,-3.3640962859968817,-3.3609972112281072,-3.3578982029433306,-3.354799261207137,-3.3517003860806764,-3.3486015776223406,-3.3455028358883827,-3.342404160933491,-3.3393055528113256,-3.3362070115750346,-3.3331085372777554,-3.3300101299731093,-3.3269117897157083,-3.32381351656167,-3.3207153105691622,-3.317617171798987,-3.3145191003152044,-3.311421096185824,-3.3083231594835696,-3.3052252902867383,-3.3021274886801737,-3.299029754756367,-3.2959320886167296,-3.2928344903730546,-3.28973696014921,-3.2866394980831095,-3.2835421043290163,-3.280444779060241,-3.2773475222002273,-3.274250333679215,-3.2711532134336068,-3.2680561614054073,-3.2649591775417224,-3.261862261794304,-3.2587654141191438,-3.2556686344761094,-3.252571922828615,-3.249475279143326,-3.2463787033898863,-3.2432821955406834,-3.240185755570621,-3.237089383456926,-3.2339930791789624,-3.2308968427180713,-3.227800674057421,-3.224704573181871,-3.2216085400778462,-3.2185125747332304,-3.215416677137255,-3.2123208472804134,-3.2092250851543747,-3.206129390751904,-3.203033764066795,-3.1999382050938108,-3.1968427138286226,-3.1937472902677633,-3.1906519344085837,-3.18755664624922,-3.1844614257885633,-3.1813662730262355,-3.1782711879625807,-3.175176170598658,-3.1720812209362537,-3.168986338977904,-3.165891524726924,-3.1627967781874764,-3.159702099364646,-3.1566074882645583,-3.1535129448945334,-3.150418469263291,-3.147324061381225,-3.144229721260759,-3.141135448916818,-3.138041244367444,-3.134947107634598,-3.1318530387452186,-3.1287590377326002,-3.1256651046382147,-3.1225712395140985,-3.119477442426003,-3.116383713457558,-3.113290052715782,-3.1101964603384022,-3.107102936503586,-3.1040094814429255,-3.1009160954588006,-3.0978227789476502,-3.094729532431242,-3.0916363565988063,-3.088543252363938,-3.0854502209416483,-3.0823572639529626,-3.079264383567277,-3.076171582696597,-3.0730788652612504,-3.069986236554281,-3.066893703742475,-3.063801276556994,-3.060708968247801,-3.0576167969059966,-3.0545247873005508,-3.0514329734360284,-3.0483414021233703,-3.0452501379775985,-3.0421592704303575,-3.0390689235943436,-3.0359792701742174,-3.032890551132776,-3.0298031035620916,-3.0267174002792085,-3.023634106213516,-3.0205541588949156,-3.017478883603981,-3.014410158466139,-3.0113506516253254,-3.0083041625731894,-3.0052761140949618,-3.0022742620182337,-2.9993097195855913,-2.996398435124515,-2.99356331961813,-2.9908372983523512,-2.9882676589276644,-2.985922179263315,-2.9838976167049194,-2.9823311547617557,-2.9814151948498653
-3.584225678175278,-3.5834360907193115,-3.582067854670255,-3.580272262811273,-3.5781590084918187,-3.575808325376764,-3.573279327072279,-3.570615834348337,-3.567850503366267,-3.5650077833744156,-3.5621060555036452,-3.559159191383499,-3.5561776963943226,-3.5531695529527867,-3.5501408455779124,-3.5470962262154235,-3.5440392619974275,-3.5409726960699746,-3.5378986438694753,-3.534818741285033,-3.5317342568334804,-3.5286461768303745,-3.5255552702361186,-3.522462138160096,-3.5193672517519317,-3.5162709812789816,-3.5131736184970124,-3.5100753939043265,-3.506976490082747,-3.503877052038438,-3.5007771952369238,-3.4976770118616978,-3.4945765757009997,-3.4914759459726565,-3.4883751703249795,-3.4852742871968485,-3.482173327678247,-3.4790723169804902,-3.4759712756007644,-3.472870220246736,-3.4697691645723725,-3.4666681197649103,-3.463567095014167,-3.4604660978886654,-3.457365134637764,-3.4542642104349217,-3.4511633295740034,-3.448062495628073,-3.4449617115781175,-3.441860979917646,-3.4387603027378733,-3.4356596817972527,-3.4325591185783484,-3.4294586143344774,-3.4263581701280312,-3.423257786862032,-3.4201574653061835,-3.4170572061184203,-3.4139570098627745,-3.410856877024217,-3.407756808021017,-3.4046568032150613,-3.401556862920479,-3.3984569874108774,-3.3953571769254203,-3.392257431673948,-3.389157751841297,-3.3860581375909624,-3.3829585890682004,-3.379859106402672,-3.3767596897107,-3.373660339097196,-3.3705610546573297,-3.3674618364779554,-3.3643626846388615,-3.36126359921385,-3.3581645802716973,-3.355065627876988,-3.3519667420908714,-3.3488679229717393,-3.3457691705758466,-3.3426704849578806,-3.339571866171501,-3.3364733142698575,-3.3333748293060848,-3.3302764113338057,-3.3271780604076304,-3.324079776583677,-3.3209815599201145,-3.3178834104777426,-3.3147853283206206,-3.311687313516756,-3.3085893661388743,-3.3054914862652707,-3.302393673980788,-3.299295929377917,-3.296198252558068,-3.2931006436330317,-3.290003102726673,-3.286905629976905,-3.283808225537988,-3.28071088958323,-3.277613622036078,-3.2745164228267716,-3.271419291891716,-3.2683222291729175,-3.2652252346174815,-3.2621283081771613,-3.2590314498079493,-3.255934659469715,-3.2528379371258738,-3.24974128274309,-3.2466446962910105,-3.2435481777420216,-3.24045172707103,-3.2373553442552594,-3.234259029274077,-3.2311627821088234,-3.228066602742667,-3.2249704911604673,-3.2218744473486516,-3.218778471295101,-3.21568256298905,-3.212586722420991,-3.209490949582594,-3.206395244466625,-3.2032996070668784,-3.200204037378114,-3.1971085353960063,-3.194013101117087,-3.1909177345387083,-3.187822435659006,-3.1847272044768693,-3.181632040991923,-3.1785369452045087,-3.175441917115688,-3.172346956727248,-3.1692520640417223,-3.166157239062428,-3.163062481793527,-3.1599677922401037,-3.1568731704082853,-3.153778616305389,-3.150684129940136,-3.147589711322919,-3.1444953604661645,-3.141401077384797,-3.1383068620968566,-3.1352127146243074,-3.132118634994084,-3.1290246232394834,-3.1259306794019768,-3.122836803533602,-3.1197429957001077,-3.116649255985124,-3.1135555844956704,-3.110461981369474,-3.1073684467847005,-3.1042749809729435,-3.101181584236583,-3.0980882569720563,-3.0949949997011315,-3.0919018131130405,-3.0888086981213783,-3.085715655941154,-3.0826226881933922,-3.079529797047493,-3.0764369854154636,-3.0733442572176326,-3.0702516177470467,-3.0671590741704975,-3.0640666362191573,-3.060974317143001,-3.0578821350331493,-3.0547901146586014,-3.05169829002397,-3.0486067079402592,-3.0455154330225906,-3.0424245547027566,-3.039334197093672,-3.03624453290032,-3.0331558030859727,-3.0300683447434067,-3.026982630690707,-3.0238993258588014,-3.0208193677798643,-3.017744081737831,-3.014675345863105,-3.011615828306996,-3.008569328572079,-3.005541269459784,-3.0025394068217275,-2.999574853936132,-2.996663559183301,-2.993828433624553,-2.9911024026612596,-2.988532754063638,-2.9861872659987334,-2.984162696170063,-2.9825962285954755,-2.981680265396267
-3.5844861297036097,-3.5836965398783245,-3.582328299682504,-3.5805327023264018,-3.578419441473839,-3.576068751024718,-3.5735397447630777,-3.570876243594794,-3.5681109037858296,-3.5652681746655808,-3.562366437428001,-3.5594195637519515,-3.5564380590564633,-3.5534299057886467,-3.550401188491537,-3.547356559129852,-3.544299584850758,-3.541233008812268,-3.538158946460316,-3.535079033691605,-3.5319945390290437,-3.528906448793055,-3.525815531947945,-3.5227223896062405,-3.5196274929200997,-3.516531212158921,-3.5134338390801254,-3.510335604183358,-3.5072366900515313,-3.5041372416916956,-3.5010373745700987,-3.4979371808708275,-3.494836734382604,-3.491736094323655,-3.4886353083426203,-3.4855344148786487,-3.4824334450219485,-3.479332423984016,-3.476231372262195,-3.4731303065642787,-3.47002924054434,-3.466928185389703,-3.4638271502902604,-3.460726142814598,-3.4576251692121267,-3.454524234656347,-3.4514233434411636,-3.448322499139672,-3.4452217047328855,-3.442120962714336,-3.4390202751752583,-3.43591964387412,-3.4328190702935015,-3.429718555686732,-3.426618101116213,-3.423517707484975,-3.420417375562729,-3.4173171060074194,-3.414216899383082,-3.411116756174692,-3.408016676800524,-3.404916661622467,-3.401816710954655,-3.398716825070696,-3.3956170042097575,-3.392517248581681,-3.3894175583713055,-3.3863179337421276,-3.383218374839406,-3.380118881792802,-3.3770194547186385,-3.3739200937218294,-3.3708207988975447,-3.3677215703326397,-3.364622408106904,-3.3615233122941395,-3.358424282963122,-3.355325320178437,-3.3522264240012345,-3.3491275944899064,-3.3460288317007065,-3.342930135688323,-3.339831506506416,-3.336732944208133,-3.3336344488466096,-3.330536020475469,-3.3274376591493207,-3.324339364924282,-3.3212411378585225,-3.318142978012841,-3.315044885451296,-3.3119468602418953,-3.308848902457363,-3.3057510121759943,-3.30265318948263,-3.299555434469759,-3.2964577472387906,-3.293360127901514,-3.290262576581794,-3.2871650934175403,-3.284067678563011,-3.280970332191514,-3.277873054226495,-3.274775844598196,-3.271678703243022,-3.2685816301029833,-3.2654846251251843,-3.2623876882613794,-3.2592908194675636,-3.2561940187036056,-3.2530972859329217,-3.2500006211221786,-3.2469040242410228,-3.2438074952618416,-3.240711034159541,-3.237614640911346,-3.234518315496624,-3.231422057896717,-3.228325868094794,-3.225229746075714,-3.222133691825905,-3.2190377053332475,-3.2159417865869777,-3.2128459355775876,-3.209750152296747,-3.206654436737222,-3.2035587888928077,-3.2004632087582645,-3.197367696329266,-3.1942722516023463,-3.191176874574856,-3.1880815652449312,-3.1849863236114624,-3.1818911496740716,-3.1787960434331026,-3.1757010048896173,-3.172606034045402,-3.169511130902991,-3.166416295465701,-3.163321527737694,-3.160226827724054,-3.1571321954309077,-3.154037630865575,-3.150943134036777,-3.147848704954906,-3.1447543436323873,-3.1416600500841443,-3.1385658243282193,-3.1354716663865747,-3.132377576286148,-3.1292835540602346,-3.1261895997503055,-3.1230957134083965,-3.1200018951002586,-3.116908144909521,-3.113814462943203,-3.1107208493390313,-3.107627304275172,-3.10453382798322,-3.1014404207655533,-3.0983470830186093,-3.095253815264157,-3.092160618191428,-3.089067492714016,-3.0859744400469316,-3.082881461811201,-3.0797885601762225,-3.0766957380540068,-3.0736029993648835,-3.070510349401902,-3.067417795331861,-3.0643253468859393,-3.0612330173141253,-3.0581408247075603,-3.055048793835273,-3.051956958701916,-3.0488653661185623,-3.0457740807004283,-3.0426831918794526,-3.0395928237687597,-3.0365031490736474,-3.0334144087578525,-3.030326939914838,-3.0272412153637043,-3.024157900036877,-3.0210779314687453,-3.0180026349465234,-3.014933888605467,-3.011874360604074,-3.008827850455567,-3.005799780977167,-3.0027979080439122,-2.9998333449687626,-2.9969220401835135,-2.994086904825708,-2.991360864409263,-2.9887912068698514,-2.986445710616073,-2.9844211337003297,-2.982854660636222,-2.9819386942325323
-3.584739969605177,-3.583950377471041,-3.5825821332342866,-3.580786530521356,-3.5786732633024143,-3.5763225657063966,-3.5737935516906703,-3.571130042293548,-3.5683646938829545,-3.565521955867266,-3.5626202095019193,-3.559673326513834,-3.556691812359741,-3.553683649516411,-3.5506549225502817,-3.5476102834445817,-3.54455329936115,-3.541486713469656,-3.538412641225317,-3.5353327185322403,-3.5322482139192553,-3.529160113711523,-3.52606918687716,-3.522976034531754,-3.5198811278299282,-3.5167848370430743,-3.5136874539302263,-3.510589208992335,-3.5074902848133758,-3.5043908264012638,-3.5012909492229523,-3.4981907454631043,-3.495090288910916,-3.491989638784999,-3.488888842734313,-3.485787939198272,-3.482686959267299,-3.4795859281530737,-3.4764848663530867,-3.473383790575256,-3.4702827144737602,-3.4671816492360086,-3.464080604051966,-3.4609795864902777,-3.4578786028004083,-3.4547776581559018,-3.4516767568506976,-3.4485759024579217,-3.445475097958614,-3.4423743458463294,-3.43927364821232,-3.4361730068150713,-3.4330724231371765,-3.4299718984319774,-3.426871433761883,-3.4237710300299335,-3.4206706880058486,-3.4175704083475775,-3.4144701916191633,-3.4113700383055856,-3.408269948825123,-3.405169923539669,-3.4020699627633584,-3.398970066769804,-3.3958702357981756,-3.3927704700583154,-3.389670769735066,-3.386571134991924,-3.38347156597415,-3.380372062811407,-3.3772726256200194,-3.3741732545049006,-3.3710739495612194,-3.3679747108758358,-3.364875538528536,-3.361776432593126,-3.35867739313838,-3.355578420228883,-3.3524795139257884,-3.349380674287486,-3.3462819013702294,-3.3431831952287077,-3.3400845559165804,-3.336985983486996,-3.3338874779930907,-3.330789039488485,-3.32769066802779,-3.3245923636671217,-3.321494126464648,-3.3183959564811687,-3.315297853780741,-3.3121998184313735,-3.3091018505057868,-3.306003950082277,-3.302906117245683,-3.2998083520884944,-3.296710654712118,-3.2936130252283413,-3.290515463761028,-3.287417970448086,-3.284320545443771,-3.2812231889213876,-3.278125900804386,-3.275028681023007,-3.2719315295136586,-3.26883444621835,-3.265737431084189,-3.2626404840629313,-3.2595436051105713,-3.25644679418698,-3.253350051255573,-3.250253376283017,-3.24715676923896,-3.244060230095789,-3.240963758828411,-3.237867355414053,-3.234771019832082,-3.23167475206384,-3.2285785520924972,-3.2254824199029133,-3.2223863554815155,-3.219290358816185,-3.2161944298961593,-3.213098568711929,-3.2100027752551648,-3.2069070495186334,-3.2038113914961293,-3.2007158011824144,-3.1976202785731616,-3.194524823664904,-3.1914294364549938,-3.1883341169415664,-3.1852388651235133,-3.1821436810004573,-3.1790485645727413,-3.1759535158414276,-3.1728585348083023,-3.1697636214758993,-3.166668775847536,-3.1635739979273736,-3.1604792877204995,-3.157384645233037,-3.154290070472307,-3.151195563447031,-3.1481011241676002,-3.14500675264644,-3.141912448898474,-3.138818212941744,-3.1357240447982133,-3.13262994449482,-3.129535912064858,-3.1264419475497993,-3.12334805100168,-3.12025422248625,-3.117160462087139,-3.1140667699113664,-3.1109731460966583,-3.107879590821182,-3.10478610431653,-3.1016926868850816,-3.098599338923275,-3.0955060609528773,-3.092412853663121,-3.0893197179675984,-3.086226655081322,-3.0831336666253173,-3.080040754768985,-3.076947922424335,-3.0738551735116992,-3.070762513324132,-3.0676699490284363,-3.0645774903557994,-3.0614851505562233,-3.058392947720866,-3.0553009066187853,-3.052209061254678,-3.049117458439679,-3.046026162789101,-3.04293526373502,-3.0398448853907674,-3.0367552004619482,-3.0336664499127517,-3.03057897083731,-3.0274932360557094,-3.024409910501838,-3.0213299317122453,-3.0182546249773385,-3.015185868437103,-3.0121263302570367,-3.009079809960743,-3.0060517303808316,-3.0030498474151623,-3.0000852744105457,-2.9971739598489533,-2.994338814942208,-2.9916127653138997,-2.989043099060935,-2.986697594827302,-2.9846730110053796,-2.9831065325918695,-2.9821905630654926
-3.5849872849824487,-3.5841976905991153,-3.5828294424258336,-3.58103383449448,-3.5789205610736508,-3.5765698565153947,-3.574040834945929,-3.5713773175325803,-3.5686119607426017,-3.5657692140613078,-3.5628674588040288,-3.5599205667445024,-3.5569390433761843,-3.5539308712047397,-3.550902134819408,-3.547857486221444,-3.544800492586983,-3.541733897097052,-3.538659815215909,-3.5355798828548752,-3.5324953685485454,-3.529407258626704,-3.526316322061174,-3.5232231599705264,-3.5201282435117864,-3.5170319429582877,-3.5139345500706325,-3.5108362953510466,-3.5077373613845375,-3.504637893179866,-3.501538006204669,-3.4984377926441734,-3.495337326288036,-3.4922366663552453,-3.489135860495074,-3.4860349471471905,-3.4829339574022318,-3.479832916472051,-3.476731844854285,-3.4736307592569724,-3.470529673334393,-3.4674285982740405,-3.464327543265951,-3.461226515878829,-3.458125522362188,-3.455024567889615,-3.4519236567550844,-3.4488227925317525,-3.4457219782006843,-3.4426212162554544,-3.439520508787336,-3.4364198575548293,-3.4333192640405414,-3.4302187294978244,-3.4271182549890997,-3.4240178414174145,-3.420917489552496,-3.417817200052298,-3.414716973480871,-3.4116168103231983,-3.4085167109975623,-3.405416675865859,-3.402316705242228,-3.399216799400285,-3.3961169585792,-3.3930171829888205,-3.3899174728139885,-3.3868178282182027,-3.383718249346724,-3.380618736329217,-3.3775192892820067,-3.37441990831001,-3.3713205935083965,-3.368221344964024,-3.365122162756682,-3.362023046960174,-3.3589239976432745,-3.3558250148705717,-3.352726098703216,-3.349627249199598,-3.346528466415974,-3.3434297504070307,-3.340331101226429,-3.3372325189273155,-3.334134003562827,-3.3310355551865847,-3.327937173853198,-3.3248388596187834,-3.3217406125415097,-3.318642432682174,-3.315544320104835,-3.312446274877499,-3.3093482970728862,-3.3062503867692916,-3.303152544051554,-3.300054769012161,-3.296957061752519,-3.2938594223844144,-3.2907618510317076,-3.287664347832305,-3.284566912940462,-3.2814695465294803,-3.27837224852281,-3.275275018850694,-3.2721778574495417,-3.269080764261364,-3.2659837392332705,-3.2628867823170156,-3.259789893468596,-3.2566930726478818,-3.2535963198182913,-3.250499634946492,-3.2474030180021325,-3.2443064689576,-3.241209987787803,-3.2381135744699674,-3.235017228983461,-3.2319209513096268,-3.2288247414316342,-3.2257285993343445,-3.222632525004185,-3.2195365184290377,-3.2164405795981375,-3.2133447085019795,-3.2102489051322323,-3.207153169481663,-3.2040575015440655,-3.200961901314202,-3.197866368787747,-3.1947709039612335,-3.191675506832013,-3.188580177398221,-3.1854849156587495,-3.1823897216132218,-3.1792945952619798,-3.1761995366060867,-3.1731045456473295,-3.1700096223882417,-3.1669147668321393,-3.1638199789831845,-3.1607252588464645,-3.1576306064281043,-3.1545360217354235,-3.1514415047771434,-3.1483470555636566,-3.1452526741073874,-3.1421583604232604,-3.139064114529317,-3.1359699364475198,-3.1328758262048053,-3.1297817838344693,-3.1266878093779846,-3.123593902887386,-3.120500064428424,-3.117406294084727,-3.1143125919633152,-3.111218958201915,-3.1081253929786925,-3.10503189652524,-3.1019384691439393,-3.098845111231226,-3.095751823308869,-3.092658606066098,-3.089565460416508,-3.0864723875751094,-3.0833793891629306,-3.0802864673493704,-3.0771936250464402,-3.074100866174476,-3.071008196026535,-3.067915621769425,-3.0648231531343417,-3.0617308033712978,-3.058638590571471,-3.055546539503946,-3.0524546841734614,-3.049363071391214,-3.0462717657726075,-3.043180856749854,-3.0400904684364884,-3.037000773538413,-3.0339120130202577,-3.0308245239768046,-3.0277387792291046,-3.0246554437124678,-3.021575454965547,-3.0185001382818624,-3.0154313718060055,-3.0123718237102963,-3.009325293528448,-3.006297204108058,-3.003295311369222,-3.0003307286917265,-2.9974194046064233,-2.994584250397495,-2.99185819179537,-2.9892885170540207,-2.986943005046743,-2.984918414497108,-2.9833519308724314,-2.9824359583040607
-3.58522816721634,-3.584438570642615,-3.583070318635726,-3.5812747056223824,-3.579161426161812,-3.576810714823343,-3.574281685897626,-3.5716181606776294,-3.5688527957273366,-3.5660100406069897,-3.563108276690248,-3.5601613757964428,-3.557179843454794,-3.5541716621991086,-3.5511429166408237,-3.5480982587987584,-3.5450412558629667,-3.541974651025536,-3.5389005597595284,-3.535820617983292,-3.5327360942370385,-3.5296479748550516,-3.5265570288127646,-3.52346385723165,-3.5203689312710766,-3.5172726212062657,-3.5141752187993514,-3.5110769545537974,-3.507978011055622,-3.5048785333144012,-3.501778636798446,-3.4986784136935283,-3.495577937789752,-3.4924772683064758,-3.489376452893274,-3.4862755299900647,-3.4831745306876924,-3.4800734801981794,-3.4769723990193073,-3.473871303859232,-3.470770208372331,-3.467669123746179,-3.464568059170883,-3.461467022215204,-3.458366019128704,-3.455265055085009,-3.452164134378131,-3.4490632605812532,-3.4459624366754653,-3.442861665154366,-3.4397609481092446,-3.4366602872986145,-3.4335596842050986,-3.4304591400820597,-3.427358655991928,-3.4242582328377593,-3.4211578713892874,-3.418057572304473,-3.4149573361473684,-3.411857163402966,-3.4087570544895507,-3.405657009769023,-3.4025570295555254,-3.3994571141226753,-3.3963572637096444,-3.3932574785262806,-3.39015775875743,-3.387058104566593,-3.383958516099031,-3.3808589934844107,-3.3777595368390574,-3.3746601462678885,-3.371560821866075,-3.3684615637204747,-3.3653623719108774,-3.362263246511088,-3.3591641875898817,-3.356065195211845,-3.3529662694381286,-3.3498674103271258,-3.3467686179350906,-3.34366989231671,-3.3405712335256443,-3.3374726416150415,-3.3343741166380374,-3.3312756586482544,-3.3281772677003003,-3.3250789438502917,-3.3219806871563966,-3.3188824976794122,-3.3157843754833967,-3.3126863206363546,-3.3095883332110074,-3.306490413285647,-3.3033925609451127,-3.3002947762818904,-3.2971970593973854,-3.294099410403384,-3.291001829423743,-3.2879043165963693,-3.2848068720755137,-3.2817094960344755,-3.2786121883967083,-3.275514949092456,-3.2724177780581294,-3.2693206752357398,-3.266223640572398,-3.263126674019859,-3.2600297755341208,-3.2569329450750546,-3.2538361826060798,-3.2507394880938634,-3.2476428615080546,-3.244546302821042,-3.2414498120077337,-3.2383533890453564,-3.2352570339132787,-3.2321607465928444,-3.229064527067223,-3.2259683753212753,-3.2228722913414303,-3.219776275115569,-3.216680326632928,-3.213584445884002,-3.2104886328604594,-3.207392887555067,-3.2042972099616205,-3.201201600074883,-3.1981060578905254,-3.1950105834050837,-3.1919151766159093,-3.1888198375211383,-3.1857245661196614,-3.182629362411103,-3.179534226395805,-3.1764391580748303,-3.173344157449966,-3.1702492245237446,-3.1671543592994844,-3.164059561781346,-3.160964831974417,-3.1578701698848217,-3.1547755755198805,-3.1516810488883142,-3.148586590000516,-3.1454921988689106,-3.1423978755084216,-3.1393036199370914,-3.1362094321768823,-3.133115312254731,-3.1300212602039346,-3.1269272760659628,-3.123833359892852,-3.1207395117503522,-3.117645731722094,-3.114552019915096,-3.1114583764670845,-3.108364801556225,-3.1052712954141115,-3.1021778583431217,-3.0990844907396937,-3.0959911931255957,-3.092897966190058,-3.089804810846675,-3.0867117283104584,-3.0836187202024345,-3.0805257886920048,-3.0774329366911832,-3.074340168120305,-3.0712474882724305,-3.068154904314374,-3.065062425977338,-3.061970066511349,-3.058877844007602,-3.0557857832352084,-3.052693918198947,-3.0496022957100735,-3.0465109803840824,-3.0434200616533174,-3.0403296636315105,-3.037239959024854,-3.0341511887984076,-3.031063690047589,-3.027977935594385,-3.0248945903754914,-3.0218145919316095,-3.0187392655592915,-3.0156704894076127,-3.012610931655537,-3.0095643918466237,-3.0065362928430686,-3.0035343905866183,-3.000569798489174,-2.9976584651291898,-2.9948233018613144,-2.9920972345200223,-2.989527551512246,-2.9871820319345903,-2.985157434833159,-2.9835909461335794,-2.9826749706027584
-3.5854627115259605,-3.584673112819763,-3.5833048570806363,-3.581509239119685,-3.5793959537790774,-3.5770452358396767,-3.574516199752222,-3.5718526669319988,-3.569087294037165,-3.5662445307009087,-3.5633427583536754,-3.5603958488591854,-3.5574143077814755,-3.55440611768175,-3.5513773631930614,-3.5483326963513218,-3.54527568436014,-3.5422090704223677,-3.539134970019643,-3.5360550190771534,-3.5329704861405777,-3.5298823575485794,-3.5267914022801077,-3.523698221459465,-3.5206032862482965,-3.5175069669236647,-3.5144095552491916,-3.5113112817295487,-3.508212328951734,-3.505112841926124,-3.502012936121679,-3.4989127037247054,-3.495812218525743,-3.4927115397445094,-3.4896107150308744,-3.486509782824998,-3.483408774217926,-3.480307714421849,-3.477206623934685,-3.474105519464704,-3.471004414666379,-3.467903320727366,-3.4648022468378374,-3.4617012005666106,-3.4586001881632953,-3.4554992148015575,-3.4523982847754415,-3.44929740165816,-3.4461965684308273,-3.443095787587062,-3.4399950612181707,-3.436894391082683,-3.4337937786632318,-3.430693225213192,-3.427592731795003,-3.424492299311729,-3.421391928533111,-3.4182916201171154,-3.415191374627802,-3.4120911925501654,-3.408991074302493,-3.4058910202466905,-3.402791030696902,-3.3996911059267476,-3.3965912461754026,-3.393491451652718,-3.390391722543539,-3.3872920590113678,-3.3841924612014673,-3.3810929292435055,-3.377993463253808,-3.374894063337294,-3.371794729589134,-3.368695462096187,-3.365596260938243,-3.3624971261891083,-3.359398057917558,-3.3562990561881776,-3.3532001210621196,-3.3501012525977765,-3.347002450851402,-3.3439037158776843,-3.3408050477302846,-3.3377064464623496,-3.334607912127015,-3.3315094447779017,-3.328411044469619,-3.325312711258283,-3.3222144452020603,-3.3191162463617476,-3.316018114801402,-3.3129200505890286,-3.3098220537973475,-3.306724124504651,-3.303626262795777,-3.3005284687632104,-3.2974307425083556,-3.2943330841429947,-3.2912354937909867,-3.2881379715902344,-3.285040517694989,-3.2819431322785473,-3.2788458152643627,-3.275748566582682,-3.2726513861699162,-3.269554273968078,-3.2664572299242782,-3.2633602539902746,-3.2602633461220654,-3.2571665062795216,-3.2540697344260634,-3.2509730305283586,-3.247876394556057,-3.244779826481548,-3.2416833262797398,-3.2385868939278604,-3.2354905294052796,-3.232394232693339,-3.22929800377521,-3.2262018426357537,-3.223105749261399,-3.220009723640028,-3.216913765760877,-3.213817875614441,-3.210722053192389,-3.207626298487488,-3.2045306114935346,-3.201434992205289,-3.198339440618426,-3.1952439567294793,-3.192148540535802,-3.189053192035529,-3.1859579112275522,-3.1828626981114945,-3.1797675526877,-3.17667247495723,-3.173577464921871,-3.1704825225841575,-3.167387647947409,-3.1642928410157833,-3.1611981017943687,-3.1581034302892905,-3.1550088265078693,-3.151914290458824,-3.1488198221525505,-3.145725421601471,-3.142631088820512,-3.139536823827714,-3.1364426266450383,-3.133348497299423,-3.130254435824164,-3.1271604422607324,-3.1240665166611636,-3.120972659091209,-3.1178788696344975,-3.1147851483980484,-3.1116914955195862,-3.108597911177279,-3.1055043956027197,-3.1024109490982865,-3.099317572060417,-3.0962242650108776,-3.0931310286388998,-3.0900378638580785,-3.086944771883424,-3.0838517543359654,-3.0807588133851027,-3.077665951942852,-3.074573173929551,-3.0714804846382626,-3.068387891235806,-3.0652954034533915,-3.0622030345410565,-3.059110802590013,-3.0560187323694,-3.0529268578840343,-3.0498352259452326,-3.046743901168576,-3.0436529729865365,-3.040562565513037,-3.037472851454551,-3.0343840717765582,-3.031296563575093,-3.0282107996730563,-3.0251274450084917,-3.0220474371240953,-3.0189721013193687,-3.0159033157477544,-3.0128437485946837,-3.009797199413301,-3.006769091080015,-3.003767179557653,-3.000802578289378,-2.997891235899989,-2.9950560638127386,-2.9923299879633958,-2.989760296907805,-2.987414769959978,-2.9853901664800193,-2.9838236728397476,-2.982907694424822
-3.585691016548077,-3.584901415766411,-3.5835331563948154,-3.5817375336185093,-3.5796242425550435,-3.5772735181911597,-3.574744475133406,-3.572080934916118,-3.5693155542891084,-3.566472782956562,-3.563571002404191,-3.5606240845389174,-3.5576425349586667,-3.5546343362513064,-3.5516055730709257,-3.548560897470076,-3.545503876665556,-3.5424372538707,-3.5393631445754874,-3.5362831847117615,-3.533198642830524,-3.5301105052747017,-3.5270195410266645,-3.523926351213467,-3.520831406998973,-3.5177350786620356,-3.514637657967725,-3.5115393754218913,-3.508440413612485,-3.50534091755066,-3.50224100270601,-3.4991407612653593,-3.4960402670196737,-3.492939579189021,-3.489838745423555,-3.486737804163675,-3.4836367865006204,-3.4805357176467444,-3.4774346181000984,-3.4743335045690653,-3.471232390708211,-3.46813128770527,-3.4650302047504793,-3.4619291494127125,-3.458828127941623,-3.455727145510917,-3.4526262064146716,-3.449525314226126,-3.4464244719264183,-3.443323682009186,-3.440222946565753,-3.437122267354664,-3.4340216458585653,-3.430921083330842,-3.427820580833943,-3.42472013927094,-3.421619759411579,-3.4185194419138347,-3.4154191873417687,-3.4123189961803817,-3.4092188688479665,-3.4061188057064293,-3.4030188070699183,-3.399918873212057,-3.396819004372023,-3.393719200759666,-3.3906194625598354,-3.3875197899360345,-3.384420183033528,-3.3813206419819823,-3.3782211668977276,-3.3751217578856805,-3.372022415041014,-3.3689231384505876,-3.365823928194193,-3.3627247843456334,-3.3596257069736857,-3.3565266961429376,-3.35342775191454,-3.3503288743468858,-3.3472300634962293,-3.3441313194172584,-3.3410326421636336,-3.3379340317885005,-3.334835488344997,-3.3317370118867426,-3.3286386024683474,-3.325540260145926,-3.3224419849776448,-3.319343777024301,-3.3162456363499504,-3.313147563022598,-3.3100495571149637,-3.3069516187053396,-3.3038537478785606,-3.3007559447271113,-3.2976582093523947,-3.294560541866193,-3.2914629423923625,-3.2883654110688045,-3.2852679480497677,-3.2821705535085473,-3.279073227368598,-3.2759759695601685,-3.272878780019669,-3.269781658689115,-3.266684605515619,-3.2635876204509384,-3.260490703451071,-3.257393854475891,-3.254297073488818,-3.2512003604565205,-3.2481037153486496,-3.245007138137595,-3.2419106287982657,-3.2388141873078906,-3.2357178136458375,-3.232621507793451,-3.2295252697339016,-3.2264290994520506,-3.2233329969343276,-3.2202369621686153,-3.21714099514415,-3.2140450958514255,-3.2109492642821125,-3.2078535004289788,-3.2047578042858196,-3.201662175847397,-3.1985666151093843,-3.195471122068316,-3.192375696721545,-3.1892803390672073,-3.186185049104193,-3.183089826832128,-3.179994672251355,-3.1768995853629343,-3.1738045661686543,-3.17070961467105,-3.1676147308734386,-3.16451991477998,-3.161425166395761,-3.158330485726908,-3.1552358727807404,-3.1521413275659795,-3.1490468500930184,-3.145952440374281,-3.1428580984246923,-3.1397638242622943,-3.136669617909048,-3.1335754793918915,-3.1304814087441195,-3.127387406007205,-3.124293471233183,-3.121199604487805,-3.1181058058546984,-3.115012075440882,-3.1119184133840823,-3.108824819862466,-3.105731295107627,-3.1026378394219414,-3.099544453201849,-3.096451136969116,-3.0933578914129725,-3.0902647174470133,-3.0871716162862515,-3.084078589551713,-3.0809856394128006,-3.0778927687815294,-3.074799981578241,-3.0717072830960013,-3.068614680501633,-3.065522183526355,-3.0624298054202157,-3.0593375642744443,-3.0562454848582052,-3.053153601176354,-3.0500619600402614,-3.046970626065595,-3.0438796886849535,-3.040789272012445,-3.0376995487548206,-3.034610759877964,-3.0315232424785115,-3.0284374693802514,-3.025354105522541,-3.022274088450017,-3.019198743465052,-3.0161299487253386,-3.013070372422605,-3.0100238141193234,-3.0069956967057347,-3.0039937761651814,-3.001029165971256,-2.998117814793861,-2.9952826341230185,-2.992556549993084,-2.989986851104836,-2.9876413169838765,-2.985616707295918,-2.9840502088470418,-2.9831342276251167
-3.585913183936563,-3.585123581135488,-3.583755318229538,-3.581959690767946,-3.5798463941362018,-3.5774956635213684,-3.5749666136815916,-3.572303066267039,-3.5695376781167045,-3.5666948990038505,-3.563793110467964,-3.5608461844580024,-3.5578646266048657,-3.5548564195223644,-3.551827647885057,-3.548782963761684,-3.5457259343818768,-3.5426593029691666,-3.5395851850216524,-3.5365052164776554,-3.5334206658933534,-3.5303325196158206,-3.527241546630759,-3.524148348067899,-3.521053395093262,-3.5179570579874455,-3.5148596285169282,-3.511761337188701,-3.508662366591646,-3.505562861737672,-3.5024629380969934,-3.499362687856937,-3.4962621848088813,-3.493161488173234,-3.4900606456004297,-3.486959695531095,-3.483858669056662,-3.4807575913896396,-3.4776564830282117,-3.474555360680869,-3.4714542380022677,-3.46835312618022,-3.465252034405024,-3.462150970245607,-3.4590499399516683,-3.4559489486969515,-3.452848000775565,-3.4497470997607755,-3.4466462486337437,-3.4435454498881266,-3.4404447056152647,-3.4373440175737167,-3.4342433872461395,-3.4311428158859285,-3.428042304555542,-3.4249418541580594,-3.4218414654632348,-3.4187411391290468,-3.4156408757195638,-3.4125406757197885,-3.409440539548018,-3.406340467566161,-3.4032404600883703,-3.4001405173882704,-3.397040639705041,-3.3939408272485343,-3.3908410802036,-3.387741398733744,-3.384641782984231,-3.3815422330847302,-3.37844274915157,-3.37534333128967,-3.372243979594204,-3.3691446941520318,-3.3660454750429443,-3.362946322340748,-3.3598472361142173,-3.356748216427941,-3.3536492633430703,-3.3505503769179987,-3.34745155720898,-3.344352804270703,-3.341254118156827,-3.3381554989204996,-3.3350569466148556,-3.3319584612935147,-3.328860043011087,-3.325761691823688,-3.3226634077894825,-3.319565190969268,-3.3164670414270985,-3.3133689592309805,-3.310270944453632,-3.307172997173343,-3.30407511747495,-3.3009773054509353,-3.2978795612027016,-3.2947818848420303,-3.2916842764927763,-3.288586736292838,-3.2854892643964626,-3.282391860976943,-3.2792945259577353,-3.27619725926909,-3.2731000608474186,-3.270002930634737,-3.266905868578158,-3.2638088746294396,-3.2607119487445817,-3.2576150908834594,-3.254518301009492,-3.2514215790893504,-3.2483249250926853,-3.2452283389918866,-3.2421318207618635,-3.239035370379846,-3.2359389878252016,-3.232842673079276,-3.22974642612524,-3.226650246947955,-3.223554135533851,-3.220458091870811,-3.21736211594807,-3.214266207756124,-3.211170367286644,-3.208074594532397,-3.204978889487179,-3.2018832521457528,-3.1987876825037898,-3.1956921805578267,-3.192596746305215,-3.189501379744092,-3.1864060808733483,-3.1833108496926075,-3.1802156862022137,-3.177120590403229,-3.17402556229744,-3.1709306018873806,-3.16783570917637,-3.1647408841685682,-3.161646126869063,-3.1585514372839776,-3.1554568154206333,-3.1523622612877507,-3.149267774895724,-3.146173356256977,-3.143079005386434,-3.1399847223021387,-3.136890507026051,-3.1337963595851095,-3.130702280012609,-3.127608268350021,-3.1245143246493803,-3.121420448976438,-3.1183266414148236,-3.1152329020715563,-3.1121392310843605,-3.109045628631403,-3.1059520949442763,-3.1028586303253594,-3.099765235171089,-3.096671910003233,-3.0935786555110223,-3.0904854726080506,-3.0873923625093314,-3.084299326835891,-3.081206367757134,-3.0781134881850765,-3.07502069204006,-3.071927984615154,-3.0688353730771873,-3.065742867157384,-3.062650480105803,-3.059558230013691,-3.0564661416502377,-3.0533742490203353,-3.0502825989354116,-3.0471912560112147,-3.044100309680465,-3.041009884057454,-3.0379201518491987,-3.0348313540219807,-3.0317438276730186,-3.028658045626966,-3.0255746728244564,-3.0224946468120173,-3.0194192928948143,-3.0163504892346755,-3.013290904029453,-3.0102443368506955,-3.0072162106021043,-3.004214281286982,-3.0012496624085268,-2.99833830268053,-2.995503113657978,-2.9927770214711487,-2.990207314961838,-2.9878617738615243,-2.9858371581332737,-2.984270655005695,-2.9833546710525995
-3.5861293179813742,-3.5853397132159857,-3.583971446872108,-3.582175814853057,-3.5800625128049526,-3.5777117761097115,-3.575182719672941,-3.5725191652574844,-3.5697537697890795,-3.5669109831081847,-3.5640091868065937,-3.561062252874152,-3.558080686973831,-3.5550724717446793,-3.552043691881165,-3.548998999467776,-3.54594196174663,-3.5428753219511737,-3.5398011955874047,-3.536721218599944,-3.5336366595500084,-3.530548504788706,-3.527457523304976,-3.5243643162311553,-3.5212693547353657,-3.5181730090998955,-3.5150755710925985,-3.511977271221577,-3.508878292076617,-3.5057787786703636,-3.5026788464736267,-3.499578587674229,-3.4964780760639482,-3.493377370863522,-3.4902765197236563,-3.487175561085205,-3.4840745260397825,-3.480973439800052,-3.4778723228643242,-3.4747711919411977,-3.4716700606854167,-3.468568940284863,-3.4654678399299,-3.462366767189506,-3.4592657283134236,-3.456164728475432,-3.453063771969672,-3.449962862369435,-3.446862002655906,-3.4437611953227596,-3.4406604424613523,-3.437559745830257,-3.4344591069121417,-3.431358526960413,-3.4282580070375364,-3.425157548046599,-3.4220571507573614,-3.4189568158278085,-3.4158565438220125,-3.4127563352249797,-3.409656190455011,-3.4065561098740207,-3.4034560937961618,-3.400356142495062,-3.3972562562099013,-3.3941564351505358,-3.3910566795018173,-3.387956989427251,-3.384857365072104,-3.381757806566045,-3.378658314025405,-3.375558887555103,-3.372459527250313,-3.3693602331978956,-3.3662610054776425,-3.3631618441633604,-3.3600627493238253,-3.356963721023625,-3.3538647593239133,-3.3507658642830807,-3.347667035957382,-3.3445682744015057,-3.3414695796691123,-3.3383709518133475,-3.335272390887347,-3.3321738969447323,-3.3290754700401113,-3.3259771102295983,-3.3228788175713593,-3.3197805921261896,-3.3166824339581447,-3.3135843431352296,-3.3104863197301624,-3.3073883638212322,-3.3042904754932745,-3.301192654838771,-3.298094901959122,-3.2949972169661073,-3.2918995999835805,-3.28880205114944,-3.28570457061793,-3.2826071585623424,-3.2795098149061346,-3.2764125395795567,-3.2733153325190236,-3.27021819366655,-3.2671211229692516,-3.264024120378886,-3.260927185851455,-3.2578303193468323,-3.2547335208284407,-3.25163679026295,-3.2485401276200117,-3.2454435328720153,-3.2423470059938713,-3.239250546962809,-3.2361541557581983,-3.2330578323613848,-3.229961576755539,-3.2268653889255234,-3.223769268857767,-3.220673216540154,-3.2175772319619207,-3.2144813151135616,-3.2113854659867482,-3.208289684574248,-3.2051939708698574,-3.202098324868338,-3.1990027465653634,-3.1959072359574683,-3.192811793042006,-3.1897164178171127,-3.186621110281679,-3.1835258704353295,-3.180430698278409,-3.177335593811979,-3.174240557037827,-3.171145587958486,-3.1680506865772755,-3.1649558528983555,-3.161861086926814,-3.1587663886687745,-3.1556717581315583,-3.1525771953238855,-3.1494827002561503,-3.146388272940776,-3.1432939133926885,-3.1401996216299284,-3.137105397674458,-3.1340112415532144,-3.130917153299494,-3.127823132954767,-3.124729180571071,-3.1216352962141545,-3.1185414799676474,-3.1154477319385685,-3.112354052264642,-3.109260441124035,-3.10616689874834,-3.103073425439937,-3.099980021595261,-3.0968866877360806,-3.093793424551626,-3.0907002329554927,-3.087607114162692,-3.084514069794252,-3.0814211020195774,-3.078328213750685,-3.0752354089079192,-3.0721426927843516,-3.069050072546814,-3.06595755792654,-3.062865162173599,-3.059772903379253,-3.0566808063127158,-3.053588904978916,-3.0504972461893356,-3.0474058945598017,-3.0443149395231557,-3.0412245051938633,-3.038134764279203,-3.03504595774584,-3.031958422691562,-3.028872631941865,-3.0257892504386246,-3.0227092157302042,-3.0196338531244877,-3.0165650407873255,-3.0135054469225264,-3.010458871110469,-3.0074307362679455,-3.0044287984176767,-3.0014641710916585,-2.998552803046371,-2.9957176058999924,-2.992991505876107,-2.9904217919536804,-2.988076244064451,-2.9860516224607223,-2.9844851147821037,-2.9835691281723613
-3.586339525247115,-3.5855499185715214,-3.5841816488844165,-3.582386012433444,-3.5802727051181753,-3.577921962510012,-3.575392899657964,-3.572729338434443,-3.5699639358495445,-3.5671211418090696,-3.564219337955679,-3.5612723963189796,-3.5582908225931327,-3.555282599441727,-3.552253811578594,-3.5492091111035364,-3.5461520652708107,-3.543085417323511,-3.5400112827753136,-3.536931297576966,-3.533846730294582,-3.5307585672831956,-3.5276675775348942,-3.524574362184547,-3.5214793924023158,-3.5183830384721406,-3.5152855921632074,-3.5121872839847,-3.5090882965272834,-3.505988774804316,-3.5028888342871967,-3.499788567164221,-3.4966880472275608,-3.493587333698273,-3.4904864742273274,-3.4873855072557958,-3.484284463875473,-3.4811833692991705,-3.4780822440253223,-3.4749811047626307,-3.4718799651659262,-3.468778836423163,-3.4656777277247635,-3.4625766466397567,-3.459475599417926,-3.456374591233087,-3.4532736263794117,-3.4501727084302174,-3.447071840366709,-3.4439710246825785,-3.4408702634692,-3.4377695584851593,-3.4346689112131354,-3.431568322906545,-3.428467794627861,-3.4253673272801803,-3.4222669216332675,-3.4191665783451115,-3.416066297979791,-3.4129660810223164,-3.409865927890993,-3.406765838947736,-3.403665814506702,-3.40056585484152,-3.3974659601913744,-3.3943661307661217,-3.391266366750614,-3.38816666830836,-3.3850670355846266,-3.381967468709085,-3.3788679677980644,-3.375768532956486,-3.372669164279524,-3.369569861854039,-3.366470625759824,-3.3633714560706856,-3.3602723528554006,-3.3571733161785575,-3.3540743461013083,-3.3509754426820444,-3.3478766059770217,-3.3447778360409286,-3.3416791329274242,-3.338580496689656,-3.3354819273807594,-3.3323834250543536,-3.329284989765047,-3.3261866215689553,-3.323088320524243,-3.3199900866917056,-3.316891920135398,-3.313793820923323,-3.310695789128199,-3.3075978248283158,-3.3044999281085055,-3.3014020990612503,-3.29830433778795,-3.295206644400383,-3.2921090190224023,-3.289011461791903,-3.2859139728631295,-3.282816552409369,-3.2797192003540814,-3.276621916627518,-3.2735247011660955,-3.270427553911829,-3.267330474811834,-3.2642334638178716,-3.2611365208859433,-3.2580396459759244,-3.2549428390512363,-3.2518461000785495,-3.248749429027517,-3.2456528258705286,-3.242556290582496,-3.2394598231406477,-3.2363634235243537,-3.23326709171496,-3.230170827695639,-3.227074631451251,-3.223978502968227,-3.220882442234451,-3.217786449239159,-3.214690523972848,-3.211594666427186,-3.208498876594943,-3.205403154469915,-3.2023075000468655,-3.199211913321467,-3.1961163942902546,-3.1930209429505827,-3.1899255593005855,-3.186830243339155,-3.183734995065917,-3.180639814481214,-3.1775447015861076,-3.1744496563823845,-3.17135467887258,-3.168259769060013,-3.165164926948844,-3.1620701525441604,-3.158975445852087,-3.1558808068799444,-3.1527862356364516,-3.149691732132003,-3.146597296379023,-3.1435029283924365,-3.1404086281902863,-3.1373143957945326,-3.134220231232114,-3.131126134536325,-3.1280321057486375,-3.124938144921087,-3.1218442521194234,-3.1187504274272766,-3.1156566709516644,-3.1125629828303127,-3.1094693632413875,-3.1063758124164806,-3.103282330657972,-3.1001889183622984,-3.0970955760512267,-3.094002304413986,-3.0909091043641728,-3.087815977116798,-3.084722924292892,-3.0816299480618583,-3.0785370513357155,-3.0754442380348084,-3.0723515134522135,-3.0692588847547673,-3.0661663616737083,-3.063073957459117,-3.059981690202271,-3.056889584672408,-3.053797674874491,-3.0507060076200547,-3.0476146475250063,-3.0445236840223004,-3.0414332412265748,-3.0383434918453602,-3.0352546768456965,-3.0321671333259257,-3.02908133411236,-3.0259979441480835,-3.0229179009832454,-3.0198425299283738,-3.01677370915323,-3.013714106867417,-3.010667522659899,-3.0076393794601985,-3.004637433309918,-3.0016727977690585,-2.9987614216356127,-2.9959262165892127,-2.993200108944175,-2.990630387812857,-2.9882848333217393,-2.986260206004397,-2.9846936939001156,-2.983777704706914
-3.586543914230591,-3.585754305697897,-3.5843860327605106,-3.5825903920008293,-3.580477079564829,-3.5781263312081295,-3.575597262119155,-3.5729336942768377,-3.570168284773286,-3.567325483577828,-3.564423672382579,-3.5614767232558004,-3.5584951419219784,-3.5554869110685607,-3.5524581154282027,-3.5494134071155936,-3.546356353396793,-3.5432896975242727,-3.5402155550191745,-3.5371355618382023,-3.534050986552233,-3.530962815520114,-3.5278718177369934,-3.5247785943402064,-3.5216836165018974,-3.51858725450761,-3.515489800127826,-3.5123914838727797,-3.5092924883339913,-3.5061929585255167,-3.5030930099193194,-3.499992734704159,-3.4968922066725883,-3.493791485045978,-3.490690617475555,-3.4875896424026003,-3.484488590919086,-3.481387488237968,-3.4782863548578002,-3.4751852074873852,-3.4720840597816363,-3.468982922928577,-3.4658818061186896,-3.4627807169210505,-3.459679661585487,-3.456578645285847,-3.4534776723163314,-3.4503767462502823,-3.447275870068925,-3.4441750462659724,-3.441074276932811,-3.4379735638280393,-3.43487290843435,-3.431772312005168,-3.428671775602974,-3.4255713001308696,-3.422470886358628,-3.4193705349442456,-3.416270246451802,-3.413170021366314,-3.4100698601060873,-3.406969763033042,-3.4038697304613375,-3.400769762664604,-3.3976698598820274,-3.3945700223234656,-3.3914702501737732,-3.3883705435964604,-3.3852709027367935,-3.382171327724446,-3.3790718186757482,-3.3759723756956213,-3.372872998879241,-3.3697736883134684,-3.3666744440780967,-3.363575266246932,-3.3604761548887527,-3.3573771100681467,-3.3542781318462653,-3.3511792202815025,-3.348080375430112,-3.344981597346782,-3.3418828860851733,-3.3387842416984324,-3.3356856642396946,-3.3325871537625797,-3.3294887103216957,-3.326390333973157,-3.3232920247751285,-3.3201937827884045,-3.31709560807704,-3.3139975007090374,-3.3108994607571147,-3.30780148829956,-3.304703583421205,-3.301605746214532,-3.298507976780938,-3.2954102752322023,-3.292312641692175,-3.2892150762987504,-3.28611757920617,-3.2830201505877215,-3.2799227903668644,-3.276825498473852,-3.2737282748451006,-3.2706311194226285,-3.2675340321535504,-3.2644370129896285,-3.261340061886864,-3.2582431788051336,-3.2551463637078584,-3.2520496165617114,-3.2489529373363455,-3.2458563260041515,-3.2427597825400407,-3.239663306921243,-3.236566899127128,-3.2334705591390422,-3.2303742869401577,-3.2272780825153373,-3.22418194585101,-3.22108587693506,-3.2179898757567242,-3.214893942306499,-3.2117980765760556,-3.208702278558161,-3.205606548246612,-3.202510885636172,-3.199415290722515,-3.1963197635021756,-3.193224303972506,-3.190128912131643,-3.1870335879784792,-3.183938331512639,-3.1808431427344663,-3.1777480216450233,-3.174652968246097,-3.171557982540221,-3.168463064530714,-3.1653682142217368,-3.162273431618375,-3.159178716726756,-3.1560840695541996,-3.1529894901094266,-3.149894978402831,-3.1468005344468364,-3.1437061582563675,-3.140611849849466,-3.1375176092480954,-3.134423436479192,-3.1313293315760498,-3.128235294580142,-3.125141325543503,-3.122047424531884,-3.1189535916289137,-3.1158598269416102,-3.1127661306076977,-3.1096725028053442,-3.106578943766141,-3.1034854537924677,-3.10039203328076,-3.097298682752786,-3.0942054028977766,-3.0911121946293254,-3.088019059162446,-3.084925998118166,-3.08183301366589,-3.0787401087176383,-3.075647287193758,-3.072554554387328,-3.0694619174651887,-3.066369386158586,-3.06327697371761,-3.060184698233554,-3.057092584475677,-3.054000666448978,-3.0509089909650426,-3.047817622639852,-3.044726650906476,-3.041636199879716,-3.03854644226735,-3.035457619036782,-3.0323700672868927,-3.0292842598447876,-3.026200861654725,-3.023120810268593,-3.0200454309994873,-3.0169766020209723,-3.0139169915482835,-3.010870399178732,-3.0078422478542164,-3.0048402936346967,-3.0018756501074004,-2.998964266110679,-2.9961290533839087,-2.9934029383296186,-2.990833210189847,-2.9884876492804016,-2.9864630164083072,-2.984896500001416,-2.983980508296586
-3.5867425950374527,-3.5859529846997487,-3.584584708603243,-3.582789063655701,-3.5806757462425947,-3.578324992298592,-3.5757959171476212,-3.5731323428721504,-3.570366926644,-3.5675241184942434,-3.564622300163059,-3.5616753437562836,-3.5586937550278734,-3.5556855166884653,-3.552656713489012,-3.549611997558673,-3.5465549361749793,-3.543488272599517,-3.5404141223606858,-3.5373341214209777,-3.5342495383558985,-3.531161359528004,-3.5280703539354192,-3.52497712271787,-3.521882137049432,-3.518785767217206,-3.515688304992935,-3.5125899808878764,-3.509490977494379,-3.506391439827176,-3.50329148335878,-3.500191200278404,-3.4970906643789683,-3.493989934882147,-3.4908890594394157,-3.4877880764922633,-3.484687017132831,-3.481585906574217,-3.478484765315093,-3.4753836100643563,-3.472282454477001,-3.46918130974112,-3.4660801850472525,-3.462979087964521,-3.459878024742792,-3.4567770005559506,-3.4536760196982237,-3.450575085742979,-3.4474742016714623,-3.444373369977401,-3.441272592752198,-3.4381718717544656,-3.435071208466905,-3.431970604142951,-3.4288700598450936,-3.425769576476441,-3.422669154806771,-3.4195687954940843,-3.416468499102467,-3.4133682661169384,-3.4102680969558077,-3.4071679919809967,-3.4040679515066685,-3.400967975806455,-3.397868065119545,-3.394768219655798,-3.3916684396000694,-3.388568725115869,-3.3854690763484676,-3.3823694934275377,-3.379269976469411,-3.3761705255790098,-3.3730711408515086,-3.3699718223737705,-3.3668725702255884,-3.3637733844807687,-3.3606742652080897,-3.3575752124721396,-3.3544762263340715,-3.3513773068522776,-3.348278454083012,-3.345179668080964,-3.3420809488997927,-3.3389822965926457,-3.3358837112126585,-3.3327851928134495,-3.3296867414496276,-3.3265883571773056,-3.32349004005465,-3.3203917901424536,-3.3172936075047716,-3.3141954922096057,-3.3110974443296723,-3.307999463943259,-3.3049015511351967,-3.3018037059979672,-3.2987059286329665,-3.2956082191519727,-3.2925105776788337,-3.2894130043514442,-3.286315499324044,-3.2832180627699183,-3.2801206946125285,-3.2770233947821286,-3.2739261632151346,-3.2708289998535673,-3.267731904644542,-3.2646348775398204,-3.261537918495405,-3.2584410274711733,-3.2553442044305485,-3.2522474493402025,-3.249150762169788,-3.2460541428916976,-3.242957591480843,-3.2398611079144537,-3.236764692171901,-3.2336683442345313,-3.2305720640855156,-3.227475851709718,-3.224379707093569,-3.2212836302249515,-3.218187621093103,-3.2150916796885203,-3.211995806002874,-3.2089000000289336,-3.2058042617604947,-3.2027085911923194,-3.199612988320082,-3.196517453140317,-3.193421985650379,-3.1903265858484042,-3.1872312537332856,-3.184135989304646,-3.1810407925628312,-3.1779456635089027,-3.1748506021446463,-3.171755608472598,-3.1686606824960757,-3.165565824219239,-3.1624710336471757,-3.159376310786012,-3.1562816556430673,-3.1531870682270635,-3.150092548548393,-3.146998096619479,-3.1439037124552494,-3.140809396073744,-3.1377151474969245,-3.134620966751729,-3.131526853871452,-3.128432808897565,-3.125338831882105,-3.1222449228908205,-3.1191510820073405,-3.1160573093386845,-3.112963605022577,-3.1098699692371854,-3.106776402214101,-3.103682904255702,-3.100589475758426,-3.0974961172440394,-3.094402829401773,-3.0913096131452216,-3.0882164696893977,-3.08512340065533,-3.082030408212425,-3.0789374952727013,-3.0758446657565104,-3.0727519249569313,-3.0696592800408102,-3.066566740739399,-3.0634743203027965,-3.0603820368223116,-3.057289915067225,-3.0541979890425694,-3.05110630555998,-3.048014929235512,-3.044923949502342,-3.0418334904754363,-3.038743724862811,-3.035654893632224,-3.0325673338830783,-3.0294815184432524,-3.0263981122581485,-3.0233180528813395,-3.020242665628418,-3.0171738286766465,-3.0141142102467353,-3.011067609944107,-3.008039450722689,-3.0050374886602844,-3.0020728373705836,-2.999161445731164,-2.996326225539468,-2.993600103283764,-2.9910303683321335,-2.988684801184403,-2.986660162913374,-2.985093642324565,-2.9841776481785622
-3.5869356790772424,-3.5861460669855854,-3.584777787819325,-3.5829821388023886,-3.580868816552964,-3.578518057179708,-3.5759889761382198,-3.573325395611573,-3.570559972849044,-3.567717157941704,-3.564815332676441,-3.5618683691955972,-3.558886773281769,-3.555878527668127,-3.552849717123401,-3.5498049937908136,-3.546747924959042,-3.5436812538985296,-3.540607096144727,-3.537527087665754,-3.5344424970416126,-3.5313543106384615,-3.5282632974573174,-3.525170058640232,-3.522075065363156,-3.5189786879147023,-3.5158812180678383,-3.5127828863348167,-3.509683875308792,-3.5065843300051545,-3.503484365896954,-3.5003840751738413,-3.4972835316290967,-3.4941827944846886,-3.4910819113923353,-3.4879809207937247,-3.4848798537811634,-3.4817787355678864,-3.478677586652678,-3.4755764237445304,-3.472475260498517,-3.469374108102798,-3.4662729757479647,-3.463171871003189,-3.4600708001183746,-3.456969768267439,-3.4538687797446364,-3.4507678381233586,-3.4476669463848704,-3.4445661070229194,-3.441465322128921,-3.4383645934614977,-3.435263922503363,-3.4321633105079608,-3.4290627585377873,-3.4259622674959576,-3.4228618381522558,-3.419761471164688,-3.4166611670973452,-3.4135609264352484,-3.4104607495967114,-3.4073606369436593,-3.404260588790255,-3.401160605410134,-3.3980606870424865,-3.3949608338971746,-3.391861046159055,-3.3887613239916377,-3.3856616675401945,-3.3825620769344,-3.379462552290585,-3.3763630937136724,-3.3732637012988387,-3.3701643751329478,-3.367065115295791,-3.363965921861177,-3.3608667948978836,-3.357767734470499,-3.3546687406401756,-3.351569813465307,-3.348470953002148,-3.3453721593053873,-3.3422734324286845,-3.3391747724251855,-3.336076179348025,-3.3329776532508233,-3.3298791941881887,-3.326780802216234,-3.3236824773931253,-3.3205842197796556,-3.317486029439878,-3.314387906441793,-3.311289850858118,-3.3081918627671403,-3.305093942253691,-3.3019960894102494,-3.298898304338212,-3.295800587149353,-3.2927029379675217,-3.2896053569306103,-3.2865078441928572,-3.283410399927545,-3.280313024058136,-3.277215716514886,-3.2741184772342127,-3.2710213061581364,-3.267924203233773,-3.2648271684128876,-3.261730201651482,-3.2586333029094345,-3.2555364721501676,-3.252439709340355,-3.249343014449651,-3.246246387450448,-3.243149828317656,-3.240053337028507,-3.2369569135623713,-3.2338605579005955,-3.230764270026353,-3.2276680499245063,-3.2245718975814848,-3.221475812985174,-3.2183797961248124,-3.215283846990895,-3.2121879655750933,-3.2090921518701765,-3.2059964058699406,-3.2029007275691486,-3.1998051169634736,-3.1967095740494527,-3.193614098824438,-3.190518691286568,-3.187423351434734,-3.184328079268559,-3.181232874788388,-3.1781377379952835,-3.1750426688910323,-3.1719476674781686,-3.1688527337600116,-3.165757867740722,-3.1626630694253874,-3.159568338820133,-3.156473675932279,-3.153379080770546,-3.1502845533453283,-3.147190093669049,-3.1440957017566338,-3.1410013776261243,-3.137907121299482,-3.134812932803643,-3.131718812171905,-3.128624759445738,-3.1255307746771783,-3.1224368579319757,-3.1193430092937593,-3.116249228869547,-3.1131555167970637,-3.110061873254476,-3.1069682984733755,-3.103874792756142,-3.100781356499211,-3.0976879902243497,-3.0945946946207883,-3.0915014706021213,-3.0884083193833622,-3.0853152425855406,-3.082222242378062,-3.079129321672949,-3.0760364843905514,-3.0729437358239524,-3.069851083140001,-3.0667585360699556,-3.063666107863925,-3.0605738166132324,-3.0574816870871806,-3.0543897532908346,-3.051298062035877,-3.048206677938434,-3.045115690431791,-3.0420252236310694,-3.0389354502445194,-3.0358466112402414,-3.032759043718146,-3.029673220506862,-3.0265898065528996,-3.023509739411474,-3.0204343444006057,-3.0173654997011465,-3.0143058735391266,-3.0112592655278525,-3.0082310986329426,-3.005229128949535,-3.002264470117035,-2.9993530710511345,-2.9965178436057016,-2.9937917143523163,-2.99122197278154,-2.9888763995720096,-2.986851756054787,-2.985285231402371,-2.9843692348842574
-3.587123278776302,-3.586333664980716,-3.5849653828322516,-3.5831697298619805,-3.581056402914172,-3.5787056382665074,-3.5761765515024995,-3.5735129649029593,-3.5707475357924108,-3.5679047143202123,-3.565002882318625,-3.5620559119654605,-3.5590743090711374,-3.5560660563907174,-3.5530372387102007,-3.5499925081864694,-3.5469354321190316,-3.543868753786936,-3.5407945887324828,-3.5377145729292576,-3.534629974961632,-3.5315417811992633,-3.528450760645979,-3.5253575144460894,-3.522262513777366,-3.5191661289298923,-3.5160686516778275,-3.512970312534388,-3.5098712940935117,-3.506771741371226,-3.503671769841102,-3.5005714716932186,-3.497470920721203,-3.4943701761473105,-3.491269285623496,-3.4881682875916407,-3.485067213144211,-3.4819660874945764,-3.4788649311416306,-3.4757637607944583,-3.47266259010821,-3.4695614302711073,-3.4664602904737953,-3.463359178285492,-3.460258099956139,-3.457157060659685,-3.4540560646904113,-3.450955115621733,-3.4478542164349344,-3.444753369623777,-3.4416525772796915,-3.4385518411613143,-3.4354511627513675,-3.432350543303303,-3.4292499838796258,-3.426149485383457,-3.423049048584587,-3.4199486741410245,-3.416848362616865,-3.413748114497133,-3.410647930200147,-3.4075478100878347,-3.404447754474361,-3.4013477636333636,-3.398247837804034,-3.3951479771962356,-3.392048181994827,-3.3889484523633207,-3.3858487884469866,-3.3827491903755,-3.3796496582651936,-3.3765501922209915,-3.37345079233807,-3.3703514587032934,-3.367252191396454,-3.36415299049136,-3.3610538560567904,-3.3579547881573335,-3.354855786854142,-3.3517568522056096,-3.34865798426799,-3.345559183095973,-3.342460448743218,-3.3393617812628706,-3.3362631807080656,-3.333164647132423,-3.330066180590551,-3.3269677811385625,-3.3238694488346217,-3.320771183739522,-3.3176729859173166,-3.314574855436007,-3.3114767923683077,-3.3083787967925065,-3.305280868793434,-3.3021830084635666,-3.2990852159043014,-3.2959874912274127,-3.2928898345567474,-3.289792246030196,-3.2866947258019947,-3.2835972740454245,-3.280499890683951,-3.277402575647829,-3.274305328873478,-3.2712081503029182,-3.2681110398832685,-3.265013997566293,-3.2619170233079937,-3.2588201170682503,-3.255723278810487,-3.252626508501376,-3.2495298061105724,-3.2464331716104686,-3.2433366049759766,-3.2402401061843285,-3.2371436752148957,-3.234047312049023,-3.2309510166698847,-3.227854789062344,-3.2247586292128316,-3.221662537109232,-3.218566512740783,-3.2154705560979817,-3.212374667172499,-3.2092788459571038,-3.2061830924455923,-3.2030874066327284,-3.1999917885141858,-3.1968962380865005,-3.193800755347025,-3.190705340293898,-3.1876099929260113,-3.184514713242989,-3.1814195012451756,-3.178324356933632,-3.1752292803101456,-3.1721342713772516,-3.1690393301382684,-3.1659444565973565,-3.162849650759603,-3.159754912631134,-3.1566602422192696,-3.1535656395327316,-3.150471104581913,-3.147376637379238,-3.144282237939632,-3.141187906281136,-3.1380936424257118,-3.1349994464002964,-3.131905318238185,-3.128811257980849,-3.1257172656803243,-3.122623341402361,-3.119529485230588,-3.1164356972720237,-3.1133419776643927,-3.1102483265858614,-3.107154744268022,-3.1040612310132536,-3.1009677872179915,-3.0978744134040035,-3.0947811102605187,-3.091687878701133,-3.088594719940859,-3.0855016356007265,-3.0824086278501417,-3.079315699601127,-3.0762228547740347,-3.0731300986619505,-3.070037438431727,-3.06694488381463,-3.063852448060776,-3.0607601492615024,-3.057668012186135,-3.054576070839767,-3.0514843720341305,-3.048392980385421,-3.0453019853270265,-3.0422115109742203,-3.0391217300354785,-3.036032883479236,-3.0329453084058975,-3.029859477644819,-3.0267760561435906,-3.023695981459019,-3.0206205789114824,-3.017551726685323,-3.0144920930117385,-3.011445477511694,-3.0084173031621613,-3.005415326075124,-3.002450659914965,-2.9995392536344077,-2.9967040191421352,-2.993977883090663,-2.9914081350895385,-2.989062555991109,-2.9870379073773297,-2.9854713787772136,-2.98455537995465
-3.587305507308596,-3.58651589185806,-3.585147606813114,-3.583351950003144,-3.581238618492005,-3.5788878487215423,-3.5763587563995074,-3.5736951639016388,-3.5709297286255426,-3.56808690077719,-3.5651850622329135,-3.5622380852049713,-3.559256475530805,-3.556248215986738,-3.553219391375546,-3.5501746538673786,-3.547117570772263,-3.544050885377603,-3.540976713232352,-3.5378966903154048,-3.534812085215376,-3.531723884305323,-3.528632856591803,-3.52553960322132,-3.522444595373417,-3.5193482033396037,-3.5162507188951944,-3.5131523725543423,-3.5100533469117488,-3.5069537869840595,-3.5038538082453528,-3.5007535028861185,-3.4976529447003233,-3.494552192910501,-3.4914512951688352,-3.4883502899173977,-3.4852492082488102,-3.48214807537657,-3.4790469117996783,-3.4759457342273095,-3.472844556314689,-3.4697433892501004,-3.4666422422242413,-3.4635411228063715,-3.4604400372464696,-3.457338990718516,-3.454237987516818,-3.451137031214812,-3.4480361247938003,-3.444935270747563,-3.441834471167544,-3.438733727812389,-3.4356330421648313,-3.43253241547833,-3.4294318488153985,-3.426331343079164,-3.4232308990394213,-3.420130517354186,-3.417030198587556,-3.4139299432245607,-3.4108297516835195,-3.407729624326363,-3.404629561467258,-3.401529563379846,-3.398429630303319,-3.395329762447542,-3.392229959997374,-3.389130223116329,-3.38603055194968,-3.3829309466271016,-3.3798314072649287,-3.376731933968084,-3.3736325268317455,-3.3705331859427763,-3.3674339113809717,-3.364334703220139,-3.3612355615290563,-3.3581364863723144,-3.355037477811065,-3.351938535903701,-3.3488396607064774,-3.3457408522740826,-3.342642110660177,-3.339543435917906,-3.3364448281004058,-3.333346287261294,-3.330247813455179,-3.3271494067381746,-3.324051067168443,-3.3209527948067787,-3.3178545897172347,-3.314756451967811,-3.3116583816312217,-3.3085603787857547,-3.305462443516238,-3.3023645759151488,-3.2992667760838823,-3.296169044134212,-3.2930713801899842,-3.289973784389088,-3.2868762568857584,-3.283778797853274,-3.280681407215101,-3.2775840849014974,-3.2744868308488826,-3.271389644999277,-3.268292527299801,-3.265195477702217,-3.2620984961625314,-3.2590015826406216,-3.2559047370999137,-3.2528079595070807,-3.249711249831777,-3.2466146080463965,-3.2435180341258505,-3.2404215280473716,-3.2373250897903323,-3.2342287193360786,-3.2311324166677835,-3.228036181770311,-3.2249400146300924,-3.221843915235013,-3.2187478835743093,-3.215651919638479,-3.2125560234191934,-3.2094601949092203,-3.2063644341023574,-3.2032687409933684,-3.2001731155779285,-3.1970775578525723,-3.193982067814654,-3.190886645462309,-3.1877912907944306,-3.184696003810643,-3.1816007845112915,-3.1785056328974384,-3.1754105489708704,-3.172315532734121,-3.1692205841905094,-3.1661257033441985,-3.163030890200273,-3.15993614476486,-3.156841467045279,-3.1537468570502507,-3.1506523147901695,-3.1475578402774587,-3.1444634335270445,-3.1413690945569686,-3.1382748233891915,-3.1351806200506505,-3.132086484574641,-3.1289924170026353,-3.1258984173866677,-3.122804485792489,-3.119710622303728,-3.1166168270274035,-3.11352310010124,-3.110429441703402,-3.107335852065484,-3.104242331489862,-3.101148880372974,-3.098055499236587,-3.094962188769931,-3.0918689498866017,-3.0887757838016103,-3.085682692135988,-3.0825896770591408,-3.0794967414830925,-3.076403889328197,-3.073311125887542,-3.070218458327985,-3.0671258963807957,-3.0640334532961018,-3.060941147165254,-3.0578490027575955,-3.054757054078254,-3.051665347939004,-3.04857394895611,-3.0454829465630597,-3.042392464875275,-3.039302676601451,-3.0362138227103475,-3.033126240302848,-3.0300404022090173,-3.0269569733774913,-3.023876891366625,-3.020801481499085,-3.0177326219626037,-3.0146729809933963,-3.011626358219867,-3.008598176630017,-3.0055961923521877,-3.002631519075026,-2.9997201057872194,-2.996884864450691,-2.9941587217965653,-2.9915889675499536,-2.9892433827319187,-2.9872187291680983,-2.9856521967337692,-2.9847361956730034
-3.587482478343329,-3.586692861285775,-3.5853245734282386,-3.5835289128897827,-3.581415576947482,-3.5790648022025913,-3.5765357044835033,-3.573872106258135,-3.571106664995062,-3.568263830955226,-3.5653619860577517,-3.5624150025483496,-3.559433386290701,-3.5564251200817756,-3.5533962887406374,-3.550351544450321,-3.5472944545310656,-3.5442277622783904,-3.54115358324771,-3.538073553423072,-3.5349889413972133,-3.531900733546494,-3.5288096988801194,-3.525716438546725,-3.522621423727569,-3.51952502471555,-3.5164275332871036,-3.5133291799572928,-3.5102301473215594,-3.5071305803971504,-3.5040305946586354,-3.5009302822969057,-3.4978297171062573,-3.4947289583094934,-3.491628053559021,-3.488527041297095,-3.485425952616489,-3.482324812730826,-3.4792236421392113,-3.4761224575509058,-3.4730212726212066,-3.469920098538458,-3.466818944493407,-3.4637178180553563,-3.4606167254743205,-3.4575156719243103,-3.4544146616996585,-3.451313698373822,-3.448212784928122,-3.4451119238563517,-3.4420111172499688,-3.4389103668676317,-3.4358096741920825,-3.4327090404767904,-3.4296084667842743,-3.426507954017667,-3.4234075029467688,-3.4203071142295993,-3.4172067884302613,-3.414106526033788,-3.4110063274585007,-3.407906193066333,-3.4048061231714546,-3.401706118047507,-3.3986061779336856,-3.3955063030398556,-3.3924064935508778,-3.389306749630267,-3.3862070714232972,-3.3831074590596435,-3.3800079126556413,-3.3769084323162155,-3.3738090181365434,-3.3707096702034898,-3.367610388596848,-3.3645111733904276,-3.3614120246530064,-3.358312942449174,-3.3552139268400833,-3.352114977884128,-3.3490160956375634,-3.345917280155078,-3.3428185314903303,-3.3397198496964675,-3.336621234826625,-3.3335226869344208,-3.3304242060744613,-3.3273257923028603,-3.3242274456777814,-3.321129166260018,-3.318030954113623,-3.3149328093065953,-3.3118347319116497,-3.3087367220070716,-3.30563877967769,-3.302540905015981,-3.2994430981233385,-3.296345359111535,-3.2932476881044153,-3.2901500852398673,-3.287052550672124,-3.283955084574465,-3.2808576868703545,-3.2777603574900525,-3.27466309636998,-3.2715659034521587,-3.2684687786837077,-3.2653717220163916,-3.2622747334062163,-3.2591778128130615,-3.256080960200353,-3.2529841755347633,-3.2498874587859485,-3.2467908099263028,-3.2436942289307384,-3.2405977157764885,-3.237501270442924,-3.2344048929113915,-3.2313085831650654,-3.2282123411888093,-3.2251161669690553,-3.222020060493689,-3.2189240217519473,-3.2158280507343258,-3.2127321474324972,-3.2096363118392315,-3.206540543948325,-3.2034448437545415,-3.200349211253556,-3.1972536464419035,-3.1941581493169373,-3.1910627198767947,-3.187967358120368,-3.184872064047281,-3.1817768376578797,-3.1786816789532257,-3.175586587935107,-3.1724915646060574,-3.1693966089693966,-3.1663017210292854,-3.1632069007908106,-3.160112148260098,-3.1570174634444665,-3.1539228463526374,-3.150828296995005,-3.1477338153839947,-3.1446394015345307,-3.1415450554646545,-3.138450777196328,-3.1353565667564873,-3.132262424178428,-3.129168349503622,-3.126074342784105,-3.122980404085627,-3.1198865334918167,-3.1167927311096917,-3.1136989970769773,-3.1106053315718394,-3.107511734825871,-3.1044182071414497,-3.1013247489150113,-3.098231360668324,-3.095138043090616,-3.0920447970954834,-3.0889516238979384,-3.085858525119012,-3.082765502928111,-3.07967256023726,-3.076579700966814,-3.073486930409864,-3.0703942557332713,-3.067301686668311,-3.064209236465121,-3.0611169232150623,-3.0580247716874993,-3.0549328158875886,-3.051841102627149,-3.0487496965225103,-3.045658687007257,-3.042568198196957,-3.0394784028005173,-3.0363895417870124,-3.03330195225779,-3.030216107043605,-3.0271326710941087,-3.0240525819691593,-3.020977164993646,-3.0179082983585914,-3.014848650305086,-3.011802020468756,-3.008773831848312,-3.0057718405879803,-3.002807160399967,-2.999895740307884,-2.99706049232535,-2.994334343259822,-2.9917645829486306,-2.989418992576666,-2.9873943342061895,-2.9858277980487116,-2.9849117948145745
-3.5876543058093406,-3.5868646871916523,-3.5854963966035807,-3.583700732445411,-3.5815873922012242,-3.5792366126270325,-3.5767075096683474,-3.574043905882576,-3.57127845880719,-3.5684356187564994,-3.5655337676911754,-3.5625867778894014,-3.559605155240336,-3.55659688256099,-3.553568044686242,-3.5505232938116342,-3.5474661972673207,-3.544399498356699,-3.5413253126414563,-3.538245276110647,-3.5351606573610073,-3.5320724427721006,-3.528981401355706,-3.525888134262528,-3.5227931126754917,-3.5196967068888423,-3.516599208680107,-3.5135008485652297,-3.5104018091403697,-3.50730223542336,-3.504202242889247,-3.501101923729311,-3.4980013517381683,-3.4949005861388853,-3.4917996745840836,-3.4886986555161954,-3.4855975600281415,-3.482496413333667,-3.4793952359319777,-3.476294044532419,-3.4731928527903566,-3.470091671894195,-3.4669905110347297,-3.463889377781304,-3.4607882783839687,-3.457687218016761,-3.4545862009740405,-3.451485230829284,-3.4483843105638314,-3.4452834426714913,-3.442182629243733,-3.439081872039227,-3.4359811725407226,-3.4328805320016973,-3.4297799514846776,-3.426679431892802,-3.4235789739958773,-3.4204785784519256,-3.4173782458250543,-3.4142779766002995,-3.4111777711959865,-3.408077629974049,-3.404977553248659,-3.4018775412934614,-3.3987775943476524,-3.3956777126210986,-3.3925778962986626,-3.3894781455438587,-3.3863784605019625,-3.3832788413026513,-3.380179288062261,-3.377079800885716,-3.3739803798681964,-3.370881025096565,-3.367781736650616,-3.364682514604159,-3.361583359025973,-3.3584842699806474,-3.3553852475293353,-3.3522862917304295,-3.3491874026401853,-3.3460885803132916,-3.342989824803408,-3.339891136163682,-3.3367925144472466,-3.333693959707721,-3.330595471999712,-3.3274970513793325,-3.324398697904745,-3.321300411636743,-3.3182021926393785,-3.3151040409806516,-3.312005956733276,-3.3089079399755357,-3.3058099907922602,-3.302712109275925,-3.2996142955279217,-3.296516549660023,-3.2934188717960717,-3.290321262073956,-3.2872237206479076,-3.2841262476912028,-3.2810288431273076,-3.2779315068864823,-3.274834238905148,-3.271737039125327,-3.2686399074941406,-3.2655428439633556,-3.262445848488977,-3.2593489210308837,-3.256252061552503,-3.25315527002051,-3.250058546404559,-3.2469618906770448,-3.2438653028128797,-3.2407687827892966,-3.237672330585668,-3.2345759461833414,-3.2314796295654906,-3.2283833807169793,-3.2252871996242383,-3.222191086275155,-3.2190950406589662,-3.2159990627661696,-3.2129031525884364,-3.2098073101185367,-3.2067115353502684,-3.203615828278395,-3.2005201888985906,-3.1974246172073904,-3.194329113202148,-3.1912336768810006,-3.1881383082428405,-3.1850430072872924,-3.1819477740147013,-3.178852608426129,-3.1757575105233635,-3.172662480308939,-3.169567517786175,-3.166472622959233,-3.1633777958331986,-3.1602830364141976,-3.1571883447095512,-3.1540937207279796,-3.150999164479876,-3.1479046759776663,-3.1448102552362758,-3.141715902273744,-3.138621617112033,-3.1355273997780815,-3.132433250305185,-3.129339168734813,-3.126245155119002,-3.123151209523502,-3.120057332031942,-3.1169635227513397,-3.1138697818194196,-3.1107761094143482,-3.107682505767717,-3.1045889711819044,-3.1014955060533462,-3.09840211090381,-3.095308786422524,-3.092215533523085,-3.089122353420506,-3.0860292477358167,-3.082936218638426,-3.0798432690403597,-3.076750402861973,-3.0736576253963603,-3.070564943810385,-3.067472367835328,-3.064379910721334,-3.06128759055978,-3.0581954321200495,-3.0551034694073254,-3.0520117492334706,-3.0489203362148785,-3.0458293197852275,-3.0427388240602253,-3.039649021748987,-3.03656015382089,-3.033472557377737,-3.030386705250948,-3.027303262391162,-3.0242231663596963,-3.0211477424835995,-3.0180788689570877,-3.0150192140259824,-3.0119725773329225,-3.0089443818870176,-3.0059423838479136,-3.0029776969506883,-3.0000662702528573,-2.99723101581823,-2.9945048605283673,-2.9919350943295413,-2.9895894985656937,-2.9875648355288043,-2.9859982957568074,-2.9850822904127137
-3.5878211036752954,-3.5870314835433077,-3.5856631903049196,-3.5838675226333807,-3.58175417821369,-3.5794033939520737,-3.5768742859077243,-3.5742106767249067,-3.571445224007965,-3.5686023781230123,-3.565700521071041,-3.562753525161758,-3.5597718963090434,-3.556763617349366,-3.5537347731329536,-3.5506900158674894,-3.547632912892751,-3.5445662075197846,-3.541492015316365,-3.5384119722764016,-3.535327347000514,-3.532239125871378,-3.5291480779032676,-3.5260548042488975,-3.522959776092811,-3.519863363730562,-3.516765858940731,-3.513667492240122,-3.5105684462255904,-3.5074688659155377,-3.5043688667854718,-3.5012685410270517,-3.4981679624352044,-3.4950671902332484,-3.491966272074016,-3.488865246400111,-3.485764144304599,-3.482662991001342,-3.479561806989644,-3.476460608978932,-3.4733594106246417,-3.4702582231152332,-3.4671570556415503,-3.4640559157729753,-3.4609548097595915,-3.4578537427754674,-3.454752719114984,-3.4516517423516384,-3.448550815466789,-3.445449940954257,-3.4423491209055266,-3.4392483570792765,-3.4361476509582674,-3.4330470037959833,-3.429946416654957,-3.426845890438334,-3.4237454259159246,-3.4206450237457555,-3.417544684491937,-3.414444408639508,-3.411344196606796,-3.4082440487557384,-3.40514396540051,-3.402043946814757,-3.3989439932376757,-3.395844104879137,-3.392744281924002,-3.389644524535788,-3.3865448328597707,-3.383445207025629,-3.380345647149699,-3.3772461533369054,-3.374146725682426,-3.3710473642731276,-3.3679480691888033,-3.364848840503264,-3.3617496782852885,-3.3586505825994672,-3.355551553506952,-3.3524525910661365,-3.349353695333276,-3.346254866363059,-3.343156104209146,-3.3400574089246824,-3.3369587805628025,-3.333860219177126,-3.330761724822259,-3.327663297554314,-3.324564937431454,-3.3214666445144716,-3.3183684188674176,-3.3152702605582927,-3.312172169659809,-3.309074146250252,-3.3059761904144485,-3.3028783022448733,-3.2997804818429195,-3.296682729320356,-3.2935850448010267,-3.2904874284228165,-3.2873898803399566,-3.284292400725721,-3.281194989503578,-3.278097646603788,-3.2750003719627743,-3.2719031655225606,-3.2688060272302675,-3.2657089570376616,-3.2626119549007484,-3.2595150207794092,-3.2564181546370707,-3.253321356440407,-3.250224626159076,-3.24712796376547,-3.2440313692345026,-3.240934842543408,-3.237838383671559,-3.234741992600302,-3.231645669312812,-3.228549413793953,-3.2254532260301567,-3.2223571060093095,-3.219261053720649,-3.216165069154673,-3.213069152303053,-3.2099733031585584,-3.2068775217149876,-3.203781807967103,-3.2006861619105798,-3.1975905835419534,-3.194495072858578,-3.1913996298585916,-3.188304254540886,-3.1852089469050857,-3.1821137069515357,-3.1790185346812985,-3.175923430096161,-3.172828393198658,-3.1697334239921093,-3.166638522480675,-3.1635436886694426,-3.160448922564538,-3.1573542241732806,-3.1542595935043916,-3.151165030568265,-3.1480705353773253,-3.1449761079464977,-3.141881748293824,-3.138787456441266,-3.1356932324157607,-3.132599076250602,-3.129504987987263,-3.1264109676777783,-3.123317015387897,-3.1202231312012487,-3.117129315224852,-3.11403556759643,-3.1109418884941515,-3.107848278149606,-3.104754736865173,-3.1016612650372872,-3.098567863187717,-3.0954745320056913,-3.0923812724048054,-3.0892880856000726,-3.0861949732125242,-3.083101937411568,-3.0800089811092306,-3.07691610822587,-3.07382332405458,-3.070730635762228,-3.0676380530801013,-3.064545589258353,-3.061453262388371,-3.058361097239558,-3.055269127817127,-3.0521774009329814,-3.0490859812035764,-3.045994958062683,-3.0429044556261426,-3.0398146466032716,-3.0367257719637455,-3.033638168809804,-3.0305523099735168,-3.0274688604064792,-3.024388757671424,-3.021313327097496,-3.01824444688201,-3.0151847852753813,-3.0121381419270548,-3.009109939856231,-3.006107935237525,-3.0031432418282145,-3.0002318087187243,-2.9973965480215763,-2.994670386690261,-2.992100614776791,-2.989755013779484,-2.9877303462132883,-2.986163802932974,-2.985247795540916
-3.587982985745568,-3.587193364144072,-3.5858250683337585,-3.5840293972527664,-3.5819160487810735,-3.579565259970675,-3.577036146991079,-3.574372532570842,-3.5716070743792048,-3.568764222832546,-3.5658623599709918,-3.5629153581348376,-3.5599337232619575,-3.5569254382077,-3.553896587837188,-3.5508518243698854,-3.5477947151549136,-3.5447280035107354,-3.5416538050110336,-3.5385737556544328,-3.5354891240453212,-3.5324008965693925,-3.5293098422433453,-3.526216562221841,-3.523121527690995,-3.520025108947627,-3.5169275977713466,-3.5138292246797893,-3.510730172270485,-3.5076305855623864,-3.504530580031451,-3.501430247869705,-3.498329662872374,-3.495228884263027,-3.4921279596946984,-3.4890269276101606,-3.4859258191026163,-3.4828246593860426,-3.4797234689598397,-3.476622264533513,-3.473521059762564,-3.470419865835508,-3.467318691943235,-3.4642175456551665,-3.4611164332214197,-3.458015359816087,-3.454914329733575,-3.4518133465474006,-3.448712413238936,-3.4456115323020184,-3.442510705828143,-3.4394099355759984,-3.4363092230283554,-3.4332085694387056,-3.4301079758695874,-3.4270074432241535,-3.423906972272218,-3.4208065636718112,-3.4177062179870488,-3.4146059357029706,-3.4115057172379086,-3.4084055629538033,-3.405305473164829,-3.402205448144634,-3.399105488132417,-3.3960055933380495,-3.3929057639463944,-3.3898060001209704,-3.3867063020070525,-3.3836066697343212,-3.380507103419113,-3.3774076031663527,-3.3743081690712198,-3.3712088012205803,-3.3681094996942287,-3.365010264565975,-3.3619110959045995,-3.3588119937746916,-3.3557129582374046,-3.352613989351131,-3.349515087172128,-3.346416251755083,-3.3433174831536556,-3.3402187814209916,-3.3371201466102245,-3.3340215787749745,-3.3309230779698478,-3.3278246442509567,-3.3247262776764632,-3.3216279783071614,-3.3185297462071013,-3.3154315814442814,-3.3123334840914156,-3.309235454226786,-3.3061374919352207,-3.303039597309194,-3.299941770450097,-3.296844011469699,-3.2937463204918425,-3.29064869765441,-3.2875511431116333,-3.2844536570367846,-3.2813562393533324,-3.278258889991538,-3.2751616088878253,-3.272064395984219,-3.2689672512278407,-3.2658701745704573,-3.2627731659680763,-3.259676225380578,-3.256579352771389,-3.2534825481071854,-3.2503858113576247,-3.2472891424951,-3.2441925414945243,-3.241096008333132,-3.237999542990296,-3.234903145447365,-3.2318068156875137,-3.2287105536956062,-3.2256143594580733,-3.222518232962802,-3.219422174199031,-3.2163261831572574,-3.213230259829153,-3.2101344042074875,-3.2070386162860585,-3.2039428960596306,-3.200847243523878,-3.1977516586753376,-3.194656141511362,-3.191560692030088,-3.188465310230409,-3.185369996111949,-3.182274749675055,-3.1791795709207875,-3.176084459850935,-3.172989416468032,-3.169894440775397,-3.1667995327771905,-3.163704692478501,-3.1606099198854527,-3.1575152150053674,-3.1544205778469654,-3.151326008420641,-3.1482315067388185,-3.1451370728164227,-3.1420427066714947,-3.138948408325996,-3.135854177806865,-3.1327600151473964,-3.129665920389062,-3.126571893583896,-3.1234779347976493,-3.12038404411395,-3.1172902216398164,-3.1141964675129734,-3.1111027819115864,-3.1080091650672466,-3.1049156172823333,-3.101822138953282,-3.0987287306018607,-3.0956353929172975,-3.092542126813188,-3.0894489335045456,-3.086355814612402,-3.0832627723061665,-3.0801698094978645,-3.0770769301078555,-3.073984139429237,-3.07089144462888,-3.067798855438077,-3.0647063851069882,-3.061614051727013,-3.058521880067572,-3.055429904133906,-3.05233817073796,-3.049246744496248,-3.0461557148426275,-3.0430652058930754,-3.0399753903571014,-3.036886509204669,-3.033798899538442,-3.03071303419112,-3.0276295781152283,-3.0245494688748735,-3.021474031801232,-3.0184051450946296,-3.0153454770099373,-3.012298827203206,-3.0092706187034284,-3.0062686076997442,-3.0033039079709765,-3.000392468639482,-2.997557201865058,-2.994831034670994,-2.9922612572119167,-2.9899156511359557,-2.987890979174431,-2.986324432489575,-2.9854084231101328
-3.588140065470824,-3.587350442443563,-3.585982144137886,-3.584186469748936,-3.5820731173458635,-3.579722324122095,-3.5771932063541714,-3.5745295868524285,-3.571764123349072,-3.5689212663092515,-3.56601939781106,-3.5630723902244705,-3.560090749510639,-3.5570824585432312,-3.554053602201822,-3.551008832717305,-3.5479517174478614,-3.544884999719155,-3.541810795110603,-3.538730739625402,-3.535646101871597,-3.5325578682378094,-3.52946680774309,-3.526373521543992,-3.5232784808281523,-3.520182055893622,-3.5170845385210066,-3.5139861592287494,-3.5108871006150353,-3.5077875076993514,-3.504687495958091,-3.5015871575836366,-3.4984865663715077,-3.4953857815455094,-3.492284850758874,-3.489183812454538,-3.486082697725838,-3.482981531786863,-3.479880335137106,-3.476779124486149,-3.473677913489556,-3.470576713335896,-3.467475533216105,-3.4643743806996423,-3.4612732620366558,-3.458172182401265,-3.455071146087897,-3.45197015667009,-3.448869217129232,-3.4457683299591753,-3.442667497251425,-3.4395667207646805,-3.4364660019817204,-3.433365342156043,-3.430264742350194,-3.427164203467331,-3.4240637262772724,-3.4209633114380518,-3.417862959513789,-3.414762670989528,-3.411662446283603,-3.408562285757956,-3.405462189726763,-3.4023621584636743,-3.39926219220789,-3.3961622911692837,-3.393062455532718,-3.3899626854617124,-3.3868629811015443,-3.3837633425818936,-3.3806637700190976,-3.3775642635180834,-3.374464823174031,-3.371365449073805,-3.3682661412972013,-3.3651668999180306,-3.362067725005072,-3.358968616622915,-3.3558695748327136,-3.352770599692861,-3.349671691259613,-3.346572849587657,-3.3434740747306537,-3.3403753667417484,-3.337276725674076,-3.3341781515812547,-3.331079644517892,-3.3279812045400985,-3.3248828317060375,-3.3217845260765007,-3.318686287715539,-3.3155881166911505,-3.3124900130760473,-3.3093919769485125,-3.3062940083933734,-3.303196107503102,-3.3000982743790916,-3.2970005091331087,-3.293902811888995,-3.2908051827846334,-3.287707621974252,-3.2846101296311234,-3.281512705678717,-3.2784153500472937,-3.275318062673278,-3.272220843498695,-3.269123692470667,-3.266026609540963,-3.262929594665591,-3.259832647804431,-3.2567357689209104,-3.2536389579817055,-3.2505422149564738,-3.2474455398176105,-3.24434893254003,-3.2412523931009645,-3.238155921479787,-3.2350595176578474,-3.231963181618319,-3.228866913346067,-3.225770712827524,-3.2226745800505765,-3.2195785150044616,-3.2164825176796783,-3.2133865880678973,-3.2102907261618903,-3.207194931955454,-3.2040992054433524,-3.2010035466212616,-3.197907955485716,-3.19481243203407,-3.191716976264461,-3.188621588175781,-3.1855262677676546,-3.1824310150404287,-3.1793358299951646,-3.176240712633651,-3.173145662958422,-3.1700506809727957,-3.166955766680933,-3.163860920087922,-3.160766141199888,-3.1576714300241524,-3.154576786569435,-3.1514822108461313,-3.1483877028666645,-3.1452932626459593,-3.1421988902020574,-3.1391045855569217,-3.1360103487374875,-3.1329161797770513,-3.1298220787170847,-3.1267280456096214,-3.123634080520413,-3.120540183533087,-3.1174463547546605,-3.11435259432286,-3.1112589024158503,-3.108165279265224,-3.1050717251733575,-3.1019782405366882,-3.098884825876983,-3.0957914818834724,-3.0926982094697504,-3.0896050098508305,-3.0865118846477446,-3.0834188360299013,-3.080325866909327,-3.0772329812063837,-3.0741401842141696,-3.0710474830995595,-3.0679548875938516,-3.064862410947213,-3.061770071251056,-3.0586778932748193,-3.055585911023768,-3.052494171309887,-3.049402738749748,-3.0463117027772975,-3.043221187508636,-3.040131365653464,-3.0370424781820247,-3.0339548621973953,-3.030868990532884,-3.027785528141918,-3.0247054125899386,-3.0216299692100934,-3.018561076205628,-3.015501401835737,-3.0124547457628803,-3.009426531025552,-3.006424513826984,-3.0034598079669013,-3.0005483625986447,-2.997713089927877,-2.9949869170456105,-2.9924171342060304,-2.9900715232026145,-2.9880468469766184,-2.986480296988579,-2.9855642856809204
-3.5882924557729776,-3.587502831362661,-3.5861345306363703,-3.584338853038553,-3.5822254968218665,-3.579874699316931,-3.5773455769041136,-3.5746819524730817,-3.5719164838171173,-3.569073621448682,-3.5661717474826977,-3.563224734317926,-3.560243087938106,-3.557234791234672,-3.5542059291012196,-3.55116115377973,-3.548104032637175,-3.545037309006203,-3.5419630984717894,-3.538883037041567,-3.5357983933271293,-3.532710153719939,-3.529619087241326,-3.5265257950496802,-3.5234307483341154,-3.5203343173938757,-3.517236794010533,-3.5141384087033125,-3.511039344071038,-3.5079397451337138,-3.504839727368155,-3.5017393829670915,-3.498638785726324,-3.495537994869892,-3.492437058051219,-3.4893360137133986,-3.4862348929498967,-3.4831337209749105,-3.4800325182880245,-3.476931301598893,-3.473830084563143,-3.4707288783693966,-3.467627692208633,-3.464526533650346,-3.4614254089447147,-3.458324323265886,-3.4552232809083074,-3.4521222854455367,-3.449021339858977,-3.4459204466424924,-3.4428196078876008,-3.4397188253530118,-3.4366181005215117,-3.433517434646606,-3.430416828790846,-3.427316283857393,-3.424215800616072,-3.4211153797249216,-3.4180150217480625,-3.414914727170542,-3.411814496410697,-3.4087143298304716,-3.4056142277440444,-3.4025141904250678,-3.3994142181127436,-3.3963143110169427,-3.3932144693225332,-3.390114693193035,-3.387014982773726,-3.383915338194286,-3.380815759571052,-3.377716247008953,-3.3746168006031687,-3.371517420440565,-3.3684181066009375,-3.3653188591580956,-3.362219678180821,-3.3591205637337027,-3.356021515877895,-3.352922534671792,-3.3498236201716485,-3.3467247724321525,-3.3436259915069644,-3.34052727744923,-3.3374286303120826,-3.3343300501491404,-3.3312315370150105,-3.328133090965804,-3.325034712059683,-3.3219364003574396,-3.318838155923125,-3.315739978824736,-3.312641869134986,-3.3095438269321567,-3.3064458523010742,-3.303347945334211,-3.300250106132958,-3.2971523348090828,-3.2940546314864245,-3.290956996302865,-3.2878594294126313,-3.284761930988993,-3.2816645009554226,-3.278567139242181,-3.275469845785694,-3.2723726205279884,-3.2692754634161867,-3.266178374402057,-3.2630813534416077,-3.259984400494721,-3.2568875155248254,-3.253790698498596,-3.25069394938569,-3.2475972681585037,-3.244500654791951,-3.2414041092632657,-3.238307631551822,-3.2352112216389686,-3.232114879507879,-3.229018605143419,-3.225922398532021,-3.2228262596615713,-3.2197301885213094,-3.216634185101732,-3.213538249394512,-3.210442381392419,-3.2073465810892516,-3.2042508484797727,-3.2011551835596586,-3.198059586325445,-3.1949640567744866,-3.191868594904919,-3.1887732007156377,-3.1856778742062652,-3.1825826153771475,-3.1794874242293463,-3.1763923007646495,-3.173297244985591,-3.170202256895491,-3.167107336498511,-3.164012483799737,-3.1609176988052963,-3.1578229815225094,-3.1547283319600963,-3.1516337501284513,-3.148539236039998,-3.1454447897096625,-3.1423504111554847,-3.1392561003994275,-3.1361618574684282,-3.1330676823957817,-3.129973575222959,-3.1268795360019963,-3.123785564798642,-3.120691661696526,-3.1175978268026654,-3.1145040602547858,-3.111410362231053,-3.1083167329630585,-3.1052231727531794,-3.1021296819978517,-3.099036261218841,-3.095942911105379,-3.092849632571061,-3.0897564268308995,-3.086663295505927,-3.0835702407655523,-3.080477265521804,-3.077384373695043,-3.074291570578372,-3.071198863338669,-3.0681062617072348,-3.065013778934246,-3.061921433111125,-3.0588292490073274,-3.055737260628144,-3.052645514785597,-3.049554076096315,-3.046463033994329,-3.0433725125958633,-3.0402826846108004,-3.037193791009655,-3.034106168895905,-3.03102029110345,-3.027936822586594,-3.0248567009120704,-3.02178125141494,-3.01871235230128,-3.0156526718344803,-3.0126060096832146,-3.0095777888951956,-3.0065757656873253,-3.0036110538796055,-3.0006996026554327,-2.997864324264961,-2.995138145864896,-2.992568357806001,-2.990222742022748,-2.988198061660035,-2.98663150846777,-2.985715495289661
-3.5884402688838324,-3.5876506431321387,-3.58628234005818,-3.584486659348195,-3.58237329943282,-3.58002249777573,-3.577493370857992,-3.574829741646215,-3.572064267992917,-3.5692214004564438,-3.5663195211874377,-3.563372502612582,-3.560390850737517,-3.5573825484709114,-3.5543536807199563,-3.5513088997373887,-3.548251772898704,-3.545185043543323,-3.5421108272616193,-3.539030760065528,-3.53594611057008,-3.5328578651694937,-3.529766792887311,-3.5266734948836986,-3.5235784423492054,-3.520482005584235,-3.5173844763712947,-3.5142860852303697,-3.5111870147609014,-3.5080874099833945,-3.504987386375077,-3.501887036129012,-3.498786433041278,-3.495685636336137,-3.4925846936672,-3.4894836434777123,-3.486382516861266,-3.483281339032163,-3.4801801304900724,-3.4770789079447253,-3.4739776850518087,-3.4708764729999935,-3.4677752809802986,-3.4646741165622568,-3.4615729859960758,-3.458471894455926,-3.4553708462362795,-3.4522698449107088,-3.4491688934606333,-3.44606799437993,-3.4429671497601286,-3.4398663613599463,-3.4367656306621774,-3.4336649589203363,-3.4305643471969787,-3.427463796395272,-3.4243633072850437,-3.421262880524338,-3.418162516677279,-3.415062216228916,-3.411961979597588,-3.408861807145242,-3.4057616991860593,-3.402661655993692,-3.3995616778073425,-3.3964617648368858,-3.3933619172671894,-3.3902621352617732,-3.387162418965916,-3.384062768509299,-3.3809631840082606,-3.3778636655677285,-3.3747642132828846,-3.3716648272405947,-3.368565507520656,-3.3654662541968774,-3.362367067338039,-3.359267947008732,-3.3561688932701093,-3.3530699061805653,-3.349970985796355,-3.346872132172167,-3.3437733453616594,-3.3406746254179795,-3.3375759723942613,-3.3344773863441226,-3.3313788673221696,-3.328280415384515,-3.3251820305893207,-3.322083712997377,-3.3189854626727344,-3.315887279683392,-3.3127891641020604,-3.309691116007021,-3.3065931354830984,-3.3034952226227667,-3.3003973775274145,-3.2972996003088086,-3.294201891090787,-3.2911042500112315,-3.2880066772243666,-3.2849091729034625,-3.281811736971991,-3.2787143693602148,-3.2756170700045604,-3.2725198388470536,-3.269422675834819,-3.2663255809196245,-3.2632285540574792,-3.260131595208266,-3.257034704335414,-3.2539378814055984,-3.2508411263884773,-3.2477444392564467,-3.244647819984421,-3.241551268549635,-3.2384547849314624,-3.2353583691112515,-3.2322620210721777,-3.2291657407991066,-3.2260695282784693,-3.222973383498155,-3.2198773064474007,-3.216781297116705,-3.21368535549774,-3.210589481583276,-3.2074936753671115,-3.2043979368440105,-3.2013022660096473,-3.198206662860559,-3.1951111273940995,-3.1920156596084057,-3.1889202595023716,-3.185824927075622,-3.182729662328502,-3.179634465262073,-3.1765393358781235,-3.1734442741791877,-3.170349280168584,-3.1672543538504745,-3.164159495229946,-3.161064704313125,-3.157969981107331,-3.154875325621286,-3.151780737865384,-3.148686217852049,-3.145591765596206,-3.1424973811158967,-3.139403064433083,-3.1363088155747025,-3.133214634574049,-3.1301205214725942,-3.1270264763223743,-3.1239324991891384,-3.1208385901565143,-3.1177447493315222,-3.114650976851885,-3.1115572728957672,-3.1084636376947627,-3.105370071551249,-3.102276574861661,-3.0991831481477656,-3.096089792098792,-3.0929965076283366,-3.089903295951412,-3.0868101586890497,-3.0837170980106605,-3.080624116828274,-3.077531219062252,-3.0744384100056994,-3.071345696825497,-3.06825308925295,-3.065160600538242,-3.0620682487728077,-3.058976058726118,-3.0558840644034895,-3.0527923126169805,-3.049700867983274,-3.0466098199364824,-3.04351929259295,-3.040429458662738,-3.037340559116623,-3.0342529310584716,-3.0311670473227585,-3.0280835728646323,-3.025003445252083,-3.0219279898220273,-3.0188590847832897,-3.0157993984033262,-3.0127527303568415,-3.009724503700485,-3.0067224746644206,-3.003757757088312,-3.0008463001847065,-2.9980110162469105,-2.995284832495341,-2.992715039374428,-2.9903694189553898,-2.9883447345806298,-2.986778178280706,-2.9858621632885165
-3.58858361619682,-3.587793989144407,-3.5864256837939386,-3.584630000066116,-3.582516636564155,-3.5801658308807602,-3.577636699594643,-3.5749730657470216,-3.572207587247854,-3.569364714699982,-3.5664628302886836,-3.563515806467718,-3.560534149263964,-3.557525841602801,-3.554496968404605,-3.55145218193254,-3.548395049570371,-3.5453283146640877,-3.5422540928092885,-3.5391740200220836,-3.536089364920839,-3.5330011139024466,-3.5299100359925935,-3.526816732353169,-3.523721674176114,-3.520625231762955,-3.5175276968971065,-3.5144293000992906,-3.511330223969548,-3.5082306135288706,-3.505130584254884,-3.5020302283409763,-3.49892961958349,-3.4958288172069083,-3.4927278688650207,-3.489626813001222,-3.486525680709227,-3.4834244972034396,-3.4803232829836137,-3.4772220547595483,-3.47412082618699,-3.471019608454658,-3.467918410753614,-3.464817240653423,-3.4617161044043216,-3.458615007180505,-3.4555139532764643,-3.4524129462657895,-3.4493119891299164,-3.446211084362735,-3.443110234055784,-3.4400094399677905,-3.4369087035815573,-3.4338080261506034,-3.4307074087374922,-3.4276068522453964,-3.424506357444147,-3.42140592499179,-3.4183055554524535,-3.4152052493111906,-3.4121050069863426,-3.4090048288398567,-3.4059047151859176,-3.402804666298178,-3.399704682415843,-3.396604763748787,-3.3935049104818797,-3.3904051227786427,-3.3873054007843546,-3.384205744628697,-3.38110615442801,-3.378006630287221,-3.3749071723015116,-3.3718077805577473,-3.368708455135726,-3.365609196109258,-3.362510003547123,-3.3594108775139127,-3.35631181807078,-3.353212825276119,-3.350113899186186,-3.3470150398556684,-3.3439162473382265,-3.3408175216870064,-3.3377188629551413,-3.33462027119625,-3.331521746464937,-3.3284232888173144,-3.3253248983115444,-3.322226575008419,-3.319128318971987,-3.3160301302702453,-3.3129320089759053,-3.3098339551672487,-3.3067359689291,-3.3036380503539307,-3.3005401995431294,-3.297442416608463,-3.294344701673768,-3.291247054876925,-3.288149476372159,-3.2850519663327367,-3.2819545246821304,-3.278857151350605,-3.2757598462745863,-3.272662609396103,-3.269565440662279,-3.2664683400248844,-3.2633713074399266,-3.260274342867289,-3.2571774462704015,-3.25408061761594,-3.2509838568735625,-3.247887164015666,-3.2447905390171656,-3.2416939818552963,-3.2385974925094314,-3.235501070960921,-3.2324047171929386,-3.229308431190351,-3.22621221293959,-3.2231160624285433,-3.220019979646449,-3.216923964583806,-3.213828017232286,-3.2107321375846607,-3.207636325634727,-3.2045405813772505,-3.201444904807905,-3.198349295923227,-3.195253754720572,-3.192158281198076,-3.1890628753546317,-3.185967537189864,-3.1828722667041185,-3.179777063898458,-3.1766819287746704,-3.1735868613352904,-3.1704918615836375,-3.167396929523873,-3.1643020651610843,-3.1612072685013968,-3.158112539552131,-3.1550178783220084,-3.151923284821422,-3.1488287590627966,-3.1457343010610566,-3.1426399108342453,-3.1395455884043226,-3.136451333798227,-3.1333571470492534,-3.130263028198872,-3.1271689772991187,-3.124074994415743,-3.1209810796323727,-3.117887233056027,-3.1147934548244303,-3.111699745115749,-3.108606104161574,-3.105512532264283,-3.1024190298203105,-3.0993255973514247,-3.0962322355468532,-3.0931389453201934,-3.090045727886458,-3.08695258486668,-3.0838595184302693,-3.0807665314892563,-3.0776736279640033,-3.0745808131476164,-3.0714880942069795,-3.0683954808734035,-3.0653029863970795,-3.0622106288694524,-3.059118433060009,-3.056026432974091,-3.0529346754237903,-3.0498432250258456,-3.0467521712144445,-3.0436616381060513,-3.0405717984108978,-3.037482893100015,-3.0343952592776486,-3.0313093697788265,-3.0282258895595224,-3.025145756188941,-3.0220702950058,-3.019001384221586,-3.0159416921077002,-3.0128950183446923,-3.0098667859978816,-3.006864751310288,-3.0039000281406434,-3.000988565729762,-2.9981532764127925,-2.9954270874719344,-2.9928572894424432,-2.9905116645281407,-2.9884869762629482,-2.986920416949567,-2.986004400198286
-3.5887226081313117,-3.587932979817822,-3.5865646722602254,-3.5847689856065412,-3.582655618627308,-3.580304809040324,-3.577775673518968,-3.5751120351767933,-3.5723465519794484,-3.5695036745729136,-3.566601785176049,-3.563654756268863,-3.5606730938988274,-3.5576647810075213,-3.5546359025281036,-3.55159111073385,-3.5485339730165393,-3.5454672327285293,-3.5423930054704895,-3.5393129272625745,-3.5362282667263853,-3.5331400102614046,-3.530048926895398,-3.526955617791931,-3.523860554144289,-3.5207641062550863,-3.5176665659086193,-3.514568163626324,-3.511469082008819,-3.5083694660775717,-3.5052694313105905,-3.502169069901582,-3.4990684556471456,-3.4959676477719754,-3.4928666939300372,-3.4897656325648683,-3.4866644947703045,-3.4835633057608466,-3.480462086036329,-3.477360852306621,-3.4742596182275234,-3.471158394987804,-3.4680571917785654,-3.464956016169405,-3.461854874410587,-3.4587537716763297,-3.455652712261145,-3.4525516997386396,-3.4494507370902627,-3.4463498268099158,-3.443248970989149,-3.4401481713866993,-3.437047429485376,-3.433946746538705,-3.4308461236092542,-3.4277455616002,-3.4246450612813795,-3.4215446233108424,-3.418444248252718,-3.415343936592064,-3.412243688747223,-3.409143505080144,-3.4060433859050137,-3.402943331495487,-3.39984334209077,-3.3967434179007396,-3.3936435591102643,-3.390543765882865,-3.387444038363825,-3.384344376682826,-3.381244780956207,-3.378145251288896,-3.3750457877760747,-3.37194639050461,-3.3688470595542994,-3.3657477949989536,-3.3626485969073525,-3.3595494653440876,-3.3564504003703126,-3.353351402044422,-3.350252470422671,-3.3471536055597477,-3.3440548075093117,-3.3409560763245096,-3.337857412058475,-3.3347588147648257,-3.331660284498167,-3.32856182131461,-3.3254634252723183,-3.3223650964320806,-3.319266834857946,-3.316168640617913,-3.3130705137846905,-3.3099724544365605,-3.306874462658348,-3.3037765385425235,-3.3006786821904748,-3.297580893713967,-3.2944831732368365,-3.291385520896964,-3.2882879368485707,-3.285190421264924,-3.282092974069498,-3.2789955951925562,-3.275898284570526,-3.2728010421454368,-3.269703867864412,-3.2666067616792236,-3.2635097235458796,-3.260412753424264,-3.2573158512778053,-3.2542190170731824,-3.2511222507800537,-3.2480255523708146,-3.2449289218203807,-3.2418323591059863,-3.238735864207006,-3.235639437104789,-3.232543077782512,-3.229446786225039,-3.226350562418804,-3.2232544063516935,-3.2201583180129476,-3.217062297393064,-3.213966344483715,-3.210870459277671,-3.2077746417687303,-3.2046788919516587,-3.2015832098221306,-3.198487595376682,-3.1953920486126663,-3.192296569528222,-3.189201158122242,-3.1861058143943524,-3.1830105383448966,-3.179915329974938,-3.176820189286265,-3.173725116281412,-3.170630110963699,-3.1675351733372867,-3.1644403034072615,-3.16134550117975,-3.1582507666620723,-3.1551560998629506,-3.1520615007927772,-3.1489669694639764,-3.145872505891475,-3.142778110093313,-3.139683782091453,-3.136589521912833,-3.133495329590746,-3.1304012051666645,-3.1273071486926236,-3.1242131602343735,-3.121119239875542,-3.1180253877231463,-3.1149316039149118,-3.1118378886290032,-3.108744242097013,-3.1056506646213182,-3.1025571565983556,-3.0994637185498917,-3.0963703511651564,-3.0932770553577438,-3.0901838323426674,-3.0870906837409597,-3.083997611722032,-3.0809046191979137,-3.0778117100889713,-3.0747188896883118,-3.0716261651628223,-3.068533546243817,-3.0654410461814936,-3.062348683067308,-3.059256481670763,-3.0561644759972215,-3.053072712858813,-3.049981256872327,-3.046890197472027,-3.0437996587744895,-3.0407098134901145,-3.037620902590179,-3.0345332631792923,-3.0314473680930245,-3.0283638822881467,-3.0252837433350432,-3.0222082765741742,-3.0191393602196093,-3.016079662546574,-3.0130329832412865,-3.0100047453774708,-3.0070027052106094,-3.004037976617923,-3.001126508867631,-2.998291214335449,-2.995565020363475,-2.992995217575024,-2.990649588302476,-2.988624896265433,-2.987058334030445,-2.9861423155736917
-3.588857354008753,-3.5880677244728285,-3.5866994147757363,-3.5849037252858444,-3.582790354935889,-3.580439541564927,-3.577910401938108,-3.575246759239102,-3.5724812714875425,-3.569638389371223,-3.5667364951415577,-3.5637894613040024,-3.5608077939259872,-3.5577994759647966,-3.5547705923659816,-3.5517257954126173,-3.548668652504254,-3.545601906999421,-3.542527674503704,-3.5394475910411782,-3.5363629252365794,-3.533274663491902,-3.5301835748369257,-3.5270902604368377,-3.5239951914862315,-3.520898738288775,-3.517801192629619,-3.5147027850308925,-3.511603698093778,-3.508504076840199,-3.5054040367485375,-3.5023036700128043,-3.499203050429852,-3.496102237224579,-3.4930012780511195,-3.4899002113531505,-3.486799068224622,-3.4836978738801316,-3.4805966488195947,-3.477495409752944,-3.474394170336036,-3.471292941757685,-3.4681917332090295,-3.4650905522597015,-3.4619894051599918,-3.4588882970841417,-3.4557872323266827,-3.4526862144612376,-3.4495852464692685,-3.4464843308446893,-3.443383469679059,-3.4402826647311238,-3.437181917483701,-3.434081229190322,-3.430980600913561,-3.4278800335565998,-3.4247795278892768,-3.4216790845696465,-3.418578704161842,-3.415478387150922,-3.4123781339552304,-3.40927794493672,-3.406177820409579,-3.4030777606474634,-3.3999777658895796,-3.396877836345806,-3.3937779722010144,-3.3906781736187255,-3.3875784407442215,-3.3844787737071855,-3.381379172623958,-3.3782796375994675,-3.3751801687288956,-3.37208076609911,-3.3689814297899074,-3.3658821598751008,-3.362782956423469,-3.359683819499603,-3.3565847491646568,-3.353485745477025,-3.350386808492962,-3.347287938267158,-3.3441891348532704,-3.3410903983044458,-3.3379917286738197,-3.334893126015008,-3.331794590382617,-3.3286961218327584,-3.325597720423593,-3.322499386215912,-3.319401119273764,-3.316302919665144,-3.313204787462765,-3.3101067227449064,-3.3070087255963916,-3.3039107961096916,-3.3008129343861934,-3.2977151405376612,-3.2946174146879312,-3.2915197569748815,-3.288422167552734,-3.285324646594754,-3.282227194024415,-3.2791298097719834,-3.2760324937738874,-3.2729352459721555,-3.2698380663139126,-3.2667409547509294,-3.263643911239217,-3.2605469357386587,-3.2574500282126833,-3.2543531886279693,-3.2512564169541767,-3.2481597131637003,-3.2450630772314573,-3.2419665091346817,-3.2388700088527487,-3.2357735763670075,-3.232677211660634,-3.229580914718494,-3.2264846855270206,-3.223388524074101,-3.220292430348975,-3.21719640434214,-3.2141004460452693,-3.2110045554511326,-3.2079087325535296,-3.204812977347225,-3.2017172898278936,-3.198621669992072,-3.1955261178371157,-3.1924306333611607,-3.1893352165630993,-3.186239867442558,-3.183144585999881,-3.180049372236132,-3.1769542261530987,-3.1738591477533156,-3.1707641370401025,-3.1676691940176194,-3.164574318690955,-3.1614795110662333,-3.158384771150777,-3.155290098953307,-3.1521954944842165,-3.1491009577559304,-3.1460064887833736,-3.1429120875845875,-3.139817754181534,-3.1367234886011497,-3.1336292908767303,-3.130535161049747,-3.127441099172235,-3.124347105309944,-3.1212531795465015,-3.1181593219889265,-3.1150655327749424,-3.1119718120827145,-3.108878160143836,-3.105784577260683,-3.102691063829693,-3.099597620372631,-3.0965042475787268,-3.0934109463615758,-3.0903177179361916,-3.0872245639236056,-3.0841314864932303,-3.081038488557098,-3.0779455740355735,-3.0748527482217662,-3.0717600182825655,-3.068667393949291,-3.0655748884721463,-3.0624825199425985,-3.0593903131301636,-3.0562983020402292,-3.0532065334849556,-3.0501150720811823,-3.047024007263248,-3.0439334631478383,-3.0408436124455145,-3.037754696127795,-3.034667051299643,-3.0315811507971513,-3.0284976595778637,-3.0254175152133076,-3.022342043045634,-3.019273121291416,-3.0162134182295874,-3.013166733551859,-3.0101384903401,-3.0071364448618785,-3.004171711012335,-3.001260238086253,-2.998424938498674,-2.9956987396497587,-2.993128932248182,-2.9907832987509435,-2.9887586030576365,-2.987192037990573,-2.9862760178806096
-3.5889879619403184,-3.5881983312196097,-3.586830019448917,-3.5850343272101752,-3.582920953593316,-3.5805701365549236,-3.5780409929490884,-3.5753773460274396,-3.5726118538619316,-3.5697689671808885,-3.5668670682672734,-3.5639200296512,-3.5609383574194475,-3.557930034544522,-3.5549011459839837,-3.551856344030407,-3.5487991960908722,-3.5457324455298913,-3.5426582079578144,-3.5395781194025178,-3.536493448491774,-3.53340518163001,-3.530314087848962,-3.527220768315387,-3.524125694225144,-3.521029235882925,-3.517931685074708,-3.5148332723232927,-3.511734180230407,-3.5086345538184194,-3.5055345085660745,-3.502434136667679,-3.499333511920326,-3.4962326935491155,-3.4931317292083444,-3.4900306573418236,-3.486929509043617,-3.4838283095284135,-3.480727079296204,-3.477625835056987,-3.474524590466672,-3.4714233567141166,-3.468322142990498,-3.465220956865478,-3.4621198045893733,-3.45901869133645,-3.4559176214012557,-3.45281659835743,-3.4497156251864496,-3.446614704382239,-3.4435138380363677,-3.4404130279075877,-3.4373122754787246,-3.4342115820033157,-3.4311109485439406,-3.4280103760037846,-3.4249098651526917,-3.421809416648719,-3.4187090310560024,-3.4156087088596023,-3.4125084504778673,-3.4094082562727506,-3.406308126558441,-3.403208061608598,-3.400108061662429,-3.397008126929812,-3.3939082575956183,-3.390808453823371,-3.3877087157583547,-3.384609043530251,-3.3815094372553998,-3.3784098970387313,-3.375310422975428,-3.372211015152357,-3.369111673649318,-3.36601239854012,-3.3629131898935443,-3.3598140477741825,-3.3567149722431884,-3.3536159633589566,-3.3505170211777426,-3.347418145754235,-3.344319337142093,-3.3412205953944616,-3.3381219205644754,-3.3350233127057516,-3.3319247718728966,-3.3288262981220216,-3.3257278915112867,-3.322629552101482,-3.319531279956657,-3.316433075144808,-3.3133349377386443,-3.3102368678164464,-3.307138865463038,-3.3040409307708885,-3.3009430638413844,-3.297845264786289,-3.2947475337294376,-3.2916498708087074,-3.2885522761783195,-3.285454750011537,-3.282357292231836,-3.2792599027694824,-3.276162581560906,-3.2730653285481357,-3.269968143678297,-3.2668710269031607,-3.2637739781787385,-3.2606769974649135,-3.257580084725116,-3.2544832399260244,-3.251386463037297,-3.2482897540313314,-3.2451931128830442,-3.24209653956967,-3.239000034070583,-3.235903596367134,-3.2328072264424983,-3.2297109242815436,-3.2266146898707024,-3.223518523197862,-3.2204224242522614,-3.2173263930243996,-3.2142304295059496,-3.2111345336896813,-3.2080387055693937,-3.204942945139851,-3.2018472523967287,-3.198751627336564,-3.195656069956711,-3.1925605802553085,-3.189465158231248,-3.1863698038841557,-3.1832745172143766,-3.180179298222973,-3.177084146911733,-3.173989063283191,-3.170894047340667,-3.1677990990883225,-3.1647042185312446,-3.1616094056755584,-3.158514660528585,-3.155419983099046,-3.1523253733973347,-3.1492308314358755,-3.1461363572295937,-3.143041950796531,-3.1399476121586485,-3.136853341342883,-3.133759138382532,-3.1306650033190637,-3.1275709362045148,-3.124476937104635,-3.121383006103052,-3.118289143306784,-3.1151953488535566,-3.1121016229215344,-3.109007965742308,-3.105914377618255,-3.1028208589458117,-3.0997274102467447,-3.096634032210284,-3.093540725750024,-3.0904474920809784,-3.0873543328241806,-3.084261250149042,-3.081168246967594,-3.0780753272002035,-3.074982496139983,-3.071889760953823,-3.0687971313730484,-3.065704620647869,-3.06261224686976,-3.0595200348082536,-3.056428018468759,-3.0533362446634698,-3.0502447780092727,-3.0471537079405793,-3.044063158574181,-3.040973302620795,-3.0378843810521734,-3.0347967309736212,-3.0317108252217375,-3.0286273287548164,-3.0255471791454926,-3.0224717017375573,-3.019402774750008,-3.016343066465372,-3.0132963765806853,-3.0102681281857127,-3.0072660775597324,-3.0043013386152557,-3.0013898606728113,-2.998554556185553,-2.995828352609918,-2.9932585407373105,-2.990912903145512,-2.9888882039085622,-2.987321636096658,-2.9864056143844078
-3.5891145387252177,-3.5883249068563994,-3.5869565930762914,-3.585160898173783,-3.5830475213911406,-3.580696700798835,-3.578167553337146,-3.575503902323556,-3.5727384058807234,-3.569895514776245,-3.566993611323657,-3.5640465680769746,-3.561064891141722,-3.5580565635051564,-3.5550276701364747,-3.551982863337457,-3.5489257105224783,-3.545858955061852,-3.54278471257054,-3.5397046190801045,-3.5366199432212624,-3.533531671400799,-3.5304405726523433,-3.527347248144175,-3.5242521690733835,-3.52115570574565,-3.518058149947753,-3.5149597322031427,-3.5118606351140755,-3.5087610037033494,-3.50566095345006,-3.5025605765488,-3.4994599467969,-3.49635912341965,-3.4932581540715066,-3.4901570771964145,-3.487055923888543,-3.4839547193626714,-3.4808534841188665,-3.4777522348671863,-3.474650985263593,-3.471549746496987,-3.468448527758582,-3.46534733661807,-3.4622461793257946,-3.4591450610560415,-3.4560439861033774,-3.4529429580414566,-3.4498419798517697,-3.446741054028251,-3.4436401826624805,-3.4405393675132183,-3.4374386100632957,-3.4343379115662565,-3.431237273084684,-3.42813669552177,-3.425036179647361,-3.421935726119518,-3.4188353355023784,-3.4157350082810067,-3.4126347448737517,-3.4095345456425696,-3.406434410901651,-3.403334340924654,-3.400234335950789,-3.3971343961899367,-3.3940345218269683,-3.3909347130254077,-3.3878349699305383,-3.3847352926720458,-3.381635681366269,-3.378536136118139,-3.375436657022838,-3.372337244167233,-3.3692378976311232,-3.36613861748832,-3.363039403807604,-3.3599402566535654,-3.3568411760873595,-3.3537421621673813,-3.350643214949886,-3.3475443344895615,-3.344445520840068,-3.3413467740545504,-3.338248094186143,-3.335149481288464,-3.332050935416118,-3.3289524566252164,-3.3258540449739176,-3.322755700523014,-3.3196574233365537,-3.316559213482532,-3.313461071033659,-3.310362996068216,-3.307264988671023,-3.304167048934551,-3.3010691769601865,-3.2979713728596907,-3.2948736367568974,-3.291775968789684,-3.288678369112271,-3.28558083789792,-3.282483375070107,-3.2793859805590997,-3.2762886543013274,-3.2731913962388197,-3.2700942063187033,-3.2669970844927496,-3.2639000307169703,-3.2608030449512495,-3.2577061271590173,-3.2546092773069533,-3.251512495364715,-3.248415781304701,-3.2453191351018282,-3.2422225567333305,-3.2391260461785842,-3.2360296034189395,-3.2329332284375725,-3.229836921219349,-3.2267406817507025,-3.22364451001952,-3.220548406015043,-3.217452369727768,-3.214356401149369,-3.211260500272616,-3.2081646670913084,-3.2050689016002094,-3.201973203794996,-3.1988775736722053,-3.19578201122919,-3.19268651646409,-3.189591089375797,-3.186495729963937,-3.1834004382288557,-3.1803052141716153,-3.177210057794003,-3.174114969098556,-3.1710199480885923,-3.167924994768273,-3.1648301091426854,-3.1617352912179553,-3.1586405410014033,-3.155545858501751,-3.152451243729392,-3.149356696696751,-3.1462622174187524,-3.143167805913438,-3.140073462202769,-3.136979186313683,-3.1338849782794753,-3.1307908381416167,-3.1276967659521424,-3.1246027617768024,-3.1215088256992254,-3.118414957826429,-3.115321158296137,-3.1122274272865145,-3.109133765029154,-3.1060401718264323,-3.1029466480747843,-3.099853194295979,-3.096759811179244,-3.0936664996381746,-3.090573260887785,-3.087480096549108,-3.0843870087915546,-3.081294000527158,-3.0782010756762883,-3.0751082395320575,-3.0720154992613593,-3.068922864595522,-3.065830348784762,-3.0627379699205637,-3.059645752772474,-3.056553731345921,-3.0534619524531306,-3.0503704807110377,-3.0472794055541224,-3.0441888510992787,-3.0410989900573777,-3.0380100634003946,-3.034922408233968,-3.0318364973951883,-3.0287529958430754,-3.025672841151337,-3.0225973586653527,-3.0195284266064712,-3.0164687132607013,-3.01342201833024,-3.010393764912503,-3.0073917092981155,-3.00442696541642,-3.0015154826128954,-2.9986801733776285,-2.995953965221589,-2.993384149016352,-2.991038507456741,-2.989013804785843,-2.9874472343140646,-2.9865312110491256
-3.5892371897592437,-3.5884475567780214,-3.587079241050994,-3.5852835435675665,-3.5831701637176003,-3.5808193396819123,-3.5782901884842917,-3.5756265335060275,-3.572861032918902,-3.5700181375285642,-3.5671162296781738,-3.5641691819449006,-3.5611875004524323,-3.5581791682023183,-3.55515027017503,-3.5521054586812677,-3.5490483011424767,-3.545981540934586,-3.5429072936770325,-3.5398271954049445,-3.5367425147518943,-3.5336542381269513,-3.53056313456558,-3.5274698052375344,-3.524374721341091,-3.521278253182892,-3.5181806925504944,-3.515082269967978,-3.5119831680381104,-3.5088835317841074,-3.505783476685405,-3.502683094936873,-3.499582460336067,-3.4964816321084693,-3.493380657908688,-3.4902795761807957,-3.4871784180190653,-3.4840772086383653,-3.480975968538831,-3.477874714430582,-3.4747734599696307,-3.4716722163449187,-3.468570992747695,-3.465469796747681,-3.4623686345952454,-3.459267511464694,-3.4561664316506104,-3.4530653987266655,-3.449964415674361,-3.446863484987643,-3.4437626087580986,-3.4406617887444972,-3.437561026429676,-3.4344603230671837,-3.4313596797196126,-3.4282590972901543,-3.4251585765486614,-3.4220581181531964,-3.418957722667901,-3.41585739057784,-3.412757122301366,-3.4096569182004353,-3.4065567785892403,-3.4034567037414427,-3.4003566938962524,-3.3972567492635504,-3.3941568700282105,-3.3910570563537563,-3.387957308385472,-3.3848576262530417,-3.3817580100728066,-3.3786584599496985,-3.3755589759788993,-3.372459558247278,-3.3693602068346324,-3.3662609218147743,-3.3631617032564853,-3.3600625512243574,-3.3569634657795433,-3.3538644469804377,-3.350765494883296,-3.3476666095428085,-3.3445677910126332,-3.3414690393459168,-3.338370354595792,-3.3352717368158773,-3.3321731860607775,-3.329074702386602,-3.325976285851513,-3.322877936516299,-3.3197796544450084,-3.316681439705637,-3.313583292370893,-3.3104852125190583,-3.3073872002349534,-3.304289255611047,-3.301191378748725,-3.29809356975975,-3.2949958287679553,-3.2918981559112153,-3.28880055134375,-3.2857030152388194,-3.2826055475199016,-3.2795081481172645,-3.276410816967337,-3.2733135540121503,-3.270216359198831,-3.267119232479152,-3.264022173809124,-3.260925183148632,-3.2578282604611073,-3.2547314057132284,-3.251634618874655,-3.248537899917786,-3.245441248817537,-3.2423446655511423,-3.2392481500979784,-3.2361517024393955,-3.2330553225585708,-3.2299590104403695,-3.226862766071226,-3.2237665894390277,-3.220670480533015,-3.217574439343686,-3.214478465862714,-3.2113825600828694,-3.2082867219979505,-3.2051909516027237,-3.202095248892863,-3.1989996138649066,-3.1959040465162087,-3.1928085468449066,-3.1897131148498934,-3.186617750530795,-3.1835224538879565,-3.1804272249224406,-3.177332063636035,-3.174236970031275,-3.1711419441114796,-3.1680469858808107,-3.1649520953443546,-3.1618572725082403,-3.1587625173797855,-3.155667829967713,-3.152573210282416,-3.14947865833632,-3.1463841741443486,-3.1432897577245433,-3.1401954090988666,-3.1371011282942547,-3.1340069153440036,-3.130912770289583,-3.1278186931830296,-3.1247246840900917,-3.121630743094398,-3.118536870302967,-3.1154430658535213,-3.112349329924229,-3.10925566274668,-3.1061620646232506,-3.1030685359503787,-3.099975077249829,-3.0968816892108313,-3.0937883727469817,-3.0906951290732927,-3.087601959810798,-3.084508867128911,-3.0814158539396646,-3.078322924163429,-3.075230083093316,-3.0721373378962236,-3.069044698303484,-3.0659521775653196,-3.0628597937732245,-3.0597675716967583,-3.05667554534137,-3.0535837615193175,-3.050492284847579,-3.0474012047607033,-3.0443106453756825,-3.041220779403536,-3.038131847816458,-3.035044187720408,-3.031958271952953,-3.028874765473815,-3.0257946058577434,-3.022719118451656,-3.0196501814791787,-3.0165904632296945,-3.0135437634103983,-3.0105155051261208,-3.007513444678482,-3.0045486960131313,-3.0016372084997234,-2.9988018946641275,-2.996075682070151,-2.9935058616670447,-2.991160216263034,-2.9891355102649944,-2.987568937216073,-2.9866529124467407
-3.589356018953076,-3.588566384894207,-3.587198067281089,-3.5854023672973807,-3.5832889844759275,-3.5809381571044456,-3.5784090022876205,-3.5757453434685553,-3.572979838866622,-3.5701369393243336,-3.5672350272135467,-3.564287975133863,-3.5613062892265654,-3.5582979525070484,-3.5552690499667094,-3.5522242339248846,-3.549167071809873,-3.5461003070030443,-3.5430260551281676,-3.539945952223828,-3.5368612669263615,-3.5337729856470523,-3.5306818774231403,-3.52758854342581,-3.5244934548544906,-3.5213969820167543,-3.5182994167009083,-3.5152009894316443,-3.5121018828122263,-3.5090022418662725,-3.505902182073547,-3.5028017956291904,-3.4997011563309814,-3.496600323404581,-3.4934993445047478,-3.490398258075676,-3.4872970952117406,-3.484195881127895,-3.4810946363243445,-3.477993377511267,-3.4748921183447226,-3.471790870013694,-3.4686896417094624,-3.4655884410017785,-3.462487274141034,-3.459386146301557,-3.4562850617779466,-3.453184024143887,-3.450083036380893,-3.446982100982922,-3.443881220041568,-3.4407803953156098,-3.4376796282878908,-3.4345789202119663,-3.4314782721504296,-3.428377685006479,-3.4252771595499696,-3.422176696438969,-3.419076296237619,-3.415975959430989,-3.4128756864374323,-3.4097754776189086,-3.4066753332896096,-3.4035752537231985,-3.4004752391588866,-3.397375289806555,-3.394275405851079,-3.3911755874559826,-3.3880758347665503,-3.384976147912469,-3.38187652701008,-3.378776972164314,-3.375677483470356,-3.3725780610150724,-3.369478704878261,-3.3663794151337356,-3.363280191850276,-3.360181035092475,-3.357081944921487,-3.3539829213957044,-3.3508839645713846,-3.3477850745032165,-3.3446862512448594,-3.3415874948494593,-3.3384888053701474,-3.335390182860542,-3.332291627375249,-3.329193138970378,-3.3260947177040894,-3.3229963636371735,-3.3198980768336783,-3.3167998573615995,-3.3137017052936457,-3.310603620708096,-3.3075056036897723,-3.3044076543311425,-3.3013097727335907,-3.2982119590088788,-3.29511421328084,-3.2920165356873476,-3.2889189263826215,-3.2858213855399208,-3.282723913082723,-3.279626508941296,-3.2765291730520714,-3.273431905357079,-3.2703347058034478,-3.26723757434295,-3.2641405109315973,-3.2610435155292743,-3.2579465880994127,-3.254849728608693,-3.2517529370267746,-3.2486562133260546,-3.2455595574814495,-3.2424629694701967,-3.2393664492716705,-3.2362699968672213,-3.2331736122400256,-3.2300772953749513,-3.2269810462584307,-3.223884864878352,-3.2207887512239557,-3.2176927052857405,-3.2145967270553792,-3.211500816525643,-3.208404973690331,-3.205309198544208,-3.2022134910829485,-3.1991178513030905,-3.1960222792019892,-3.1929267747777828,-3.1898313380293644,-3.186735968956358,-3.18364066755911,-3.180545433838682,-3.1774502677968632,-3.1743551694361893,-3.171260138759978,-3.168165175772391,-3.1650702804785156,-3.1619754528844792,-3.1588806929976014,-3.1557860008266037,-3.1526913763818794,-3.149596819675853,-3.1465023307234503,-3.1434079095427134,-3.1403135561556037,-3.1372192705890574,-3.1341250528763704,-3.1310309030590124,-3.1279368211890195,-3.124842807332141,-3.1217488615720055,-3.1186549840156306,-3.1155611748007406,-3.1124674341055,-3.1093737621615007,-3.10628015927112,-3.103186625830792,-3.100093162362285,-3.0969997695548286,-3.0939064483220173,-3.0908131998788657,-3.0877200258464073,-3.0846269283940537,-3.0815339104338393,-3.078440975886135,-3.0753481300440573,-3.0722553800745045,-3.069162735708812,-3.066070210197209,-3.0629778216311956,-3.059885594780348,-3.0567935636501353,-3.0537017750528435,-3.050610293605495,-3.047519208742704,-3.04442864458156,-3.0413387738332234,-3.0382498374701004,-3.0351621725984606,-3.032076252056335,-3.0289927408041253,-3.025912576417589,-3.0228370842451344,-3.019768142512595,-3.016708419512622,-3.013661714957253,-3.010633451958499,-3.007631386828632,-3.004666633529101,-3.001755141452976,-2.998919823160797,-2.9961936062675556,-2.9936237817977505,-2.9912781326694664,-2.9892534234482495,-2.9876868479027134,-2.9867708216759956
-3.5894711286595986,-3.5886814935569027,-3.587313174116887,-3.585517471711366,-3.5834040860116807,-3.58105325540909,-3.5785240970866408,-3.5758604345473106,-3.5730949260565663,-3.5702520224926295,-3.5673501062551503,-3.5644030499654584,-3.561421359781882,-3.5584130187332264,-3.555384111821468,-3.552339291374316,-3.549282124826699,-3.54621535556526,-3.543141099217965,-3.540060991826749,-3.536976302030622,-3.5338880162430137,-3.5307969035028868,-3.5277035649828075,-3.52460847188332,-3.5215119945128994,-3.5184144246605835,-3.515315992851654,-3.512216881689856,-3.5091172361991982,-3.5060171718597646,-3.5029167808669555,-3.4998161370187635,-3.4967152995410253,-3.493614316088644,-3.490513225105933,-3.487412057687366,-3.484310839047975,-3.481209589688036,-3.478108326317782,-3.4750070625933205,-3.471905809703673,-3.468804576840155,-3.4657033715725443,-3.462602200151256,-3.4595010677506344,-3.4563999786652975,-3.4532989364689435,-3.4501979441430977,-3.4470970041817286,-3.44399611867644,-3.4408952893860167,-3.437794517793307,-3.4346938051518743,-3.4315931525243153,-3.4284925608138317,-3.4253920307902828,-3.422291563111737,-3.4191911583423407,-3.4160908169671647,-3.4129905394045643,-3.4098903260165003,-3.406790177117168,-3.40369009298023,-3.400590073844899,-3.397490119921056,-3.394390231393579,-3.391290408425992,-3.38819065116358,-3.3850909597360306,-3.3819913342596846,-3.378891774839475,-3.3757922815705843,-3.3726928545398827,-3.369593493827166,-3.3664941995062487,-3.3633949716459117,-3.3602958103107468,-3.3571967155619076,-3.354097687457789,-3.3509987260546463,-3.34789983140717,-3.3448010035690183,-3.3417022425933367,-3.338603548533259,-3.335504921442401,-3.3324063613753685,-3.329307868388273,-3.3262094425392728,-3.3231110838891578,-3.3200127925019762,-3.3169145684457235,-3.3138164117931073,-3.310718322622407,-3.3076203010184426,-3.304522347073684,-3.301424460889513,-3.2983266425776923,-3.295228892262053,-3.292131210080469,-3.2890335961871573,-3.2859360507553763,-3.282838573708605,-3.279741164977113,-3.27664382449733,-3.273546552211288,-3.2704493480661156,-3.2673522120135865,-3.264255144009712,-3.2611581440143778,-3.2580612119910155,-3.254964347906305,-3.2518675517299065,-3.2487708234342176,-3.2456741629941557,-3.242577570386957,-3.2394810455919982,-3.236384588590629,-3.2332881993660263,-3.2301918779030565,-3.227095624188153,-3.223999438209205,-3.220903319955452,-3.217807269417393,-3.214711286586701,-3.2116153714561477,-3.208519524019532,-3.2054237442716182,-3.2023280322080825,-3.1992323878254623,-3.1961368111211117,-3.1930413020931687,-3.1899458607405276,-3.186850487062812,-3.1837551810603686,-3.1806599427342612,-3.177564772086277,-3.174469669118951,-3.171374633835603,-3.168279666240393,-3.1651847663384096,-3.162089934135778,-3.158995169639819,-3.155900472859255,-3.1528058438044786,-3.1497112824879143,-3.1466167889244874,-3.1435223631322398,-3.140428005133133,-3.1373337149541043,-3.1342394926284487,-3.1311453381976375,-3.1280512517137042,-3.1249572332424,-3.1218632828673525,-3.1187694006955806,-3.1156755868648074,-3.112581841553198,-3.109488164992343,-3.106394557484621,-3.1033010194264667,-3.1002075513396474,-3.0971141539133917,-3.0940208280612955,-3.090927574998374,-3.087834396345659,-3.084741294272563,-3.081648271691122,-3.0785553325217063,-3.0754624820574326,-3.0723697274652033,-3.0692770784763588,-3.0661845483411323,-3.0630921551510353,-3.059999923675654,-3.056907887920476,-3.0538160946978175,-3.0507246086247437,-3.0476335191359305,-3.044542950348562,-3.0414530749739366,-3.0383641339846648,-3.0352764644873207,-3.032190539320378,-3.0291070234449022,-3.026026854437626,-3.022951357648401,-3.0198824113051974,-3.0168226837038308,-3.013775974561032,-3.0107477069957684,-3.0077456373306286,-3.0047808795423636,-3.001869383046728,-2.999034060437838,-2.996307839380266,-2.9937380109713976,-2.991392358235728,-2.989367645892495,-2.987801067928703,-2.986885040290339
-3.5895826196098897,-3.588792983496267,-3.587424662286932,-3.585628957535927,-3.5835155690487253,-3.5811647353168654,-3.578635573599285,-3.5759719074569456,-3.573206395199958,-3.5703634877411234,-3.5674615675070136,-3.5645145071400037,-3.561532812814926,-3.5585244675735757,-3.555495556428177,-3.552450731714541,-3.5493935608740235,-3.5463267872983724,-3.5432525266196193,-3.5401724148829405,-3.53708772072994,-3.533999430576123,-3.530908313462119,-3.5278149705618365,-3.5247198730769003,-3.521623391316657,-3.518525817070851,-3.515427380865337,-3.5123282653043226,-3.5092286154121974,-3.506128546669355,-3.5030281512714487,-3.4999275030166763,-3.496826661131047,-3.493725673269602,-3.49062457787677,-3.4875234060471203,-3.484422182995766,-3.481320929223045,-3.4782196614392467,-3.4751183933005243,-3.472017135995936,-3.4689158987168285,-3.4658146890330066,-3.4627135131949074,-3.4596123763768976,-3.45651128287361,-3.453410236258754,-3.4503092395138686,-3.447208295132929,-3.4441074052075495,-3.4410065714965206,-3.4379057954826995,-3.43480507841965,-3.4317044213699774,-3.4286038252368867,-3.4255032907902385,-3.422402818688106,-3.4193024094946387,-3.4162020636949073,-3.41310178170727,-3.4100015638936885,-3.406901410568359,-3.403801322004946,-3.4007012984426637,-3.397601340091395,-3.3945014471360166,-3.3914016197400563,-3.3883018580487985,-3.3852021621919293,-3.382102532285792,-3.379002968435317,-3.375903470735689,-3.3728040392737775,-3.3697046741293804,-3.366605375376311,-3.3635061430833506,-3.3604069773150904,-3.3573078781326853,-3.354208845594531,-3.351109879756882,-3.348010980674427,-3.344912148400826,-3.3418133829892254,-3.338714684492757,-3.3356160529650394,-3.3325174884606765,-3.3294189910357788,-3.3263205607485054,-3.3232221976596454,-3.3201239018332473,-3.3170256733373042,-3.3139275122445264,-3.3108294186331912,-3.3077313925881198,-3.30463343420178,-3.301535543575554,-3.298437720821202,-3.295339966062557,-3.2922422794374904,-3.289144661100218,-3.286047111223998,-3.2829496297323097,-3.2798522165554225,-3.276754871629769,-3.2736575948973816,-3.2705603863053887,-3.2674632458055624,-3.264366173353915,-3.2612691689103346,-3.2581722324382514,-3.255075363904345,-3.251978563278277,-3.2488818305324476,-3.2457851656417716,-3.2426885685834868,-3.239592039336969,-3.236495577883568,-3.233399184206461,-3.230302858290516,-3.227206600122166,-3.224110409689299,-3.2210142869811555,-3.217918231988235,-3.214822244702211,-3.2117263251158534,-3.2086304732229616,-3.205534689018301,-3.2024389724975486,-3.199343323657241,-3.1962477424947315,-3.1931522290081604,-3.1900567831964186,-3.1869614050591317,-3.183866094596646,-3.1807708518100246,-3.177675676701056,-3.1745805692722744,-3.1714855295269997,-3.168390557469393,-3.165295653104543,-3.1622008164385753,-3.1591060474788093,-3.1560113462339667,-3.1529167127144424,-3.14982214693266,-3.146727648903544,-3.143633218645138,-3.140538856179403,-3.1374445615332758,-3.1343503347400503,-3.1312561758411985,-3.128162084888755,-3.125068061948469,-3.1219741071039704,-3.1188802204622754,-3.1157864021611092,-3.1126926523786365,-3.1095989713464474,-3.1065053593669196,-3.1034118168364895,-3.1003183442769235,-3.097224942377451,-3.094131612051667,-3.0910383545145854,-3.087945171387241,-3.084852064839045,-3.081759037782033,-3.078666094136578,-3.0755732391957986,-3.072480480126599,-3.0693878266603214,-3.066295292047206,-3.063202894378773,-3.06011065842462,-3.057018618190255,-3.05392682048802,-3.050835329935022,-3.0477442359659994,-3.0446536626982255,-3.041563782843133,-3.0384748373735295,-3.0353871633962823,-3.032301233750299,-3.029217713397282,-3.0261375399149095,-3.023062038654432,-3.0199930878458896,-3.016933355788165,-3.0138866422025323,-3.0108583702146947,-3.0078562961572337,-3.0048915340217195,-3.001980033245874,-2.9991447064563346,-2.9964184813656902,-2.9938486491419174,-2.991502992912567,-2.989478277545724,-2.9879116972398987,-2.9869956682343854
-3.589690590857338,-3.588900953764783,-3.587532630842128,-3.585736923819871,-3.583623532633375,-3.5812726958712813,-3.5787435308660163,-3.576079861234694,-3.5733143453306555,-3.5704714341001895,-3.567569509995937,-3.564622445680647,-3.561640747345138,-3.558632398043781,-3.5556034827987246,-3.5525586539536276,-3.549501478956068,-3.5464347012027373,-3.543360436329603,-3.540280320384982,-3.5371956220129883,-3.53410732763114,-3.5310162062816803,-3.527922859139815,-3.5248277574082163,-3.5217312713970763,-3.5186336928968225,-3.5155352524338648,-3.512436132612861,-3.5093364784585663,-3.506236405451674,-3.503136005788081,-3.5000353532661883,-3.496934507112167,-3.493833514981193,-3.4907324153178094,-3.4876312392166775,-3.484530011892984,-3.481428753847134,-3.478327481789467,-3.475226209376182,-3.472124947796374,-3.469023706241419,-3.4659224922811487,-3.4628213121660223,-3.459720171070422,-3.4566190732889983,-3.4535180223954742,-3.450417021371399,-3.4473160727107586,-3.444215178505174,-3.441114340513443,-3.4380135602184283,-3.4349128388737,-3.4318121775418664,-3.428711577126135,-3.425611038396372,-3.42251056201065,-3.4194101485331223,-3.416309798448863,-3.4132095121762305,-3.4101092900771897,-3.407009132465938,-3.4039090396161407,-3.400809011767013,-3.397709049128438,-3.394609151885294,-3.3915093202011075,-3.388409554221165,-3.3853098540751527,-3.382210219879414,-3.3791106517388814,-3.3760111497487384,-3.372911713995855,-3.3698123445600308,-3.3667130415150774,-3.3636138049297775,-3.360514634868723,-3.3574155313930683,-3.3543164945612074,-3.3512175244293965,-3.3481186210523246,-3.34501978448365,-3.3419210147765193,-3.3388223119840648,-3.3357236761599043,-3.3326251073586426,-3.3295266056363895,-3.3264281710513046,-3.3233298036641767,-3.320231503539054,-3.317133270743931,-3.3140351053515142,-3.3109370074400837,-3.3078389770944585,-3.3047410144071057,-3.301643119479408,-3.298545292423124,-3.2954475333620863,-3.2923498424341657,-3.289252219793578,-3.2861546656135787,-3.283057179817649,-3.2799597623360586,-3.27686241310524,-3.2737651320672247,-3.2706679191691435,-3.267570774362769,-3.264473697604115,-3.261376688853068,-3.25827974807306,-3.2551828752307705,-3.2520860702958623,-3.2489893332407327,-3.2458926640403005,-3.242796062671801,-3.2396995291146107,-3.2366030633500804,-3.2335066653613866,-3.230410335133397,-3.2273140726525456,-3.2242178779067205,-3.2211217508851626,-3.2180256915783714,-3.2149296999780197,-3.211833776076879,-3.2087379198687485,-3.2056421313483927,-3.202546410511487,-3.19945075735457,-3.196355171874997,-3.193259654070906,-3.1901642039411886,-3.1870688214854703,-3.183973506704098,-3.180878259598135,-3.177783080169367,-3.1746879684203315,-3.171592924354348,-3.1684979479755775,-3.1654030392891066,-3.1623081983010617,-3.1592134250187645,-3.1561187194509355,-3.153024081607969,-3.1499295115022896,-3.1468350091488215,-3.143740574565607,-3.140646207774607,-3.137551908802759,-3.1344576776833577,-3.131363514457875,-3.128269419178345,-3.1251753919105174,-3.122081432738021,-3.118987541767873,-3.1158937191377976,-3.1127999650259595,-3.109706279663951,-3.10661266335415,-3.103519116492989,-3.1004256396022365,-3.0973322333711204,-3.0942388987132365,-3.091145636843599,-3.088052449383243,-3.0849593385015806,-3.0818663071106487,-3.0787733591308206,-3.0756804998552156,-3.072587736450739,-3.0694950786487376,-3.066402539699457,-3.0633101376944247,-3.060217897403251,-3.0571258528314624,-3.054034050791427,-3.050942555900292,-3.047851457592854,-3.0447608799864754,-3.0416709957927184,-3.038582045984584,-3.0354943676692203,-3.032408433685953,-3.0293249089971064,-3.026244731181273,-3.0231692255910576,-3.020100270458505,-3.0170405340854667,-3.013993816197615,-3.0109655399271773,-3.0079634616164115,-3.0049986952712384,-3.0020871903506534,-2.999251859512784,-2.9965256305167163,-2.993955794598782,-2.9916101349863267,-2.9895854166915696,-2.9880188341178364,-2.987102803788444
-3.589795139729371,-3.5890055016889844,-3.5876371771074425,-3.5858414678860977,-3.5837280740860695,-3.5813772343900228,-3.578848066201535,-3.576184393192087,-3.573418873756878,-3.5705759588746186,-3.567674031023188,-3.5647269628850666,-3.5617452606665494,-3.558736907434186,-3.5557079882197318,-3.5526631553744448,-3.5496059763519274,-3.546539194553656,-3.543464925619411,-3.540384805600549,-3.537300103143616,-3.5342118046680757,-3.531120679217734,-3.5280273279690557,-3.524932222125725,-3.521835731998752,-3.518738149379227,-3.515639704794096,-3.5125405808484524,-3.509440922567409,-3.5063408454319465,-3.5032404416382006,-3.5001397849847646,-3.4970389346979687,-3.493937938433123,-3.4908368346348753,-3.487735654397978,-3.4846344229376913,-3.4815331607544815,-3.478431884558742,-3.47533060800671,-3.4722293422875192,-3.469128096592576,-3.466026878491736,-3.4629256942354782,-3.4598245489982036,-3.456723447074577,-3.4536223920383344,-3.450521386871035,-3.4474204340666734,-3.4443195357168808,-3.44121869358046,-3.4381179091402787,-3.435017183649913,-3.431916518171974,-3.4288159136096747,-3.4257153707328833,-3.4226148901996774,-3.41951447257421,-3.4164141183415575,-3.4133138279200814,-3.4102136016717473,-3.4071134399107526,-3.4040133429107637,-3.4009133109109984,-3.39781334412134,-3.394713442726667,-3.3916136068905085,-3.388513836758149,-3.385414132459276,-3.382314494110233,-3.3792149218159544,-3.3761154156716233,-3.37301597576411,-3.369916602173214,-3.3668172949727473,-3.3637180542314926,-3.3606188800140413,-3.357519772381547,-3.354420731392406,-3.351321757102874,-3.3482228495676405,-3.345124008840363,-3.342025234974188,-3.3389265280222484,-3.3358278880381613,-3.3327293150765316,-3.329630809193468,-3.326532370447132,-3.323433998898311,-3.3203356946110527,-3.3172374576533517,-3.3141392880979144,-3.311041186023019,-3.3079431515134856,-3.30484518466178,-3.3017472855692844,-3.298649454347759,-3.295551691121033,-3.292453996026977,-3.2893563692198065,-3.286258810872777,-3.2831613209093686,-3.280063899259853,-3.2769665458606623,-3.27386926065383,-3.2707720435864847,-3.2676748946104004,-3.264577813681592,-3.261480800759946,-3.258383855808895,-3.2552869787951186,-3.2521901696882787,-3.2490934284607738,-3.2459967550875213,-3.242900149545759,-3.239803611814863,-3.236707141876185,-3.2336107397129012,-3.230514405309879,-3.227418138653554,-3.2243219397318135,-3.221225808533898,-3.2181297450503066,-3.215033749272713,-3.2119378211938883,-3.208841960807632,-3.205746168108709,-3.202650443092796,-3.199554785756429,-3.1964591960969644,-3.1933636741125397,-3.1902682198020487,-3.187172833165116,-3.184077514202087,-3.1809822629140263,-3.1778870793027223,-3.1747919633707076,-3.1716969151213044,-3.1686019345586725,-3.1655070216879,-3.1624121765151134,-3.1593173990476333,-3.156222689294179,-3.153128047265147,-3.150033472972961,-3.1469389664325447,-3.1438445276619404,-3.1407501566831106,-3.137655853522992,-3.13456161821488,-3.131467450800245,-3.1283733513311214,-3.1252793198732594,-3.1221853565102875,-3.1190914613492224,-3.115997634527789,-3.112903876224153,-3.1098101866699044,-3.1067165661674214,-3.103623015113139,-3.100529534028822,-3.0974361236037016,-3.0943427847513725,-3.091249518686849,-3.0881563270311645,-3.085063211953733,-3.0819701763665917,-3.0788772241901143,-3.0757843607174213,-3.0726915931154224,-3.0695989311154666,-3.066506387967804,-3.06341398176397,-3.060321737273587,-3.057229688502198,-3.054137882262197,-3.05104638317077,-3.0479552806627725,-3.044864698855651,-3.0417748104610935,-3.0386858564522856,-3.0355981739366515,-3.0325122357539214,-3.029428706867019,-3.0263485248554227,-3.0232730150730487,-3.0202040557538816,-3.0171443152026463,-3.014097593149278,-3.01106931273232,-3.0080672303033977,-3.0051024598823277,-3.002190950948702,-2.999355616191138,-2.996629383413741,-2.9940595439190263,-2.9917138810309645,-2.9896891599013298,-2.9881225751317513,-2.987206543520545
-3.58989636178623,-3.5891067228282463,-3.587738396640732,-3.5859426852904415,-3.5838292889602434,-3.5814784464238216,-3.57894927515364,-3.5762855988738114,-3.5735200760200563,-3.570677157602475,-3.5677752261233815,-3.564828154284357,-3.5618464483066794,-3.5588380912686866,-3.5558091682114354,-3.5527643314935413,-3.549707148574439,-3.5466403628602405,-3.543566089994413,-3.5404859660312558,-3.5374012596196693,-3.534312957181003,-3.531221827760576,-3.5281284725360695,-3.5250333627121493,-3.521936868600617,-3.5188392819932037,-3.5157408334173743,-3.5126417054786465,-3.5095420432024746,-3.506441962070122,-3.5033415542779527,-3.500240893624749,-3.497140039336996,-3.494039039070127,-3.490937931268897,-3.4878367470281444,-3.4847355115632017,-3.4816342453745954,-3.4785329651727657,-3.475431684613994,-3.472330414887446,-3.4692291651845584,-3.4661279430752097,-3.463026754809901,-3.45992560556305,-3.456824499629335,-3.4537234405825057,-3.4506224314041307,-3.4475214745882132,-3.444420572226391,-3.4413197260774746,-3.4382189376243377,-3.4351182081205613,-3.4320175386287586,-3.4289169300521474,-3.425816383160598,-3.42271589861219,-3.4196154769710794,-3.4165151187223457,-3.413414824284352,-3.4103145940190633,-3.4072144282406813,-3.4041143272228713,-3.4010142912048518,-3.3979143203965085,-3.3948144149827195,-3.391714575127015,-3.3886148009746795,-3.3855150926554027,-3.3824154502855284,-3.3793158739699893,-3.37621636380397,-3.3731169198743407,-3.370017542260901,-3.3669182310374626,-3.363818986272809,-3.360719808031531,-3.3576206963747848,-3.3545216513609644,-3.3514226730463252,-3.3483237614855557,-3.3452249167323154,-3.342126138839751,-3.339027427860995,-3.335928783849664,-3.3328302068603626,-3.3297316969492012,-3.3266332541743386,-3.3235348785965644,-3.3204365702799246,-3.317338329292413,-3.3142401557067362,-3.3111420496011728,-3.3080440110605416,-3.3049460401773088,-3.301848137052856,-3.2987503017989415,-3.2956525345393954,-3.2925548354120866,-3.2894572045712303,-3.28635964219008,-3.2832621481921183,-3.280164722507615,-3.2770673650730062,-3.2739700758303223,-3.2708728547266954,-3.2677757017138984,-3.2646786167479465,-3.261581599788727,-3.258484650799672,-3.255387769747462,-3.2522909566017586,-3.249194211334961,-3.2460975339219873,-3.2430009243400746,-3.239904382568599,-3.2368079085889123,-3.233711502384192,-3.2306151639393055,-3.227518893240686,-3.224422690276224,-3.2213265550351577,-3.2182304875079883,-3.2151344876863903,-3.2120385555631334,-3.2089426911320174,-3.205846894387807,-3.2027511653261795,-3.1996555039436707,-3.1965599102376374,-3.1934643842062167,-3.190368925848302,-3.1872735351635186,-3.1841782121522133,-3.1810829568154473,-3.177987769155011,-3.1748926491734397,-3.1717975968740517,-3.1687026122610096,-3.1656076953394003,-3.1625128461153493,-3.159418064596178,-3.156323350790606,-3.1532287047090284,-3.150134126363869,-3.1470396157700544,-3.143945172945625,-3.1408507979125426,-3.137756490697745,-3.1346622513345257,-3.1315680798643566,-3.128473976339273,-3.1253799408250242,-3.1222859734052393,-3.119192074186935,-3.116098243307835,-3.113004480946104,-3.109910787333334,-3.1068171627719012,-3.1037236076582424,-3.100630122514123,-3.0975367080287715,-3.094443365115784,-3.091350094990175,-3.0882568992729786,-3.0851637801336094,-3.0820707404841032,-3.0789777842448354,-3.075884916708928,-3.0727921450432927,-3.0696994789792806,-3.06660693176715,-3.0635145214984414,-3.06042227294279,-3.0573302201057544,-3.0542384097997535,-3.051146906642012,-3.04805580006744,-3.0449652141935664,-3.0418753217322005,-3.0387863636567074,-3.035698677074777,-3.0326127348265333,-3.0295292018754787,-3.026449015801951,-3.0233735019611347,-3.020304538588895,-3.0172447939927394,-3.0141980679067246,-3.0111697834755087,-3.0081676970597875,-3.0052029226928294,-3.002291409874167,-2.999456071321936,-2.9967298348838236,-2.9941599919264172,-2.99181432586723,-2.9897896019931407,-2.9882230150977582,-2.9873069822456255
-3.5899943507865095,-3.589204710940302,-3.587836383198225,-3.5860406697871414,-3.583927271007769,-3.5815764257219,-3.5790472514686793,-3.5763835720231656,-3.5736180458603033,-3.5707751240205785,-3.5678731890299558,-3.564926113608505,-3.561944403992008,-3.558936043270214,-3.5559071164931844,-3.5528622760266555,-3.5498050893357087,-3.54673829983094,-3.543664023159387,-3.5405838953782007,-3.53749918513856,-3.5344108788636373,-3.5313197456002174,-3.52822638652716,-3.5251312728500785,-3.522034774881543,-3.5189371844139035,-3.5158387319751294,-3.5127396001711455,-3.50963993402774,-3.506539849026447,-3.503439437363854,-3.5003387728389246,-3.497237914678291,-3.4941369105375135,-3.491035798861447,-3.487934610745013,-3.4848333714036146,-3.4817321013378346,-3.4786308172581606,-3.4755295328209144,-3.472428259215295,-3.4693270056327656,-3.466225779643231,-3.4631245874972096,-3.460023434369138,-3.4569223245537066,-3.4538212616246775,-3.4507202485636297,-3.4476192878645766,-3.444518381619161,-3.4414175315862012,-3.438316739248575,-3.4352160058598673,-3.4321153324826965,-3.4290147200202825,-3.4259141692424997,-3.4228136808074305,-3.4197132552792326,-3.416612893142986,-3.413512594817055,-3.410412360663408,-3.4073121909962456,-3.4042120860892373,-3.4011120461816007,-3.3980120714832225,-3.3949121621789815,-3.3918123184324083,-3.3887125403887897,-3.3856128281778135,-3.3825131819158254,-3.3794136017077574,-3.3763140876487947,-3.373214639825808,-3.370115258318596,-3.367015943200973,-3.3639166945417203,-3.3608175124054305,-3.357718396853257,-3.354619347943597,-3.3515203657327053,-3.3484214502752705,-3.345322601624953,-3.3422238198348966,-3.339125104958235,-3.336026457048585,-3.3329278761605505,-3.329829362350242,-3.3267309156758187,-3.323632536198069,-3.32053422398104,-3.317435979092725,-3.31433780160583,-3.3112396915986326,-3.3081416491559517,-3.3050436743702534,-3.301945767342919,-3.298847928185706,-3.2957501570224434,-3.2926524539910007,-3.289554819245591,-3.2864572529594676,-3.283359755056113,-3.2802623254657983,-3.2771649641249576,-3.2740676709756245,-3.27097044596493,-3.2678732890446494,-3.2647762001707967,-3.261679179303259,-3.258582226405469,-3.2554853414441083,-3.252388524388839,-3.2492917752120607,-3.2461950938886903,-3.243098480395966,-3.2400019347132645,-3.236905456821937,-3.2338090467051614,-3.2307127043478046,-3.227616429736301,-3.2245202228585397,-3.2214240837037615,-3.218328012262466,-3.215232008526327,-3.2121360724881156,-3.209040204141633,-3.2059444034816416,-3.2028486705038186,-3.199753005204702,-3.196657407581646,-3.1935618776327894,-3.1904664153570264,-3.187371020753981,-3.184275693823999,-3.1811804345681445,-3.178085242988206,-3.1749901190867185,-3.1718950628670015,-3.1688000743332165,-3.1657051534904515,-3.1626103003448307,-3.159515514903676,-3.1564207971757083,-3.153326147171322,-3.150231564902942,-3.147137050385493,-3.144042603637016,-3.1409482246794735,-3.1378539135398023,-3.1347596702512974,-3.1316654948554303,-3.1285713874042353,-3.1254773479634617,-3.122383376616737,-3.1192894734710803,-3.116195638664215,-3.1131018723743056,-3.1100081748329433,-3.106914546342506,-3.1038209872994287,-3.1007274982254773,-3.0976340798098816,-3.0945407329662364,-3.0914474589095557,-3.0883542592608753,-3.0852611361896076,-3.082168092607791,-3.0790751324358,-3.0759822609667604,-3.072889485367584,-3.069796815369627,-3.06670426422315,-3.063611850019702,-3.0605195975289283,-3.057427540756404,-3.0543357265145747,-3.0512442194206995,-3.048153108909742,-3.04506251909931,-3.0419726227013313,-3.038883660689345,-3.0357959701712987,-3.032710023987697,-3.0296264871026026,-3.026546297097184,-3.0234707793278552,-3.0204018120322993,-3.017342063520717,-3.014295333531158,-3.011267045214199,-3.008264954939315,-3.0053001767527943,-3.0023886601734726,-2.9995533179480574,-2.9968270779664254,-2.9942572316571847,-2.9919115625283945,-2.9898868359977144,-2.9883202470445855,-2.9874042129912537
-3.5900891986589416,-3.589299557953046,-3.587931228706349,-3.586135513300677,-3.584022112150814,-3.5816712642038295,-3.579142087063402,-3.576478404553902,-3.573712875188241,-3.5708699500363097,-3.567968011646968,-3.565020932758181,-3.5620392196197668,-3.559030855332519,-3.556001924955214,-3.5529570808604793,-3.5498998905188612,-3.5468330973452975,-3.543758816990285,-3.54067868551373,-3.5375939715690152,-3.53450566158108,-3.531414524598128,-3.5283211618001578,-3.5252260443937034,-3.522129542692075,-3.5190319484882235,-3.515933492310605,-3.512834356765542,-3.5097346868791424,-3.5066345981332043,-3.50353418272453,-3.5004335144522583,-3.4973326525431676,-3.4942316446529373,-3.4911305292265187,-3.4880293373589146,-3.4849280942655962,-3.4818268204472016,-3.478725532614264,-3.4756242444231438,-3.4725229670630733,-3.4694217097255433,-3.466320479980479,-3.46321928407842,-3.460118127193818,-3.4570170136213774,-3.4539159469348717,-3.4508149301158895,-3.4477139656584517,-3.44461305565421,-3.4415122018619866,-3.4384114057646653,-3.4353106686158346,-3.432209991478118,-3.429109375254739,-3.4260088207155737,-3.4229083285187074,-3.4198078992283,-3.4167075333294328,-3.4136072312404724,-3.4105069933233874,-3.40740681989238,-3.404306711221121,-3.4012066675488293,-3.3981066890853917,-3.3950067760156877,-3.3919069285032473,-3.388807146693359,-3.3857074307157107,-3.382607780686648,-3.3795081967111043,-3.3764086788842653,-3.3733092272930025,-3.3702098420171134,-3.367110523130412,-3.364011270701681,-3.3609120847955127,-3.3578129654730633,-3.3547139127927257,-3.351614926810757,-3.3485160075818445,-3.3454171551596485,-3.342318369597314,-3.3392196509479737,-3.336120999265244,-3.333022414603731,-3.329923897019543,-3.3268254465708402,-3.323727063318409,-3.320628747326297,-3.317530498662497,-3.314432317399717,-3.311334203616233,-3.3082361573968644,-3.3051381788340755,-3.3020402680292467,-3.2989424250941357,-3.295844650152571,-3.2927469433424217,-3.2896493048178987,-3.286551734752256,-3.2834542330689755,-3.280356799698331,-3.2772594345767545,-3.2741621376462815,-3.2710649088540436,-3.2679677481518152,-3.2648706554956117,-3.2617736308453193,-3.258676674164373,-3.255579785419454,-3.252482964580224,-3.2493862116190817,-3.2462895265109464,-3.243192909233055,-3.2400963597647845,-3.2369998780874867,-3.233903464184339,-3.230807118040209,-3.227710839641532,-3.2246146289761968,-3.221518486033443,-3.2184224108037705,-3.215326403278855,-3.212230463451466,-3.2091345913154044,-3.206038786865435,-3.2029430500972342,-3.1998473810073387,-3.196751779593105,-3.193656245852671,-3.190560779784929,-3.1874653813895053,-3.184370050666746,-3.1812747876177143,-3.1781795922441987,-3.1750844645487346,-3.1719894045346395,-3.1688944122060763,-3.1657994875681332,-3.1627046306269357,-3.159609841389805,-3.1565151198654617,-3.1534204660643,-3.1503258799987433,-3.147231361683718,-3.1441369111372657,-3.1410425283813472,-3.1379482134429004,-3.13485396635522,-3.131759787159777,-3.128665675908607,-3.1255716326674587,-3.12247765751996,-3.1193837505731294,-3.1162899119646896,-3.1131961418728062,-3.11010244052907,-3.1070088082358582,-3.1039152453896066,-3.10082175251208,-3.097728330292509,-3.094634979644489,-3.091541701783035,-3.08844849832918,-3.085355371452338,-3.0822623240645477,-3.0791693600861856,-3.076076484810377,-3.072983705404037,-3.069891031598525,-3.0667984766441045,-3.063706058632332,-3.0606138023328646,-3.0575217417512923,-3.0544299237000843,-3.051338412796535,-3.0482472984756597,-3.0451567048551444,-3.0420668046470305,-3.0389778388250246,-3.0358901444973228,-3.0328041945047977,-3.0297206538120562,-3.026640460001072,-3.023564938429447,-3.020495967336624,-3.017436215035411,-3.0143894812677208,-3.0113611891898606,-3.0083590951798023,-3.0053943132964362,-3.0024827930772786,-2.9996474472966934,-2.996921203885388,-2.994351354332003,-2.9920056822322327,-2.9899809531303143,-2.988414362185551,-2.9874983269696123
-3.590180995479925,-3.5893913539420548,-3.588023023239242,-3.586227305903279,-3.584113902459342,-3.5817630519370245,-3.579233872002463,-3.57657018652775,-3.5738046540625357,-3.570961725705173,-3.568059784026675,-3.565112701782324,-3.5621309852355254,-3.5591226174977617,-3.556093683636242,-3.553048836030264,-3.5499916421556614,-3.5469248454315747,-3.543850561511844,-3.5407704264590456,-3.5376857089286955,-3.5345973953474434,-3.531506254764863,-3.5284128883620567,-3.5253177673464493,-3.5222212620320676,-3.519123664212445,-3.516025204416509,-3.512926065250964,-3.5098263917422314,-3.5067262993723634,-3.503625880338368,-3.5005252084395555,-3.4974243429028444,-3.4943233313840274,-3.491222212328153,-3.4881210168303025,-3.485019770106011,-3.48191849265597,-3.4788172011907603,-3.475715909366778,-3.472614628373287,-3.469513367401804,-3.4664121340222764,-3.463310934485262,-3.460209773965226,-3.457108656756888,-3.4540075864340323,-3.450906565978258,-3.4478055978835926,-3.4447046842416946,-3.441603826811393,-3.4385030270755745,-3.435402286287834,-3.4323016055107995,-3.4292009856476953,-3.4261004274684,-3.422999931631003,-3.4198994986996656,-3.416799129159471,-3.413698823428786,-3.4105985818695825,-3.4074984047960633,-3.4043982924818987,-3.4012982451663105,-3.398198263059185,-3.395098346345403,-3.3919984951884943,-3.388898709733749,-3.385798990110855,-3.382699336436158,-3.3795997488145915,-3.3765002273413414,-3.373400772103279,-3.370301383180203,-3.3672020606459285,-3.3641028045692356,-3.361003615014719,-3.357904492043533,-3.354805435714073,-3.351706446082594,-3.3486075232037846,-3.3455086671313046,-3.3424098779182994,-3.3393111556179016,-3.336212500283728,-3.333113911970382,-3.330015390733974,-3.3269169366326627,-3.323818549727237,-3.320720230081742,-3.317621977764171,-3.3145237928472304,-3.3114256754091973,-3.308327625534889,-3.305229643316771,-3.3021317288562244,-3.2990338822650047,-3.2959361036669397,-3.2928383931998986,-3.289740751018092,-3.2866431772947724,-3.283545671953422,-3.280448234924315,-3.2773508661438853,-3.274253565554168,-3.271156333102294,-3.268059168740039,-3.264962072423417,-3.2618650441123176,-3.2587680837701734,-3.2556711913636667,-3.2525743668624583,-3.2494776102389498,-3.2463809214680577,-3.243284300527022,-3.2401877473952188,-3.237091262054,-3.233994844486543,-3.230898494677716,-3.2278022126139545,-3.2247059982831474,-3.2216098516745335,-3.2185137727786133,-3.215417761587062,-3.2123218180926503,-3.2092259422891782,-3.206130134171411,-3.203034393735025,-3.199938720976557,-3.196843115893362,-3.19374757848358,-3.1906521087461033,-3.1875567066805583,-3.1844613722872905,-3.1813661055673634,-3.1782709065225645,-3.1751757751554295,-3.1720807114692784,-3.1689857154682723,-3.165890787157499,-3.162795926543085,-3.1597011336323506,-3.156606408434017,-3.1535117509584776,-3.150417161218157,-3.1473226392279807,-3.1442281850059897,-3.1411337985741468,-3.1380394799593883,-3.13494522919501,-3.131851046322482,-3.1287569313938395,-3.125662884474833,-3.122568905649089,-3.1194749950236256,-3.116381152736166,-3.113287378964876,-3.110193673941346,-3.1071000379679536,-3.104006471441134,-3.1009129748826534,-3.0978195489817417,-3.0947261946519933,-3.091632913108423,-3.0885397059720643,-3.0854465754123335,-3.0823535243412676,-3.079260556679245,-3.0761676777193903,-3.0730748946286215,-3.069982217138301,-3.0668896584986975,-3.063797236801375,-3.0607049768159995,-3.057612912548177,-3.0545210908103986,-3.0514295762199937,-3.048338458212027,-3.04524786090426,-3.042157957008843,-3.0390689874996464,-3.035981289485107,-3.032895335806453,-3.0298117914288185,-3.0267315939349535,-3.0236560686836116,-3.0205870939159394,-3.017527337947267,-3.0144806005232474,-3.0114523048057316,-3.008450207180913,-3.0054854217198814,-3.0025738979782317,-2.999738548757089,-2.9970123020266777,-2.994442449333732,-2.9920967743587594,-2.9900720427684937,-2.988505449896303,-2.987589413555238
-3.5902698294564996,-3.589480187113564,-3.5881118550017326,-3.5863161357979148,-3.5842027301341006,-3.581851877119745,-3.5793226944814225,-3.5766590061374,-3.573893470672883,-3.5710505392137613,-3.5681485943524884,-3.565201508861104,-3.5622197890161584,-3.5592114179394785,-3.5561824807064317,-3.553137629702772,-3.5500804324094504,-3.5470136322496715,-3.543939344880514,-3.5408592063671356,-3.5377744853671182,-3.534686168308765,-3.531595024242976,-3.528501654351923,-3.525406529843891,-3.5223100210336034,-3.5192124197151546,-3.516113956417928,-3.5130148137489976,-3.509915136735086,-3.5068150408584926,-3.503714618316427,-3.5006139429083647,-3.4975130738613593,-3.494412058831316,-3.4913109362633725,-3.4882097372526886,-3.485108487014861,-3.4820072060506333,-3.478905911070629,-3.4758046157312816,-3.472703331221886,-3.4696020667339815,-3.4665008298375386,-3.463399626783133,-3.4602984627452447,-3.4571973420186066,-3.454096268177013,-3.45099524420207,-3.4478942725878152,-3.4447933554259142,-3.4416924944752014,-3.4385916912185683,-3.4354909469096135,-3.432390262610967,-3.4292896392258583,-3.4261890775241692,-3.423088578163988,-3.4199881417094793,-3.416887768645728,-3.4137874593911044,-3.41068721430758,-3.407587033709359,-3.4044869178701136,-3.4013868670290637,-3.3982868813960985,-3.3951869611560985,-3.3920871064725957,-3.3889873174908782,-3.3858875943406366,-3.3827879371382163,-3.3796883459885514,-3.3765888209868273,-3.3734893622199142,-3.370389969767614,-3.3672906437037393,-3.3641913840970736,-3.3610921910122085,-3.3579930645102993,-3.3548940046497404,-3.351795011486788,-3.348696085076131,-3.345597225471429,-3.342498432725827,-3.3393997068924586,-3.3363010480249393,-3.3332024561778733,-3.3301039314073697,-3.3270054737715884,-3.3239070833313167,-3.320808760150601,-3.317710504297434,-3.314612315844521,-3.31151419487014,-3.308416141459108,-3.3053181557038886,-3.302220237705863,-3.2991223875767868,-3.2960246054404876,-3.292926891434832,-3.289829245714031,-3.286731668451336,-3.283634159570231,-3.2805367190009886,-3.277439346680045,-3.2743420425494336,-3.271244806556288,-3.268147638652384,-3.265050538793736,-3.2619535069402312,-3.258856543055306,-3.255759647105641,-3.252662819060898,-3.2495660588934783,-3.246469366578301,-3.2433727420926015,-3.2402761854157593,-3.2371796965291253,-3.2340832754158777,-3.2309869220608842,-3.2278906364505797,-3.2247944185728543,-3.221698268416948,-3.218602185973361,-3.215506171233767,-3.2124102241909385,-3.2093143448386736,-3.206218533171739,-3.2031227891858105,-3.200027112877425,-3.19693150424394,-3.193835963283492,-3.1907404899949747,-3.1876450843780155,-3.184549746432958,-3.1814544761608663,-3.178359273563529,-3.1752641386434814,-3.1721690714040434,-3.1690740718493764,-3.1659791399845667,-3.1628842758157423,-3.1597894793502235,-3.156694750596731,-3.1536000895656597,-3.150505496269433,-3.1474109707229765,-3.1443165129443322,-3.14122212295546,-3.1381278007832987,-3.135033546461142,-3.131939360030462,-3.128845241543292,-3.1257511910653832,-3.1226572086803634,-3.1195632944952507,-3.1164694486477678,-3.1133756713160796,-3.1102819627317775,-3.1071883231972373,-3.1040947531088956,-3.1010012529885187,-3.0979078235253352,-3.09481446563294,-3.091721180526349,-3.0886279698265953,-3.085534835703095,-3.0824417810678857,-3.0793488098413455,-3.076255927316603,-3.073163140660577,-3.070070459604633,-3.0669778973990423,-3.0638854721353757,-3.06079320858331,-3.057701140748466,-3.054609315443358,-3.051517797285345,-3.0484266757095435,-3.0453360748337843,-3.0422461673703265,-3.0391571942931983,-3.036069492711069,-3.032983535465512,-3.0298999875221693,-3.0268197864645434,-3.023744257652503,-3.020675279328842,-3.0176155198113332,-3.0145687788492466,-3.011540479609798,-3.0085383784871405,-3.0055735895641624,-3.002662062413954,-2.999826709863538,-2.997100459921378,-2.9945306041904205,-2.9921849264332447,-2.9901601924351175,-2.988593597697841,-2.9876775602680414
-3.590355786914383,-3.5895661437925024,-3.588197810317366,-3.5864020893062944,-3.5842886814946286,-3.5819378260690913,-3.5794086408147314,-3.5767449496944983,-3.5739794113279943,-3.571136476867753,-3.568234528926973,-3.5652874402939085,-3.5623057172578263,-3.5592973429505608,-3.556268402455378,-3.553223548164277,-3.550166347563159,-3.5470995440791615,-3.544025253372496,-3.54094511151082,-3.5378603871537124,-3.5347720667310765,-3.531680919295097,-3.52858754602898,-3.52549241814184,-3.522395905949074,-3.5192983012453203,-3.516199834560403,-3.5131006885017566,-3.510001008096395,-3.506900908826856,-3.503800482890543,-3.5006998040870907,-3.497598931643684,-3.494497913216336,-3.4913967872502747,-3.488295584840732,-3.4851943312033646,-3.4820930468389704,-3.4789917484582116,-3.4758904497175576,-3.4727891618063302,-3.4696878939160967,-3.4665866536168464,-3.4634854471591723,-3.4603842797175703,-3.457283155586785,-3.45418207834062,-3.4510810509606915,-3.447980075941045,-3.44487915537335,-3.4417782910164467,-3.4386774843532337,-3.4355767366373127,-3.4324760489313166,-3.429375422138478,-3.426274857028679,-3.4231743542600137,-3.4200739143966477,-3.416973537923668,-3.4138732252594433,-3.4107729767659487,-3.407672792757389,-3.404572673507438,-3.4014726192553164,-3.3983726302109134,-3.3952727065591093,-3.3921728484634373,-3.3890730560691864,-3.3859733295060463,-3.3828736688903622,-3.3797740743270706,-3.376674545911357,-3.3735750837300924,-3.370475687863076,-3.367376358384123,-3.3642770953620156,-3.3611778988613468,-3.3580787689432716,-3.3549797056661856,-3.3518807090863434,-3.3487817792584353,-3.345682916236119,-3.342584120072541,-3.3394853908208333,-3.336386728534613,-3.333288133268484,-3.330189605078555,-3.3270911440229853,-3.323992750162563,-3.3208944235613327,-3.317796164287288,-3.314697972413134,-3.311599848017146,-3.308501791184143,-3.305403802006588,-3.3023058805858607,-3.2992080270337176,-3.2961102414739853,-3.2930125240445305,-3.289914874899563,-3.2868172942123324,-3.2837197819063237,-3.280622337911811,-3.27752496216523,-3.2744276546086155,-3.271330415189101,-3.268233243858463,-3.2651361405727153,-3.262039105291747,-3.2589421379789916,-3.2558452386011307,-3.252748407127829,-3.249651643531485,-3.246554947787019,-3.243458319871668,-3.240361759764811,-3.237265267447799,-3.23416884290381,-3.231072486117711,-3.227976197075938,-3.2248799757663806,-3.22178382217828,-3.218687736302135,-3.21559171812962,-3.2124957676535075,-3.209399884867597,-3.206304069766653,-3.203208322346354,-3.2001126426032362,-3.197017030534655,-3.1939214861387493,-3.1908260094144127,-3.18773060036127,-3.184635258979669,-3.1815399852706716,-3.1784447792360657,-3.1753496408783874,-3.1722545702009564,-3.169159567207934,-3.1660646319044083,-3.162969764296505,-3.1598749643915442,-3.156780232198248,-3.1536855677270106,-3.150590970990255,-3.1474964420029075,-3.1444019807830093,-3.1413075873525225,-3.1382132617383838,-3.135119003973888,-3.132024814100507,-3.128930692170275,-3.1258366382489413,-3.122742652420135,-3.119648734790873,-3.116554885498878,-3.1134611047223157,-3.110367392692778,-3.10727374971264,-3.104180176178338,-3.101086672611639,-3.09799323970177,-3.094899878362328,-3.0918065898083276,-3.0887133756608014,-3.0856202380891666,-3.0825271800054614,-3.0794342053300645,-3.0763413193561053,-3.073248529250505,-3.070155844744631,-3.0670632790887606,-3.0639708503744707,-3.0608785833714456,-3.0577865120853214,-3.0546946833286324,-3.0516031617187735,-3.048512036690904,-3.045421432362928,-3.0423315214472053,-3.039242544917917,-3.0361548398839577,-3.0330688791872347,-3.0299853277938826,-3.0269051232881328,-3.0238295910309305,-3.020760609266665,-3.01770084631547,-3.0146541019301187,-3.0116257992830158,-3.0086236947760128,-3.0056589025034186,-3.0027473720552504,-2.9999120162835884,-2.997185763233893,-2.9946159045635006,-2.9922702241143972,-2.9902454877865376,-2.9886788912446933,-2.9877628527614877
-3.5904389522905444,-3.5896493084150696,-3.588280973620998,-3.5864852508614904,-3.584371840971878,-3.5820209832136345,-3.579491795428379,-3.5768281016222865,-3.5740625604482403,-3.571219623084552,-3.5683176721644867,-3.5653705804919853,-3.562388854368621,-3.5593804769359116,-3.5563515332847606,-3.553306675813209,-3.5502494720119477,-3.547182665311919,-3.5441083713763653,-3.5410282262753605,-3.537943498670417,-3.5348551749929866,-3.5317640242964976,-3.528670647765154,-3.5255755166088765,-3.5224790011437115,-3.5193813931648275,-3.5162829232024726,-3.5131837738644287,-3.5100840901779935,-3.506983987625932,-3.5038835584058377,-3.5007828763175004,-3.49768200058823,-3.4945809788741453,-3.49147984962056,-3.4883786439227773,-3.485277386996513,-3.4821760993426114,-3.4790747976717786,-3.4759734956405155,-3.4728722044381732,-3.4697709332563433,-3.4666696896650335,-3.4635684799148536,-3.460467309180314,-3.4573661817561714,-3.454265101216239,-3.4511640705421427,-3.4480630922279327,-3.4449621683652882,-3.441861300713053,-3.4387604907541287,-3.435659739742121,-3.432559048739667,-3.429458418650002,-3.4263578502430136,-3.423257344176794,-3.4201569010155124,-3.417056521244257,-3.4139562052813996,-3.410855953488914,-3.4077557661810074,-3.4046556436313526,-3.4015555860791715,-3.3984555937343552,-3.3953556667817857,-3.392255805384995,-3.389156009689273,-3.38605627982431,-3.3829566159064504,-3.379857018040631,-3.3767574863220373,-3.373658020837542,-3.3705586216669454,-3.3674592888840604,-3.3643600225576704,-3.361260822752368,-3.358161689529309,-3.3550626229468885,-3.3519636230613625,-3.348864689927419,-3.3457658235987178,-3.3426670241284038,-3.3395682915696105,-3.336469625975954,-3.3333710274020376,-3.3302724959039707,-3.327174031539912,-3.3240756343706477,-3.320977304460225,-3.3178790418766364,-3.314780846692587,-3.3116827189863525,-3.308584658842749,-3.3054866663542417,-3.3023887416222095,-3.2992908847584084,-3.2961930958866628,-3.2930953751448397,-3.2899977226871484,-3.286900138686839,-3.2838026230673965,-3.2807051757590933,-3.2776077966983674,-3.2745104858272542,-3.2714132430928853,-3.2683160684470383,-3.2652189618457284,-3.2621219232488445,-3.2590249526198223,-3.2559280499253425,-3.252831215135069,-3.2497344482214015,-3.246637749159259,-3.24354111792588,-3.2404445545006415,-3.237348058864897,-3.2342516310018232,-3.2311552708962887,-3.228058978534729,-3.2249627539050336,-3.221866596996443,-3.2187705077994573,-3.215674486305751,-3.212578532508097,-3.2094826464002937,-3.2063868279771075,-3.2032910772342142,-3.200195394168152,-3.1970997787762747,-3.1940042310567223,-3.1909087510083882,-3.1878133386308987,-3.184717993924599,-3.1816227168905535,-3.1785275075305504,-3.1754323658471235,-3.172337291843594,-3.1692422855241227,-3.1661473468937973,-3.163052475958744,-3.159957672726283,-3.156862937205136,-3.153768269405697,-3.150673669340391,-3.1475791370241426,-3.1444846724749933,-3.141390275714904,-3.138295946770813,-3.1352016856760154,-3.132107492471982,-3.1290133672107467,-3.12591930995806,-3.1228253207975505,-3.1197313998362333,-3.1166375472118335,-3.1135437631025167,-3.1104500477398727,-3.1073564014262787,-3.10426282455817,-3.1011693176573134,-3.0980758814129365,-3.0949825167386362,-3.0918892248494263,-3.0887960073663425,-3.0857028664588,-3.0826098050388384,-3.0795168270268363,-3.076423937715923,-3.0733311442730202,-3.0702384564295,-3.0671458874356445,-3.064053455383035,-3.060961185041368,-3.057869110416292,-3.0547772783203615,-3.0516857533710025,-3.04859462500342,-3.0455040173355847,-3.042414103079957,-3.0393251232108667,-3.0362374148374256,-3.0331514508018635,-3.030067896070791,-3.0269876882291444,-3.02391215263891,-3.0208431675460212,-3.017783401272898,-3.0147366535756976,-3.0117083476318487,-3.0087062398506514,-3.005741444337461,-3.002829910698671,-2.9999945518106035,-2.997268295754512,-2.994698434240354,-2.992352751186937,-2.9903280126051706,-2.988761414317492,-2.9878453748151643
-3.590519408130172,-3.5897297635257033,-3.5883614274557516,-3.586565703004881,-3.584452291105145,-3.5821014310903343,-3.5795722408567947,-3.576908544452515,-3.57414300056257,-3.5713000603902088,-3.568398106588109,-3.5654510119753846,-3.5624692828655142,-3.5594609024093806,-3.5564319557052766,-3.553387095157087,-3.550329888260137,-3.547263078449053,-3.5441887813900066,-3.54110863315541,-3.538023902408644,-3.5349355755826606,-3.531844421732089,-3.5287510420421007,-3.525655907723397,-3.522559389092652,-3.519461777945543,-3.516363304812734,-3.5132641523023396,-3.51016446544193,-3.507064359714495,-3.5039639273178103,-3.5008632420518113,-3.4977623631439356,-3.494661338250399,-3.4915602058165995,-3.4884589969379096,-3.4853577368301014,-3.482256445994067,-3.4791551411405517,-3.476053835926089,-3.472952541540057,-3.469851267174071,-3.4667500203981585,-3.463648807462945,-3.4605476335429537,-3.4574465029329535,-3.4543454192067675,-3.451244385346029,-3.4481434038447962,-3.4450424767947534,-3.44194160595475,-3.4388407928076936,-3.435740038607191,-3.432639344415884,-3.4295387111370093,-3.426438139540459,-3.4233376302843253,-3.420237183932779,-3.4171368009709093,-3.4140364818170896,-3.410936226833296,-3.4078360363337374,-3.404735910592086,-3.401635849847565,-3.3985358543100666,-3.395435924164473,-3.392336059574317,-3.3892362606848887,-3.386136527625878,-3.3830368605136325,-3.3799372594530874,-3.376837724539429,-3.373738255859528,-3.370638853493186,-3.3675395175142158,-3.3644402479914017,-3.361341044989336,-3.3582419085691755,-3.3551428387893147,-3.3520438357060085,-3.3489448993739455,-3.345846029846786,-3.342747227177675,-3.3396484914197457,-3.3365498226266137,-3.3334512208528837,-3.330352686154663,-3.3272542185901104,-3.3241558182200133,-3.3210574851084176,-3.3179592193233156,-3.3148610209374123,-3.311762890028984,-3.308664826682847,-3.3055668309914648,-3.3024689030562153,-3.2993710429888536,-3.296273250913206,-3.293175526967138,-3.290077871304858,-3.2869802840996156,-3.283882765274895,-3.2807853147609713,-3.277687932494281,-3.2745906184168607,-3.2714933724758426,-3.2683961946230036,-3.2652990848143606,-3.2622020430098013,-3.2591050691727608,-3.256008163269922,-3.2529113252709485,-3.2498145551482405,-3.246717852876718,-3.2436212184336193,-3.240524651798321,-3.237428152952175,-3.23433172187836,-3.2312353585617446,-3.228139062988764,-3.225042835147309,-3.221946675026618,-3.2188505826171925,-3.2157545579107074,-3.212658600899934,-3.209562711578673,-3.206466889941689,-3.2033711359846593,-3.200275449704121,-3.19717983109743,-3.1940842801627243,-3.1909887968988975,-3.1878933813055768,-3.1847980333831054,-3.1817027531325492,-3.1786075405556966,-3.1755123956550824,-3.172417318434026,-3.169322308896689,-3.166227367048159,-3.163132492894562,-3.1600376864432183,-3.1569429477028503,-3.153848276683852,-3.150753673398648,-3.1476591378621617,-3.1445646700924357,-3.141470270111432,-3.1383759379460883,-3.1352816736297,-3.1321874772037366,-3.1290933487202337,-3.12599928824494,-3.122905295861484,-3.119811371676883,-3.11671751582886,-3.113623728495581,-3.1105300099086355,-3.1074363603704005,-3.104342780277312,-3.1012492701511354,-3.0981558306810997,-3.095062462780801,-3.0919691676652548,-3.0888759469554943,-3.085782802820936,-3.0826897381736202,-3.0795967569339258,-3.0765038643949842,-3.0734110677237196,-3.070318376651506,-3.0672258044286282,-3.0641333691466746,-3.0610410955753498,-3.0579490177203152,-3.0548571823941475,-3.0517656542142992,-3.0486745226160226,-3.04558391171735,-3.0424939942308424,-3.039405011130969,-3.0363172995270555,-3.0332313322616424,-3.030147774301801,-3.0270675632331496,-3.0239920244186833,-3.020923036105829,-3.0178632666192144,-3.0148165157182762,-3.0117882065852988,-3.008786095636788,-3.005821296988786,-3.002909760263528,-3.0000743983607854,-2.9973481393964376,-2.9947782751313436,-2.9924325895586263,-2.990407848796528,-2.988841248820003,-2.9879252083318204
-3.590597235087595,-3.589807589777995,-3.588439252473926,-3.586643526387059,-3.5845301125430047,-3.582179250345498,-3.579650057743818,-3.5769863588264,-3.5742208123094583,-3.571377869420364,-3.568475912830571,-3.5655288153738725,-3.5625470833752586,-3.5595386999946705,-3.55650975033755,-3.553464886813436,-3.5504076769221355,-3.5473408641018356,-3.5442665640215414,-3.54118641275593,-3.538101678970191,-3.535013349098722,-3.531922192197317,-3.528828809452082,-3.525733672074472,-3.522637150381772,-3.5195395361701496,-3.5164410599706666,-3.513341904391764,-3.510242214461276,-3.5071421056624072,-3.5040416701931116,-3.5009409818534705,-3.4978400998710364,-3.4947390719021247,-3.4916379363922143,-3.488536724436742,-3.4854354612515355,-3.4823341673375316,-3.4792328594055157,-3.476131551112054,-3.4730302536465496,-3.4699289762006393,-3.4668277263443694,-3.463726510328382,-3.460625333327214,-3.4575241996356434,-3.4544231128275045,-3.451322075884439,-3.448221091300511,-3.4451201611674094,-3.4420192872439888,-3.43891847101316,-3.435817713728537,-3.4327170164527616,-3.4296163800890755,-3.4265158054073694,-3.423415293065741,-3.4203148436283617,-3.4172144575803234,-3.414114135340001,-3.4110138772693697,-3.4079136836826383,-3.404813554853483,-3.401713491021126,-3.398613492395459,-3.3955135591613663,-3.392413691482381,-3.3893138895037933,-3.3862141533552936,-3.3831144831532303,-3.380014879002537,-3.3769153409984014,-3.373815869227695,-3.370716463770219,-3.3676171246997884,-3.364517852085185,-3.361418645991003,-3.3583195064783973,-3.355220433605763,-3.3521214274293554,-3.3490224880038633,-3.345923615382946,-3.3428248096197493,-3.339726070767407,-3.336627398879533,-3.3335287940107325,-3.330430256217113,-3.3273317855568356,-3.3242333820906853,-3.3211350458827074,-3.318036777000895,-3.314938575517952,-3.3118404415121536,-3.3087423750683165,-3.3056443762789045,-3.3025464452452957,-3.2994485820792447,-3.296350786904577,-3.293253059859157,-3.2901554010971927,-3.2870578107919326,-3.2839602888668606,-3.2808628352522535,-3.277765449884548,-3.2746681327057807,-3.271570883663084,-3.268473702708236,-3.265376589797252,-3.262279544890023,-3.259182567949982,-3.256085658943813,-3.252988817841179,-3.24989204461448,-3.246795339238637,-3.243698701690888,-3.24060213195061,-3.237505629999156,-3.2344091958197043,-3.231312829397123,-3.2282165307178485,-3.2251202997697694,-3.222024136542128,-3.2189280410254235,-3.215832013211332,-3.212736053092624,-3.2096401606630995,-3.2065443359175236,-3.203448578851574,-3.2003528894617874,-3.1972572677455195,-3.19416171370091,-3.1910662273268513,-3.187970808622969,-3.18487545758961,-3.1817801742278387,-3.178684958539442,-3.175589810526957,-3.1724947301937014,-3.169399717543838,-3.166304772582454,-3.163209895315675,-3.160115085750822,-3.1570203438966176,-3.153925669763455,-3.150831063363758,-3.147736524712453,-3.1446420538275808,-3.141547650731103,-3.138453315449957,-3.135359048017438,-3.1322648484750157,-3.1291707168747256,-3.126076653282318,-3.12298265778142,-3.119888730479049,-3.1167948715129286,-3.113701081061224,-3.1106073593555252,-3.1075137066982097,-3.1044201234857125,-3.1013266102398,-3.098233167649701,-3.09513979662901,-3.0920464983927434,-3.088953274561936,-3.0858601273060042,-3.082767059536987,-3.079674075175265,-3.07658117951397,-3.0734883797200276,-3.0703956855248142,-3.067303110178618,-3.064210671773036,-3.061118395077778,-3.058026314098521,-3.0549344756478596,-3.051842944343277,-3.0487518096200654,-3.045661195596324,-3.042571274984703,-3.039482288759812,-3.036394574031181,-3.0333086036416503,-3.03022504255874,-3.027144828368725,-3.024069286435577,-3.021000295008164,-3.017940522413256,-3.014893768413456,-3.0118654561957494,-3.0088633421836106,-3.005898540503419,-3.0029870007927317,-3.0001516359740035,-2.997425374196604,-2.99485550727063,-2.992509819261085,-2.990485076390032,-2.9889184747799495,-2.988002433338185
-3.590672511930783,-3.589882865939198,-3.5885145274415224,-3.5867187997723597,-3.5846053840478076,-3.582254519739251,-3.579725324847165,-3.577061623499102,-3.5742960744413947,-3.5714531289247438,-3.568551169638761,-3.565604069431437,-3.5626223346388985,-3.5596139484298495,-3.5565849959166433,-3.5535401295142868,-3.550482916726924,-3.547416100996183,-3.544341797993813,-3.5412616437966777,-3.538176907071716,-3.5350885742547264,-3.5319974144026287,-3.528904028702434,-3.525808888366326,-3.5227123637121776,-3.5196147465366314,-3.5165162673711383,-3.5134171088244517,-3.5103174159246606,-3.5072173041551786,-3.5041168657141304,-3.501016174401737,-3.497915289445665,-3.4948142585023256,-3.4917131200172733,-3.48861190508601,-3.4855106389244184,-3.4824093420334803,-3.479308031124015,-3.476206719852621,-3.473105419408727,-3.470004138983991,-3.466902886148477,-3.4638016671528424,-3.4607004871716365,-3.4575993504996485,-3.45449826071072,-3.451397220786501,-3.4482962332210634,-3.4451953001061004,-3.4420944232004738,-3.4389936039870967,-3.435892843719586,-3.4327921434605897,-3.4296915041133484,-3.4265909264477576,-3.423490411121916,-3.4203899586999964,-3.4172895696670915,-3.414189244441577,-3.4110889833854308,-3.4079887868128615,-3.404888654997546,-3.4017885881787087,-3.398688586566242,-3.39558865034503,-3.392488779678605,-3.3893889747122588,-3.3862892355756813,-3.3831895623852213,-3.3800899552458135,-3.3769904142526452,-3.37389093949259,-3.3707915310454477,-3.3676921889850324,-3.3645929133801276,-3.361493704295326,-3.3583945617917834,-3.355295485927896,-3.352196476759919,-3.34909753434254,-3.34599865872942,-3.342899849973702,-3.339801108128521,-3.3367024332474915,-3.333603825385218,-3.33050528459781,-3.327406810943424,-3.3243084044828475,-3.321210065280127,-3.318111793403253,-3.3150135889249315,-3.3119154519234364,-3.3088173824835843,-3.305719380697837,-3.3026214466675734,-3.299523580504547,-3.2964257823325824,-3.293328052289544,-3.2902303905296404,-3.2871327972261186,-3.284035272302464,-3.2809378156889517,-3.2778404273220207,-3.2747431071437068,-3.2716458551011436,-3.268548671146108,-3.2654515552346184,-3.262354507326563,-3.2592575273853774,-3.2561606153777447,-3.2530637712733275,-3.2499669950445274,-3.2468702866662644,-3.243773646115776,-3.2406770733724413,-3.237580568417613,-3.2344841312344683,-3.2313877618078766,-3.228291460124274,-3.2251952261715493,-3.2220990599389436,-3.219002961416958,-3.2159069305972676,-3.212810967472643,-3.209715072036885,-3.206619244284758,-3.203523484211941,-3.2004277918149695,-3.1973321670911994,-3.1942366100387702,-3.1911411206565754,-3.1880456989442396,-3.1849503449021106,-3.1818550585312506,-3.178759839833449,-3.1756646888112416,-3.172569605467946,-3.1694745898077255,-3.166379641835668,-3.1632847615578994,-3.160189948981741,-3.157095204115914,-3.154000526970812,-3.1509059175588585,-3.14781137589498,-3.1447169019972177,-3.1416224958875327,-3.1385281575928627,-3.135433887146503,-3.1323396845899234,-3.129245549975159,-3.126151483367959,-3.1230574848519526,-3.119963554534156,-3.1168696925522936,-3.1137758990845295,-3.1106821743624544,-3.107588518688445,-3.104494932458937,-3.101401416195696,-3.0983079705879524,-3.0952145965493,-3.092121295294755,-3.089028068445351,-3.0859349181705054,-3.082841847382258,-3.079748860000991,-3.076655961319836,-3.0735631585057206,-3.0704704612900233,-3.0673778829230383,-3.0642854414963634,-3.0611931617797197,-3.0581010777787965,-3.0550092363062062,-3.0519177019794608,-3.0488265642338934,-3.0457359471876635,-3.0426460235535138,-3.0395570343061857,-3.0364693165554075,-3.0333833431443114,-3.0302997790408472,-3.0272195618319295,-3.024144016882473,-3.0210750224427425,-3.0180152468415735,-3.0149684898446356,-3.011940174643459,-3.0089380576682574,-3.00597325305541,-3.0030617104572923,-3.0002263428182983,-2.997500078320189,-2.994930208820681,-2.9925845184542985,-2.990559773543518,-2.9889931703535013,-2.988077127989459
-3.590745315549201,-3.589955668898074,-3.5885873292460753,-3.5867916000466904,-3.5846781825035294,-3.582327316153399,-3.5797981190462864,-3.577134415347574,-3.5743688638327216,-3.571525915774989,-3.568623953881553,-3.5656768510141332,-3.5626951135196245,-3.559686724575204,-3.5566577692999117,-3.553612900114042,-3.550555684525929,-3.547488865980533,-3.5444145601522563,-3.541334403120078,-3.538249663552627,-3.5351613278870593,-3.5320701651813806,-3.5289767766234763,-3.5258816334262364,-3.522785105908102,-3.519687485866178,-3.516589003832289,-3.5134898424154897,-3.5103901466441187,-3.5072900320017903,-3.504189590686794,-3.501088896499485,-3.497988008667644,-3.49488697484777,-3.491785833485494,-3.48868461567638,-3.4855833466363633,-3.4824820468664672,-3.479380733077547,-3.4762794189262296,-3.473178115601969,-3.470076832296445,-3.4669755765797365,-3.4638743547025173,-3.4607731718393495,-3.457672032285032,-3.4545709396134177,-3.4514698968061612,-3.448368906357341,-3.445267970358657,-3.4421670905689736,-3.43906626847121,-3.435965505318986,-3.4328648021749495,-3.429764159942347,-3.4266635793910742,-3.423563061179233,-3.4204626058709975,-3.4173622139514612,-3.4142618858390024,-3.4111616218955985,-3.408061422435459,-3.4049612877322626,-3.4018612180252337,-3.3987612135242653,-3.3956612744142425,-3.392561400858699,-3.3894615930029266,-3.386361850976616,-3.3832621748961147,-3.3801625648663585,-3.3770630209825345,-3.373963543331515,-3.370864131993101,-3.3677647870411067,-3.364665508544317,-3.3615662965673248,-3.358467151171285,-3.3553680724145925,-3.352269060353504,-3.3491701150427073,-3.3460712365358627,-3.342972424886115,-3.3398736801465954,-3.336775002370922,-3.333676391613697,-3.33057784793103,-3.3274793713810786,-3.3243809620246303,-3.32128261992573,-3.3181843451523685,-3.315086137777251,-3.3119879978786524,-3.3088899255413873,-3.3057919208579194,-3.302693983929626,-3.2995961148682613,-3.296498313797649,-3.293400580855653,-3.2903029161964787,-3.287205319993375,-3.2841077921698267,-3.281010332656111,-3.2779129413886654,-3.2748156183095274,-3.271718363365831,-3.2686211765093525,-3.2655240576961098,-3.2624270068859924,-3.2593300240424363,-3.256233109132124,-3.2531362621247197,-3.250039482992624,-3.2469427717107573,-3.243846128256359,-3.2407495526088064,-3.237653044749451,-3.2345566046614733,-3.23146023232974,-3.228363927740689,-3.2252676908822084,-3.2221715217435407,-3.219075420315185,-3.215979386588817,-3.212883420557208,-3.2097875222141576,-3.206691691554432,-3.203595928573709,-3.2005002332685253,-3.197404605636238,-3.1943090456749847,-3.1912135533836583,-3.1881181287618854,-3.1850227718100115,-3.1819274825291006,-3.178832260920941,-3.175737106988069,-3.1726420207338033,-3.169547002162306,-3.166452051278665,-3.1633571680890054,-3.1602623526006486,-3.157167604822318,-3.1540729247644053,-3.1509783124393356,-3.1478837678620337,-3.144789291050541,-3.14169488202682,-3.1386005408178077,-3.1355062674567993,-3.1324120619852645,-3.1293179244552394,-3.1262238549324723,-3.123129853500592,-3.1200359202666155,-3.116942055368265,-3.1138482589837064,-3.110754531344531,-3.1076608727531156,-3.1045672836058946,-3.1014737644246346,-3.0983803158985648,-3.095286938941279,-3.0921936347677934,-3.089100404999143,-3.0860072518047446,-3.082914178096639,-3.0798211877952077,-3.076728286193585,-3.0736354804587003,-3.070542780321932,-3.0674501990335785,-3.064357754685243,-3.0612654720466552,-3.058173385123517,-3.0550815407284593,-3.051990003479019,-3.048898862810571,-3.0458082428413333,-3.0427183162841365,-3.039629324113851,-3.0365416034403943,-3.0334556271071826,-3.030372060082582,-3.0272918399541235,-3.0242162920876337,-3.0211472947347273,-3.0180875162262435,-3.0150407563308135,-3.0120124382443625,-3.0090103184036234,-3.0060455109546433,-3.0031339655641305,-3.000298595197694,-2.9975723280684226,-2.9950024560800834,-2.992656763434436,-2.990632016551063,-2.9890654118331117,-2.9881493685771456
-3.5908157209647555,-3.590026073675851,-3.5886577329076177,-3.5868620022285054,-3.5847485829267436,-3.5823977146024037,-3.5798685153533505,-3.577204809381551,-3.5744392554906277,-3.571596304975659,-3.5686943405608043,-3.5657472351210577,-3.5627654950137297,-3.5597571034241913,-3.556728145477947,-3.553683273600406,-3.5506260553039537,-3.5475592340367736,-3.544484925475831,-3.541404765702152,-3.538320023386001,-3.5352316849658445,-3.532140519500741,-3.5290471281794207,-3.5259519822154535,-3.5228554519278323,-3.5197578291141087,-3.516659344306466,-3.513560180114257,-3.5104604815660556,-3.5073603641456725,-3.5042599200515543,-3.50115922308419,-3.498058332471466,-3.4949572958699697,-3.491856151725406,-3.4887549311333976,-3.4856536593099285,-3.4825523567560652,-3.479451040182696,-3.476349723246477,-3.4732484171368876,-3.4701471310456267,-3.467045872542792,-3.4639446478790696,-3.4608434622290316,-3.457742319887489,-3.4546412244283013,-3.4515401788331337,-3.448439185596069,-3.4453382468088143,-3.442237364230236,-3.4391365393432585,-3.436035773401503,-3.4329350674676222,-3.429834422444864,-3.4267338391031257,-3.4236333181005114,-3.420532860001196,-3.4174324652902768,-3.41433213438613,-3.411231867650737,-3.408131665398308,-3.4050315279025214,-3.4019314554026026,-3.398831448108444,-3.395731506204932,-3.392631629855599,-3.3895318192057378,-3.3864320743850413,-3.3833323955098553,-3.3802327826851166,-3.377133236006013,-3.374033755559418,-3.3709343414251327,-3.367834993676971,-3.364735712383716,-3.3616364976099615,-3.358537349416863,-3.3554382678628163,-3.3523392530040765,-3.3492403048953325,-3.3461414235902436,-3.3430426091419556,-3.3399438616036004,-3.336845181028793,-3.3337465674721383,-3.3306480209897438,-3.327549541639768,-3.3244511294829975,-3.321352784583478,-3.3182545070092004,-3.3151562968328694,-3.3120581541327594,-3.308960078993686,-3.305862071508111,-3.302764131777411,-3.2996662599133404,-3.296568456039723,-3.2934707202944216,-3.2903730528316424,-3.287275453824632,-3.2841779231968764,-3.2810804608786532,-3.2779830668064007,-3.274885740922156,-3.2717884831730517,-3.268691293510867,-3.265594171891619,-3.2624971182751974,-3.259400132625039,-3.256303214907826,-3.253206365093223,-3.2501095831536304,-3.2470128690639695,-3.2439162228014777,-3.240819644345535,-3.2377231336774925,-3.2346266907805292,-3.2315303156395148,-3.2284340082408836,-3.2253377685725266,-3.222241596623685,-3.219145492384858,-3.216049455847721,-3.212953487005047,-3.2098575858506346,-3.2067617523792507,-3.203665986586573,-3.2005702884691374,-3.1974746580242996,-3.1943790952502,-3.191283600145732,-3.1881881727105212,-3.1850928129449136,-3.1819975208499733,-3.1789022964274887,-3.175807139679994,-3.1727120506108104,-3.1696170292240984,-3.1665220755249464,-3.1634271895194805,-3.1603323712150213,-3.1572376206202897,-3.1541429377456796,-3.151048322603617,-3.147953775209025,-3.1448592955799475,-3.1417648837383445,-3.138670539711154,-3.135576263531671,-3.1324820552413666,-3.1293879148922743,-3.126293842550144,-3.1231998382986044,-3.1201059022446715,-3.1170120345260703,-3.113918235320965,-3.1108245048609455,-3.1077308434483886,-3.1046372514797302,-3.1015437294767363,-3.0984502781286354,-3.0953568983490225,-3.092263591352913,-3.0891703587613413,-3.0860772027437253,-3.0829841262121067,-3.079891133086868,-3.076798228661143,-3.0737054201018625,-3.070612717140409,-3.0675201330270823,-3.064427685853493,-3.061335400389377,-3.0582433106404476,-3.0551514634193535,-3.0520599233436587,-3.0489687798487757,-3.0458781570529805,-3.0427882276691864,-3.0396992326723904,-3.036611509172694,-3.0335255300137853,-3.0304419601644357,-3.0273617372127712,-3.0242861865255013,-3.021217186355548,-3.018157405035682,-3.0151106423374023,-3.012082321460883,-3.0090801988491616,-3.006115388657633,-3.0032038405668664,-3.0003684675629856,-2.9976421978893715,-2.995072323494324,-2.9927266286446192,-2.9907018798537424,-2.9891352736582744,-2.9882192295398156
-3.590883801345486,-3.5900941534398974,-3.5887258115923477,-3.5869300794824497,-3.584816658480253,-3.5824657882470032,-3.5799365869268582,-3.5772728787571575,-3.574507322568757,-3.5716643696778294,-3.568762402824956,-3.5658152948979676,-3.5628335522642445,-3.5598251581170812,-3.5567961975882323,-3.5537513231080515,-3.5506941021928466,-3.547627278293912,-3.544552967090693,-3.541472804666193,-3.538388059692261,-3.5352997186086283,-3.532208550475369,-3.5291151564820336,-3.5260200078428503,-3.5229234748773472,-3.5198258493835053,-3.5167273618938566,-3.5136281950180366,-3.510528493784851,-3.507428373678301,-3.5043279268969862,-3.5012272272415212,-3.4981263339398945,-3.4950252946487814,-3.4919241478139567,-3.488822924531101,-3.485721650016249,-3.482620344770504,-3.479519025504789,-3.476417705875788,-3.4733163970730025,-3.470215108288149,-3.4671138470913445,-3.4640126197332872,-3.4609114313885616,-3.457810286351988,-3.454709188197435,-3.451608139906574,-3.4485071439734933,-3.445406202489904,-3.442305317214679,-3.439204489630744,-3.436103720991726,-3.4330030123602797,-3.4299023646396547,-3.4268017785997515,-3.4237012548986745,-3.4206007941006025,-3.4175003966906314,-3.414400063087139,-3.411299793652107,-3.4081995886997474,-3.4050994485037385,-3.4019993733033074,-3.398899363308347,-3.395799418703743,-3.392699539653031,-3.389599726301503,-3.3864999787788506,-3.383400297201421,-3.3803006816741523,-3.377201132292231,-3.37410164914253,-3.371002232304851,-3.367902881853009,-3.3648035978557873,-3.36170438037778,-3.358605229480142,-3.3555061452212684,-3.3524071276574157,-3.3493081768432713,-3.346209292832495,-3.3431104756782326,-3.3400117254336164,-3.3369130421522626,-3.3338144258887747,-3.3307158766992604,-3.327617394641878,-3.3245189797774146,-3.3214206321699145,-3.3183223518873692,-3.315224139002482,-3.312125993593528,-3.3090279157453217,-3.3059299055503257,-3.302831963109917,-3.299734088535848,-3.2966362819519426,-3.293538543496063,-3.2904408733224155,-3.2873432716042448,-3.2842457382650383,-3.2811482732350727,-3.278050876450787,-3.274953547854219,-3.2718562873925037,-3.268759095017418,-3.2656619706849805,-3.262564914355081,-3.2594679259911548,-3.256371005559886,-3.253274153030939,-3.2501773683767143,-3.247080651572132,-3.2439840025944315,-3.240887421422991,-3.2377909080391634,-3.2346944624261282,-3.2315980845687537,-3.228501774453476,-3.2254055320681854,-3.2223093574021218,-3.2192132504457867,-3.216117211190855,-3.2130212396300992,-3.20992533575732,-3.206829499567282,-3.2037337310556637,-3.200638030219,-3.1975423970546477,-3.194446831560747,-3.1913513337361907,-3.188255903580605,-3.1851605410943358,-3.1820652462784462,-3.178970019134726,-3.1758748596657105,-3.1727797678747187,-3.1696847437659117,-3.166589787344378,-3.1634948986162437,-3.16040007758883,-3.157305324270858,-3.1542106386727227,-3.1511160208068474,-3.1480214706881577,-3.1449269883346944,-3.141832573768419,-3.1387382270162694,-3.1356439481115403,-3.132549737095703,-3.1294555940207918,-3.1263615189525567,-3.1232675119746247,-3.1201735731940143,-3.117079702748448,-3.1139859008160906,-3.110892167628533,-3.107798503488153,-3.104704908791384,-3.1016113840599915,-3.098517929983206,-3.0954245474746225,-3.0923312377492564,-3.089238002428142,-3.086144843680697,-3.083051764418962,-3.0799587685633227,-3.0768658614069127,-3.073773050116663,-3.0706803444239594,-3.0675877575791044,-3.064495307673713,-3.0614030194775315,-3.0583109269962825,-3.055219077042632,-3.052127534234169,-3.0490363880063445,-3.045945762477488,-3.0428558303605966,-3.0397668326307854,-3.036679106398336,-3.0335931245072008,-3.030509551926541,-3.0274293262450587,-3.024353772830316,-3.021284769936497,-3.018224985898243,-3.0151782204898248,-3.012149896915526,-3.009147771624479,-3.0061829587811206,-3.003271408079419,-3.0004360325253367,-2.997709760391543,-2.995139883669399,-2.9927941866885437,-2.990769436053259,-2.989202828429147,-2.9882867834767244
-3.5909496280217437,-3.5901599795199184,-3.588791636628841,-3.5869959031355987,-3.58488248048935,-3.582531608410483,-3.5800024050879156,-3.5773386947931876,-3.5745731363834827,-3.571730181195371,-3.5688282119853114,-3.5658811016535457,-3.5628993565771894,-3.559890959957198,-3.556861996931371,-3.5538171199348403,-3.550759896487705,-3.547693070044271,-3.5446187562863805,-3.5415385912989503,-3.538453843755356,-3.535365500096555,-3.5322743293836067,-3.52918093280685,-3.5260857815811524,-3.522989246026554,-3.5198916179414534,-3.5167931278587203,-3.5136939583882656,-3.5105942545591193,-3.5074941318554615,-3.504393682476044,-3.5012929802216024,-3.4981920843202268,-3.495091042428674,-3.4919898929927857,-3.4888886671083017,-3.4857873899913,-3.4826860821429233,-3.479584760274127,-3.4764834380416216,-3.4733821266349323,-3.470280835245795,-3.46717957144434,-3.4640783414812795,-3.460977150531209,-3.4578760028889586,-3.4547749021284035,-3.451673851231223,-3.4485728526915116,-3.4454719086009855,-3.4423710207185216,-3.439270190527049,-3.436169419280197,-3.4330687080406226,-3.4299680577115788,-3.426867469062968,-3.4237669427528963,-3.420666479345544,-3.417566079326006,-3.414465743112664,-3.4113654710675,-3.4082652635047275,-3.4051651206980242,-3.4020650428866177,-3.3989650302804035,-3.395865083064266,-3.3927652014017395,-3.389665385438119,-3.3865656353030964,-3.3834659511130187,-3.380366332972823,-3.377266780977698,-3.374167295214516,-3.3710678757630785,-3.3679685226972005,-3.3648692360856653,-3.3617700159930664,-3.3586708624805586,-3.355571775606538,-3.3524727554272613,-3.3493738019974164,-3.346274915370663,-3.3431760956001466,-3.3400773427389985,-3.336978656840836,-3.333880037960262,-3.3307814861533855,-3.3276830014783627,-3.3245845839959816,-3.321486233770286,-3.3183879508692664,-3.315289735365627,-3.3121915873376424,-3.309093506870127,-3.3059954940555425,-3.3028975489952654,-3.2997996718010496,-3.2967018625967164,-3.293604121520129,-3.2905064487254916,-3.2874088443860505,-3.284311308425292,-3.281213840773494,-3.278116441367096,-3.275019110148135,-3.2719218470637457,-3.268824652065707,-3.2657275251100377,-3.2626304661566268,-3.25953347516891,-3.2564365521135716,-3.253339696960276,-3.2502429096814245,-3.247146190251937,-3.2440495386490533,-3.240952954852152,-3.237856438842586,-3.234759990603535,-3.2316636101198664,-3.2285672973780173,-3.2254710523658763,-3.2223748750726857,-3.2192787654889456,-3.216182723606332,-3.2130867494176165,-3.2099908429165995,-3.206895004098047,-3.2037992329576364,-3.200703529491905,-3.1976078936982075,-3.1945123255746832,-3.1914168251202257,-3.1883213923344607,-3.1852260272177353,-3.1821307297711128,-3.1790354999963824,-3.175940337896079,-3.1728452434735237,-3.169750216732877,-3.1666552576792264,-3.163560366318699,-3.1604655426586143,-3.157370786707695,-3.1542760984763345,-3.151181477976958,-3.148086925224489,-3.14499244023697,-3.141898023036363,-3.1388036736496048,-3.1357093921099906,-3.132615178458991,-3.1295210327486402,-3.1264269550446873,-3.123332945430762,-3.120239004013881,-3.1171451309317666,-3.114051326362585,-3.1109575905379256,-3.107863923760166,-3.104770326425741,-3.101676799056416,-3.09858334234142,-3.0954899571943484,-3.0923966448302163,-3.0893034068700596,-3.0862102454832954,-3.0831171635819663,-3.0800241650864546,-3.0769312552898973,-3.0738384413592263,-3.0707457330258303,-3.067653143540016,-3.064560690993403,-3.061468400155743,-3.0583763050327697,-3.0552844524371654,-3.052192906986544,-3.0491017581163917,-3.0460111299450934,-3.042921195185724,-3.039832194813515,-3.0367444659389218,-3.033658481406151,-3.0305749061847407,-3.027494677863951,-3.0244191218121697,-3.0213501162848,-3.0182903296182917,-3.0152435615895943,-3.0122152354069667,-3.0092131075254334,-3.0062482921181712,-3.003336738892104,-3.0005013608723745,-2.9977750863599715,-2.995205207387889,-2.9928595083465455,-2.9908347559280095,-2.989268146922624,-2.98835210116389
-3.591013270504755,-3.590223621426507,-3.588855277526578,-3.5870595426959584,-3.5849461184602895,-3.582595244597136,-3.5800660393386887,-3.5774023269895494,-3.574636766432357,-3.571793809023401,-3.568891837534489,-3.565944724877862,-3.5629629774400478,-3.559954578429405,-3.556925612989577,-3.55388073356032,-3.550823507665393,-3.547756678762015,-3.5446823625343464,-3.5416021950691534,-3.5385174450412893,-3.535429098892896,-3.5323379256859826,-3.5292445266116546,-3.526149372885394,-3.5230528348277392,-3.519955204237492,-3.516856711647847,-3.5137575396689806,-3.5106578333301393,-3.507557708115681,-3.5044572562244998,-3.50135655145745,-3.498255653042718,-3.4951546086371397,-3.492053456686624,-3.4889522282869634,-3.485850948654283,-3.482749638289761,-3.479648313904387,-3.476546989154895,-3.4734456752308307,-3.4703443813239496,-3.4672431150043974,-3.464141882522898,-3.4610406890540593,-3.45793953889272,-3.454838435612765,-3.4517373821958777,-3.448636381136158,-3.445535434525326,-3.4424345441222637,-3.4393337114099034,-3.436232937641878,-3.4331322238808477,-3.430031571030067,-3.4269309798594394,-3.4238304510270736,-3.4207299850971493,-3.4176295825547665,-3.4145292438183064,-3.41142896924975,-3.408328759163312,-3.405228613832672,-3.402128533497057,-3.3990285183663627,-3.3959285686254743,-3.392828684437929,-3.389728865949019,-3.386629113288438,-3.3835294265725344,-3.380429805906244,-3.3773302513847554,-3.3742307630949413,-3.371131341116603,-3.368031985523556,-3.364932696384584,-3.36183347376428,-3.3587343177238007,-3.3556352283215403,-3.3525362056137555,-3.349437249655135,-3.3463383604993377,-3.3432395381995095,-3.3401407828087817,-3.3370420943807724,-3.3339434729700836,-3.330844918632823,-3.3277464314271485,-3.3246480114138466,-3.321549658656961,-3.3184513732244842,-3.3153531551891184,-3.312255004629137,-3.309156921629356,-3.3060589062822365,-3.3029609586891544,-3.2998630789618635,-3.296765267224185,-3.2936675236139816,-3.290569848285457,-3.2874722414118556,-3.2843747029166654,-3.281277232730164,-3.27817983078879,-3.2750824970345827,-3.2719852314146767,-3.26888803388085,-3.2657909043891227,-3.262693842899384,-3.2595968493750713,-3.256499923782866,-3.253403066092434,-3.250306276276177,-3.2472095543090163,-3.24411290016819,-3.241016313833077,-3.23791979528503,-3.2348233445072294,-3.231726961484543,-3.228630646203407,-3.2255343986517113,-3.222438218818697,-3.2193421066948655,-3.2162460622718916,-3.2131500855425474,-3.210054176500634,-3.206958335140916,-3.2038625614590717,-3.2007668554516395,-3.1976712171159742,-3.1945756464502146,-3.191480143453254,-3.1883847081247185,-3.1852893404649545,-3.1821940404750255,-3.1790988081567204,-3.176003643512575,-3.172908546545908,-3.1698135172608826,-3.166718555662585,-3.1636236617571427,-3.160528835551876,-3.1574340770555063,-3.1543393862784272,-3.1512447632330653,-3.1481502079343437,-3.1450557204003036,-3.141961300652908,-3.138866948719093,-3.1357726646321553,-3.132678448433564,-3.129584300175355,-3.126490219923277,-3.123396207760958,-3.120302263795415,-3.117208388164372,-3.114114581045994,-3.11102084267187,-3.107927173344377,-3.1048335734599504,-3.1017400435403553,-3.0986465842748223,-3.095553196576947,-3.0924598816617435,-3.089366641150247,-3.086273477211875,-3.0831803927586705,-3.080087391711017,-3.076994479362052,-3.0739016628787095,-3.070808951992379,-3.067716359953369,-3.064623904853306,-3.061531611461948,-3.058439513785041,-3.0553476586352835,-3.0522561106303105,-3.0491649592056427,-3.0460743284797176,-3.042984391165685,-3.039895388238893,-3.0368076568099607,-3.033721669723343,-3.030638091948941,-3.027557861076555,-3.0244823024753695,-3.0214132944019685,-3.018353505194549,-3.0153067346326523,-3.0122784059283774,-3.009276275542446,-3.0063114576564844,-3.0033999019899436,-3.0005645215865075,-2.9978382447745435,-2.995268363627293,-2.9929226625939367,-2.990897908451411,-2.9893312981106543,-2.988415251572404
-3.5910747965071166,-3.590285146871644,-3.5889168019964646,-3.587121065873012,-3.5850076401008577,-3.5826567645128424,-3.5801275573829887,-3.5774638430478594,-3.574698280414702,-3.5718553208588646,-3.5689533471669956,-3.5660062322629336,-3.5630244825423043,-3.56001608122063,-3.556987113447199,-3.553942231666235,-3.550885003405039,-3.547818172123645,-3.5447438535084532,-3.541663683648017,-3.5385789312186207,-3.5354905826635497,-3.532399407045731,-3.5293060055570105,-3.526210849413466,-3.523114308936116,-3.5200166759241514,-3.516918180911085,-3.513819006507348,-3.5107192977423956,-3.5076191701007553,-3.504518715781462,-3.501418008585483,-3.4983171077410997,-3.495216060905226,-3.492114906523832,-3.489013675692764,-3.4859123936281877,-3.482811080831321,-3.4797097540131805,-3.476608426830528,-3.473507110472931,-3.4704058141321603,-3.467304545378376,-3.464203310462316,-3.4611021145585976,-3.458000961962069,-3.4548998562466204,-3.451798800393943,-3.4486977968981423,-3.4455968478509433,-3.442495955011232,-3.4393951198619432,-3.436294343656713,-3.4331936274582042,-3.4300929721696725,-3.4269923785610237,-3.423891847290368,-3.420791378921885,-3.4176909739406764,-3.414590632765126,-3.4114903557572176,-3.408390143231163,-3.405289995460645,-3.4021899126848894,-3.399089895113793,-3.3959899429322418,-3.392890056303773,-3.3897902353736784,-3.386690480271652,-3.3835907911140435,-3.380491168005789,-3.377391611042076,-3.374292120309778,-3.3711926958886966,-3.3680933378526468,-3.364994046270414,-3.361894821206591,-3.3587956627223328,-3.3556965708760345,-3.3525975457239534,-3.349498587320778,-3.3463996957201667,-3.3433008709752645,-3.3402021131392043,-3.3371034222656024,-3.334004798409062,-3.3309062416256903,-3.3278077519736455,-3.324709329513713,-3.3216109743099382,-3.318512686430312,-3.315414465947537,-3.3123163129398883,-3.3092182274921798,-3.3061202096968723,-3.3030222596553416,-3.29992437747934,-3.296826563292689,-3.293728817233251,-3.290631139455229,-3.2875335301318676,-3.284435989186654,-3.2813385165498667,-3.2782411121579456,-3.275143775952929,-3.2720465078819525,-3.2689493078967944,-3.2658521759534733,-3.262755112011881,-3.259658116035453,-3.256561187990874,-3.2534643278478073,-3.2503675355786554,-3.2472708111583377,-3.244174154564095,-3.2410775657753055,-3.237981044773323,-3.2348845915413253,-3.231788206064184,-3.228691888328332,-3.2255956383216615,-3.222499456033414,-3.2194033414540892,-3.2163072945753632,-3.213211315390008,-3.210115403891823,-3.207019560075575,-3.203923783936942,-3.2008280754724603,-3.197732434679487,-3.1946368615561593,-3.191541356101373,-3.1884459183147538,-3.185350548196647,-3.182255245748116,-3.1791600109709512,-3.176064843867687,-3.1729697444416423,-3.1698747126969797,-3.1667797486387865,-3.1636848522731897,-3.160590023607509,-3.1574952626504666,-3.154400569412457,-3.151305943905905,-3.148211386145735,-3.1451168961499887,-3.1420224739406275,-3.1389281195445893,-3.1358338329951687,-3.132739614333836,-3.1296454636126265,-3.1265513808972893,-3.1234573662714515,-3.1203634198421306,-3.1172695417470497,-3.1141757321643753,-3.1110819913256966,-3.1079883195333906,-3.104894717183891,-3.1018011847989655,-3.0987077230678426,-3.095614332904117,-3.092521015522805,-3.0894277725449424,-3.0863346061399457,-3.0832415192198583,-3.080148515705064,-3.0770556008887002,-3.073962781937704,-3.0708700685834653,-3.067777474076298,-3.0646850165078314,-3.0615927206478295,-3.058500620502049,-3.0554087628832036,-3.0523172124089517,-3.0492260585148494,-3.046135425319381,-3.043045485535773,-3.0399564801394803,-3.036868746241284,-3.033782756685878,-3.0306991764435147,-3.0276189431045153,-3.0245433820388357,-3.021474371504201,-3.0184145798404978,-3.0153678068297713,-3.0123394756878334,-3.0093373428809143,-3.006372522598809,-3.003460964573076,-3.0006255818653247,-2.9978993028303877,-2.995329419580415,-2.992983716621391,-2.9909589608122933,-2.989392349180642,-2.9884763018888387
-3.5911342719652017,-3.5903446217911017,-3.5889762759732187,-3.5871805386000775,-3.585067111342718,-3.58271623408741,-3.580187025148607,-3.57752330889377,-3.574757744253932,-3.571914782622867,-3.569012806801565,-3.5660656897250784,-3.5630839377978267,-3.5600755342422508,-3.5570465642131017,-3.5540016801589203,-3.550944449610432,-3.547877616030388,-3.5448032951073585,-3.541723122931622,-3.5386383681808455,-3.53555001729942,-3.5324588393511633,-3.5293654355286317,-3.5262702770484804,-3.5231737342321945,-3.5200760988793403,-3.5169776015237346,-3.513878424776057,-3.5107787136659656,-3.5076785836781514,-3.504578127011784,-3.501477417467942,-3.4983765142749963,-3.495275465089935,-3.4921743083587913,-3.4890730751774632,-3.4859717907621572,-3.482870475614126,-3.479769146444416,-3.4766678169098113,-3.4735664981999,-3.4704651995064713,-3.4673639283997,-3.4642626911303345,-3.4611614928730035,-3.458060337922561,-3.454959229852906,-3.451858171645735,-3.44875716579516,-3.4456562143929093,-3.442555319197872,-3.439454481692988,-3.4363537031318954,-3.433252984577259,-3.4301523269323364,-3.4270517309670363,-3.423951197339469,-3.420850726613818,-3.4177503192751852,-3.4146499757419537,-3.4115496963761083,-3.408449481491863,-3.405349331362898,-3.4022492462284437,-3.399149226298395,-3.3960492717576383,-3.392949382769711,-3.3898495594799067,-3.38674980201792,-3.3836501105000987,-3.3805504850313803,-3.377450925706953,-3.3743514326136905,-3.3712520058313946,-3.3681526454338804,-3.365053351489932,-3.3619541240641424,-3.358854963217668,-3.3557558690089038,-3.3526568414941065,-3.3495578807279633,-3.346458986764135,-3.3433601596557656,-3.3402613994559878,-3.337162706218417,-3.334064079997657,-3.330965520849816,-3.3278670288330523,-3.3247686040081503,-3.3216702464391545,-3.3185719561940568,-3.3154737333455593,-3.312375577971937,-3.3092774901580024,-3.306179469996217,-3.303081517587956,-3.299983633044972,-3.2968858164910855,-3.293788068064157,-3.290690387918392,-3.2875927762270325,-3.2844952329135673,-3.281397757908275,-3.2783003511475943,-3.275203012573566,-3.2721057421333253,-3.269008539778651,-3.2659114054655602,-3.2628143391539464,-3.259717340807245,-3.2566204103921392,-3.2535235478782942,-3.250426753238113,-3.247330026446516,-3.2442333674807426,-3.2411367763201717,-3.2380402529461554,-3.2349437973418738,-3.2318474094921954,-3.228751089383557,-3.2256548370038494,-3.2225586523423133,-3.21946253538945,-3.2163664861369345,-3.2132705045775394,-3.210174590705065,-3.2070787445142774,-3.203982966000853,-3.200887255161329,-3.1977916119930634,-3.1946960364941943,-3.191600528663615,-3.188505088500952,-3.1854097160065518,-3.1823144111814785,-3.17921917402752,-3.1761240045472126,-3.1730289027438747,-3.169933868621669,-3.1668389021856838,-3.1637440034420448,-3.1606491723980734,-3.157554409062489,-3.1544597134456867,-3.1513650855600908,-3.148270525420627,-3.145176033045337,-3.142081608456182,-3.1389872516801,-3.135892962750385,-3.1327987417085077,-3.129704588606503,-3.1266105035101193,-3.123516486502986,-3.120422537692119,-3.1173286572152428,-3.1142348452505213,-3.1111411020295465,-3.108047427854694,-3.1049538231223988,-3.1018602883544264,-3.098766824240007,-3.0956734316927355,-3.092580111927626,-3.089486866565716,-3.086393697776421,-3.083300608471785,-3.0802076025721927,-3.0771146853707836,-3.074021864034494,-3.0709291482947174,-3.067836551401769,-3.0647440914472823,-3.06165179320103,-3.058559690668778,-3.0554678306632543,-3.0523762778021393,-3.0492851215210215,-3.0461944859384347,-3.043104543767676,-3.0400155359843044,-3.036927799699259,-3.0338418077574616,-3.030758225129507,-3.0276779894062207,-3.024602425958304,-3.0215334130445837,-3.018473619006579,-3.0154268436287563,-3.012398510130517,-3.0093963749834156,-3.0064315523851413,-3.003519992078959,-3.000684607143802,-2.997958325960087,-2.995388440677575,-2.9930427358571556,-2.9910179784371125,-2.9894513655576516,-2.9885353175374463
-3.5911917610631825,-3.5904021103684687,-3.589033763639412,-3.5872380250583804,-3.5851245963654894,-3.5827737174986507,-3.5802445068114017,-3.5775807887010616,-3.574815222121656,-3.5719722584847675,-3.569070280605249,-3.5661231614289903,-3.563141407368912,-3.560133001654144,-3.5571040294447136,-3.5540591431933373,-3.55100191043405,-3.547935074632232,-3.544860751478544,-3.541780577064938,-3.5386958200704153,-3.5356074669404367,-3.5325162867396775,-3.5294228806613863,-3.5263277199227745,-3.5232311748457756,-3.5201335372303197,-3.517035037610518,-3.5139358585972906,-3.510836145220491,-3.50773601296497,-3.504635554030026,-3.5015348422168437,-3.498433936753883,-3.495332885298203,-3.4922317262958975,-3.4891304908429106,-3.4860292041554928,-3.482927886734929,-3.4798265552922945,-3.476725223484396,-3.473623902500842,-3.4705226015334376,-3.467421328152372,-3.4643200886084027,-3.461218888076169,-3.4581177308505358,-3.4550166205054085,-3.4519155600224876,-3.4488145518958895,-3.4457135982173495,-3.4426127007457583,-3.43951186096406,-3.436411080125895,-3.4333103592939285,-3.430209699371423,-3.427109101128287,-3.424008565222633,-3.4209080922186454,-3.417807682601428,-3.414707336789364,-3.4116070551444375,-3.4085068379808656,-3.4054066855723297,-3.4023065981580585,-3.3992065759479493,-3.396106619126889,-3.393006727858415,-3.3899069022878217,-3.3868071425448028,-3.3837074487457066,-3.3806078209954706,-3.3775082593892822,-3.3744087640140163,-3.3713093349494745,-3.3682099722694723,-3.3651106760427933,-3.3620114463340314,-3.3589122832043428,-3.3558131867121226,-3.3527141569136267,-3.3496151938635443,-3.346516297615534,-3.343417468222741,-3.3403187057382975,-3.33722001021582,-3.3341213817099113,-3.33102282027668,-3.3279243259742826,-3.324825898863505,-3.321727539008391,-3.318629246476932,-3.315531021341832,-3.3124328636813622,-3.309334773580338,-3.3062367511312196,-3.3031387964353827,-3.3000409096045784,-3.2969430907626283,-3.2938453400473917,-3.290747657613073,-3.287650043632914,-3.2845524980304033,-3.28145502073582,-3.2783576116856046,-3.2752602708217955,-3.2721629980915297,-3.2690657934465857,-3.2659686568429813,-3.262871588240609,-3.2597745876029056,-3.256677654896555,-3.2535807900912226,-3.2504839931593104,-3.2473872640757384,-3.2442906028177467,-3.2411940093647145,-3.2380974836979948,-3.235001025800768,-3.231904635657903,-3.2288083132558354,-3.2257120585824555,-3.222615871627006,-3.2195197523799854,-3.216423700833071,-3.213327716979034,-3.2102318008116764,-3.2071359523257637,-3.2040401715169726,-3.2009444583818407,-3.1978488129177247,-3.1947532351227634,-3.1916577249958507,-3.188562282536612,-3.185466907745394,-3.1823716006232603,-3.179276361172,-3.176181189394148,-3.173086085293024,-3.16999104887279,-3.166896080138535,-3.1638011790963847,-3.1607063457536593,-3.157611580119081,-3.1545168822030423,-3.1514222520179684,-3.1483276895787853,-3.145233194903533,-3.142138768014175,-3.139044408937648,-3.1359501177072455,-3.1328558943644405,-3.129761738961266,-3.126667651563472,-3.123573632254686,-3.1204796811419255,-3.117385798362913,-3.1142919840958134,-3.111198238572218,-3.108104562094503,-3.1050109550591034,-3.1019174179877846,-3.0988239515697757,-3.095730556718673,-3.092637234649491,-3.0895439869832666,-3.0864508158894166,-3.083357724279985,-3.080264716075355,-3.0771717965686674,-3.074078972926861,-3.0709862548813307,-3.0678936556823944,-3.064801193421691,-3.0617088928689986,-3.0586167880300916,-3.0555249257177137,-3.0524333705495663,-3.0493422119612683,-3.046251574071401,-3.0431616295933286,-3.0400726195027157,-3.036984880910649,-3.0338988866622754,-3.030815301728518,-3.0277350637006895,-3.0246594979502084,-3.0215904827369697,-3.0185306864040724,-3.0154839087383216,-3.0124555729625873,-3.009453435553569,-3.00648861071659,-3.003577048206226,-3.00074166111816,-2.998015377857534,-2.9954454906104604,-2.9930997839909006,-2.9910750250137887,-2.989508410928251,-2.988592362204005
-3.5912473262585283,-3.5904576750606463,-3.5890893274509477,-3.5872935877024994,-3.5851801576221782,-3.5828292771978067,-3.580300064820697,-3.577636344917031,-3.5748707764630514,-3.572027810887554,-3.5691258310187908,-3.5661787098131246,-3.5631969536916928,-3.560188545890088,-3.55715957157344,-3.5541146831984984,-3.551057448302497,-3.547990610353357,-3.544916285043764,-3.5418361084672805,-3.538751349304199,-3.535662994001016,-3.532571811623236,-3.529478403364777,-3.5263832404433852,-3.5232866931814306,-3.5201890533791933,-3.5170905515710698,-3.513991370368212,-3.5108916548006612,-3.5077915203534227,-3.5046910592259213,-3.5015903452194452,-3.4984894375625366,-3.4953883839123274,-3.492287222714966,-3.4891859850664453,-3.486084696183055,-3.482983376566113,-3.47988204292672,-3.476780708921707,-3.473679385740701,-3.470578082575522,-3.4674768069963724,-3.464375565254023,-3.4612743625231213,-3.458173203098538,-3.4550720905541863,-3.451971027871775,-3.448870017545424,-3.4457690616668715,-3.442668161995013,-3.4395673200127943,-3.4364665369738594,-3.4333658139408763,-3.4302651518171086,-3.4271645513724676,-3.4240640132650664,-3.420963538059091,-3.417863126239644,-3.414762778225112,-3.4116624943774796,-3.4085622750109645,-3.4054621203992483,-3.4023620307815605,-3.3992620063677994,-3.3961620473428504,-3.393062153870252,-3.389962326095299,-3.3868625641476835,-3.383762868143756,-3.380663238188454,-3.377563674376967,-3.3744641767961667,-3.3713647455258577,-3.3682653806398544,-3.3651660822069402,-3.362066850291711,-3.35896768495532,-3.3558685862561632,-3.352769554250498,-3.349670588993012,-3.346571690537364,-3.3434728589367,-3.3403740942441527,-3.3372753965133373,-3.334176765798856,-3.3310782021568177,-3.3279797056453786,-3.324881276325326,-3.321782914260704,-3.3186846195195012,-3.315586392174422,-3.3124882323037395,-3.3093901399922667,-3.306292115332464,-3.303194158425707,-3.3000962693837463,-3.296998448330404,-3.2939006954035395,-3.2908030107573554,-3.287705394565094,-3.2846078467502426,-3.2815103672430834,-3.2784129559800546,-3.2753156129031975,-3.2722183379596457,-3.2691211311011794,-3.266023992283818,-3.262926921467453,-3.259829918615521,-3.2567329836947065,-3.2536361166746754,-3.2505393175278297,-3.2474425862290897,-3.2443459227556946,-3.241249327087024,-3.2381527992044314,-3.2350563390910967,-3.2319599467318896,-3.2288636221132463,-3.225767365223056,-3.222671176050562,-3.2195750545862647,-3.216479000821839,-3.213383014750058,-3.2102870963647203,-3.207191245660593,-3.2040954626333535,-3.20099974727954,-3.1979040995965082,-3.194808519582398,-3.1917130072361024,-3.188617562557247,-3.185522185546179,-3.1824268762039614,-3.1793316345323825,-3.1762364605339792,-3.17314135421207,-3.170046315570817,-3.1669513446153092,-3.163856441351673,-3.1607616057872274,-3.157666837930696,-3.154572137792471,-3.1514775053849786,-3.1483829407231423,-3.145288443825004,-3.142194014712527,-3.1390996534126465,-3.136005359958658,-3.1329111343920317,-3.1298169767648023,-3.1267228871427193,-3.12362886560941,-3.120534912271893,-3.1174410272678896,-3.114347210775567,-3.111253463026516,-3.1081597843231106,-3.1050661750617867,-3.101972635764311,-3.098879167119911,-3.0957857700421822,-3.0926924457461413,-3.0895991958528226,-3.0865060225316454,-3.083412928694653,-3.0803199182622305,-3.0772269965275187,-3.074134170657456,-3.07104145038344,-3.067948848955792,-3.064856384466153,-3.0617640816843084,-3.058671974616043,-3.0555801100741133,-3.0524885526762433,-3.049397391858081,-3.046306751738251,-3.0432168050301867,-3.04012779270965,-3.037040051887874,-3.033954055410221,-3.0308704682479304,-3.027790227992786,-3.024714660016903,-3.021645642581205,-3.018585844030319,-3.0155390641533106,-3.0125107261764024,-3.009508586581268,-3.0065437595806053,-3.003632194939926,-3.000796805771097,-2.9980705205031613,-2.9955006313573618,-2.9931549229989525,-2.9911301625169524,-2.9895635472657562,-2.9886474978610624
-3.5913010283087536,-3.5905113766245966,-3.5891430281638237,-3.5873472872871557,-3.5852338558659884,-3.5828829739363823,-3.5803537599261506,-3.5776900382893673,-3.5749244680237515,-3.5720815005747313,-3.569179518783509,-3.566232395616569,-3.563250637502989,-3.560242227684611,-3.557213251331493,-3.5541683609042822,-3.551111123943304,-3.5480442839189363,-3.5449699565258164,-3.5418897778590708,-3.538805016600238,-3.535716659196813,-3.532625474715103,-3.5295320643496697,-3.5264368993187816,-3.5233403499452267,-3.520242708029626,-3.517144204106651,-3.514045020787679,-3.5109453031029307,-3.50784516653756,-3.504744703291113,-3.5016439871649774,-3.498543077387779,-3.4954420216167157,-3.492340858297992,-3.489239618527648,-3.486138327522011,-3.4830370057824296,-3.4799356700200303,-3.476834333891668,-3.473733008586986,-3.4706317032978204,-3.4675304255943855,-3.4644291817274633,-3.46132797687171,-3.4582268153220053,-3.4551257006522675,-3.4520246358442117,-3.4489236233919622,-3.4458226653872615,-3.4427217635890086,-3.439620919480152,-3.436520134314339,-3.433419409154239,-3.4303187449031176,-3.4272181423308856,-3.424117602095659,-3.421017124761625,-3.417916710813889,-3.4148163606708355,-3.411716074694451,-3.4086158531989525,-3.405515696458024,-3.4024156047108964,-3.399315578167467,-3.3962156170126216,-3.3931157214099,-3.390015891504596,-3.3869161274264035,-3.383816429291672,-3.3807167972053396,-3.377617231262595,-3.3745177315503123,-3.371418298148293,-3.3683189311303536,-3.365219630565277,-3.3621203965176583,-3.3590212290486527,-3.355922128216655,-3.352823094077923,-3.349724126687145,-3.3466252260979794,-3.343526392363573,-3.340427625537057,-3.3373289256720455,-3.3342302928231438,-3.3311317270464573,-3.3280332284001446,-3.3249347969449916,-3.3218364327450423,-3.318738135868287,-3.3156399063874282,-3.312541744380739,-3.3094436499330326,-3.30634562313677,-3.3032476640933255,-3.3001497729144496,-3.297051949723963,-3.2939541946597255,-3.2908565078759384,-3.2877588895458443,-3.284661339592932,-3.281563857947481,-3.2784664445459324,-3.2753690993303253,-3.272271822247797,-3.2691746132501263,-3.2660774722933335,-3.2629803993373088,-3.2598833943454903,-3.2567864572845617,-3.25368958812419,-3.250592786836776,-3.2474960533972403,-3.2443993877828237,-3.241302789972906,-3.2382062599488393,-3.2351097976938044,-3.2320134031926706,-3.2289170764318738,-3.2258208173993035,-3.2227246260842026,-3.219628502477071,-3.216532446569586,-3.2134364583545185,-3.210340537825669,-3.207244684977804,-3.2041488998066012,-3.201053182308598,-3.1979575324811504,-3.194861950322397,-3.1917664358312323,-3.1886709890072833,-3.185575609850895,-3.182480298363132,-3.179385054545782,-3.176289878401382,-3.17319476993325,-3.170099729145549,-3.167004756043367,-3.163909850632831,-3.1608150129212613,-3.1577202429173794,-3.1546255406315775,-3.151530906076281,-3.148436339266415,-3.145341840220022,-3.142247408959063,-3.139153045510474,-3.136058749907552,-3.1329645221917666,-3.1298703624151534,-3.1267762706434605,-3.1236822469603167,-3.1205882914727394,-3.1174944043184523,-3.114400585675618,-3.111306835775828,-3.108213154921458,-3.105119543508944,-3.1020260020600516,-3.09893253126401,-3.0958391320344147,-3.0927458055862806,-3.0896525535406436,-3.086559378066921,-3.0834662820771586,-3.0803732694917407,-3.0772803456038096,-3.0741875175803046,-3.071094795152626,-3.0680021915710958,-3.0649097249273605,-3.0618174199912107,-3.0587253107684402,-3.055633444071819,-3.0525418845190897,-3.0494507215459303,-3.0463600792710097,-3.0432701304078247,-3.0401811159322336,-3.0370933729556095,-3.034007374323522,-3.0309237850075204,-3.027843542599842,-3.0247679724732746,-3.0216989528897384,-3.018639152195332,-3.0155923701813094,-3.0125640300771335,-3.009561888369283,-3.0065970592775844,-3.0036854925781156,-3.000850101398387,-2.998123814190534,-2.995553923209757,-2.9932082131708806,-2.9911834512345177,-2.989616834856799,-2.988700784794504
-3.5913529262992667,-3.5905632741451914,-3.5891949248619706,-3.587399182895031,-3.5852857501781172,-3.5829348667939023,-3.580405651205478,-3.5777419278938716,-3.5749763558775536,-3.572133386618027,-3.569231402969008,-3.5662842779067643,-3.563302517868044,-3.5602941061007285,-3.557265127779639,-3.5542202353691894,-3.551162996412692,-3.5480961543828973,-3.5450218249763332,-3.541941644289634,-3.5388568810055436,-3.5357685215725208,-3.532677335057649,-3.529583922656113,-3.5264887555866835,-3.5233922041725543,-3.520294560214674,-3.5171960542479814,-3.5140968688840677,-3.510997149153333,-3.507897010541074,-3.504796545246954,-3.501695827072458,-3.4985949152462905,-3.4954938574257124,-3.4923926920569843,-3.4892914502361885,-3.4861901571796885,-3.483088833388865,-3.4799874955748686,-3.476886157394576,-3.473784830037649,-3.4706835226959374,-3.4675822429396685,-3.4644809970196357,-3.4613797901105032,-3.458278626507158,-3.4551775097835247,-3.452076442921322,-3.448975428414682,-3.4458744683553486,-3.442773564502225,-3.4396727183382634,-3.4365719311171103,-3.4334712039014406,-3.4303705375945195,-3.427269932966261,-3.4241693906747805,-3.4210689112842667,-3.4179684952798257,-3.4148681430798438,-3.4117678550463086,-3.4086676314934383,-3.4055674726949166,-3.4024673788899737,-3.3993673502885082,-3.3962673870754077,-3.3931674894142114,-3.390067657450213,-3.3869678913131067,-3.383868191119242,-3.3807685569735573,-3.3776689889712417,-3.37456948719917,-3.371470051737142,-3.368370682658976,-3.3652713800334553,-3.3621721439251733,-3.359072974395286,-3.35597387150219,-3.352874835302141,-3.349775865849827,-3.346676963198908,-3.3435781274025294,-3.3404793585138224,-3.337380656586402,-3.3342820216748716,-3.331183453835339,-3.3280849531259613,-3.324986519607524,-3.3218881533440725,-3.3187898544035956,-3.315691622858796,-3.3125934587879464,-3.309495362275861,-3.306397333414999,-3.303299372306735,-3.300201479062819,-3.2971036538070715,-3.2940058966773527,-3.2909082078278633,-3.287810587431845,-3.284713035412788,-3.2816155517009706,-3.2785181362328353,-3.2754207889504205,-3.2723235098008643,-3.2692262987359455,-3.2661291557116834,-3.263032080687971,-3.259935073628245,-3.256838134499189,-3.2537412632704688,-3.250644459914488,-3.247547724406166,-3.2444510567227445,-3.241354456843601,-3.2382579247500907,-3.2351614604253918,-3.232065063854375,-3.228968735023477,-3.225872473920587,-3.222776280534948,-3.219680154857059,-3.216584096878597,-3.2134881065923344,-3.210392183992072,-3.207296329072576,-3.204200541829523,-3.2011048222594525,-3.198009170359718,-3.194913586128462,-3.191818069564576,-3.1887226206676864,-3.1856272394381397,-3.182531925877,-3.179436679986055,-3.176341501767842,-3.173246391225679,-3.1701513483637287,-3.167056373187079,-3.163961465701857,-3.1608666259153826,-3.157771853836378,-3.154677149475236,-3.151582512844382,-3.14848794395874,-3.145393442836353,-3.142299009499182,-3.139204643974164,-3.1361103462945943,-3.1330161165019437,-3.129921954648246,-3.126827860799251,-3.1237338350385864,-3.1206398774732693,-3.117545988241024,-3.1144521675200134,-3.111358415541829,-3.1082647326088475,-3.105171119117503,-3.1020775755895613,-3.0989841027142524,-3.0958907014051698,-3.09279737287733,-3.0897041187517695,-3.086610941197907,-3.083517843127785,-3.0804248284617914,-3.077331902493068,-3.074239072388555,-3.0711463478796546,-3.0680537422166916,-3.0649612734913148,-3.0618689664733227,-3.058776855168517,-3.05568498638968,-3.0525934247545736,-3.049502259698906,-3.0464116153413867,-3.0433216643955747,-3.0402326478374193,-3.037144902778432,-3.0340589020643813,-3.0309753106671145,-3.027895066179308,-3.0248194939743995,-3.0217504723152717,-3.018690669549449,-3.0156438854702943,-3.0126155433104036,-3.0096133995609007,-3.0066485684485005,-3.003736999759493,-3.000901606636503,-2.998175317553988,-2.9956054247999573,-2.9932597131371392,-2.9912349497953343,-2.9896683323289865,-2.9887522816312098
-3.5914030776722483,-3.5906134250640895,-3.5892450749861347,-3.5874493319656615,-3.585335897996663,-3.582985013206856,-3.580455796093418,-3.5777920711634223,-3.5750264974553936,-3.5721835264463677,-3.569281541002154,-3.5663344141084687,-3.563352652209478,-3.560344238558895,-3.5573152583361436,-3.5542703640092808,-3.5512131231245028,-3.5481462791568545,-3.5450719478046895,-3.541991765166099,-3.5389069999249907,-3.535818638530758,-3.532727450051231,-3.529634035682198,-3.5265388666429156,-3.52344231325697,-3.5203446673256265,-3.5172461593840807,-3.514146972044133,-3.5110472503363526,-3.507947109746176,-3.504846642473381,-3.501745922319543,-3.4986450085134444,-3.49554394871241,-3.4924427813627514,-3.489341537560593,-3.4862402425223347,-3.483138916749386,-3.4800375769529257,-3.476936236789845,-3.4738349074498243,-3.4707335981247285,-3.467632316384798,-3.4645310684808344,-3.4614298595875117,-3.4583286939997233,-3.4552275752914006,-3.452126506444267,-3.449025489952459,-3.445924527907724,-3.442823622068968,-3.4397227739191463,-3.4366219847119086,-3.4335212555099295,-3.430420587216478,-3.4273199806014687,-3.42421943632302,-3.4211189549453205,-3.4180185369534786,-3.41491818276588,-3.4118178927445126,-3.4087176672035953,-3.4056175064168133,-3.4025174106233966,-3.3994173800332432,-3.3963174148312434,-3.393217515180933,-3.390117681227608,-3.3870179131009643,-3.3839182109173507,-3.3808185747817054,-3.3777190047892174,-3.374619501026761,-3.3715200635741396,-3.3684206925051683,-3.3653213878886308,-3.362222149789121,-3.359122978267796,-3.3560238733830503,-3.3529248351911396,-3.3498258637467533,-3.3467269591035507,-3.3436281213146772,-3.340529350433265,-3.3374306465129293,-3.334332009608273,-3.3312334397754033,-3.3281349370724778,-3.325036501560282,-3.3219381333028593,-3.3188398323681993,-3.3157415988290064,-3.312643432763551,-3.3095453342566477,-3.3064473034007555,-3.303349340297249,-3.3002514450578775,-3.2971536178064618,-3.294055858680861,-3.2909581678352757,-3.287860545442947,-3.2847629914273653,-3.2816655057188107,-3.2785680882537234,-3.2754707389741444,-3.2723734578272103,-3.269276244764701,-3.266179099742636,-3.2630820227209076,-3.259985013662952,-3.2568880725354554,-3.2537911993080817,-3.2506943939532347,-3.247597656445835,-3.244500986763123,-3.241404384884479,-3.2383078507912564,-3.2352113844666337,-3.2321149858954814,-3.2290186550642366,-3.2259223919607884,-3.2228261965743803,-3.219730068895513,-3.2166340089158614,-3.2135380166281973,-3.210442092026322,-3.2073462351050024,-3.2042504458599144,-3.201154724287596,-3.1980590703854044,-3.1949634841514785,-3.191867965584712,-3.1887725146847314,-3.1856771314518837,-3.182581815887231,-3.179486567992564,-3.1763913877704173,-3.1732962752241094,-3.1702012303578035,-3.1671062531765877,-3.164011343686588,-3.1609165018951257,-3.157821727810922,-3.1547270214443692,-3.1516323828078936,-3.1485378119164205,-3.1454433087879914,-3.1423488734445684,-3.139254505913087,-3.1361602062268426,-3.1330659744273057,-3.129971810566512,-3.1268777147102096,-3.1237836869420277,-3.1206897273689833,-3.117595836128799,-3.11450201339964,-3.111408259413095,-3.108314574471542,-3.1052209589714157,-3.102127413434482,-3.09903393854997,-3.0959405352314744,-3.092847204694011,-3.089753948558616,-3.086660768994707,-3.0835676689143288,-3.0804746522378683,-3.0773817242584682,-3.0742888921430707,-3.0711961656230766,-3.0681035579488163,-3.065011087211943,-3.0619187781822594,-3.058826664865576,-3.055734794074687,-3.0526432304273725,-3.0495520633593673,-3.0464614169894237,-3.04337146403116,-3.0402824454606154,-3.037194698389431,-3.03410869566357,-3.031025102255168,-3.027944855757325,-3.024869281544107,-3.021800257879327,-3.0187404531118855,-3.015693667037187,-3.0126653228908533,-3.0096631771684947,-3.006698344103485,-3.00378677349198,-3.000951378491212,-2.9982250875972025,-2.995655193129671,-2.9933094798976336,-2.991284715197746,-2.9897180966794523,-2.9888020453676076
-3.5914515382562664,-3.59066188520935,-3.5892935343634846,-3.587497790325037,-3.585384355146214,-3.5830334689982557,-3.5805042504112774,-3.577840523917519,-3.575074948574881,-3.572231975875408,-3.5693299886965906,-3.5663828600332805,-3.563401096336807,-3.560392680866521,-3.5573636988062955,-3.5543188026277037,-3.5512615598797304,-3.548194714039638,-3.545120380807543,-3.542040196282944,-3.538955429150874,-3.5358670658616282,-3.5327758754837606,-3.529682459213641,-3.5265872882709957,-3.523490732979787,-3.5203930851415888,-3.5172945752918445,-3.514195386042558,-3.511095662424463,-3.5079955199231305,-3.5048950507384453,-3.5017943286720756,-3.4986934129528757,-3.4955923512382325,-3.492491181974506,-3.489389936257863,-3.486288639304737,-3.483187311616566,-3.480085969904551,-3.4769846278256065,-3.473883296569428,-3.470781985327894,-3.4676807016712554,-3.4645794518503252,-3.4614782410397855,-3.4583770735345354,-3.4552759529085124,-3.4521748821434457,-3.449073863733475,-3.445972899770352,-3.442871992012986,-3.4397711419443353,-3.43667035081805,-3.4335696196968084,-3.43046894948388,-3.4273683409491817,-3.4242677947508326,-3.4211673114530217,-3.418066891540858,-3.4149665354327303,-3.4118662434906257,-3.408766016028765,-3.4056658533208313,-3.402565755606058,-3.399465723094342,-3.3963657559705727,-3.393265854398289,-3.390166018522785,-3.387066248473756,-3.3839665443675524,-3.380866906309113,-3.377767334393627,-3.3746678287079694,-3.3715683893319413,-3.3684690163393602,-3.3653697097990096,-3.3622704697754835,-3.3591712963299365,-3.356072189520766,-3.3529731494042263,-3.3498741760350086,-3.3467752694667716,-3.3436764297526596,-3.3405776569458046,-3.3374789510998224,-3.334380312269315,-3.3312817405103905,-3.328183235881206,-3.325084798442547,-3.3219864282584575,-3.318888125396927,-3.3157898899306573,-3.3126917219379206,-3.3095936215035304,-3.3064955887199465,-3.3033976236885425,-3.300299726521069,-3.2972018973413446,-3.294104136287229,-3.291006443512923,-3.287908819191667,-3.284811263246951,-3.2817137756090546,-3.2786163562144193,-3.2755190050050866,-3.272421721928192,-3.2693245069355155,-3.266227359983078,-3.263130281030772,-3.260033270042034,-3.2569363269835505,-3.2538394518249856,-3.2507426445387413,-3.247645905099741,-3.2445492334852237,-3.2414526296745687,-3.2383560936491307,-3.2352596253920898,-3.232163224888315,-3.229066892124242,-3.225970627087762,-3.222874429768117,-3.219778300155809,-3.216682238242513,-3.213586244021,-3.2104903174850725,-3.2073944586294956,-3.2042986674499483,-3.2012029439429686,-3.198107288105911,-3.195011699936915,-3.191916179434874,-3.1888207265994155,-3.185725341430885,-3.1826300239303467,-3.1795347740995887,-3.1764395919411466,-3.1733444774583415,-3.170249430655334,-3.1671544515372148,-3.1640595401101077,-3.1609646963813343,-3.157869920359615,-3.154775212055344,-3.1516805714809464,-3.148585998651347,-3.145491493584588,-3.142397056302631,-3.139302686832413,-3.1362083852072287,-3.133114151468549,-3.1300199856684086,-3.1269258878725563,-3.1238318581646194,-3.1207378966516157,-3.117644003471268,-3.1145501788017413,-3.1114564228746264,-3.108362735992299,-3.1052691185511945,-3.1021755710730785,-3.09908209424718,-3.0959886889870947,-3.092895356507838,-3.0898020984304453,-3.086708916924336,-3.0836158149015533,-3.0805227962824864,-3.077429866360277,-3.0743370323018695,-3.0712443038386663,-3.068151694221,-3.0650592215405266,-3.0619669105670537,-3.0588747953064006,-3.0557829225713746,-3.052691356979773,-3.049600187967357,-3.0465095396529174,-3.0434195847501306,-3.0403305642351217,-3.03724281521966,-3.034156810549897,-3.0310732151982442,-3.0279929667582124,-3.024917390604474,-3.0218483650017407,-3.018788558300244,-3.0157417702973595,-3.0127134242316322,-3.0097112766030105,-3.0067464416512983,-3.0038348691821875,-3.000999472367022,-2.998273179722665,-2.99570328359947,-2.993357568851181,-2.991332802839052,-2.9897661833043205,-2.9888501313991354
-3.5914983622966297,-3.59070870882579,-3.589340357237977,-3.5875446122159724,-3.5854311758682305,-3.583080288408039,-3.5805510683973396,-3.5778873403926874,-3.5751217634707033,-3.5722787891379335,-3.569376800283159,-3.5664296699100544,-3.5634479044768708,-3.560439487248407,-3.55741050341283,-3.5543656054451134,-3.5513083608969382,-3.5482415132477065,-3.5451671781992395,-3.5420869918523956,-3.5390022228932954,-3.5359138577731044,-3.5328226655610764,-3.529729247454142,-3.5266340746724816,-3.5235375175404244,-3.5204398678598396,-3.5173413561664133,-3.5142421650723414,-3.511142439608516,-3.508042295260639,-3.5049418242287027,-3.5018411003144596,-3.498740182746836,-3.4956391191832776,-3.492537948070194,-3.4894367005037914,-3.486335401700537,-3.4832340721618946,-3.4801327285990893,-3.4770313846690537,-3.4739300515615,-3.47082873846832,-3.4677274529597755,-3.4646262012866895,-3.4615249886237502,-3.458423819265865,-3.455322696786977,-3.45222162416882,-3.4491206039055378,-3.446019638088886,-3.442918728477776,-3.4398178765551677,-3.4367170835747154,-3.4336163505990993,-3.4305156785315893,-3.427415068142104,-3.424314520088763,-3.421214034935759,-3.418113613168199,-3.4150132552044723,-3.4119129614065695,-3.408812732088709,-3.4057125675245756,-3.4026124679534027,-3.399512433585089,-3.3964124646045235,-3.393312561175244,-3.390212723442548,-3.3871129515361287,-3.384013245572338,-3.3809136056561138,-3.377814031882646,-3.3747145243388075,-3.3716150831044027,-3.3685157082532466,-3.3654163998541233,-3.3623171579716282,-3.3592179826669155,-3.3561188739983816,-3.353019832022283,-3.3499208567933088,-3.3468219483651174,-3.3437231067908546,-3.340624332123652,-3.337525624417125,-3.334426983725877,-3.331328410106015,-3.3282299036156955,-3.3251314643157053,-3.3220330922700865,-3.3189347875468296,-3.315836550218636,-3.312738380363778,-3.309640278067069,-3.3065422434209677,-3.303444276526849,-3.3003463774964614,-3.297248546453625,-3.294150783536197,-3.2910530888983787,-3.28795546271341,-3.284857904904781,-3.281760415402771,-3.2786629941438243,-3.27556564106998,-3.272468356128375,-3.2693711392707905,-3.2662739904532465,-3.2631769096356353,-3.260079896781395,-3.2569829518572098,-3.2538860748327463,-3.2507892656804063,-3.2476925243751116,-3.2445958508941026,-3.241499245216759,-3.2384027073244344,-3.2353062372003083,-3.2322098348292507,-3.2291135001976983,-3.226017233293542,-3.2229210341060237,-3.2198249026256436,-3.2167288388440776,-3.2136328427540994,-3.2105369143495093,-3.2074410536250735,-3.2043452605764693,-3.201249535200235,-3.1981538774937253,-3.1950582874550815,-3.191962765083196,-3.188867310377696,-3.1857719233389266,-3.182676603967953,-3.1795813522665637,-3.176486168237294,-3.1733910518834647,-3.1702960032092378,-3.167201022219699,-3.164106108920976,-3.1610112633203893,-3.157916485426661,-3.154821775250184,-3.1517271328033845,-3.1486325581011867,-3.145538051161632,-3.1424436120066823,-3.139349240663275,-3.1362549371647046,-3.1331607015524416,-3.1300665338785203,-3.126972434208691,-3.1238784026265813,-3.1207844392392072,-3.1176905441842933,-3.114596717640004,-3.11150295983793,-3.1084092710804465,-3.105315651763989,-3.102222102410323,-3.0991286237086775,-3.096035216572648,-3.09294188221725,-3.0898486222635193,-3.086755438880875,-3.0836623349813617,-3.0805693144853667,-3.077476382686035,-3.074383546750311,-3.071290816409598,-3.06819820491423,-3.0651057303558678,-3.0620134175043243,-3.0589213003654265,-3.055829425751993,-3.0527378582818376,-3.0496466873907493,-3.0465560371975555,-3.043466080415989,-3.0403770580222593,-3.037289307128257,-3.034203300580314,-3.031119703351112,-3.028039453034556,-3.0249638750059065,-3.021894847530742,-3.018835038960579,-3.0157882490946992,-3.0127599011744723,-3.0097577517040377,-3.006792914929413,-3.0038813406655005,-3.0010459420972833,-2.998319647761757,-2.9957497500388763,-2.9934040338255983,-2.991379266545593,-2.989812646028788,-2.988896593550323
-3.5915436024862735,-3.5907539486058657,-3.5893855963012298,-3.587589850328973,-3.585476412851891,-3.5831255241239006,-3.580596302737689,-3.577932573273305,-3.575166994825456,-3.572324018914697,-3.5694220284407168,-3.5664748964157136,-3.5634931293046277,-3.5604847103775175,-3.557455724826707,-3.554410825130452,-3.5513535788430333,-3.5482867294459237,-3.5452123926425902,-3.5421322045352066,-3.539047433810944,-3.535959066921808,-3.532867872937729,-3.5297744530561808,-3.5266792784977805,-3.523582719587213,-3.520485068126632,-3.5173865546519556,-3.514287361775568,-3.5111876345285165,-3.508087488396625,-3.5049870155799905,-3.501886289880449,-3.4987853705269965,-3.495684305177135,-3.4925831322773186,-3.489481882923795,-3.486380582333062,-3.4832792510066115,-3.480177905655689,-3.4770765599372457,-3.47397522504101,-3.470873910158886,-3.467772622861147,-3.4646713693986233,-3.4615701549460125,-3.4584689837982285,-3.4553678595292188,-3.4522667851207225,-3.449165763066887,-3.44606479545947,-3.442963884057388,-3.4398630303436026,-3.4367622355717704,-3.4336615008045723,-3.43056082694528,-3.4274602147638134,-3.4243596649182955,-3.4212591779729165,-3.4181587544127865,-3.415058394656296,-3.4119580990654343,-3.4088578679544224,-3.4057577015969467,-3.4026576002322377,-3.3995575640701956,-3.3964575932957097,-3.39335768807232,-3.3902578485453208,-3.387158074844408,-3.3840583670859323,-3.380958725374833,-3.377859149806298,-3.3747596404672033,-3.3716601974373517,-3.368560820790558,-3.365461510595607,-3.3623622669170925,-3.3592630898161717,-3.3561639793512397,-3.3530649355785527,-3.3499659585528,-3.3468670483276393,-3.3437682049562163,-3.340669428491663,-3.337570718987596,-3.334472076498617,-3.331373501080834,-3.328274992792404,-3.3251765516941103,-3.322078177849998,-3.318979871328057,-3.315881632200988,-3.312783460547064,-3.309685356451098,-3.306587320005548,-3.303489351311789,-3.3003914504815692,-3.297293617638709,-3.2941958529210646,-3.291098156482838,-3.2880005284972675,-3.284902968887844,-3.281805477584848,-3.278708054524722,-3.2756106996495067,-3.272513412906339,-3.269416194246999,-3.266319043627507,-3.2632219610077566,-3.260124946351185,-3.2570279996244773,-3.2539311207972985,-3.250834309842053,-3.247737566733662,-3.244640891449366,-3.2415442839685435,-3.2384477442725497,-3.235351272344563,-3.2322548681694547,-3.229158531733661,-3.2260622630250726,-3.2229660620329317,-3.2198699287477397,-3.2167738631611713,-3.2136778652659994,-3.2105819350560254,-3.207486072526015,-3.204390277671646,-3.201294550489457,-3.198198890976803,-3.195103299131824,-3.1920077749534137,-3.188912318441199,-3.1858169295955254,-3.1827216084174563,-3.1796263549087818,-3.1765311690720375,-3.173436050910543,-3.1703410004284596,-3.1672460176308745,-3.164151102523916,-3.161056255114903,-3.1579614754125584,-3.154866763427275,-3.151772119171478,-3.1486775426600926,-3.1455830339111603,-3.1424885929466435,-3.1393942197934783,-3.1362999144849604,-3.1332056770625596,-3.130111507578311,-3.1270174060979636,-3.1239233727051454,-3.120829407506874,-3.117735510640872,-3.114641682285305,-3.1115479226717615,-3.10845423210262,-3.1053606109743135,-3.1022670598086086,-3.0991735792947344,-3.0960801703462852,-3.092986834178277,-3.089893572411747,-3.0868003872161136,-3.083707281503421,-3.0806142591940584,-3.077521325581169,-3.0744284878316988,-3.0713357556770533,-3.068243142367569,-3.065150665994909,-3.062058351328893,-3.058966232375355,-3.0558743559471226,-3.0527827866620303,-3.049691613955888,-3.0466009619475622,-3.0435110033508397,-3.0404219791420086,-3.0373342264330794,-3.0342482180705592,-3.031164619027387,-3.0280843668978528,-3.0250087870577835,-3.021939757773596,-3.0188799473980477,-3.015833155732262,-3.012804806020337,-3.0098026547704593,-3.006837816234652,-3.003926240236716,-3.0010908399748106,-2.9983645440053848,-2.9957946447369896,-2.9934489271083335,-2.991424158603387,-2.9898575371377656,-2.988941484105434
-3.591587309997122,-3.590797655721036,-3.589429302723885,-3.5876335558336025,-3.5855201172654825,-3.5831692273126916,-3.5806400045976203,-3.577976273723011,-3.575210693801045,-3.5723677163658145,-3.5694657243275434,-3.566518590706667,-3.563536821974587,-3.560528401406444,-3.557499414198572,-3.554454512832398,-3.5513972648647236,-3.548330413779016,-3.545256075280333,-3.542175885472118,-3.5390911130425575,-3.536002744444471,-3.5329115487484404,-3.529818127152465,-3.5267229508775833,-3.5236263902488223,-3.520528737068612,-3.5174302218730946,-3.5143310272748374,-3.5112312983050344,-3.5081311504496324,-3.5050306759088263,-3.501929948484535,-3.498829027405818,-3.4957279603302336,-3.4926267857042808,-3.4895255346242435,-3.4864242323066525,-3.4833228992530243,-3.4802215521746276,-3.477120204728429,-3.474018868104173,-3.4709175514937747,-3.467816262467518,-3.464715007276243,-3.461613791094654,-3.4585126182176724,-3.455411492219252,-3.4523104160811338,-3.449209392297469,-3.44610842296002,-3.4430075098277055,-3.4399066543834893,-3.43680585788103,-3.4337051213830105,-3.4306044457927047,-3.427503831880034,-3.424403280303121,-3.421302791626159,-3.4182023663342576,-3.4151020048458065,-3.4120017075227964,-3.4089014746794493,-3.40580130658945,-3.402701203492033,-3.3996011655970975,-3.396501193089532,-3.3934012861328764,-3.390301444872427,-3.387201669437878,-3.384101959945583,-3.38100231650048,-3.3779027391977587,-3.3748032281242923,-3.3717037833598837,-3.3686044049783503,-3.3655050930484762,-3.362405847634855,-3.3593066687986437,-3.356207556598237,-3.353108511089892,-3.3500095323282966,-3.3469106203671104,-3.343811775259479,-3.3407129970585334,-3.33761428581789,-3.3345156415921506,-3.331417064437423,-3.3283185544118634,-3.3252201115762583,-3.3221217359946493,-3.3190234277350275,-3.3159251868700936,-3.3128270134781204,-3.30972890764392,-3.3066308694599518,-3.3035328990275885,-3.3004349964585793,-3.2973371618767433,-3.2942393954199383,-3.2911416972423635,-3.2880440675172586,-3.2849465061681142,-3.281849013125211,-3.2787515883249916,-3.2756542317094963,-3.272556943225863,-3.269459722825873,-3.2663625704655455,-3.2632654861047743,-3.260168469706996,-3.257071521238898,-3.2539746406701444,-3.2508778279731394,-3.2477810831228036,-3.2446844060963778,-3.2415877968732425,-3.238491255434751,-3.2353947817640827,-3.232298375846108,-3.2292020376672643,-3.2261057672154414,-3.223009564479883,-3.219913429451089,-3.216817362120735,-3.2137213624815932,-3.2106254305274646,-3.2075295662531165,-3.204433769654225,-3.20133804072733,-3.1982423794697867,-3.195146785879734,-3.192051259956067,-3.1889558016984108,-3.1858604111071114,-3.182765088183235,-3.1796698329285684,-3.176574645345647,-3.1734795254377914,-3.170384473209164,-3.1672894886648524,-3.1641945718109827,-3.1610997226548756,-3.1580049412052538,-3.15491022747251,-3.1518155814690685,-3.148721003209855,-3.1456264927129114,-3.1425320500002,-3.139437675098656,-3.136343368041576,-3.1332491288704305,-3.130154957637253,-3.1270608544077936,-3.12396681926568,-3.120872852317928,-3.1177789537022624,-3.1146851235968476,-3.111591362233274,-3.108497669913917,-3.105404047035212,-3.1023104941189232,-3.099217011854282,-3.0961236011548827,-3.0930302632357414,-3.089936999717893,-3.086843812770758,-3.0837507053063806,-3.08065768124515,-3.077564745880212,-3.0744719063785113,-3.071379172471455,-3.0682865574093827,-3.0651940792839607,-3.062101762865011,-3.059009642158375,-3.055917763976895,-3.0528261929384186,-3.0497350184787817,-3.046644364716883,-3.043554404366565,-3.0404653784041926,-3.0373776239418886,-3.0342916138263316,-3.0312080130307106,-3.028127759149685,-3.0250521775596297,-3.02198314652777,-3.0189233344080666,-3.015876541003418,-3.012848189560562,-3.009846036591594,-3.0068811963543367,-3.0039696186811904,-3.0011342167830395,-2.998407919235128,-2.995838018473635,-2.993492299477604,-2.9914675297892614,-2.989900907407003,-2.9889848538395896
-3.5916295345118168,-3.5908398798534917,-3.5894715261873515,-3.5876757784102264,-3.5855623387881272,-3.583211447652137,-3.5806822236533407,-3.578018491416405,-3.575252910070393,-3.5724099311624697,-3.569507937613037,-3.56656080245049,-3.563579032152469,-3.560570609999029,-3.5575416211903748,-3.5544967182110003,-3.5514394686201354,-3.5483726159031774,-3.5452982757667257,-3.5422180843154467,-3.539133310238506,-3.5360449399895097,-3.5329537426396693,-3.5298603193874922,-3.5267651414544265,-3.5236685791658284,-3.5205709243243954,-3.517472407466486,-3.514373211204842,-3.5112734805708015,-3.508173331050428,-3.505072854844011,-3.5019721257535483,-3.498871203008165,-3.4957701342654706,-3.4926689579720094,-3.4895677052241014,-3.486466401238306,-3.4833650665161664,-3.480263717768968,-3.4771623686536985,-3.4740610303601147,-3.4709597120801443,-3.467858421384082,-3.4647571645227746,-3.4616559466709367,-3.4585547721234913,-3.4554536444543986,-3.4523525666454042,-3.4492515411906637,-3.446150570181943,-3.443049655378163,-3.4399487982622907,-3.436848000087986,-3.4337472619179334,-3.430646584655408,-3.427545969070333,-3.4244454158208306,-3.4213449254710953,-3.4182444985062377,-3.4151441353446494,-3.4120438363483223,-3.408943601831477,-3.4058434320678,-3.4027433272965255,-3.3996432877275526,-3.3965433135457705,-3.3934434049147213,-3.3903435619796993,-3.3872437848704005,-3.384144073703175,-3.3810444285829626,-3.3779448496049533,-3.3748453368560227,-3.3717458904159736,-3.3686465103586225,-3.3655471967527526,-3.3624479496629576,-3.3593487691503947,-3.356249655273459,-3.3531506080884084,-3.350051627649929,-3.3469527140116817,-3.3438538672268114,-3.3407550873484495,-3.3376563744302112,-3.3345577285267,-3.331459149694023,-3.3283606379903374,-3.3252621934764277,-3.322163816216337,-3.3190655062780534,-3.3159672637342803,-3.3128690886632897,-3.309770981149894,-3.306672941286552,-3.3035749691746368,-3.3004770649258965,-3.29737922866415,-3.294281460527254,-3.2911837606694077,-3.2880861292638506,-3.2849885662340745,-3.2818910715103597,-3.2787936450291495,-3.275696286732484,-3.272598996567502,-3.2695017744859842,-3.2664046204439505,-3.263307534401294,-3.2602105163214525,-3.2571135661711117,-3.254016683919937,-3.2509198695403314,-3.2478231230072168,-3.244726444297834,-3.241629833391562,-3.2385332902697566,-3.2354368149155968,-3.2323404073139534,-3.2292440674512615,-3.2261477953154127,-3.223051590895649,-3.2199554541824726,-3.216859385167559,-3.2137633838436805,-3.210667450204639,-3.2075715842452,-3.20447578596104,-3.201380055348699,-3.198284392405531,-3.1951887971296764,-3.1920932695200293,-3.188997809576216,-3.1859024172985837,-3.1828070926881957,-3.179711835746841,-3.1766166464770538,-3.173521524882155,-3.1704264709663064,-3.167331484734596,-3.164236566193151,-3.161141715349291,-3.158046932211738,-3.1549522167908863,-3.1518575690991617,-3.148762989151487,-3.1456684769659047,-3.1425740325643767,-3.139479655973838,-3.136385347227587,-3.1332911063670923,-3.130196933444389,-3.1271028285252256,-3.1240087916932304,-3.1209148230554202,-3.1178209227495186,-3.1147270909536897,-3.111633327899524,-3.108539633889398,-3.1054460093197465,-3.102352454712335,-3.099258970756393,-3.0961655583655157,-3.0930722187547186,-3.0899789535450375,-3.086885764905892,-3.0837926557493276,-3.080699629995733,-3.0776066929382537,-3.0745138517438364,-3.0714211161438905,-3.0683284993887563,-3.0652360195701034,-3.0621437014577593,-3.059051579057572,-3.0559596991823934,-3.052868126450088,-3.049776950296513,-3.046686294840605,-3.043596332796254,-3.040507305139899,-3.037419548983776,-3.0343335371747258,-3.03124993468618,-3.028169679113154,-3.025094095832552,-3.022025063112383,-3.018965249307765,-3.015918454223316,-3.0128901011083187,-3.0098879464786483,-3.00692310459773,-3.0040115253062702,-3.0011761218274513,-2.998449822754669,-2.9958799205507924,-2.993534200233829,-2.9915094294022855,-2.9899428061345246,-2.9890267520502034
-3.5916703242556216,-3.590880669228059,-3.5895123149156793,-3.5877165662818733,-3.5856031256416445,-3.5832522333626984,-3.5807230081238393,-3.5780592745709145,-3.5752936918492915,-3.572450711518766,-3.5695487165095727,-3.566601579857792,-3.5636198080470947,-3.5606113843622786,-3.557582394007292,-3.5545374894695905,-3.5514802383107478,-3.548413384018028,-3.5453390422995126,-3.5422588492610547,-3.5391740735927653,-3.5360857017490113,-3.5329945028016136,-3.5299010779495696,-3.5268058984147213,-3.5237093345227417,-3.5206116780765875,-3.5175131596128257,-3.5144139617443715,-3.511314229502698,-3.5082140783739826,-3.5051136005586074,-3.502012869858645,-3.498911945503283,-3.4958108751501826,-3.4927096972459304,-3.4896084428868805,-3.4865071372896206,-3.483405800955717,-3.4803044505964777,-3.4772030998689063,-3.474101759962773,-3.4710004400700174,-3.467899147760943,-3.4647978892864066,-3.4616966698211264,-3.458595493660036,-3.455494364377097,-3.4523932849540606,-3.449292257885086,-3.446191285261941,-3.4430903688435492,-3.4399895101128783,-3.4368887103235926,-3.4337879705383774,-3.430687291660509,-3.4275866744599113,-3.4244861195947096,-3.421385627629099,-3.4182851990481904,-3.4151848342703754,-3.412084533657646,-3.4089842975242246,-3.405884126143797,-3.4027840197555976,-3.3996839785695263,-3.396584002770474,-3.3934840925219807,-3.390384247969342,-3.387284469242255,-3.3841847564570706,-3.381085109718727,-3.3779855291224146,-3.3748860147550093,-3.371786566696314,-3.3686871850201436,-3.3655878697952835,-3.3624886210863267,-3.3593894389544308,-3.3562903234579906,-3.3531912746532635,-3.3500922925949377,-3.346993377336672,-3.3438945289316115,-3.340795747432889,-3.3376970328941193,-3.3345983853699037,-3.331499804916351,-3.3284012915916175,-3.3253028454564877,-3.322204466575005,-3.31910615501516,-3.3160079108496525,-3.312909734156755,-3.30981162502128,-3.3067135835356853,-3.3036156098013443,-3.3005177039300055,-3.2974198660454865,-3.294322096285646,-3.2912243948046815,-3.2881267617758323,-3.2850291971225887,-3.281931700775233,-3.2788342726702076,-3.275736912749555,-3.272639620960412,-3.26954239725456,-3.2664452415880194,-3.2633481539206834,-3.26025113421599,-3.257154182440624,-3.2540572985642524,-3.250960482559278,-3.2478637344006214,-3.244767054065524,-3.2416704415333664,-3.2385738967855024,-3.2354774198051133,-3.232381010577068,-3.2292846690878023,-3.2261883953252086,-3.2230921892785287,-3.2199960509382635,-3.2168999802960894,-3.2138039773447793,-3.2107080420781338,-3.207612174490919,-3.204516374578814,-3.201420642338355,-3.198324977766898,-3.1952293808625827,-3.1921338516243036,-3.1890383900516865,-3.1859429961450783,-3.1828476699055432,-3.17975241133487,-3.176657220435593,-3.1735620972110334,-3.170467041665353,-3.167372053803639,-3.1642771336320195,-3.161182281157813,-3.158087496389743,-3.1549927793382038,-3.1518981300156184,-3.1488035484369115,-3.145709034620125,-3.142614588587221,-3.1395202103651374,-3.1364258999871693,-3.133331657494787,-3.130237482940024,-3.1271433763886294,-3.124049337924232,-3.120955367653849,-3.1178614657152024,-3.1147676322864584,-3.111673867599206,-3.1085801719558215,-3.1054865457527407,-3.1023929895117286,-3.0992995039220137,-3.09620608989719,-3.093112748652276,-3.0900194818083073,-3.0869262915347027,-3.0838331807435075,-3.080740153355112,-3.0776472146626617,-3.074554371833104,-3.07146163459785,-3.068369016207242,-3.0652765347529525,-3.0621842150048137,-3.0590920909686803,-3.0560002094574137,-3.052908635088893,-3.0498174572989987,-3.046726800206699,-3.043636836525934,-3.0405478072332173,-3.0374600494408894,-3.0343740359959495,-3.031290431872062,-3.0282101746645886,-3.025134589750943,-3.0220655553998905,-3.0190057399676697,-3.015958943260558,-3.0129305885302973,-3.0099284322964124,-3.006963588827741,-3.0040520079730144,-3.001216602967291,-2.998490302421504,-2.995920398824306,-2.993574677231342,-2.9915499052954813,-2.989983281172338,-2.989067226588691
-3.591709726028547,-3.590920070644324,-3.58955171570772,-3.587755966246414,-3.5856425246227315,-3.583291631239759,-3.5807624048030746,-3.5780986699789827,-3.5753330859286008,-3.572490104223925,-3.56958810780469,-3.566640969714398,-3.563659196442544,-3.5606507712785085,-3.5576217794298564,-3.5545768733869014,-3.5515196207134863,-3.548452764898675,-3.545378421651983,-3.5422982270804066,-3.539213449874974,-3.536125076490782,-3.533033876000242,-3.5299404496028224,-3.5268452685207476,-3.523748703079998,-3.5206510450837807,-3.5175525250688646,-3.514453325648327,-3.511353591853778,-3.508253439171503,-3.505152959801972,-3.5020522275473307,-3.498951301636828,-3.4958502297281724,-3.4927490502679923,-3.489647794352675,-3.4865464871988374,-3.4834451493080683,-3.480343797391694,-3.4772424451067363,-3.474141103642976,-3.4710397821923658,-3.4679384883252173,-3.4648372282923976,-3.46173600726863,-3.458634829548852,-3.4555336987070335,-3.452432617724928,-3.449331589096697,-3.446230614914113,-3.4431296969361016,-3.440028836645634,-3.4369280352963743,-3.4338272939510093,-3.430726613512818,-3.4276259947517245,-3.4245254383258543,-3.4214249447994045,-3.418324514657486,-3.4152241483184924,-3.4121238461444157,-3.4090236084494783,-3.405923435507367,-3.402823327557315,-3.399723284809225,-3.3966233074479866,-3.393523395637141,-3.390423549521985,-3.387323769232213,-3.384224054884177,-3.3811244065828157,-3.378024824423319,-3.3749253084925637,-3.371825858870352,-3.3687264756305004,-3.3656271588417934,-3.362527908568824,-3.35942872487275,-3.356329607811967,-3.3532305574427306,-3.3501315738197297,-3.347032656996624,-3.343933807026558,-3.3408350239626636,-3.3377363078585556,-3.3346376587688376,-3.3315390767496167,-3.3284405618590487,-3.325342114157919,-3.32224373371027,-3.319145420584091,-3.3160471748520837,-3.3129489965925205,-3.3098508858902136,-3.30675284283762,-3.303654867536113,-3.3005569600974414,-3.2974591206454233,-3.294361349317916,-3.2912636462691163,-3.2881660116722635,-3.2850684454508485,-3.281970947535154,-3.2788735178616224,-3.2757761563722956,-3.272678863014312,-3.269581637739452,-3.2664844805037365,-3.2633873912670586,-3.260290369992856,-3.257193416647815,-3.2540965312016006,-3.2509997136266167,-3.2479029638977854,-3.2448062819923478,-3.241709667889683,-3.2386131215711456,-3.2355166430199165,-3.2324202322208655,-3.2293238891604292,-3.2262276138264983,-3.2231314062083154,-3.220035266296381,-3.216939194082372,-3.2138431895590602,-3.210747252720247,-3.2076513835606995,-3.204555582076094,-3.2014598482629704,-3.198364182118684,-3.195268583641374,-3.1921730528299337,-3.1890775896839902,-3.185982194203891,-3.1828868663906977,-3.1797916062462015,-3.176696413772937,-3.1736012889742233,-3.1705062318542243,-3.167411242418026,-3.1643163206717566,-3.1612214666227363,-3.158126680279686,-3.1550319616529987,-3.1519373107551,-3.148842727600916,-3.145748212208488,-3.1426537645997774,-3.1395593848017196,-3.136465072847612,-3.1333708287789235,-3.1302766526476895,-3.127182544519659,-3.1240885044784603,-3.1209945326311104,-3.117900629115333,-3.1148067941092905,-3.1117130278445755,-3.1086193306235637,-3.105525702842689,-3.102432145023718,-3.0993386578558777,-3.0962452422527647,-3.0931518994293947,-3.0900586310068037,-3.0869654391544112,-3.0838723267842636,-3.0807792978167505,-3.0776863575450184,-3.0745935131360143,-3.0715007743211507,-3.0684081543507715,-3.065315671316555,-3.0622233499883356,-3.059131224371976,-3.056039341280347,-3.0529477653313424,-3.049856585960864,-3.046765927287912,-3.043675962026473,-3.0405869311531304,-3.0374991717803272,-3.0344131567552166,-3.0313295510516873,-3.028249292265436,-3.0251737057743693,-3.022104669847983,-3.0190448528435962,-3.015998054569089,-3.0129696982785803,-3.0099675404951207,-3.007002695492777,-3.0040911131280286,-3.0012557066474077,-2.9985294046787883,-2.9959594997357244,-2.99361377691022,-2.9915890039076567,-2.9900223789582645,-2.9891063238923
-3.591747785237566,-3.5909581295088446,-3.589589773969303,-3.587794023708718,-3.5856805811351213,-3.5833296866857745,-3.580800459092115,-3.5781367230402084,-3.575371137706385,-3.572528154674428,-3.5696261568932424,-3.5666790174135015,-3.5636972427303264,-3.5606888161375245,-3.5576598228461513,-3.5546149153492816,-3.5515576612129482,-3.5484908039279546,-3.5454164592052027,-3.542336263152793,-3.5392514844626395,-3.5361631095905457,-3.5330719076094903,-3.5299784797194,-3.526883297142866,-3.5237867302061687,-3.5206890707127534,-3.517590549199584,-3.514491348279897,-3.5113916129854306,-3.5082914588025758,-3.5051909779318913,-3.502090244175592,-3.498989316762986,-3.4958882433518284,-3.492787062388785,-3.4896858049702772,-3.4865844963129486,-3.4834831569184113,-3.48038180349801,-3.477280449708779,-3.474179106740514,-3.4710777837851805,-3.4679764884130977,-3.464875226875139,-3.461774004346036,-3.458672825120732,-3.4555716927732,-3.452470610285197,-3.449369580150891,-3.4462686044620545,-3.4431676849776163,-3.440066823180548,-3.436966020324517,-3.4338652774722114,-3.430764595526912,-3.4276639752585436,-3.4245634173252335,-3.421462922291177,-3.4183624906414884,-3.41526212279456,-3.412161819112387,-3.409061579909189,-3.4059614054586564,-3.402861296000022,-3.399761251743187,-3.3966612728730423,-3.3935613595531287,-3.3904615119287436,-3.387361730129583,-3.3842620142719966,-3.381162364460926,-3.3780627807915606,-3.3749632633507756,-3.3718638122183733,-3.3687644274681703,-3.365665109168951,-3.3625658573853108,-3.3594666721784052,-3.3563675536066304,-3.3532685017262427,-3.350169516591931,-3.3470705982573543,-3.3439717467756567,-3.340872962199971,-3.3377742445839114,-3.334675593982082,-3.331577010450591,-3.3284784940475913,-3.325380044833871,-3.3222816628734715,-3.3191833482343815,-3.3160851009893024,-3.3129869212165066,-3.3098888090008054,-3.3067907644346577,-3.303692787619435,-3.3005948786668866,-3.29749703770083,-3.2943992648591207,-3.2913015602959588,-3.288203924184581,-3.285106356448479,-3.282008857017935,-3.2789114258293917,-3.275814062824891,-3.2727167679515707,-3.2696195411612137,-3.2665223824098395,-3.2634252916573425,-3.2603282688671595,-3.2572313140059768,-3.2541344270434602,-3.2510376079520142,-3.24794085670656,-3.244844173284339,-3.241747557664731,-3.2386510098290895,-3.235554529760596,-3.232458117444119,-3.229361772866097,-3.226265496014419,-3.2231692868783286,-3.220073145448328,-3.216977071716092,-3.213881065674394,-3.2107851273170356,-3.2076892566387816,-3.2045934536353102,-3.20149771830316,-3.1984020506396873,-3.1953064506430313,-3.192210918312086,-3.189115453646477,-3.1860200566465515,-3.1829247273133734,-3.1798294656487305,-3.176734271655159,-3.1736391453359802,-3.170544086695355,-3.167449095738371,-3.1643541724711555,-3.161259316901029,-3.1581645290367124,-3.1550698088886007,-3.1519751564691183,-3.1488805717931903,-3.145786054878858,-3.142691605748083,-3.139597224427802,-3.1365029109513105,-3.1334086653600783,-3.130314487706141,-3.1272203780552474,-3.124126336491026,-3.1210323631204933,-3.117938458081372,-3.114844621551827,-3.1117508537634486,-3.108657155018613,-3.105563525713755,-3.1024699663706397,-3.099376477678497,-3.0962830605509213,-3.0931897162029283,-3.0900964462555556,-3.0870032528782216,-3.083910138982974,-3.0808171084902,-3.077724166693049,-3.0746313207584683,-3.071538580417872,-3.068445958921605,-3.065353474361347,-3.0622611515069402,-3.0591690243642513,-3.05607713974616,-3.0529855622705746,-3.049894381373418,-3.0468037211737222,-3.0437137543855197,-3.0406247219854587,-3.037536961086085,-3.034450944534697,-3.0313673373054026,-3.02828707699422,-3.025211488979531,-3.022142451531538,-3.0190826330086047,-3.0160358332201587,-3.0130074754226164,-3.0100053161424314,-3.007040469658721,-3.0041288858354527,-3.001293477930238,-2.9985671745873135,-2.9959972683442864,-2.9936515443282796,-2.991626770295395,-2.990060144547935,-2.9891440890161025
-3.591784545928769,-3.5909948898673147,-3.5896265337454265,-3.5878307827128593,-3.5857173392217905,-3.583366443742485,-3.5808372150313605,-3.578173477793569,-3.575407891220134,-3.572564906906219,-3.5696629078095907,-3.566715766987848,-3.563733990941545,-3.560725562968762,-3.5576965682839305,-3.5546516593827944,-3.5515944038334983,-3.548527545128528,-3.545453198980122,-3.5423730014974506,-3.5392882213732793,-3.5361998450640963,-3.533108641643427,-3.530015212311639,-3.526920028291681,-3.523823459910119,-3.520725798970633,-3.5176272760103746,-3.5145280736427345,-3.5114283368995762,-3.5083281812673897,-3.5052276989468165,-3.5021269637401415,-3.4990260348767257,-3.4959249600143725,-3.4928237775997872,-3.489722518729422,-3.486621208619945,-3.4835198677729906,-3.4804185128999228,-3.47731715765779,-3.4742158132364005,-3.471114488827728,-3.468013192002103,-3.464911929010406,-3.4618107050273736,-3.4587095243479555,-3.4556083905461277,-3.4525073066036533,-3.449406275014702,-3.446305297871049,-3.4432043769316256,-3.4401035136794063,-3.4370027093680586,-3.4339019650602745,-3.4308012816593334,-3.4277006599351623,-3.4246001005458884,-3.4214996040557097,-3.4183991709497406,-3.415298801646373,-3.412198496507601,-3.4090982558476495,-3.4059980799402054,-3.402897969024503,-3.399797923310444,-3.3966979429829194,-3.3935980282054707,-3.390498179123395,-3.387398395866388,-3.384298678550801,-3.3811990272815757,-3.3780994421539003,-3.374999923254649,-3.3719004706636264,-3.3688010844546494,-3.365701764696502,-3.3626025114537788,-3.359503324787636,-3.356404204756469,-3.353305151416535,-3.350206164822522,-3.3471072450280897,-3.344008392086382,-3.340909606050532,-3.337810886974154,-3.3347122349118514,-3.331613649919731,-3.3285151320559487,-3.325416681381291,-3.3223182979597996,-3.3192199818594625,-3.3161217331529818,-3.3130235519186293,-3.309925438241216,-3.3068273922132,-3.3037294139359537,-3.3006315035212253,-3.297533661092832,-3.2944358867886305,-3.2913381807628195,-3.288240543188636,-3.2851429739895712,-3.2820454730959083,-3.2789480404440896,-3.275850675976158,-3.272753379639251,-3.2696561513851514,-3.2665589911698785,-3.263461898953326,-3.260364874698932,-3.2572679183733833,-3.2541710299463458,-3.2510742093902225,-3.2479774566799366,-3.2448807717927286,-3.2417841547079784,-3.23868760540704,-3.2355911238730943,-3.2324947100910117,-3.229398364047228,-3.2263020857296354,-3.2232058751274764,-3.2201097322312515,-3.2170136570326364,-3.2139176495244044,-3.210821709700356,-3.207725837555258,-3.2046300330847886,-3.2015342962854856,-3.198438627154706,-3.195343025690588,-3.1922474918920263,-3.1891520257586468,-3.1860566272907955,-3.182961296489537,-3.1798660333566606,-3.176770837894702,-3.1736757101069797,-3.170580649997657,-3.1674856575718207,-3.1643907328355985,-3.16129587579631,-3.158201086462678,-3.1551063648450968,-3.152011710955991,-3.148917124810285,-3.1458226064260204,-3.1427281558251585,-3.139633773034637,-3.136539458087751,-3.13344521102597,-3.130351031901329,-3.1272569207795784,-3.1241628777443453,-3.1210689029026466,-3.1179749963922045,-3.114881158391184,-3.1117873891311754,-3.1086936889145553,-3.105600058137758,-3.10250649732255,-3.0994130071581583,-3.0963195885581807,-3.093226242737631,-3.090132971317547,-3.0870397764673476,-3.083946661099079,-3.080853629133132,-3.077760685862654,-3.074667838454595,-3.0715750966403683,-3.068482473670321,-3.0653899876361357,-3.0622976633076577,-3.05920553469076,-3.056113648598333,-3.0530220696482977,-3.049930887276599,-3.0468402256022964,-3.0437502573394672,-3.0406612234648254,-3.0375734610910126,-3.03448744306547,-3.0314038343625134,-3.028323572578475,-3.0252479830921972,-3.022178944174561,-3.01911912418494,-3.016072322934258,-3.013043963681148,-3.0100418029553526,-3.0070769550408665,-3.004165369808887,-3.0013299605277286,-2.998603655857431,-2.996033748358836,-2.9936880231929823,-2.991663248164962,-2.9900966216466873,-2.9891805656648955
-3.5918200508195652,-3.5910303944367534,-3.589662037752429,-3.5878662859742705,-3.585752841597096,-3.5834019451230477,-3.580872715332667,-3.578208976949537,-3.575443389178872,-3.57260040362683,-3.569698403259734,-3.5667512611418735,-3.56376948377905,-3.560761054473472,-3.557732058442828,-3.554687148185437,-3.55162989127149,-3.548563031195093,-3.5454886836697783,-3.542408484805746,-3.5393237032965854,-3.536235325599445,-3.5331441207883816,-3.5300506900641886,-3.526955504650158,-3.523858934873134,-3.5207612725370194,-3.5176627481791494,-3.5145635444130603,-3.511463806270737,-3.5083636492387695,-3.50526316551788,-3.5021624289104176,-3.4990614986457986,-3.495960422381871,-3.492859238565375,-3.4897579782927934,-3.4866566667808208,-3.483555324531111,-3.480453968255045,-3.4773526116096867,-3.474251265784856,-3.471149939972538,-3.4680486417430694,-3.4649473773473387,-3.4618461519600894,-3.4587449698762742,-3.4556438346698757,-3.45254274932266,-3.449441716328799,-3.4463407377800723,-3.4432398154354127,-3.440138950777796,-3.4370381450608933,-3.4339373993473945,-3.430836714540582,-3.427736091410383,-3.4246355306149274,-3.421535032718412,-3.4184345982059523,-3.415334227495943,-3.412233920950378,-3.4091336788834794,-3.406033501568937,-3.402933389245985,-3.399833342124527,-3.396733360389453,-3.393633444204305,-3.3905335937143786,-3.387433809049372,-3.3843340903256367,-3.3812344376481116,-3.378134851111987,-3.375035330804137,-3.371935876804366,-3.3688364891864913,-3.365737168019297,-3.3626379133673785,-3.3595387252918916,-3.356439603851231,-3.3533405491016546,-3.3502415610978504,-3.3471426398934776,-3.3440437855416802,-3.340944998095591,-3.3378462776088242,-3.334747624135984,-3.3316490377331758,-3.328550518458557,-3.3254520663729115,-3.322353681540284,-3.319255364028662,-3.3161571139107457,-3.313058931264807,-3.3099608161756575,-3.306862768735756,-3.3037647890464745,-3.300666877219561,-3.297569033378832,-3.2944712576621438,-3.2913735502236947,-3.2882759112367204,-3.2851783406247135,-3.2820808383179574,-3.2789834042528954,-3.2758860383715698,-3.272788740621117,-3.2696915109533213,-3.2665943493242016,-3.263497255693652,-3.260400230025112,-3.2573032722852666,-3.254206382443783,-3.2511095604730635,-3.248012806348031,-3.2449161200459264,-3.2418195015461295,-3.2387229508299957,-3.2356264678807034,-3.232530052683125,-3.2294337052236965,-3.2263374254903097,-3.2232412134722064,-3.2201450691598876,-3.21704899254503,-3.2139529836204064,-3.2108570423798173,-3.2077611688180294,-3.204665362930721,-3.201569624714429,-3.198473954166511,-3.195378351285105,-3.192282816069106,-3.1891873485181406,-3.1860919486325545,-3.1829966164134134,-3.179901351862505,-3.1768061549823643,-3.1737110257763117,-3.1706159642485097,-3.167520970404045,-3.164426044249045,-3.161331185790831,-3.1582363950381236,-3.1551416720013163,-3.1520470166928356,-3.148952429127606,-3.1458579093236683,-3.1427634573029843,-3.1396690730924917,-3.136574756725485,-3.133480508243435,-3.1303863276983774,-3.1272922151560603,-3.1241981707001107,-3.1211041944375464,-3.11801028650609,-3.1149164470839055,-3.1118226764025847,-3.1087289747645026,-3.1056353425660945,-3.1025417803291244,-3.099448288742823,-3.0963548687207862,-3.093261521478028,-3.0901682486355866,-3.087075052362882,-3.083981935571959,-3.0808889021832084,-3.0777959574897786,-3.0747031086586207,-3.0716103654211495,-3.068517741027714,-3.065425253569999,-3.062332927817853,-3.059240797777155,-3.056148910260805,-3.053057329886736,-3.049966146090912,-3.0468754829924234,-3.043785513305388,-3.0406964780065846,-3.0376087142087465,-3.034522694759452,-3.0314390846332233,-3.0283588214266888,-3.0252832305191366,-3.022214190182107,-3.019154368775947,-3.016107566113025,-3.013079205454115,-3.0100770433321355,-3.007112194035794,-3.0042006074432686,-3.0013651968332127,-2.998638890880928,-2.9960689821696933,-2.993723255893308,-2.991698479904177,-2.990131852641444,-2.989215796225079
-3.591854341330623,-3.5910646846374563,-3.5896963274099494,-3.587900574911725,-3.5857871296787796,-3.5834362322440416,-3.5809070014113487,-3.5782432619220867,-3.5754776729951754,-3.5726346862473894,-3.5697326846533146,-3.566785541283704,-3.563803762649426,-3.5607953320566765,-3.5577663347262893,-3.554721423159073,-3.551664164927188,-3.5485973035263116,-3.5455229546712217,-3.5424427544731145,-3.5393579716263748,-3.5362695925887904,-3.533178386434928,-3.530084954365993,-3.5269897676056114,-3.523893196480894,-3.5207955327959612,-3.5176970070883233,-3.514597801971659,-3.51149806247807,-3.5083979040942403,-3.50529741902097,-3.502196681060672,-3.4990957494428137,-3.495994671825288,-3.492893486654871,-3.489792225028073,-3.4866909121616128,-3.4835895685571647,-3.480488210926126,-3.477386852925576,-3.474285505745346,-3.4711841785774293,-3.4680828789921727,-3.4649816132404707,-3.461880386497073,-3.4587792030569364,-3.4556780664940487,-3.4525769797901784,-3.4494759454395005,-3.446374965533798,-3.4432740418320047,-3.4401731758170992,-3.4370723687427516,-3.4339716216716556,-3.4308709355070963,-3.4277703110190014,-3.424669748865499,-3.421569249610789,-3.4184688137399863,-3.415368441671486,-3.4122681337672836,-3.4091678903416027,-3.4060677116681317,-3.402967597986106,-3.3998675495054265,-3.3967675664109858,-3.393667648866325,-3.3905677970167423,-3.3874680109919337,-3.384368290908252,-3.3812686368706353,-3.3781690489742755,-3.375069527306048,-3.3719700719457553,-3.368870682967214,-3.3657713604392088,-3.362672104426334,-3.359572914989747,-3.3564737921878427,-3.3533747360768786,-3.3502757467115427,-3.3471768241454933,-3.3440779684318755,-3.3409791796238215,-3.3378804577749457,-3.3347818029398515,-3.331683215174647,-3.328584694537487,-3.325486241089157,-3.322387854893699,-3.3192895360191024,-3.316191284538068,-3.313093100528867,-3.3099949840763117,-3.3068969352728574,-3.303798954219878,-3.30070104102912,-3.297603195824402,-3.29450541874358,-3.29140770994085,-3.28831006958945,-3.2852124976128714,-3.2821149939413963,-3.2790175585114683,-3.2759201912651306,-3.2728228921495215,-3.2697256611164223,-3.2666284981218547,-3.2635314031257128,-3.2604343760914345,-3.2573374169857057,-3.2542405257781932,-3.251143702441301,-3.248046946949951,-3.244950259281384,-3.2418536394149813,-3.2387570873320963,-3.235660603015909,-3.232564186451291,-3.2294678376246786,-3.2263715565239632,-3.2232753431383867,-3.2201791974584513,-3.2170831194758325,-3.213987109183303,-3.210891166574665,-3.2077952916446826,-3.204699484389036,-3.2016037448042622,-3.1985080728877175,-3.195412468637541,-3.192316932052628,-3.189221463132605,-3.1861260618778173,-3.183030728289329,-3.1799354623689284,-3.1768402641191527,-3.1737451335433216,-3.170650070645596,-3.1675550754310646,-3.1644601479058547,-3.161365288077286,-3.158270495954081,-3.155175771546633,-3.1520811148673666,-3.1489865259312073,-3.145892004756196,-3.1427975513642945,-3.139703165782441,-3.1366088480439296,-3.133514598190231,-3.1304204162733806,-3.1273263023591262,-3.1242322565310947,-3.121138278896304,-3.1180443695924778,-3.11495052879778,-3.1118567567438005,-3.1087630537329165,-3.1056694201615618,-3.1025758565515025,-3.0994823635919677,-3.096388942196553,-3.093295593580273,-3.0902023193641655,-3.0871091217176505,-3.084016003552773,-3.0809229687899244,-3.0778300227222544,-3.0747371725167136,-3.0716444279047184,-3.068551802136619,-3.0654593133041037,-3.062366986177024,-3.0592748547612656,-3.0561829658697364,-3.053091384120383,-3.0500001989491867,-3.046909534475265,-3.0438195634127783,-3.0407305267385647,-3.037642761565448,-3.0345567407411407,-3.0314731292403594,-3.0283928646600238,-3.025317272379851,-3.0222482306720164,-3.0191884078978095,-3.0161416038709925,-3.013113241854408,-3.0101110783840417,-3.0071462277531475,-3.00423463984665,-3.0013992279531863,-2.9986729207627993,-2.9961030108804385,-2.9937572835315387,-2.9917325066141975,-2.9901658786324914,-2.989249821796429
-3.5918874576177267,-3.59109780062484,-3.5897294428727653,-3.5879336896791516,-3.585820243619764,-3.58346934525726,-3.5809401134179777,-3.5782763728604925,-3.5755107828169623,-3.572667794914413,-3.5697657921354136,-3.5668186475569534,-3.5638368676947954,-3.5608284358589866,-3.5577994372733985,-3.554754524441244,-3.55169726493659,-3.5486304022566246,-3.5455560521173326,-3.5424758506308707,-3.5393910664923935,-3.536302686160304,-3.533211478709664,-3.5301180453420766,-3.527022857281486,-3.5239262848552624,-3.5208286198677357,-3.517730092856587,-3.5146308864356337,-3.511531145637088,-3.5084309859477276,-3.5053304995684247,-3.5022297603016543,-3.499128827376936,-3.4960277484522018,-3.492926561974261,-3.4898252990396568,-3.486723984865129,-3.4836226399523724,-3.4805212810127992,-3.4774199217035004,-3.4743185732143207,-3.4712172447372636,-3.4681159438426836,-3.4650146767814802,-3.4619134487284104,-3.458812263978436,-3.455711126105547,-3.4526100380915166,-3.4495090024305224,-3.4464080212143484,-3.443307096201933,-3.440206228876255,-3.4371054204909868,-3.4340046721088235,-3.430903984633049,-3.4278033588335934,-3.4247027953685873,-3.4216022948022293,-3.4185018576196367,-3.415401484239203,-3.4123011750229253,-3.409200930285027,-3.4061007502991987,-3.4030006353046747,-3.3999005855113564,-3.3968006011041365,-3.3937006822465565,-3.3906008290839145,-3.3875010417459066,-3.384401320348885,-3.38130166499779,-3.3782020757878115,-3.3751025528058256,-3.3720030961316354,-3.3689037058390574,-3.365804381996877,-3.3627051246696875,-3.3596059339186466,-3.3565068098021493,-3.3534077523764534,-3.3503087616962457,-3.347209837815186,-3.34411098078642,-3.341012190663079,-3.337913467498777,-3.334814811348117,-3.3317162222672065,-3.3286177003142017,-3.325519245549887,-3.3224208580383054,-3.3193225378474454,-3.316224285050008,-3.313126099724264,-3.310027981955025,-3.3069299318347487,-3.303831949464807,-3.300734034956946,-3.2976361884349843,-3.2945384100367763,-3.2914406999165204,-3.288343058247453,-3.285245484953066,-3.2821479799636424,-3.279050543215626,-3.2759531746510593,-3.27285587421708,-3.269758641865471,-3.2666614775522524,-3.263564381237319,-3.2604673528841093,-3.2573703924593085,-3.254273499932584,-3.2511766752763402,-3.248079918465498,-3.2449832294772993,-3.241886608291124,-3.238790054888328,-3.2356935692520907,-3.232597151367283,-3.2295008012203414,-3.2264045187991583,-3.223308304092975,-3.220212157092293,-3.217116077788788,-3.2140200661752343,-3.2109241222454314,-3.207828245994146,-3.2047324374170563,-3.2016366965107004,-3.1985410232724343,-3.195445417700398,-3.192349879793486,-3.1892544095513244,-3.186159006974259,-3.1830636720633536,-3.179968404820398,-3.176873205247929,-3.173778073349265,-3.1706830091285676,-3.167588012590925,-3.1644930837424634,-3.1613982225905035,-3.1583034291437686,-3.1552087034126512,-3.152114045409577,-3.149019455149471,-3.145924932650374,-3.1428304779342486,-3.139736091028031,-3.136641771965017,-3.133547520786676,-3.1304533375450445,-3.12735922230587,-3.1242651751527815,-3.1211711961927944,-3.1180772855636323,-3.114983443443459,-3.111889670063866,-3.1087959657272286,-3.1057023308299816,-3.102608765893891,-3.099515271608185,-3.0964218488864597,-3.0933284989437313,-3.0902352234010357,-3.0871420244277936,-3.0840489049360507,-3.0809558688461993,-3.0778629214513877,-3.0747700699185674,-3.071677323979156,-3.068584696883506,-3.0654922067233077,-3.062399878268416,-3.0593077455247233,-3.056215855305144,-3.0531242722276377,-3.0500330857282036,-3.046942419925987,-3.043852447535188,-3.040763409532703,-3.0376756430314424,-3.0345896208792467,-3.031506008051022,-3.028425742143969,-3.025350148538218,-3.022281105506559,-3.0192212814111903,-3.0161744760672207,-3.0131461127394896,-3.0101439479669465,-3.0071790960472393,-3.0042675068718045,-3.001432093738919,-2.9987057853528616,-2.9961358743395103,-2.9937901459548524,-2.9917653681411145,-2.9901987394650758,-2.989282682223701
-3.591919438603396,-3.591129781321073,-3.5897614230624293,-3.5879656691972857,-3.5858522223398093,-3.583501323081369,-3.58097209027003,-3.5783083486809715,-3.575542757559131,-3.572699768541437,-3.569797764618166,-3.5668506188723303,-3.563868837824421,-3.560860404788204,-3.5578314049904836,-3.554786490936792,-3.551729230203038,-3.5486623662878696,-3.5455880149084353,-3.5425078121778215,-3.5394230267919253,-3.536334645209744,-3.5332434365068157,-3.5301500018851284,-3.5270548125689363,-3.5239582388858595,-3.52086057264043,-3.517762044370492,-3.5146628366899964,-3.511563094631264,-3.5084629336811615,-3.505362446040634,-3.502261705512216,-3.4991607713254744,-3.49605969113838,-3.4929585033977797,-3.489857239200239,-3.4867559237625225,-3.483654577586343,-3.4805532173831293,-3.477451856809986,-3.474350507056767,-3.4712491773154843,-3.4681478751565016,-3.465046606830726,-3.461945377512918,-3.4588441914980455,-3.4557430523601003,-3.4526419630808602,-3.449540926154505,-3.446439943672821,-3.4433390173947482,-3.440238148803268,-3.4371373391520548,-3.434036589503803,-3.4309359007617988,-3.427835273695974,-3.4247347089644595,-3.4216342071314556,-3.418533768682078,-3.4154333940347232,-3.412333083551385,-3.409232837546291,-3.406132656293129,-3.4030325400311363,-3.399932488970214,-3.396832503295254,-3.3937325831698,-3.3906327287391482,-3.387532940132996,-3.3844332174676963,-3.3813335608481876,-3.378233970369661,-3.3751344461189916,-3.372034988175984,-3.3689355966144543,-3.3658362715031873,-3.362737012906777,-3.35963782088638,-3.356538695500393,-3.353439636805072,-3.3503406448551063,-3.347241719704154,-3.34414286140536,-3.341044070011857,-3.337945345577259,-3.334846688156169,-3.331748097804694,-3.3286495745809903,-3.325551118545843,-3.3224527297632935,-3.319354408301331,-3.3162561542326565,-3.31315796763554,-3.310059848594793,-3.3069617972028738,-3.303863813561153,-3.300765897781379,-3.2976680499873674,-3.294570270316975,-3.2914725589243967,-3.28837491598287,-3.2852773414158873,-3.2821798351537317,-3.2790823971328473,-3.2759850272952753,-3.272887725588156,-3.2697904919632714,-3.2666933263766422,-3.2635962287881637,-3.2604991991612735,-3.257402237462658,-3.2543053436619838,-3.2512085177316545,-3.2481117596465925,-3.2450150693840394,-3.2419184469233753,-3.238821892245955,-3.2357254053349593,-3.232628986175258,-3.2295326347532884,-3.2264363510569414,-3.2233401350754596,-3.220243986799345,-3.217147906220273,-3.2140518933310167,-3.210955948125378,-3.207860070598122,-3.204764260744928,-3.2016685185623324,-3.198572844047693,-3.1954772371991487,-3.192381698015595,-3.1892862264966557,-3.1861908226426796,-3.1830954864547287,-3.1800002179345945,-3.176905017084811,-3.1738098839086986,-3.170714818410418,-3.1676198205950588,-3.1645248904687464,-3.1614300280388026,-3.1583352333139483,-3.1552405063045783,-3.1521458470231165,-3.1490512554844883,-3.1459567317067356,-3.14286227571182,-3.1397678875266783,-3.136673567184605,-3.133579314727072,-3.1304851302061127,-3.127391013687476,-3.1242969652547905,-3.1212029850150733,-3.1181090731060466,-3.115015229705874,-3.111921455046148,-3.1088277494292433,-3.1057341132515957,-3.10264054703497,-3.0995470514685954,-3.0964536274660666,-3.0933602762423997,-3.0902669994186316,-3.087173799164181,-3.0840806783910963,-3.0809876410197687,-3.077894692343347,-3.0748018395287837,-3.071709092307498,-3.0686164639298443,-3.0655239724875147,-3.062431642750367,-3.0593395087242987,-3.0562476172222346,-3.053156032862145,-3.0500648450800467,-3.04697417799511,-3.0438842043215733,-3.0407951650363896,-3.0377073972525537,-3.034621373818029,-3.0315377597079056,-3.028457492519654,-3.025381897633806,-3.022312853323743,-3.019253027952541,-3.0162062213366103,-3.013177856742718,-3.010175690712675,-3.007210837548372,-3.0042992471475363,-3.0014638328177536,-2.9987375232770503,-2.9961676111715123,-2.993821881786632,-2.991797103107251,-2.9902304737607004,-2.9893144161279177
-3.5919503220081803,-3.591160664446362,-3.5897923056985466,-3.5879965511849368,-3.585883103556782,-3.583532203433178,-3.5810029696831704,-3.5783392270979695,-3.5755736349348566,-3.572730644840319,-3.569828639812076,-3.5668814929389603,-3.563899710746024,-3.5608912765506244,-3.5578622755824014,-3.5548173603491273,-3.551760098428485,-3.5486932333205377,-3.545618880743556,-3.5425386768115232,-3.539453890221052,-3.536365507431715,-3.5332742975195104,-3.530180861686797,-3.5270856711581278,-3.523989096261366,-3.5208914288012365,-3.5177928993157423,-3.514693690418965,-3.511593947143329,-3.5084937849757853,-3.5053932961173495,-3.5022925543706127,-3.4991916189651904,-3.496090537559093,-3.492989348599197,-3.4898880831820955,-3.486786766524574,-3.4836854191283644,-3.4805840577049105,-3.477482695911329,-3.474381344937486,-3.471280013975401,-3.4681787105954442,-3.4650774410485283,-3.46197621050942,-3.4588750232730914,-3.4557738829135394,-3.4526727924125433,-3.4495717542642863,-3.446470770560558,-3.443369843060299,-3.4402689732464924,-3.4371681623728136,-3.4340674115019594,-3.4309667215372173,-3.427866093248518,-3.424765527293995,-3.4216650242378486,-3.418564584565195,-3.4154642086944307,-3.4123638969875523,-3.409263649758785,-3.4061634672818197,-3.4030633497958904,-3.3999632975109013,-3.396863310611745,-3.393763389261962,-3.3906635336068516,-3.3875637437761106,-3.384464019886092,-3.381364362041734,-3.3782647703382285,-3.3751652448624507,-3.3720657856942036,-3.3689663929073053,-3.3658670665705395,-3.362767806748501,-3.3596686135023472,-3.356569486890473,-3.353470426969135,-3.3503714337930215,-3.347272507415792,-3.344173647890592,-3.3410748552705516,-3.337976129609287,-3.334877470961401,-3.331778879383,-3.32868035493224,-3.325581897669906,-3.3224835076600403,-3.3193851849706313,-3.3162869296743795,-3.3131887418495567,-3.3100906215809727,-3.3069925689610864,-3.303894584091268,-3.300796667083265,-3.297698818060894,-3.2946010371620096,-3.291503324540809,-3.288405680370528,-3.28530810457466,-3.2822105970834867,-3.2791131578334536,-3.2760157867666027,-3.2729184838300727,-3.269821248975647,-3.2667240821593464,-3.263626983341063,-3.260529952484238,-3.2574329895555567,-3.254336094524687,-3.251239267364032,-3.248142508048514,-3.2450458165553746,-3.2419491928639936,-3.238852636955726,-3.235756148813753,-3.2326597284229446,-3.229563375769737,-3.2264670908420237,-3.2233708736290456,-3.220274724121304,-3.2171786423104756,-3.2140826281893333,-3.210986681751679,-3.207890802992278,-3.2047949919068075,-3.2016992484918063,-3.1986035727446307,-3.1955079646634212,-3.192412424247072,-3.189316951495209,-3.1862215464081785,-3.1831262089870447,-3.180030939233597,-3.17693573715037,-3.1738406027406834,-3.1707455360087002,-3.1676505369595076,-3.164555605599234,-3.1614607419351985,-3.1583659459761235,-3.1552712177324027,-3.1521765572164613,-3.149081964443223,-3.1459874394307312,-3.142892982200947,-3.139798592780807,-3.136704271203606,-3.133610017510815,-3.130515831754469,-3.1274217140003158,-3.1243276643319837,-3.12123368285649,-3.118139769711557,-3.115045925075349,-3.1119521491794577,-3.108858442326259,-3.1057648049121864,-3.1026712374590066,-3.0995777406559477,-3.0964843154166046,-3.0933909629559944,-3.090297684895154,-3.0872044834035024,-3.0841113613930866,-3.081018322784298,-3.077925372870287,-3.074832518818006,-3.071739770358876,-3.0686471407432516,-3.065554648062827,-3.062462317087466,-3.0593701818230703,-3.0562782890825697,-3.0531867034839473,-3.050095514463238,-3.0470048461396364,-3.0439148712274173,-3.04082583070359,-3.03773806168123,-3.034652037008419,-3.031568421660425,-3.02848815323498,-3.025412557113001,-3.0223435115684425,-3.019283684965227,-3.0162368771210226,-3.013208511304459,-3.0102063440601077,-3.007241489693958,-3.004329898109808,-3.0014944826242367,-2.998768171968544,-2.9961982588083313,-2.993852528457583,-2.9918277489422893,-2.9902611189482577,-2.9893450609375116
-3.5919801443816652,-3.591190486549959,-3.5898221273297897,-3.5880263721900083,-3.585912923817672,-3.5835620228586476,-3.581032788202243,-3.578369044655149,-3.575603451486563,-3.572760460352203,-3.5698584542569782,-3.5669113062953386,-3.5639295229967423,-3.560921087682014,-3.5578920855835294,-3.5548471692112242,-3.5517899061444993,-3.5487230398847798,-3.5456486861514223,-3.5425684810592735,-3.53948369330564,-3.5363953093506475,-3.533304098270742,-3.5302106612686406,-3.5271154695691833,-3.5240188935004633,-3.5209212248673967,-3.5178226942081405,-3.514723484136898,-3.511623739686196,-3.508523576343068,-3.5054230863085993,-3.5023223433854342,-3.499221406803232,-3.4961203242200436,-3.4930191340827736,-3.489917867488042,-3.4868165496526555,-3.4837152010783634,-3.4806138384766228,-3.477512475504564,-3.4744111233520623,-3.4713097912111466,-3.468208486652193,-3.465107215926122,-3.462005984207704,-3.4589047957919132,-3.4558036542527533,-3.4527025625720063,-3.449601523243858,-3.4465005383600986,-3.4433996096796724,-3.440298738685564,-3.43719792663145,-3.434097174580028,-3.4309964834345865,-3.4278958539650572,-3.424795286829575,-3.4216947825923385,-3.418594341738467,-3.415493964686358,-3.4123936517980074,-3.4092934033876388,-3.4061932197289444,-3.403093101061161,-3.3999930475941906,-3.3968930595129256,-3.393793136980909,-3.390693280143438,-3.3875934891302113,-3.3844937640575803,-3.381394105030485,-3.3782945121441155,-3.37519498548535,-3.37209552513399,-3.3689961311638523,-3.365896803643722,-3.362797542638194,-3.3596983482084246,-3.35659922041281,-3.3535001593076057,-3.350401164947501,-3.347302237386156,-3.344203376676714,-3.341104582872308,-3.3380058560265518,-3.334907196194049,-3.331808603430905,-3.3287100777952774,-3.3256116193479497,-3.322513228152965,-3.319414904278311,-3.3163166477966888,-3.3132184587863693,-3.3101203373321635,-3.3070222835265284,-3.303924297470836,-3.300826379276832,-3.297728529068334,-3.294630746983196,-3.291533033175615,-3.2884353878188257,-3.285337810836322,-3.282240302158387,-3.279142861721464,-3.276045489467597,-3.2729481853439246,-3.2698509493022296,-3.2667537812985326,-3.2636566812927277,-3.260559649248256,-3.2574626851318014,-3.2543657889130326,-3.251268960564352,-3.2481722000606825,-3.245075507379266,-3.241978882499483,-3.2388823254026877,-3.2357858360720613,-3.2326894144924743,-3.229593060650363,-3.226496774533619,-3.223400556131485,-3.2203044054344634,-3.217208322434229,-3.214112307123555,-3.2110163594962424,-3.207920479547058,-3.204824667271679,-3.201728922666645,-3.198633245729311,-3.195537636457817,-3.192442094851058,-3.189346620908661,-3.1862512146309716,-3.1831558760190526,-3.180060605074694,-3.176965401800432,-3.1738702661995863,-3.170775198276319,-3.1676801980357165,-3.1645852654839075,-3.161490400628212,-3.1583956034773517,-3.15530087404172,-3.1522062123337418,-3.149111618368342,-3.1460170921635626,-3.142922633741365,-3.1398282431286875,-3.1367339203588243,-3.1336396654732455,-3.1305454785239863,-3.1274513595767948,-3.1243573087152994,-3.1212633260465164,-3.1181694117081706,-3.115075565878425,-3.1119817887888703,-3.108888080741882,-3.105794442133895,-3.1027008734866754,-3.099607375489451,-3.096513949055818,-3.0934205954007923,-3.0903273161454106,-3.0872341134590924,-3.0841409902538857,-3.081047950450182,-3.077954999341131,-3.074862144093687,-3.0717693944392708,-3.0686767636282397,-3.0655842697522893,-3.062491937581286,-3.0593998011211374,-3.05630790718478,-3.0532163203902094,-3.050125130173475,-3.047034460653796,-3.0439444845454835,-3.0408554428255985,-3.037767672607296,-3.034681646738774,-3.0315980301954686,-3.0285177605753653,-3.025442163259755,-3.0223731165231444,-3.0193132887302756,-3.0162664797000276,-3.0132381127028296,-3.01023594428592,-3.007271088759244,-3.0043594960324658,-3.001524079430844,-2.998797767698498,-2.996227853519873,-2.9938821222364664,-2.9918573419140024,-2.990290711294751,-2.9893746529190364
-3.592008941133076,-3.5912192830407723,-3.589850923364506,-3.588055167620102,-3.5859417185291966,-3.5835908167635044,-3.581061581231897,-3.5783978367560114,-3.575632242616555,-3.5727892504781606,-3.569887243352675,-3.566940094339973,-3.563958309973769,-3.560949873578236,-3.557920870388391,-3.5548759529162592,-3.5518186887428964,-3.548751821371044,-3.5456774665211053,-3.5425972603087668,-3.5395124714320017,-3.536424086351473,-3.533332874144053,-3.530239436012806,-3.527144243182852,-3.524047665982508,-3.5209499962168724,-3.517851464424249,-3.5147522532189623,-3.511652507633636,-3.5085523431553836,-3.5054518519853533,-3.5023511079262453,-3.499250170207763,-3.4961490864879927,-3.4930478952138677,-3.489946627482034,-3.4868453085093174,-3.4837439587974846,-3.4806425950580073,-3.4775412309480283,-3.474439877657431,-3.4713385443782543,-3.4682372386808806,-3.4651359668162347,-3.462034733959093,-3.458933544404435,-3.4558324017262647,-3.4527313089063685,-3.4496302684389346,-3.446529282415757,-3.44342835259578,-3.440327480461991,-3.437226667268068,-3.4341259140767093,-3.431025221791204,-3.4279245911814855,-3.4248240229056854,-3.421723517528007,-3.41862307553357,-3.4155226973407697,-3.4124223833116045,-3.4093221337603,-3.406221948960548,-3.4031218291515835,-3.40002177454331,-3.3969217853206204,-3.3938218616470577,-3.3907220036679186,-3.3876222115129013,-3.3845224852983575,-3.3814228251292286,-3.378323231100705,-3.3752237032996626,-3.372124241805904,-3.369024846693248,-3.3659255180304783,-3.3628262558821898,-3.35972706030954,-3.356627931370924,-3.3535288691225986,-3.350429873619252,-3.347330944914544,-3.344232083061618,-3.341133288113606,-3.3380345601241235,-3.3349358991477724,-3.33183730524066,-3.328738778460942,-3.3256403188694037,-3.3225419265300866,-3.31944360151098,-3.316345343884783,-3.3132471537297667,-3.3101490311307424,-3.3070509761801667,-3.303952988979412,-3.300855069640224,-3.29775721828642,-3.2946594350558533,-3.291561720102721,-3.288464073600257,-3.2853664954719557,-3.282268985648101,-3.2791715440651372,-3.2760741706651064,-3.2729768653951488,-3.2698796282070464,-3.26678245905682,-3.263685357904365,-3.2605883247131198,-3.257491359449771,-3.2543944620839853,-3.251297632588167,-3.248200870937238,-3.2451041771084403,-3.2420075510811537,-3.2389109928367343,-3.235814502358362,-3.2327180796309074,-3.2296217246408085,-3.2265254373759555,-3.223429217825591,-3.220333065980217,-3.2172369818315087,-3.214140965372241,-3.211045016596213,-3.207949135498193,-3.204853322073857,-3.2017575763197454,-3.1986618982332136,-3.1955662878124005,-3.192470745056201,-3.189375269964242,-3.1862798625368707,-3.183184522775149,-3.1800892506808682,-3.1769940462565627,-3.1738989095055516,-3.1708038404319985,-3.1677088390409898,-3.1646139053386526,-3.1615190393323083,-3.158424241030678,-3.155329510444156,-3.152234847585167,-3.1491402524686363,-3.146045725112604,-3.1429512655390335,-3.1398568737748604,-3.1367625498533807,-3.1336682938160645,-3.1305741057149468,-3.1274799856157767,-3.1243859336021815,-3.1212919497811793,-3.1181980342904922,-3.115104187308284,-3.112010409066147,-3.108916699866455,-3.1058230601056427,-3.1027294903054763,-3.0996359911551843,-3.0965425635683625,-3.093449208760027,-3.0903559283512148,-3.0872627245113446,-3.0841696001524657,-3.08107655919497,-3.077983606932008,-3.0748907505305336,-3.0717979997219675,-3.0687053677566687,-3.065612872726336,-3.0625205394008392,-3.0594284017860898,-3.056336506695033,-3.0532449187456727,-3.050153727374075,-3.047063056699483,-3.0439730794362423,-3.040884036561465,-3.0377962651883808,-3.034710238165299,-3.0316266204678217,-3.0285463496941776,-3.025470751226018,-3.022401703338382,-3.019341874396802,-3.016295064221329,-3.0132666960841283,-3.0102645265350154,-3.0072996698877543,-3.004388076057671,-3.001552658378407,-2.99882634560646,-2.9962564304444723,-2.9939106982605037,-2.9918859171586485,-2.990319285935695,-2.989403227207572
-3.592036746561613,-3.5912470882176883,-3.589878728101037,-3.588082971772841,-3.585969521988119,-3.583618619443547,-3.5810893830668853,-3.5784256376942034,-3.575660042617321,-3.5728170495094784,-3.569915041389223,-3.5669678913616663,-3.5639861059646325,-3.560977668525525,-3.5579486642819127,-3.554903745747839,-3.5518464805059593,-3.5487796120602852,-3.545705256132234,-3.542625048838296,-3.539540258877091,-3.5364518727097973,-3.5333606594137055,-3.530267220192211,-3.5271720262707014,-3.524075447977715,-3.520977777118526,-3.5178792442315796,-3.5147800319313145,-3.5116802852504496,-3.508580119676175,-3.5054796274097026,-3.502378882253784,-3.4992779434381642,-3.496176858620963,-3.4930756662491467,-3.489974397419381,-3.4868730773485157,-3.4837717265383312,-3.4806703617003136,-3.477568996491614,-3.474467642102128,-3.471366307723901,-3.4682650009273233,-3.4651637279633234,-3.4620624940066844,-3.4589613033523894,-3.455860159574447,-3.4527590656546447,-3.4496580240871726,-3.4465570369638274,-3.443456106043556,-3.4403552328093454,-3.4372544185148755,-3.4341536642228467,-3.4310529708365487,-3.4279523391259152,-3.424851769749081,-3.4217512632702474,-3.418650820174535,-3.4155504408803408,-3.412450125749661,-3.4093498750967237,-3.4062496891952203,-3.4031495682843858,-3.4000495125741246,-3.396949522249329,-3.393849597473541,-3.390749738392061,-3.387649945134585,-3.384550217817467,-3.3814505565456465,-3.378350961414314,-3.3752514325103458,-3.372151969913546,-3.3690525736977306,-3.3659532439316857,-3.362853980680005,-3.359754784003845,-3.356655653961602,-3.3535565906095335,-3.3504575940023273,-3.3473586641936426,-3.344259801236623,-3.3411610051844005,-3.338062276090591,-3.334963614009797,-3.331865018998123,-3.3287664911137265,-3.3256680304173925,-3.3225696369731637,-3.319471310849027,-3.3163730521176835,-3.3132748608574043,-3.310176737152999,-3.3070786810969257,-3.3039806927905544,-3.300882772345633,-3.2977849198859768,-3.294687135549441,-3.291589419490221,-3.2884917718815516,-3.285394192646926,-3.2822966817166286,-3.2791992390271036,-3.276101864520394,-3.2730045581436396,-3.269907319848623,-3.266810149591364,-3.2637130473317586,-3.260616013033245,-3.2575190466625097,-3.2544221481892204,-3.25132531758578,-3.248228554827112,-3.245131859890458,-3.2420352327551987,-3.238938673402689,-3.235842181816108,-3.232745757980327,-3.2296494018817845,-3.2265531135083707,-3.22345689284933,-3.2203607398951632,-3.217264654637545,-3.2141686370692506,-3.21107268718408,-3.2079768049768007,-3.20488099044309,-3.201785243579485,-3.1986895643833435,-3.1955939528528043,-3.1924984089867614,-3.1894029327848417,-3.186307524247392,-3.183212183375476,-3.180116910170883,-3.1770217046361484,-3.1739265667745915,-3.1708314965903757,-3.167736494088589,-3.164641559275357,-3.1615466921580015,-3.1584518927452443,-3.1553571610474784,-3.152262497077128,-3.149167900849119,-3.1460733723814935,-3.142978911696212,-3.1398845188202116,-3.1367901937867875,-3.1336959366374106,-3.1306017474241155,-3.1275076262126515,-3.124413573086646,-3.121319588153115,-3.118225671549783,-3.1151318234548144,-3.1120380440997986,-3.1089443337871123,-3.1058506929131893,-3.1027571219997965,-3.0996636217361613,-3.096570193035879,-3.093476837113966,-3.090383555591459,-3.087290350637779,-3.084197225164972,-3.081104183093432,-3.0780112297163096,-3.07491837220056,-3.071825620277605,-3.0687329871978033,-3.0656404910528567,-3.0625481566126385,-3.059456017883064,-3.056364121677086,-3.053272532612719,-3.0501813401260436,-3.047090668336325,-3.044000689957942,-3.0409116459680567,-3.0378238734799705,-3.034737845342102,-3.031654226530212,-3.0285739546427632,-3.025498355061756,-3.0224293060627456,-3.019369476012026,-3.01632266473078,-3.013294295492849,-3.0102921248505345,-3.0073272671212896,-3.0044156722259086,-3.001580253506129,-2.998853939730396,-2.996284023618923,-2.9939382905654175,-2.9919135087110202,-2.9903468769051607,-2.98943081783677
-3.592063593886226,-3.591273935299356,-3.589905574757502,-3.58810981786564,-3.5859963674110253,-3.5836454641144306,-3.5811162269218535,-3.578452480683297,-3.575686884701311,-3.572843890657447,-3.569941881576721,-3.566994730569302,-3.564012944176981,-3.561004505730285,-3.557975500469242,-3.554930580909844,-3.551873314636291,-3.54880644515382,-3.5457320881848253,-3.5426518798465794,-3.539567088838323,-3.536478701621735,-3.5333874872745072,-3.5302940470003574,-3.527198852024932,-3.5241022726769793,-3.5210046007619407,-3.5179060668183997,-3.51480685346091,-3.51170710572228,-3.5086069390897743,-3.5055064457646656,-3.5024056995497546,-3.499304759674828,-3.4962036737980386,-3.49310248036638,-3.490001210476541,-3.48689988934539,-3.4837985374747236,-3.480697171576041,-3.4775958053065055,-3.4744944498560195,-3.471393114416638,-3.4682918065587565,-3.465190532533311,-3.462089297515086,-3.45898810579907,-3.4558869609592744,-3.4527858659774897,-3.4496848233479094,-3.4465838351623317,-3.4434829031797034,-3.440382028883015,-3.4372812135259463,-3.4341804581711988,-3.431079763722064,-3.427979130948476,-3.42487856050857,-3.4217780529665496,-3.418677608807534,-3.4155772284499206,-3.412476912255709,-3.4093766605391242,-3.406276473573858,-3.4031763515991473,-3.400076294824895,-3.396976303435996,-3.393876377595992,-3.3907765174501807,-3.3876767231282603,-3.3845769947465842,-3.3814773324100926,-3.3783777362139777,-3.3752782062451137,-3.372178742583304,-3.369079345302367,-3.3659800144710865,-3.362880750154057,-3.359781552412437,-3.356682421304621,-3.353583356886866,-3.3504843592138602,-3.3473854283392623,-3.344286564316218,-3.341187767197859,-3.3380890370378,-3.3349903738906432,-3.3318917778124946,-3.3287932488615106,-3.325694787098475,-3.3225963925874313,-3.319498065396367,-3.316399805597982,-3.313301613270548,-3.3102034884988756,-3.307105431375423,-3.304007442001559,-3.300909520489031,-3.2978116669616537,-3.2947138815572825,-3.2916161644301125,-3.288518515753378,-3.2854209354505737,-3.2823234234519827,-3.2792259796940497,-3.276128604118818,-3.273031296673427,-3.2699340573096602,-3.2668368859835373,-3.2637397826549543,-3.2606427472873505,-3.257545779847412,-3.2544488803048055,-3.2513520486319356,-3.248255284803725,-3.2451585887974153,-3.242061960592387,-3.2389654001699943,-3.2358689075134186,-3.2327724826075306,-3.2296761254387674,-3.2265798359950195,-3.223483614265531,-3.220387460240804,-3.2172913739125137,-3.2141953552734335,-3.211099404317364,-3.2080035210390725,-3.204907705434236,-3.2018119574993933,-3.1987162772319016,-3.1956206646298986,-3.19252511969228,-3.189429642418672,-3.186334232809421,-3.1832388908655913,-3.180143616588972,-3.177048409982099,-3.1739532710482914,-3.1708581997917116,-3.1677631962174484,-3.164668260331627,-3.1615733921415696,-3.1584785916559963,-3.1553838588853025,-3.152289193841912,-3.1491945965407506,-3.1461000669998596,-3.1430056052411994,-3.1399112112917082,-3.136816885184681,-3.133722626961588,-3.130628436674465,-3.127534314389061,-3.1244402601890013,-3.1213462741813043,-3.1182523565036933,-3.115158507334332,-3.1120647269048116,-3.1089710155175068,-3.105877373568852,-3.1027838015806135,-3.09969030024202,-3.0965968704666684,-3.0935035134695745,-3.090410230871774,-3.0873170248426867,-3.0842238982943604,-3.081130855147189,-3.078037900694323,-3.0749450421027174,-3.071852289103796,-3.068759654947919,-3.0656671577267907,-3.0625748222102867,-3.059482682404326,-3.056390785121869,-3.053299194980939,-3.0502080014176327,-3.047117328551236,-3.0440273490961616,-3.0409383040296176,-3.0378505304649766,-3.0347645012507605,-3.0316808813628833,-3.028600608400036,-3.0255250077445544,-3.022455957672491,-3.019396126550877,-3.0163493142019853,-3.0133209439012774,-3.0103187722034566,-3.007353913429537,-3.0044423175055925,-3.001606897781174,-2.9988805830362675,-2.9963106660080463,-2.993964932114986,-2.9919401495339955,-2.9903735171653314,-2.9894574577684065
-3.592089515275009,-3.5912998564535785,-3.5899314955012005,-3.5881357380651293,-3.5860222869637406,-3.583671382941074,-3.5811421449607366,-3.578478397886188,-3.575712801030335,-3.5728698060827524,-3.5699677960747023,-3.5670206441212358,-3.5640388567679744,-3.5610304173484577,-3.558001411105093,-3.5549564905557522,-3.551899223286127,-3.5488323528026413,-3.5457579948286297,-3.5426777854821165,-3.5395929934629473,-3.5365046052332803,-3.5334133898711952,-3.530319948580718,-3.527224752587749,-3.524128172221237,-3.5210304992867885,-3.5179319643231204,-3.514832749944892,-3.5117330011850023,-3.508632833530787,-3.5055323391835755,-3.5024315919462183,-3.4993306510485422,-3.496229564148732,-3.493128369693807,-3.49002709878048,-3.4869257766256347,-3.4838244237310843,-3.4807230568083396,-3.4776216895145757,-3.474520333039706,-3.4714189965757907,-3.468317687693232,-3.4652164126429703,-3.462115176599795,-3.4590139838586986,-3.4559128379936945,-3.4528117419865776,-3.449710698331542,-3.446609709120388,-3.4435087761120657,-3.4404079007895647,-3.4373070844065685,-3.434206328025779,-3.4311056325504876,-3.4280049987506307,-3.424904427284342,-3.4218039187158262,-3.4187034735302024,-3.4156030921458704,-3.412502774924828,-3.4094025221813022,-3.4063023341889855,-3.4032022111871143,-3.400102153385592,-3.3970021609693126,-3.3939022341018186,-3.3908023729284076,-3.3877025775787786,-3.3846028481692847,-3.381503184804866,-3.3784035875807135,-3.375304056583703,-3.372204591893638,-3.369105193584337,-3.3660058617245836,-3.3629065963789744,-3.359807397608664,-3.356708265472049,-3.3536092000253848,-3.3505102013233605,-3.3474112694196356,-3.344312404367356,-3.341213606219653,-3.3381148750301404,-3.3350162108534214,-3.331917613745602,-3.328819083764839,-3.3257206209719152,-3.3226222254308753,-3.3195238972097054,-3.3164256363811067,-3.3133274430233497,-3.3102293172212445,-3.3071312590672473,-3.304033268662729,-3.3009353461194366,-3.2978374915611854,-3.2947397051258305,-3.2916419869675666,-3.2885443372596277,-3.2854467559255083,-3.282349242895492,-3.2792517981060234,-3.2761544214991467,-3.2730571130220003,-3.2699598726263686,-3.266862700268272,-3.2637655959076057,-3.260668559507809,-3.2575715910355676,-3.254474690460549,-3.251377857755157,-3.248281092894315,-3.2451843958552637,-3.2420877666173853,-3.2389912051620326,-3.2358947114723886,-3.2327982855333217,-3.229701927331271,-3.2266056368541265,-3.2235094140911325,-3.2204132590327905,-3.2173171716707767,-3.214221151997863,-3.2111252000078516,-3.2080293156955086,-3.204933499056513,-3.2018377500874022,-3.198742068785533,-3.1956464551490447,-3.1925509091768314,-3.18945543086852,-3.1863600202244586,-3.1832646772457096,-3.180169401934062,-3.17707419429205,-3.173979054322995,-3.17088398203106,-3.167788977421332,-3.1646940404999375,-3.1615991712741973,-3.158504369752834,-3.1554096359462407,-3.152314969866841,-3.149220371529562,-3.146125840952444,-3.143031378157449,-3.139936983171514,-3.1368426560279343,-3.1337483967681807,-3.1306542054442876,-3.1275600821220038,-3.124466026884957,-3.121372039840163,-3.1182781211253467,-3.1151842709186712,-3.112090489451728,-3.1089967770268925,-3.1059031340406,-3.1028095610146145,-3.099716058638165,-3.0966226278248477,-3.0935292697896783,-3.0904359861536927,-3.087342779086313,-3.0842496514995856,-3.0811566073139036,-3.0780636518224185,-3.0749707921920875,-3.071878038154334,-3.0687854029595196,-3.06569290469935,-3.062600568143704,-3.0595084272985056,-3.0564165289767207,-3.0533249377963827,-3.0502337431936026,-3.0471430692876873,-3.044053088793079,-3.0409640426870337,-3.037876268082991,-3.0347902378295735,-3.0317066169028433,-3.0286263429017106,-3.025550741208835,-3.0224816901007507,-3.0194218579451992,-3.016375044565509,-3.013346673238702,-3.0103445005218004,-3.0073796407392583,-3.004468043822246,-3.001632623127859,-2.998906307447224,-2.9963363895338935,-2.9939906548302515,-2.9919658715477424,-2.9903992386356952,-2.989483178921573
-3.592114541874122,-3.5913248828262327,-3.5899565214775087,-3.588160763516023,-3.586047311790199,-3.5836964070665425,-3.5811671683256576,-3.5785034204439943,-3.5757378227444576,-3.572894826924371,-3.5699928160210277,-3.5670456631541927,-3.5640638748731837,-3.5610554345144507,-3.558026427322697,-3.554981505817611,-3.551924237586323,-3.5488573661363993,-3.5457830071920857,-3.5427027968721334,-3.5396180038769676,-3.5365296146692122,-3.533438398327321,-3.530344956055621,-3.5272497590802527,-3.524153177730363,-3.521055503811715,-3.517956967863155,-3.514857752499445,-3.5117580027535684,-3.508657834112931,-3.5055573387789196,-3.5024565905544307,-3.499355648669329,-3.496254560781831,-3.4931533653389826,-3.4900520934375177,-3.486950770294338,-3.4838494164112697,-3.4807480484998377,-3.4776466802172257,-3.4745453227533547,-3.471443985300293,-3.46834267542845,-3.46524139938877,-3.462140162356048,-3.4590389686252783,-3.4559378217704784,-3.4528367247734453,-3.4497356801283754,-3.4466346899270714,-3.443533755928483,-3.4404328796156025,-3.4373320622421146,-3.434231304870723,-3.431130608404718,-3.428029973614037,-3.4249294011568168,-3.421828891597262,-3.4187284454204914,-3.4156280630449047,-3.412527744832501,-3.409427491097506,-3.4063273021136133,-3.4032271781200594,-3.4001271193267493,-3.397027125918576,-3.3939271980590817,-3.3908273358935657,-3.3877275395517255,-3.3846278091499147,-3.381528144793074,-3.378428546576393,-3.3753290145867494,-3.372229548903946,-3.369130149601801,-3.366030816749099,-3.3629315504104347,-3.3598323506469647,-3.356733217517086,-3.353634151077053,-3.350535151381556,-3.347436218484254,-3.3443373524382904,-3.3412385532967983,-3.3381398211133924,-3.3350411559426747,-3.331942557840752,-3.3288440268657795,-3.325745563078542,-3.322647166543082,-3.3195488373273867,-3.316450575504157,-3.3133523811516623,-3.310254254354714,-3.307156195205769,-3.304058203806197,-3.3009602802677454,-3.2978624247142285,-3.2947646372835,-3.291666918129756,-3.288569267426231,-3.2854716850964185,-3.282374171070602,-3.279276725285228,-3.2761793476823398,-3.2730820382090764,-3.26998479681722,-3.2668876234627935,-3.2637905181056914,-3.260693480709353,-3.2575965112404655,-3.2544996096686942,-3.251402775966444,-3.248306010108638,-3.2452093120725167,-3.242112681837463,-3.239016119384831,-3.2359196246977997,-3.2328231977612427,-3.2297268385615956,-3.2266305470867507,-3.223534323325951,-3.220438167269696,-3.2173420789096645,-3.2142460582386287,-3.2111501052503897,-3.208054219939714,-3.204958402302281,-3.201862652334626,-3.1987669700341086,-3.1956713553988663,-3.1925758084277946,-3.1894803291205203,-3.1863849174773895,-3.183289573499466,-3.1801942971885397,-3.177099088547145,-3.1740039475786017,-3.170908874287072,-3.167813868677645,-3.164718930756447,-3.1616240605307993,-3.1585292580094215,-3.1554345232027092,-3.1523398561230866,-3.14924525678548,-3.1461507252079293,-3.143056261412397,-3.1399618654258195,-3.136867537281492,-3.133773277020885,-3.130679084696033,-3.1275849603726855,-3.12449090413447,-3.121396916088404,-3.118302996372209,-3.1152091451640507,-3.112115362695519,-3.1090216492689895,-3.105928005280896,-3.102834431253006,-3.0997409278745467,-3.096647496059115,-3.093554137021726,-3.090460852383416,-3.087367644313607,-3.0842745157243443,-3.0811814705360225,-3.0780885140417933,-3.0749956534086147,-3.071902898367911,-3.0688102621700453,-3.0657177629067243,-3.062625425347829,-3.05953328349929,-3.056441384174077,-3.0533497919902333,-3.0502585963838826,-3.047167921474353,-3.044077939976118,-3.0409888928664772,-3.037901117258935,-3.0348150860022107,-3.031731464072511,-3.0286511890689565,-3.0255755863745204,-3.0225065342662005,-3.019446701112426,-3.016399886737542,-3.0133715144200806,-3.010369340719302,-3.0074044799629784,-3.004492882087202,-3.0016574604563515,-2.9989311438723107,-2.996361225104443,-2.994015489618218,-2.991990705658422,-2.990424072221761,-2.989508012201399
-3.5921387038362718,-3.591349044569752,-3.5899806828383816,-3.5881849243696453,-3.5860714720409725,-3.5837205666405545,-3.581191327165411,-3.578527578504531,-3.5757619799904776,-3.57291898332805,-3.5700169715603636,-3.567069817811734,-3.56408802863505,-3.56107958736957,-3.558050579262212,-3.5550056568344184,-3.551948387674708,-3.548881515291752,-3.545807155410678,-3.5427269441509366,-3.539642150213513,-3.536553760061482,-3.533462542773655,-3.530369099554651,-3.527273901630845,-3.5241773193315717,-3.521079644462748,-3.5179811075633425,-3.5148818912482187,-3.5117821405504412,-3.5086819709574835,-3.505581474670787,-3.5024807254932933,-3.4993797826549016,-3.4962786938138595,-3.4931774974172387,-3.4900762245617925,-3.4869749004644417,-3.4838735456270276,-3.4807721767610844,-3.4776708075238068,-3.474569449105124,-3.4714681106971104,-3.4683667998701817,-3.465265522875288,-3.4621642848872263,-3.4590630902009956,-3.455961942390616,-3.4528608444378865,-3.4497597988370075,-3.4466588076797806,-3.4435578727251595,-3.440456995456138,-3.4373561771264,-3.43425541879865,-3.4311547213761813,-3.42805408562893,-3.424953512215034,-3.421853001698698,-3.4187525545650432,-3.4156521712324683,-3.4125518520629723,-3.4094515973707833,-3.406351407429592,-3.403251282478638,-3.4001512227278248,-3.397051228362045,-3.393951299544843,-3.390851436421517,-3.3877516391217664,-3.384651907761942,-3.381552242446987,-3.3784526432720914,-3.375353110324131,-3.37225364368291,-3.3691542434222446,-3.366054909610921,-3.362955642313533,-3.359856441591238,-3.3567573075024315,-3.3536582401033703,-3.350559239448743,-3.3474603055922088,-3.3443614385869123,-3.3412626384859845,-3.3381639053430416,-3.335065239212686,-3.3319666401510237,-3.3288681082162106,-3.3257696434690303,-3.322671245973526,-3.3195729157976848,-3.3164746530142075,-3.3133764577013642,-3.3102783299439658,-3.3071802698344688,-3.3040822774742424,-3.300984352975034,-3.2978864964606562,-3.294788708068965,-3.291690987954156,-3.288593336289462,-3.2854957529983784,-3.2823982380111882,-3.2793007912643373,-3.2762034126998687,-3.2731061022649226,-3.2700088599112815,-3.266911685594967,-3.2638145792758753,-3.2607175409174447,-3.257620570486362,-3.2545236679522946,-3.251426833287647,-3.2483300664673407,-3.2452333674686185,-3.242136736270861,-3.239040172855424,-3.235943677205487,-3.232847249305922,-3.2297508891431654,-3.2266545967051083,-3.2235583719809946,-3.220462214961326,-3.2173661256377777,-3.214270104003124,-3.211174150051166,-3.2080782637766694,-3.204982445175313,-3.201886694243636,-3.1987910109789945,-3.1956953953795275,-3.1925998474441286,-3.189504367172425,-3.1864089545647634,-3.1833136096222066,-3.1802183323465463,-3.1771231227403156,-3.1740279808068355,-3.170932906550268,-3.1678378999757,-3.1647429610892606,-3.1616480898982697,-3.1585532864114487,-3.155458550639192,-3.152363882593923,-3.149269282290568,-3.146174749747168,-3.1430802849856847,-3.139985888033054,-3.1368915589225725,-3.1337972976957094,-3.130703104404501,-3.1276089791146964,-3.1245149219099226,-3.121420932897197,-3.1183270122142415,-3.115233160039221,-3.112139376603725,-3.1090456622101295,-3.105952017254869,-3.1028584422597096,-3.09976493791388,-3.0966715051309754,-3.093578145126013,-3.090484859520029,-3.0873916504824455,-3.084298520925308,-3.08120547476901,-3.078112517306704,-3.0750196557053475,-3.071926899696366,-3.0688342625301237,-3.06574176229833,-3.0626494237708686,-3.059557280953672,-3.056465380659718,-3.053373787507059,-3.0502825909318316,-3.0471919150533835,-3.044101932586216,-3.041012884507672,-3.0379251079313208,-3.034839075705974,-3.0317554528079773,-3.0286751768366553,-3.0255995731752834,-3.0225305201013057,-3.0194706859838156,-3.0164238706481408,-3.013395497374271,-3.0103933227236253,-3.0074284610271826,-3.0045168622257843,-3.0016814396908433,-2.9989551222346265,-2.996385202641763,-2.994039466400011,-2.9920146817863427,-2.9904480478432047,-2.9895319875271884
-3.5921620303485446,-3.5913723708709595,-3.590004008770183,-3.5882082498117454,-3.586094796901082,-3.58374389084732,-3.581214650663325,-3.5785509012501917,-3.5757853019498014,-3.5729423044741746,-3.570040291872048,-3.567093137272131,-3.5641113472307557,-3.561102905089896,-3.55807389609861,-3.5550289727800313,-3.5519717027240194,-3.548904829440312,-3.5458304686548856,-3.5427502564878677,-3.5396654616407837,-3.536577070577144,-3.533485852376108,-3.530392408242575,-3.527297209403145,-3.5242006261873344,-3.521102950401208,-3.5180044125838537,-3.5149051953502326,-3.5118054437334885,-3.508705273221158,-3.505604776014736,-3.5025040259172067,-3.499403082158508,-3.4963019923969156,-3.493200795079524,-3.4900995213031063,-3.486998196284598,-3.4838968405258544,-3.480795470738423,-3.477694100579508,-3.4745927412390465,-3.4714914019091196,-3.4683900901601463,-3.4652888122430836,-3.462187573332733,-3.459086377724097,-3.455985228991198,-3.4528841301158377,-3.4497830835922167,-3.4466820915121406,-3.4435811556345626,-3.440480277442479,-3.4373794581895742,-3.434278698938554,-3.4311780005927117,-3.4280773639219855,-3.4249767895845133,-3.421876278144499,-3.4187758300870663,-3.415675445830614,-3.4125751257371397,-3.4094748701208726,-3.4063746792555047,-3.4032745533802737,-3.4001744927050845,-3.397074497414831,-3.393974567673057,-3.39087470362506,-3.3877749054005397,-3.384675173115847,-3.381575506875924,-3.378475906775962,-3.3753763729028377,-3.372276905336354,-3.369177504150328,-3.3660781694135458,-3.362978901190602,-3.3598796995426534,-3.3567805645280955,-3.3536814962031856,-3.350582494622612,-3.3474835598400334,-3.344384691908595,-3.3412858908814274,-3.3381871568121464,-3.335088489755354,-3.331989889767158,-3.328891356905712,-3.3257928912318016,-3.322694492809468,-3.3195961617067,-3.3164978979961974,-3.31339970175623,-3.310301573071609,-3.3072035120347905,-3.304105518747144,-3.3010075933204157,-3.2979097358784215,-3.294811946559014,-3.2917142255163903,-3.2886165729237815,-3.2855189887046836,-3.28242147278938,-3.279324025114316,-3.2762266456215356,-3.273129334258178,-3.2700320909760268,-3.266934915731104,-3.2638378084833044,-3.260740769196067,-3.257643797836079,-3.254546894373007,-3.2514500587792576,-3.248353291029752,-3.2452565911017333,-3.2421599589745806,-3.239063394629649,-3.2359668980501204,-3.232870469220864,-3.229774108128318,-3.2266778147603747,-3.2235815891062756,-3.2204854311565225,-3.217389340902793,-3.2142933183378597,-3.211197363455524,-3.2081014762505533,-3.2050056567186243,-3.2019099048562754,-3.1988142206608634,-3.1957186041305277,-3.192623055264164,-3.1895275740613984,-3.1864321605225765,-3.1833368146487624,-3.1802415364417453,-3.1771463259040598,-3.174051183039027,-3.1709561078508095,-3.1678611003444948,-3.16476616052621,-3.1616712884032756,-3.1585764839844126,-3.155481747280015,-3.152387078302509,-3.1492924770668185,-3.1461979435909853,-3.1431034778969704,-3.140009080011712,-3.136914749968504,-3.133820487808818,-3.1307262935846865,-3.127632167361861,-3.124538109223968,-3.121444119278025,-3.1183501976617545,-3.1152563445533206,-3.112162560184314,-3.10906884485711,-3.1059751989681437,-3.10288162303918,-3.099788117759448,-3.096694684042544,-3.093601323103484,-3.0905080365633046,-3.087414826591427,-3.0843216960998983,-3.081228649009111,-3.07813569061222,-3.0750428280761826,-3.0719500711324246,-3.0688574330313108,-3.0657649318645515,-3.0626725924020333,-3.059580448649693,-3.056488547420515,-3.05339695333256,-3.050305755821977,-3.047215079008133,-3.0441250956055566,-3.0410360465916324,-3.037948269079991,-3.034862235919534,-3.03177861208674,-3.0286983351811307,-3.025622730586275,-3.022553676580049,-3.019493841532186,-3.0164470252689615,-3.0134186510717726,-3.010416475504124,-3.007451612900088,-3.0045400132050935,-3.0017045897973422,-2.9989782714991255,-2.99640835110981,-2.9940626141386684,-2.9920378288937486,-2.9904711944616547,-2.9895551338602138
-3.592184549659962,-3.591394889978618,-3.5900265275212244,-3.58823076809004,-3.5861173146175345,-3.5837664079330485,-3.581237167064742,-3.578573416925395,-3.5758078168658924,-3.5729648186052225,-3.5700628051975465,-3.567115649775816,-3.564133858899692,-3.561125415913765,-3.5580964060691573,-3.555051481890636,-3.551994210969358,-3.548927336816088,-3.5458529751576218,-3.542772762114741,-3.5396879663894953,-3.5365995744458103,-3.5335083553631823,-3.5304149103467815,-3.527319710623428,-3.5242231265228128,-3.5211254498511417,-3.5180269111476195,-3.514927693027301,-3.511827940523405,-3.5087277691235323,-3.5056272710292284,-3.50252652004352,-3.499425575396377,-3.496324484746105,-3.4932232865398203,-3.4901220118743153,-3.4870206859665442,-3.483919329318374,-3.4808179586413623,-3.4777165875927234,-3.4746152273624005,-3.471513887142481,-3.468412574503391,-3.465311295696091,-3.462210055895387,-3.459108859396283,-3.456007709772806,-3.452906610006759,-3.4498055625923447,-3.44670456962137,-3.443603632852791,-3.4405027537696045,-3.437401933625496,-3.4343011734831714,-3.4312004742459257,-3.4280998366836983,-3.4249992614546265,-3.421898749122916,-3.418798300173688,-3.4156979150253437,-3.412597594039882,-3.4094973375315316,-3.406397145773984,-3.4032970190064793,-3.4001969574389204,-3.3970969612562016,-3.3939970306218656,-3.390897165681213,-3.387797366563941,-3.3846976333864034,-3.381597966253541,-3.3784983652605436,-3.375398830494289,-3.3722993620345796,-3.369199959955235,-3.366100624325039,-3.3630013552085862,-3.359902152667033,-3.3568030167587772,-3.3537039475400747,-3.350604945065613,-3.3475060093890523,-3.3444071405635367,-3.341308338642198,-3.338209603678651,-3.3351109357274993,-3.332012334844848,-3.328913801088853,-3.3258153345202977,-3.322716935203225,-3.319618603205623,-3.3165203386001916,-3.3134221414652005,-3.3103240118854598,-3.307225949953427,-3.3041279557704724,-3.301030029448341,-3.297932171110848,-3.2948343808958462,-3.2917366589575314,-3.2886390054691357,-3.2855414203541544,-3.282443903542872,-3.279346454971733,-3.276249074582782,-3.2731517623231583,-3.2700545181446454,-3.2669573420032654,-3.2638602338589133,-3.2607631936750288,-3.257666221418299,-3.2545693170583907,-3.251472480567709,-3.248375711921177,-3.2452790110960357,-3.242182378071666,-3.2390858128294235,-3.2359893153524877,-3.2328928856257306,-3.229796523635589,-3.2267002293699543,-3.2236040028180706,-3.2205078439704384,-3.2174117528187343,-3.2143157293557314,-3.2112197735752313,-3.2081238854720002,-3.2050280650417178,-3.2019323122809227,-3.1988366271869695,-3.195741009757998,-3.1926454599929026,-3.18954997789131,-3.1864545634535677,-3.1833592166807376,-3.1802639375746096,-3.177168726137721,-3.174073582373391,-3.170978506285781,-3.167883497879979,-3.164788557162111,-3.1616936841394985,-3.1585988788208645,-3.155504141216601,-3.1524094713391335,-3.1493148692033888,-3.1462203348274063,-3.143125868233149,-3.140031469447552,-3.1369371385039115,-3.1338428754436984,-3.1307486803189475,-3.1276545531954074,-3.1245604941567042,-3.1214665033098568,-3.1183725807925877,-3.115278726783061,-3.112184941512867,-3.1090912252843808,-3.1059975784940383,-3.102904001663603,-3.099810495482306,-3.0967170608637424,-3.093623699022928,-3.0905304115809002,-3.0874372007070794,-3.084344069313513,-3.081251021320595,-3.0781580620214783,-3.075065198583121,-3.07197244073695,-3.0688798017333316,-3.0657872996639783,-3.0626949592987787,-3.059602814643674,-3.056510912511653,-3.053419317520785,-3.050328119107232,-3.0472374413903784,-3.044147457084781,-3.041058407167864,-3.037970628753315,-3.0348845946901246,-3.0318009699548996,-3.0287206921473535,-3.0256450866513362,-3.022576031745141,-3.019516195799119,-3.0164693786404597,-3.013441003551919,-3.010438827099016,-3.007473963618811,-3.004562363061159,-3.001726938810817,-2.9990006196997534,-2.9964306985415607,-2.994084960866284,-2.99206017501197,-2.9904935401078516,-2.989577479230868
-3.592206289108221,-3.591416629230179,-3.590048266428526,-3.5882525065409774,-3.5861390525261005,-3.583788145232746,-3.5812589037038394,-3.5785951528634454,-3.575829552071133,-3.5729865530526204,-3.570084538867307,-3.567137382652238,-3.5641555909702887,-3.561147147168573,-3.55811813650021,-3.555073211491544,-3.55201593973498,-3.5489490647422777,-3.545874702241022,-3.542794488352627,-3.5397096917796467,-3.5366212989864114,-3.533530079052743,-3.5304366331840704,-3.5273414326074235,-3.5242448476526618,-3.5211471701261323,-3.5180486305671486,-3.514949411590858,-3.511849658230553,-3.508749485973894,-3.5056489870224743,-3.502548235179361,-3.4994472896745568,-3.496346198166395,-3.493244999102015,-3.49014372357823,-3.487042396812006,-3.4839410393052233,-3.4808396677694518,-3.477738295861913,-3.4746369347725587,-3.4715355936934826,-3.468434280195117,-3.4653330005284255,-3.4622317598682164,-3.459130562509499,-3.456029412026302,-3.45292831140043,-3.449827263126089,-3.4467262692950884,-3.4436253316663823,-3.44052445172297,-3.437423630718538,-3.4343228697157935,-3.4312221696180325,-3.428121531195193,-3.425020955105415,-3.421920441912904,-3.4188199921027818,-3.4157196060934494,-3.412619284246907,-3.409519026877383,-3.406418834258569,-3.403318706629705,-3.400218644200695,-3.3971186471564336,-3.3940187156604633,-3.3909188498580827,-3.3878190498789915,-3.3847193158395434,-3.381619647844679,-3.37852004598959,-3.3754205103611525,-3.3723210410391693,-3.3692216380974576,-3.366122301604803,-3.3630230316258016,-3.359923828221609,-3.3568246914506217,-3.3537256213690956,-3.350626618031721,-3.347527681492155,-3.3444288118035432,-3.3413300090190163,-3.33823127319219,-3.3351326043776672,-3.3320340026315542,-3.3289354680120056,-3.3258370005798064,-3.3227386003989974,-3.3196402675375674,-3.3165420020682164,-3.313443804069214,-3.3103456736253714,-3.307247610829144,-3.304149615781902,-3.301051688595392,-3.2979538293934274,-3.294856038313863,-3.2917583155108927,-3.288660661157749,-3.285563075177927,-3.2824655575017108,-3.279368108065546,-3.276270726811477,-3.273173413686643,-3.270076168642828,-3.2669789916360545,-3.263881882626216,-3.260784841576754,-3.257687868454355,-3.254590963228685,-3.2514941258721497,-3.248397356359671,-3.2453006546684917,-3.2422040207779927,-3.2391074546695284,-3.2360109563262807,-3.2329145257331198,-3.229818162876483,-3.226721867744262,-3.2236256403257,-3.220529480611299,-3.217433388592735,-3.2143373642627813,-3.2112414076152382,-3.208145518644874,-3.2050496973473663,-3.201953943719252,-3.1988582577578892,-3.1957626394614183,-3.192667088828731,-3.1895716058594563,-3.1864761905539396,-3.1833808429132446,-3.1802855629391598,-3.1771903506342225,-3.174095206001753,-3.1710001290459133,-3.1679051197717913,-3.164810178185513,-3.161715304294398,-3.1586204981071697,-3.155525759634223,-3.1524310888879805,-3.1493364858833677,-3.146241950638427,-3.1431474831751194,-3.140053083520382,-3.136958751707511,-3.133864487777976,-3.130770291783811,-3.1276761637907664,-3.1245821038824686,-3.1214881121659337,-3.1183941887788857,-3.1153003338994893,-3.1122065477593344,-3.1091128306607962,-3.1060191830003103,-3.102925605299642,-3.0998320982480183,-3.0967386627590368,-3.0936453000477124,-3.0905520117350824,-3.0874587999905687,-3.084365667726218,-3.081272618862425,-3.0781796586923433,-3.0750867943829308,-3.0719940356656146,-3.068901395790764,-3.0658088928500904,-3.0627165516134873,-3.0596244060868973,-3.056532503083316,-3.05344090722082,-3.0503497079355837,-3.04725902934701,-3.044169044169681,-3.041079993381058,-3.037992214094889,-3.0349061791602456,-3.031822553553861,-3.0287422748756314,-3.0256666685096776,-3.022597612734697,-3.0195377759216355,-3.016490957898569,-3.0134625819495624,-3.0104604046420804,-3.0074955403160653,-3.0045839389256463,-3.001748513861909,-2.9990221939661623,-2.996452272065735,-2.9941065337107204,-2.992081747268128,-2.9905151119083393,-2.9895990507653605
-3.592227275146177,-3.5914376150782568,-3.59006925194428,-3.5882734916161887,-3.5861600370777444,-3.583809129196631,-3.5812798870300306,-3.5786161355128994,-3.5758505340131888,-3.5730075342631116,-3.5701055193271247,-3.5671583623462277,-3.5641765698863943,-3.5611681252971783,-3.5581391138336227,-3.5550941880235936,-3.5520369154607048,-3.5489700396576747,-3.545895676342852,-3.54281546163826,-3.5397306642469393,-3.53664227063361,-3.5335510498784055,-3.53045760318701,-3.527362401786653,-3.524265816007362,-3.5211681376556134,-3.51806959727083,-3.5149703774682455,-3.511870623281226,-3.508770450197486,-3.5056699504186697,-3.5025691977478806,-3.499468251415155,-3.496367159078853,-3.493265959186135,-3.4901646828338313,-3.4870633552389223,-3.4839619969033024,-3.480860624538551,-3.477759251801897,-3.4746578898833005,-3.4715565479748607,-3.4684552336470147,-3.4653539531507307,-3.462252711660821,-3.4591515134722974,-3.4560503621591896,-3.452949260703307,-3.449848211598857,-3.4467472169376485,-3.4436462784786386,-3.440545397704827,-3.437444575869902,-3.4343438140365716,-3.4312431131081316,-3.428142473854522,-3.425041896933882,-3.4219413829104175,-3.4188409322692515,-3.415740545428786,-3.412640222751021,-3.4095399645501847,-3.4064397710999694,-3.403339642639614,-3.400239579379022,-3.39713958150309,-3.394039649175361,-3.3909397825411345,-3.3878399817301084,-3.3847402468586356,-3.381640578031658,-3.3785409753443676,-3.37544143888364,-3.372341968729279,-3.3692425649551025,-3.366143227629896,-3.3630439568182533,-3.359944752581332,-3.3568456149775274,-3.353746544063096,-3.3506475398927282,-3.3475486025200816,-3.3444497319983006,-3.341350928380517,-3.338252191720346,-3.33515352207239,-3.332054919492755,-3.328956384039597,-3.3258579157737,-3.3227595147591056,-3.319661181063802,-3.3165629147604894,-3.313464715927436,-3.310366584649453,-3.3072685210189965,-3.304170525137437,-3.3010725971165207,-3.297974737080061,-3.2948769451659112,-3.2917792215282664,-3.288681566340359,-3.285583979525684,-3.282486461014526,-3.2793890107433303,-3.276291628654141,-3.2731943146940967,-3.270097068814983,-3.266999890972821,-3.2639027811275065,-3.2608057392424783,-3.2577087652844248,-3.2546118592230124,-3.251515021030645,-3.248418250682247,-3.2453215481550606,-3.242224913428466,-3.2391283464838185,-3.236031847304299,-3.2329354158747785,-3.2298390521816933,-3.2267427562129356,-3.2236465279577478,-3.2205503674066325,-3.2174542745512658,-3.2143582493844214,-3.2112622918999003,-3.20816640209247,-3.2050705799578076,-3.201974825492451,-3.1988791386937576,-3.195783519559866,-3.192687968089672,-3.189592484282801,-3.1864970681396008,-3.1834017196611337,-3.18030643884919,-3.1772112257063063,-3.174116080235801,-3.171021002441837,-3.167925992329503,-3.1648310499049246,-3.1617361751754234,-3.1586413681497207,-3.1555466288382106,-3.152451957253317,-3.149357353409966,-3.146262817326198,-3.143168349023975,-3.1400739485302345,-3.136979615878272,-3.1338853511095563,-3.1307911542761224,-3.127697025443721,-3.124602964695978,-3.1215089721399116,-3.1184150479132433,-3.1153211921941373,-3.1122274052141843,-3.109133687275761,-3.1060400387753018,-3.102946460234571,-3.099852952342799,-3.0967595160135812,-3.0936661524619327,-3.0905728633088914,-3.0874796507238766,-3.0843865176189373,-3.0812934679144677,-3.0782005069036216,-3.075107641753358,-3.0720148821951048,-3.0689222414792314,-3.0658297376974524,-3.0627373956196617,-3.059645249251807,-3.0565533454068885,-3.0534617487029907,-3.0503705485762986,-3.0472798691462315,-3.0441898831273972,-3.0411008314972947,-3.038013051369726,-3.034927015593846,-3.0318433891465064,-3.028763109627782,-3.025687502422056,-3.022618445808414,-3.019558608158378,-3.016511789300877,-3.0134834125212415,-3.0104812343888123,-3.007516369246315,-3.004604767052007,-3.001769341203078,-2.9990430205498586,-2.9964730979329337,-2.9941273589217534,-2.9921025719112806,-2.990535936111622,-2.9896198747118716
-3.592247533367541,-3.5914578731163305,-3.590089509661561,-3.5882937489082125,-3.586180293864366,-3.5838293854158882,-3.5813001426337205,-3.578636390463332,-3.575870788280768,-3.573027787824512,-3.5701257721639,-3.567178614443746,-3.564196821233017,-3.5611883758836234,-3.558159363652466,-3.555114437068882,-3.5520571637276492,-3.54899028714241,-3.5459159230422497,-3.5428357075497803,-3.539750909368514,-3.536662514963547,-3.5335712934153154,-3.5304778459297452,-3.527382643734263,-3.524286057159053,-3.521188378010722,-3.5180898368287936,-3.5149906162285887,-3.511890861243539,-3.5087906873614183,-3.505690186783913,-3.502589433314169,-3.4994884861822517,-3.496387393046544,-3.4932861923542284,-3.4901849152021516,-3.4870835868073113,-3.483982227671613,-3.4808808545066445,-3.477779480969645,-3.47467811825058,-3.4715767755415543,-3.4684754604130092,-3.4653741791159183,-3.462272936825096,-3.4591717378355575,-3.456070585721336,-3.452969483464242,-3.4498684335584837,-3.4467674380958733,-3.44366649883537,-3.4405656172599732,-3.4374647946233723,-3.434364031988275,-3.43126333025798,-3.428162690202426,-3.425062112479753,-3.4219615976541697,-3.4188611462107983,-3.415760758568039,-3.4126604350878926,-3.409560176084588,-3.4064599818318184,-3.4033598525688222,-3.400259788505506,-3.3971597898267634,-3.3940598566961366,-3.3909599892589277,-3.3878601876448347,-3.3847604519702106,-3.3816607823399956,-3.3785611788493815,-3.375461641585244,-3.372362170627388,-3.3692627660496317,-3.3661634279207604,-3.363064156305368,-3.3599649512646117,-3.3568658128568876,-3.3537667411384513,-3.3506677361639934,-3.3475687979871718,-3.3444699266611306,-3.3413711222390026,-3.3382723847744016,-3.33517371432193,-3.3320751109376956,-3.3289765746798516,-3.3258781056091835,-3.3227797037897324,-3.3196813692894866,-3.3165831021811467,-3.313484902542982,-3.310386770459802,-3.307288706024064,-3.3041907093371377,-3.301092780510767,-3.297994919668766,-3.29489712694899,-3.291799402505632,-3.2887017465119253,-3.2856041588913647,-3.2825066395742355,-3.279409188496982,-3.2763118056016496,-3.273214490835378,-3.2701172441499504,-3.2670200655013892,-3.263922954849589,-3.26082591215799,-3.257728937393279,-3.2546320305251237,-3.251535191525929,-3.248438420370618,-3.2453417170364327,-3.2422450815027535,-3.2391485137509357,-3.2360520137641604,-3.2329555815272983,-3.229859217026786,-3.226762920250516,-3.2236666911877325,-3.2205705298289367,-3.2174744361658036,-3.2143784101911073,-3.2112824518986494,-3.208186561283196,-3.205090738340426,-3.201994983066878,-3.198899295459908,-3.1958036755176558,-3.1927081232390155,-3.1896126386236143,-3.186517221671798,-3.183421872384631,-3.1803265907639022,-3.177231376812147,-3.1741362305326857,-3.1710411519296806,-3.16794614100822,-3.1648511977744302,-3.1617563222356315,-3.1586615144005465,-3.1555667742795688,-3.1524721018851234,-3.1493774972321344,-3.146282960338644,-3.143188491226615,-3.140094089922983,-3.136999756461043,-3.1339054908822654,-3.130811293238685,-3.1277171635960506,-3.12462310203799,-3.1215291086715213,-3.1184351836343662,-3.11534132710469,-3.112247539314082,-3.1091538205649183,-3.1060601712536333,-3.1029665919019926,-3.0998730831992254,-3.096779646058926,-3.0936862816961113,-3.0905929917318185,-3.087499778335468,-3.0844066444191087,-3.081313593903134,-3.078220632080698,-3.0751277661187606,-3.0720350057487495,-3.0689423642210354,-3.0658498596273347,-3.062757516737544,-3.0596653695576133,-3.0565734649005485,-3.0534818673844413,-3.0503906664454896,-3.047299986203128,-3.044209999371989,-3.041120946929607,-3.038033165989836,-3.034947129401911,-3.0318635021427975,-3.028783221812742,-3.025707613796383,-3.0226385563731806,-3.0195787179152123,-3.0165318982522313,-3.013503520670789,-3.0105013417420388,-3.0075364758113925,-3.0046248728410885,-3.001789446234215,-2.999063124849805,-2.9964932015412433,-2.994147461896664,-2.9921226743380163,-2.9905560381137515,-2.9896399764661394
-3.5922670885321946,-3.5914774281040596,-3.5901090643396385,-3.5883133031758025,-3.586199847644107,-3.5838489386479675,-3.581319695271606,-3.5786559424706406,-3.5758903396289305,-3.573047338491012,-3.570145322130933,-3.5671981636971917,-3.5642163697616414,-3.561207923678467,-3.5581789107063613,-3.555133983376079,-3.5520767092835244,-3.5490098319432337,-3.5459354670850045,-3.542855250832016,-3.5397704518882316,-3.536682056719113,-3.533590834405388,-3.5304973861532165,-3.5274021831902163,-3.5243055958467226,-3.521207915929466,-3.518109373978072,-3.51501015260794,-3.5119103968525693,-3.5088102221997883,-3.5057097208513284,-3.5026089666103695,-3.499508018707007,-3.4964069247996505,-3.493305723335501,-3.490204445411424,-3.4871031162444277,-3.484001756336431,-3.48090038239903,-3.477799008089471,-3.4746976445977285,-3.471596301115913,-3.468494985214471,-3.465393703144377,-3.462292460080451,-3.4591912603177106,-3.4560901074301906,-3.4529890043997042,-3.449887953720462,-3.446786957484277,-3.4436860174501094,-3.4405851351009598,-3.4374843116905183,-3.4343835482814944,-3.4312828457771847,-3.428182204947532,-3.425081626450676,-3.421981110850824,-3.4188806586330984,-3.415780270215902,-3.412679945961234,-3.4095796861833247,-3.406479491155867,-3.403379361118101,-3.400279296279931,-3.397179296826252,-3.3940793629206074,-3.3909794947082976,-3.38787969231902,-3.3847799558691283,-3.381680285463564,-3.3785806811975183,-3.375481143157869,-3.3723816714244177,-3.3692822660709845,-3.3661829271663533,-3.363083654775119,-3.359984448958439,-3.356885309774709,-3.353786237280186,-3.3506872315295575,-3.347588292576483,-3.344489420474108,-3.341390615275563,-3.3382918770344636,-3.3351932058054112,-3.3320946016445125,-3.3289960646099233,-3.3258975947624276,-3.322799192166068,-3.3197008568888307,-3.3166025890034168,-3.313504388588095,-3.3104062557276754,-3.307308190514615,-3.3042101930502836,-3.301112263446426,-3.298014401826856,-3.294916608329427,-3.291818883108332,-3.288721226336805,-3.2856236379383414,-3.2825261178432252,-3.279428665987902,-3.2763312823144166,-3.2732339667699097,-3.270136719306164,-3.2670395398792014,-3.263942428448917,-3.2608453849787513,-3.2577484094353917,-3.2546515017885054,-3.2515546620104967,-3.248457890076289,-3.2453611859631244,-3.242264549650384,-3.2391679811194223,-3.2360714803534214,-3.2329750473372516,-3.229878682057351,-3.2267823845016097,-3.2236861546592706,-3.220589992520837,-3.217493898077985,-3.214397871323488,-3.2113019122511473,-3.208206020855729,-3.2051101971329117,-3.2020144410792337,-3.198918752692052,-3.1958231319695067,-3.1927275789104907,-3.189632093514631,-3.186536675782275,-3.183441325714485,-3.1803460433130506,-3.177250828580508,-3.1741556815201775,-3.171060602136222,-3.1679655904337287,-3.164870646418824,-3.161775770098828,-3.1586809614824634,-3.155586220580125,-3.1524915474042365,-3.149396941969724,-3.1463024042946275,-3.1432079344009094,-3.1401135323155076,-3.1370191980717155,-3.133924931711005,-3.1308307332854093,-3.127736602860678,-3.124642540520438,-3.121548546371707,-3.1184546205522086,-3.1153607632401052,-3.112266974666988,-3.109173255135233,-3.1060796050412747,-3.102986024906878,-3.0998925154212706,-3.09679907749805,-3.093705712352232,-3.090612421604854,-3.087519207425337,-3.08442607272573,-3.0813330214264263,-3.0782400588205805,-3.075147192075151,-3.072054430921569,-3.068961788610205,-3.065869283232776,-3.062776939559181,-3.059684791595374,-3.056592886154365,-3.0535012878542527,-3.0504100861312446,-3.047319405104793,-3.044229417489553,-3.0411403642630934,-3.0380525825393216,-3.034966545167546,-3.031882917124844,-3.0288026360116302,-3.0257270272127847,-3.022657969008132,-3.019598129770284,-3.0165513093297913,-3.0135229309743834,-3.010520751276961,-3.0075558845855306,-3.0046442808661746,-3.0018088535276735,-2.999082531437462,-2.996512607461279,-2.9941668672052932,-2.992142079117502,-2.9905754424833733,-2.9896593805965055
-3.592285964590884,-3.59149630399197,-3.590127939928653,-3.5883321783685886,-3.586218722365989,-3.5838678128412145,-3.5813385688913058,-3.5786748154816745,-3.5759092120037232,-3.5730662102078283,-3.5701641931725865,-3.56721703405005,-3.564235239414862,-3.5612267926234003,-3.5581977789360892,-3.555152850885055,-3.5520955760672837,-3.5490286979981764,-3.545954332408217,-3.5428741154211316,-3.5397893157413227,-3.5367009198346038,-3.533609696781982,-3.5305162477898446,-3.5274210440859926,-3.5243244560009077,-3.5212267753414395,-3.5181282326473116,-3.5150290105340014,-3.511929254035073,-3.508829078638406,-3.505728576545776,-3.502627821560396,-3.4995268729123894,-3.4964257782601904,-3.49332457605102,-3.4902232973817617,-3.4871219674694367,-3.4840206068159723,-3.480919232132977,-3.4778178570777043,-3.474716492840133,-3.4716151486123787,-3.4685138319648927,-3.4654125491486547,-3.4623113053384866,-3.459210104829409,-3.4561089511954592,-3.4530078474184522,-3.4499067959926,-3.446805799009717,-3.443704858228765,-3.440603975132745,-3.4375031509753495,-3.4344023868192877,-3.431301683567858,-3.4282010419910014,-3.4251004627468586,-3.421999946399638,-3.4188994934344628,-3.415799104269735,-3.4126987792674552,-3.4095985187418543,-3.406498322966625,-3.403398192181007,-3.400298126594904,-3.3971981263932127,-3.3940981917394764,-3.390998322778995,-3.387898519641466,-3.3847987824432444,-3.381699111289271,-3.3785995062747363,-3.3754999674865176,-3.372400495004418,-3.3693010889022563,-3.3662017492488183,-3.3631024761086983,-3.3600032695430526,-3.356904129610279,-3.3538050563666326,-3.3507060498668015,-3.3476071101644465,-3.3445082373127106,-3.341409431364726,-3.3383106923741077,-3.3352120203954576,-3.3321134154848813,-3.3290148777005353,-3.3259164071032035,-3.322818003756927,-3.319719667729693,-3.316621399094203,-3.3135231979287263,-3.310425064318072,-3.3073269983546965,-3.3042290001399697,-3.3011310697856366,-3.298033207415511,-3.294935413167448,-3.2918376871956387,-3.2887400296733174,-3.2856424405239784,-3.2825449196779064,-3.2794474670715474,-3.276350082646947,-3.273252766351244,-3.270155518136222,-3.267058337957903,-3.2639612257761828,-3.260864181554501,-3.257767205259545,-3.2546702968609837,-3.25157345633122,-3.248476683645178,-3.2453799787801003,-3.242283341715367,-3.239186772432333,-3.2360902709141794,-3.2329938371457776,-3.2298974711135644,-3.2268011728054313,-3.2237049422106225,-3.2206087793196403,-3.2175126841241597,-3.2144166566169545,-3.2113206967918257,-3.208224804643541,-3.2051289801677774,-3.2020332233610738,-3.1989375342207866,-3.1958419127450557,-3.192746358932775,-3.1896508727835733,-3.1865554542977947,-3.183460103476504,-3.1803648203214907,-3.177269604835291,-3.1741744570212242,-3.171079376883452,-3.167984364427063,-3.1648894196581834,-3.1617945425841336,-3.1586997332136364,-3.155604991557085,-3.152510317626905,-3.149415711438021,-3.1463211730084737,-3.1432267023602263,-3.140132299520215,-3.1370379645217343,-3.1339436974062567,-3.1308494982258144,-3.1277553670461575,-3.124661303950913,-3.121567309047099,-3.118473382472437,-3.1153795244050912,-3.112285735076653,-3.1091920147894965,-3.1060983639400583,-3.1030047830501033,-3.09991127280886,-3.096817834129924,-3.0937244682283107,-3.0906311767250583,-3.087537961789587,-3.084444826333946,-3.08135177427853,-3.0782588109164917,-3.0751659434147918,-3.072073181504862,-3.0689805384370734,-3.0658880323031443,-3.0627956878729767,-3.0597035391525274,-3.05661163295481,-3.053520033897931,-3.0504288314181087,-3.0473381496348093,-3.0442481612627117,-3.0411591072794186,-3.0380713247988855,-3.034985286670494,-3.03190165787143,-3.0288213760022673,-3.025745766448123,-3.022676707489169,-3.0196168674985397,-3.0165700463075487,-3.0135416672050646,-3.0105394867656763,-3.007574619339895,-3.0046630148975133,-3.0018275868528046,-2.999101264081315,-2.9965313394607076,-2.994185598614559,-2.9921608100160118,-2.990594172986261,-2.989678110868451
-3.5923041847093202,-3.5915145239455653,-3.5901461595937447,-3.588350397651228,-3.5862369411941,-3.583886031159069,-3.581356786655552,-3.5786930326584168,-3.5759274285663434,-3.5730844261353485,-3.5701824084484164,-3.567235248661032,-3.564253453350528,-3.5612450058754015,-3.5582159914977503,-3.5551710627510187,-3.5521137872332433,-3.5490469084606566,-3.5459725421644057,-3.542892324468745,-3.5398075240785007,-3.5367191274598238,-3.533627903693995,-3.530534453987618,-3.5274392495686704,-3.5243426607677772,-3.521244979391903,-3.5181464359808645,-3.515047213150215,-3.5119474559335795,-3.5088472798188888,-3.505746777007959,-3.502646021304038,-3.4995450719372787,-3.4964439765661375,-3.4933427736378544,-3.4902414942493234,-3.487140163617581,-3.4840388022445663,-3.4809374268418964,-3.4778360510668316,-3.474734686109359,-3.4716333411615987,-3.468532023794004,-3.46543074025756,-3.4623294957270927,-3.4592282944976236,-3.4561271401431934,-3.4530260356456193,-3.4499249834991135,-3.4468239857954925,-3.443723044293719,-3.440622160476795,-3.4375213355984138,-3.4344205707212847,-3.4313198667487073,-3.4282192244506247,-3.4251186444851767,-3.422018127416572,-3.4189176737299345,-3.4158172838436665,-3.4127169581197694,-3.4096166968724724,-3.4065165003754685,-3.403416368867998,-3.400316302559965,-3.3972163016362664,-3.394116366260445,-3.391016496577801,-3.3879166927180333,-3.384816954797496,-3.3817172829211297,-3.378617677184126,-3.375518137673362,-3.372418664468641,-3.3693192576437823,-3.3662199172675704,-3.3631206434046,-3.360021436116027,-3.3569222954602482,-3.353823221493521,-3.350724214270534,-3.3476252738449457,-3.3445264002699004,-3.3414275935985294,-3.3383288538844478,-3.3352301811822582,-3.3321315755480665,-3.329033037040028,-3.325934565718927,-3.3228361616488056,-3.319737824897651,-3.3166395555381625,-3.3135413536486102,-3.310443219313804,-3.3073451526261985,-3.3042471536871654,-3.3011492226084482,-3.2980513595138627,-3.294953564541261,-3.2918558378448353,-3.2887581795978202,-3.285660589723709,-3.2825630681527875,-3.2794656148215022,-3.2763682296718972,-3.2732709126511135,-3.2701736637109335,-3.2670764828073797,-3.263979369900348,-3.2608823249532786,-3.257785347932858,-3.2546884388087536,-3.251591597553371,-3.2484948241416336,-3.245398118550783,-3.2423014807602,-3.2392049107512397,-3.2361084085070835,-3.2330119740126015,-3.229915607254232,-3.226819308219867,-3.223723076898749,-3.2206269132813796,-3.2175308173594366,-3.2144347891256912,-3.2113388285739464,-3.208242935698969,-3.2051471104964353,-3.2020513529628856,-3.198955663095677,-3.1958600408929483,-3.192764486353594,-3.1896689994772407,-3.186573580264235,-3.1834782287156407,-3.1803829448332475,-3.1772877286195897,-3.1741925800779884,-3.1710974992126055,-3.168002486028529,-3.1649075405318863,-3.1618126627299974,-3.158717852631585,-3.1556231102470425,-3.1525284355887937,-3.1494338286717647,-3.1463392895139966,-3.1432448181374517,-3.1401504145690664,-3.1370560788421353,-3.1339618109981298,-3.130867611089084,-3.127773479180748,-3.124679415356747,-3.1215854197241004,-3.118491492420528,-3.1153976336241964,-3.112303843566696,-3.109210122550402,-3.1061164709717497,-3.103022889352504,-3.0999293783818938,-3.096835938973514,-3.0937425723423813,-3.090649280109533,-3.0875560644443887,-3.0844629282589984,-3.0813698754737566,-3.0782769113818182,-3.0751840431501423,-3.072091280510161,-3.068998636712246,-3.0659061298481185,-3.0628137846876813,-3.0597216352368934,-3.056629728308776,-3.053538128521441,-3.0504469253111157,-3.047356242797282,-3.0442662536946403,-3.041177198980825,-3.0380894157698384,-3.0350033769111344,-3.0319197473820036,-3.028839464783173,-3.025763854499988,-3.022694794812959,-3.019634954095719,-3.0165881321803227,-3.013559752356737,-3.010557571201179,-3.007592703066576,-3.004681097926304,-3.0018456691999376,-2.9991193457708536,-2.9965494205282246,-2.9942036791124313,-2.992178890020883,-2.9906122526092624,-2.989696190268538
-3.592321771291868,-3.5915321103690063,-3.590163745738718,-3.588367983427052,-3.5862545265312034,-3.5839036160036644,-3.5813743709657944,-3.5787106164015876,-3.575945011716752,-3.573102008672746,-3.570199990356793,-3.5672528299276864,-3.5642710339653596,-3.5612625858303537,-3.558233570786377,-3.555188641368151,-3.5521313651747226,-3.5490644857231275,-3.5459901187451535,-3.542909900365565,-3.5398250992895965,-3.536736701983727,-3.533645477529497,-3.530552027133725,-3.5274568220245572,-3.524360232532756,-3.521262550465396,-3.518164006362384,-3.515064782839347,-3.511965024929972,-3.508864848122235,-3.505764344617994,-3.5026635882205297,-3.499562638160021,-3.4964615420949445,-3.49336033847256,-3.4902590583897775,-3.487157727063645,-3.484056364996112,-3.480954988898803,-3.477853612428987,-3.4747522467766543,-3.471650901133932,-3.4685495830712787,-3.4654482988396826,-3.4623470536139727,-3.459245851689174,-3.4561446966393268,-3.4530435914462516,-3.449942538604162,-3.4468415402048747,-3.443740598007354,-3.440639713494603,-3.437538887920316,-3.4344381223472036,-3.4313374176785656,-3.428236774684344,-3.4251361940226808,-3.422035676257785,-3.4189352218747806,-3.4158348312920706,-3.412734504871655,-3.4096342429277646,-3.4065340457340927,-3.4034339135298786,-3.400333846525029,-3.3972338449044392,-3.3941339088316527,-3.3910340384519695,-3.387934233895088,-3.384834495277363,-3.3817348227037343,-3.378635216269396,-3.3755356760612227,-3.3724362021590193,-3.3693367946366037,-3.3662374535627593,-3.3631381790020827,-3.3600389710157312,-3.3569398296621005,-3.353840754997447,-3.3507417470764596,-3.347642805952796,-3.3445439316796026,-3.34144512431001,-3.3383463838976337,-3.335247710497075,-3.3321491041644395,-3.3290505649578837,-3.3259520929381914,-3.322853688169405,-3.319755350719511,-3.316657080661209,-3.3135588780727696,-3.3104607430390014,-3.30736267565236,-3.304264676014216,-3.301166744236315,-3.29806888044247,-3.2949710847705345,-3.291873357374701,-3.2887756984282026,-3.285678107854534,-3.282580585583981,-3.2794831315529884,-3.276385745703601,-3.2732884279829584,-3.270191178342846,-3.267093996739286,-3.2639968831321746,-3.26089983748495,-3.2578028597643005,-3.2547059499398943,-3.2516091079841347,-3.2485123338719455,-3.2454156275805683,-3.242318989089384,-3.2392224183797493,-3.2361259154348447,-3.2330294802395407,-3.2299331127802757,-3.2268368130449403,-3.2237405810227786,-3.2206444167042916,-3.2175483200811565,-3.2144522911461464,-3.2113563298930616,-3.2082604363166705,-3.2051646104126505,-3.20206885217754,-3.1989731616086963,-3.195877538704259,-3.1927819834631213,-3.1896864958849114,-3.186591075969976,-3.1834957237193775,-3.1804004391349068,-3.1773052222190987,-3.174210072975274,-3.171114991407593,-3.168019977521144,-3.1649250313220545,-3.161830152817646,-3.1587353420166395,-3.155640598929429,-3.1525459235684394,-3.1494513159485953,-3.146356776087938,-3.1432623040084304,-3.1401678997370093,-3.13707356330697,-3.133979294759782,-3.1308850941474797,-3.127790961535812,-3.124696897008406,-3.121602900672279,-3.118508972665156,-3.115415113165198,-3.112321322403997,-3.109227600683929,-3.106133948401428,-3.1030403660782597,-3.0999468544036533,-3.0968534142912034,-3.0937600469559268,-3.090666754018861,-3.087573537649426,-3.084480400759672,-3.081387347269992,-3.0782943824735414,-3.075201513537282,-3.0721087501926445,-3.069016105690002,-3.065923598121077,-3.0628312522557737,-3.059739102100055,-3.056647194466944,-3.0535555939745613,-3.0504643900591435,-3.047373706840187,-3.044283717032414,-3.041194661613489,-3.038106877697462,-3.035020838133853,-3.0319372079000533,-3.0288569245969374,-3.0257813136100733,-3.0227122532202957,-3.0196524118017187,-3.016605589187115,-3.0135772086675106,-3.010575026820696,-3.00761015800193,-3.004698552188045,-3.0018631228037345,-2.9991367987399324,-2.9965668728969197,-2.994221130931296,-2.992196341363898,-2.9906297035836933,-2.98971364102781
-3.592338746004404,-3.5915490849279736,-3.590180720028911,-3.588384957360945,-3.5862715000416485,-3.583920589038745,-3.5813913434851226,-3.5787275883735847,-3.5759619831166205,-3.5731189794809435,-3.5702169605578624,-3.5672697995093707,-3.5642880029179085,-3.5612795541459894,-3.55825053845888,-3.555205608392531,-3.552148331546967,-3.5490814514399998,-3.5460070838040325,-3.542926864764323,-3.5398420630264984,-3.5367536650573537,-3.533662439938687,-3.530568988877516,-3.527473783102152,-3.5243771929434895,-3.5212795102087115,-3.5181809654378124,-3.51508174124649,-3.5119819826684853,-3.5088818051918267,-3.5057813010184065,-3.502680543951537,-3.4995795932214238,-3.496478496486564,-3.4933772921942357,-3.490276011441363,-3.4871746794450083,-3.484073316707129,-3.4809719399393586,-3.477870562798973,-3.474769196475969,-3.4716678501624774,-3.4685665314289613,-3.4654652465264113,-3.462364000629659,-3.4592627980337314,-3.4561616423126726,-3.4530605364483034,-3.4499594829348394,-3.4468584838640997,-3.4437575409950485,-3.440656655810691,-3.4375558295647206,-3.434455063319849,-3.4313543579793775,-3.4282537143132488,-3.4251531329796037,-3.4220526145426517,-3.4189521594875187,-3.4158517682326064,-3.412751441139917,-3.4096511785236805,-3.4065509806575904,-3.4034508477808867,-3.4003507801034747,-3.39725077781025,-3.394150841064758,-3.3910509700122966,-3.387951164782565,-3.384851425491919,-3.381751752245299,-3.3786521451378966,-3.375552604256589,-3.3724531296811784,-3.369353721485484,-3.366254379738291,-3.3631551045041945,-3.36005589584435,-3.356956753817155,-3.353857678478867,-3.350758669884174,-3.3476597280867337,-3.344560853139692,-3.3414620450961805,-3.338363304009813,-3.335264629935192,-3.3321660229284245,-3.3290674830476648,-3.3259690103536967,-3.322870604910563,-3.31977226678625,-3.3166739960534577,-3.313575792790456,-3.310477657082055,-3.30737958902071,-3.3042815887077905,-3.301183656255042,-3.298085791786277,-3.2949879954393495,-3.2918902673684522,-3.2887926077468177,-3.2856950164979404,-3.2825974935521054,-3.279500038845759,-3.276402652320946,-3.273305333924807,-3.2702080836091256,-3.267110901329924,-3.2640137870470984,-3.260916740724088,-3.257819762327581,-3.254722851827244,-3.2516260091954825,-3.2485292344072203,-3.245432527439699,-3.2423358882723003,-3.2392393168863785,-3.2361428132651153,-3.233046377393382,-3.229950009257617,-3.2268537088457108,-3.2237574761469068,-3.220661311151707,-3.2175652138517874,-3.214469184239921,-3.2113732223099096,-3.208277328056521,-3.205181501475432,-3.2020857425631806,-3.1989900513171245,-3.195894427735404,-3.1927988718169127,-3.189703383561277,-3.1866079629688433,-3.1835126100406765,-3.1804173247785656,-3.177322107185046,-3.1742269572634374,-3.171131875017901,-3.168036860453527,-3.164941913576441,-3.1618470343939644,-3.1587522229148184,-3.1556574791493976,-3.152562803110127,-3.1494681948119303,-3.1463736542728498,-3.1432791815148478,-3.1401847765648596,-3.1370904394561814,-3.1339961702302825,-3.1309019689391993,-3.1278078356486807,-3.124713770442353,-3.121619773427233,-3.1185258447410438,-3.1154319845619507,-3.112338193121543,-3.1092444707221976,-3.1061508177603483,-3.1030572347577605,-3.099963722403663,-3.09687028161165,-3.0937769135967397,-3.0906836199799685,-3.087590402930758,-3.0844972653611564,-3.081404211191558,-3.078311245715119,-3.0752183760988,-3.072125612074033,-3.0690329668911924,-3.065940458642001,-3.0628481120963653,-3.059755961260252,-3.056664052946688,-3.053572451773799,-3.050481247177832,-3.047390563278297,-3.044300572789935,-3.0412115166904425,-3.0381237320939127,-3.0350376918499333,-3.0319540609359916,-3.028873776953106,-3.025798165287055,-3.0227291042189885,-3.0196692621234877,-3.016622438834014,-3.0135940576426177,-3.0105918751286076,-3.0076270056494923,-3.0047153991854425,-3.001879969166091,-2.9991536444896654,-2.996583718067168,-2.9942379755708544,-2.9922131855441694,-2.99064654740821,-2.9897304846446566
-3.5923551297969607,-3.5915654685723095,-3.590197103413831,-3.588401340401973,-3.586287882673974,-3.5839369712122604,-3.581407725160849,-3.578743969521043,-3.5759783637118763,-3.573135359505132,-3.570233339996068,-3.5672861783497614,-3.564304381151074,-3.561295931764423,-3.558266915456578,-3.5552219847646787,-3.5521647072896894,-3.5490978265501707,-3.546023458279124,-3.5429432386022843,-3.5398584362256575,-3.5367700376163422,-3.5336788118563773,-3.53058536015298,-3.52749015373462,-3.5243935629323224,-3.521295879553372,-3.518197334137846,-3.515098109301511,-3.511998350078164,-3.5088981719558774,-3.505797667136583,-3.5026969094236233,-3.4995959580472262,-3.4964948606659103,-3.493393655726971,-3.490292374327348,-3.4871910416841123,-3.484089678299233,-3.4809883008843516,-3.4778869230967495,-3.4747855561264296,-3.4716842091655273,-3.46858288978451,-3.4654816042343706,-3.4623803576899443,-3.4592791544462607,-3.456177998077366,-3.453076891565082,-3.4499758374036262,-3.446874837684818,-3.443773894167623,-3.440673008335047,-3.4375721814407867,-3.4344714145475526,-3.4313707085586453,-3.4282700642440087,-3.425169482261785,-3.422068963176184,-3.418968507472331,-3.4158681155686277,-3.412767787827077,-3.4096675245619092,-3.4065673260468174,-3.4034671925210422,-3.4003671241944904,-3.397267121252055,-3.3941671838572836,-3.3910673121554753,-3.3879675062763286,-3.384867766336197,-3.381768092440022,-3.3786684846829957,-3.375568943151994,-3.372469467926822,-3.3693700590812967,-3.366270716684203,-3.3631714408001376,-3.3600722314902565,-3.3569730888129556,-3.3538740128244924,-3.3507750035795545,-3.3476760611318017,-3.3445771855343787,-3.3414783768404166,-3.3383796351035313,-3.335280960378323,-3.3321823527208982,-3.3290838121894137,-3.325985338844652,-3.322886932750655,-3.31978859397541,-3.3166903225916187,-3.3135921186775494,-3.3104939823180106,-3.3073959136054585,-3.304297912641262,-3.301199979537167,-3.298102114416987,-3.295004317418574,-3.291906588696121,-3.2888089284228617,-3.285711336522289,-3.28261381292469,-3.27951635756651,-3.276418970389794,-3.2733216513416816,-3.2702244003739573,-3.2671272174426442,-3.2640301025076375,-3.260933055532377,-3.2578360764835503,-3.2547391653308257,-3.251642322046608,-3.2485455466058206,-3.245448838985705,-3.242352199165642,-3.2392556271269877,-3.236159122852923,-3.2330626863283194,-3.2299663175396134,-3.2268700164746984,-3.2237737831228164,-3.2206776174744687,-3.2175815195213326,-3.2144854892561816,-3.211389526672816,-3.2082936317660047,-3.2051978045314233,-3.2021020449656126,-3.1990063530659287,-3.19591072883051,-3.1928151722582516,-3.1897196833487795,-3.1866242621024417,-3.183528908520301,-3.180433622604147,-3.1773384043565165,-3.174243253780729,-3.171148170880946,-3.168053155662256,-3.1649582081307868,-3.161863328293858,-3.1587685161601917,-3.1556737717401817,-3.152579095046252,-3.1494844860933284,-3.1463899448994517,-3.143295471486584,-3.1402010658816626,-3.137106728117982,-3.134012458237012,-3.1309182562907885,-3.12782412234506,-3.124730056483455,-3.1216360588129897,-3.1185421294713866,-3.115448268636811,-3.112354476540852,-3.109260753485885,-3.106167099868346,-3.1030735162099994,-3.099980003200074,-3.0968865617521653,-3.093793193081289,-3.0906998988084844,-3.087606681103171,-3.0845135428773984,-3.0814204880515614,-3.0783275219188155,-3.075234651646121,-3.0721418869649106,-3.0690492411255605,-3.0659567322197936,-3.062864385017519,-3.059772233524707,-3.056680324554387,-3.053588722724692,-3.0504975174718774,-3.0474068329154655,-3.0443168417702178,-3.0412277850138603,-3.0381399997605274,-3.0350539588598715,-3.031970327289474,-3.028890042650491,-3.025814430328907,-3.022745368606176,-3.0196855258573265,-3.0166387019164866,-3.013610320076694,-3.010608136918722,-3.0076432668022544,-3.004731659710681,-3.001896229078402,-2.9991699038106856,-2.9965999768288842,-2.994254233820362,-2.9922294433503853,-2.9906628048710595,-2.9897467419070685
-3.5923709429255846,-3.591581281557877,-3.590212916149023,-3.588417152805257,-3.5863036946827975,-3.5839527827782622,-3.5814235362464046,-3.5787597800967346,-3.575994173754605,-3.573151168996693,-3.5702491489220636,-3.567301986698774,-3.56432018891402,-3.5613117389340583,-3.558282722027107,-3.5552377907314536,-3.552180512648973,-3.5491136312989475,-3.546039262414952,-3.5429590421231802,-3.539874239130006,-3.5367858399028216,-3.5336946135239042,-3.53060116120066,-3.527505954161711,-3.524409362738204,-3.5213116787375256,-3.5182131326998336,-3.515113907240959,-3.5120141473947557,-3.5089139686493387,-3.5058134632066738,-3.502712704870133,-3.4996117528699706,-3.4965106548647253,-3.4934094493017067,-3.4903081672778677,-3.4872068340102915,-3.4841054700009564,-3.481004091961511,-3.477902713549243,-3.474801345954163,-3.471699998368409,-3.4685986783624507,-3.465497392187287,-3.462396145017754,-3.459294941148884,-3.4561937841547263,-3.4530926770171027,-3.449991622230232,-3.446890621885936,-3.4437896777431813,-3.440688791284975,-3.437587963765011,-3.434487196246004,-3.431386489631254,-3.4282858446907056,-3.4251852620825023,-3.4220847423708536,-3.4189842860408843,-3.415883893510997,-3.412783565143194,-3.409683301251707,-3.406583102110228,-3.4034829679579994,-3.400382899004925,-3.397282895435903,-3.394182957414475,-3.391083085085944,-3.387983278580008,-3.3848835380130207,-3.3817838634899235,-3.3786842551059086,-3.3755847129478522,-3.3724852370955585,-3.3693858276228457,-3.3662864845984997,-3.363187208087114,-3.3600879981498473,-3.356988854845095,-3.3538897782291133,-3.3507907683565903,-3.347691825281186,-3.344592949056045,-3.3414941397342988,-3.3383953973695624,-3.3352967220164373,-3.33219811373103,-3.329099572571495,-3.3260010985986175,-3.3229026918764384,-3.319804352472945,-3.316706080460837,-3.313607875918384,-3.3105097389303952,-3.3074116695893268,-3.3043136679965475,-3.301215734263803,-3.2981178685149066,-3.295020070887709,-3.2919223415364045,-3.288824680634224,-3.285727088104665,-3.282629563878012,-3.279532107890711,-3.2764347200848074,-3.273337400407441,-3.2702401488103963,-3.267142965249695,-3.264045849685234,-3.2609488020804513,-3.257851822402036,-3.2547549106196554,-3.2516580667057147,-3.2485612906351373,-3.245464582385166,-3.242367941935181,-3.2392713692665382,-3.2361748643624177,-3.2330784272076913,-3.229982057788797,-3.226885756093626,-3.223789522111422,-3.2206933558326862,-3.217597257249095,-3.214501226353422,-3.2114052631394685,-3.2083093676020016,-3.2052135397367008,-3.202117779540103,-3.199022087009566,-3.195926462143228,-3.1928309049399837,-3.189735415399461,-3.186639993522005,-3.1835446393086815,-3.1804493527612787,-3.1773541338823317,-3.174258982675161,-3.1711638991439277,-3.168068883293723,-3.1649739351306705,-3.1618790546620925,-3.15878424189671,-3.155689496844918,-3.1525948195191402,-3.1495002099343017,-3.1464056681084442,-3.14331119406353,-3.1402167878264966,-3.1371224494306387,-3.134028178917426,-3.1309339763388926,-3.127839841760787,-3.1247457752667387,-3.1216517769637617,-3.118557846989583,-3.115463985522364,-3.112370192793695,-3.1092764691059522,-3.1061828148555706,-3.1030892305643145,-3.099995716921414,-3.0969022748404638,-3.093808905536481,-3.0907156106305025,-3.087622392291949,-3.084529253432869,-3.0814361979736584,-3.078343231207472,-3.0752503603012724,-3.072157594986493,-3.06906494851351,-3.065972438974047,-3.062880091138015,-3.0597879390113865,-3.056696029407196,-3.0536044269435805,-3.050513221056806,-3.047422535866406,-3.044332544087162,-3.0412434866968274,-3.038155700809579,-3.0350696592751287,-3.031986027071149,-3.0289057417989302,-3.025830128844655,-3.02276106649007,-3.019701223110638,-3.0166543985411294,-3.013626016075535,-3.010623832296042,-3.00765896156443,-3.0047473538671983,-3.0019119226433495,-2.9991855968049457,-2.9966156692833295,-2.9942699257804444,-2.9922451348826224,-2.9906784960718964,-2.989762432914452
-3.5923862049736446,-3.5915965434678685,-3.5902281778173672,-3.588432414153264,-3.586318955650095,-3.583968043318175,-3.581438796322622,-3.578775039680866,-3.5760094328243563,-3.5731664275344914,-3.570264406914016,-3.567317244133858,-3.564335445783471,-3.561326995230882,-3.5582979777457098,-3.555253045867349,-3.552195767198553,-3.5491288852593006,-3.546054515783723,-3.5429742948984564,-3.5398894913102286,-3.536801091486717,-3.533709864510426,-3.530616411588944,-3.5275212039510397,-3.52442461192798,-3.521326927327247,-3.5182283806890795,-3.515129154629371,-3.512029394182026,-3.508929214835202,-3.5058287087909004,-3.502727949852521,-3.4996269972503407,-3.496525898642917,-3.4934246924775767,-3.4903234098512854,-3.4872220759811356,-3.4841207113691146,-3.481019332726879,-3.477917953711723,-3.4748165855136612,-3.4717152373248386,-3.468613916715728,-3.46551262993733,-3.462411382164483,-3.459310177692224,-3.456209020094601,-3.4531079123534396,-3.4500068569629594,-3.4469058560149826,-3.4438049112684777,-3.4407040242064513,-3.4376031960825997,-3.4345024279596377,-3.431401720740866,-3.428301075196229,-3.4252004919838703,-3.422099971668,-3.4189995147337435,-3.415899121599503,-3.4127987926272816,-3.409698528131309,-3.4065983283852814,-3.403498193628438,-3.4003981240706858,-3.39729811989692,-3.3941981812706845,-3.391098308337281,-3.387998501226408,-3.3848987600544196,-3.3817990849262567,-3.3786994759371125,-3.3755999331738624,-3.3725004567163124,-3.3694010466382784,-3.366301703008546,-3.3632024258917097,-3.3601032153489276,-3.3570040714385967,-3.3539049942169727,-3.350805983738744,-3.347707040057571,-3.3446081632265963,-3.3415093532989526,-3.3384106103282543,-3.3353119343691033,-3.3322133254776056,-3.3291147837119164,-3.3260163091328203,-3.322917901804358,-3.3198195617945174,-3.316721289175998,-3.313623084027069,-3.3105249464325395,-3.307426876484866,-3.304328874285418,-3.3012309399459396,-3.2981330735902445,-3.295035275356184,-3.291937545397951,-3.288839883888779,-3.285742290752162,-3.282644765918386,-3.2795473093238963,-3.2764499209107396,-3.2733526006260547,-3.2702553484216272,-3.2671581642534795,-3.264061048081507,-3.2609639998691495,-3.257867019583095,-3.25477010719301,-3.2516732626713014,-3.248576485992891,-3.2454797771350226,-3.242383136077077,-3.2392865628004084,-3.2361900572881983,-3.2330936195253175,-3.2299972494982043,-3.2269009471947503,-3.2238047126041987,-3.2207085457170512,-3.217612446524985,-3.214516415020773,-3.211420451198216,-3.208324555052082,-3.205228726578049,-3.2021329657726563,-3.19903727263326,-3.1959416471579987,-3.1928460893457684,-3.1897505991961945,-3.1866551767096243,-3.183559821887121,-3.1804645347304743,-3.177369315242221,-3.1742741634256793,-3.1711790792850114,-3.1680840628253066,-3.1649891140526907,-3.1618942329744852,-3.1587994195994114,-3.155704673937864,-3.152609996002266,-3.149515385807545,-3.146420843371741,-3.1433263687168163,-3.1402319618697074,-3.1371376228637082,-3.1340433517402904,-3.130949148551488,-3.127855013363051,-3.124760946258606,-3.12166694734517,-3.118573016760467,-3.11547915468266,-3.11238536134334,-3.109291637044882,-3.106197982183721,-3.103104397281622,-3.1000108830278146,-3.0969174403358934,-3.0938240704208755,-3.0907307749037973,-3.0876375559540805,-3.084544416483774,-3.081451360413272,-3.0783583930357317,-3.0752655215181157,-3.0721727555918554,-3.0690801085073294,-3.0659875983562643,-3.0628952499085704,-3.0598030971702235,-3.056711186954261,-3.053619583878827,-3.050528377380193,-3.0474376915779082,-3.0443476991867717,-3.041258641184563,-3.0381708546854997,-3.0350848125393517,-3.032001179723879,-3.0289208938405014,-3.025845280275593,-3.0227762173111814,-3.01971637332315,-3.0166695481468886,-3.0136411650773085,-3.0106389806979625,-3.0076741093726524,-3.0047625010908794,-3.0019270692960864,-2.999200742906893,-2.9966308148642806,-2.9942850708842697,-2.9922602795735185,-2.9906936404429447,-2.9897775770987907
-3.5924009348727517,-3.591611273233724,-3.5902429073500057,-3.5884471433767393,-3.5863336845061418,-3.5839827717617445,-3.5814535243186696,-3.5787897672019913,-3.5760241598490414,-3.5731811540457783,-3.5702791328984937,-3.567331969580891,-3.5643501706845977,-3.561341719579354,-3.55831270153613,-3.5552677690953884,-3.55221048986073,-3.5491436073528053,-3.546069237306282,-3.5429890158482222,-3.5399042116856982,-3.536815811286659,-3.5337245837338283,-3.530631130234974,-3.5275359220190063,-3.5244393294173064,-3.52134164423745,-3.5182430970197514,-3.5151438703801667,-3.5120441093526487,-3.508943929425396,-3.505843422800444,-3.502742663281218,-3.4996417100980177,-3.49654061090942,-3.4934394041627663,-3.490338120955034,-3.487236786503327,-3.484135421309642,-3.4810340420856436,-3.4779326624886306,-3.4748312937086223,-3.471729944937767,-3.468628623746542,-3.465527336385951,-3.4624260880308366,-3.459324882976235,-3.456223724796197,-3.453122616472549,-3.450021560499513,-3.446920558968912,-3.4438196136397154,-3.4407187259949317,-3.4376178972882565,-3.434517128582405,-3.431416420780679,-3.428315774653024,-3.4252151908575814,-3.4221146699585625,-3.419014212441094,-3.415913818723578,-3.4128134891680184,-3.4097132240886463,-3.4066130237591565,-3.403512888418788,-3.4004128182774473,-3.3973128135200317,-3.3942128743100843,-3.391113000792907,-3.388013193098197,-3.38491345134231,-3.3818137756301874,-3.37871416605702,-3.3756146227096853,-3.3725151456679887,-3.369415735005748,-3.366316390791747,-3.3632171130905815,-3.360117901963408,-3.357018757468623,-3.353919679662482,-3.3508206685996758,-3.347721724333862,-3.344622846918186,-3.3415240364057786,-3.3384252928502547,-3.335326616306216,-3.3322280068297694,-3.329129464479069,-3.3260309893148987,-3.322932581401301,-3.319834240806263,-3.316735967602485,-3.313637761868234,-3.3105396236883218,-3.3074415531552024,-3.304343550370245,-3.301245615445196,-3.298147748503867,-3.2950499496841106,-3.2919522191401196,-3.2888545570451253,-3.285756963322625,-3.282659437902902,-3.279561980722404,-3.276464591723175,-3.273367270852357,-3.2702700180617335,-3.267172833307327,-3.2640757165490335,-3.2609786677502925,-3.257881686877793,-3.254784773901202,-3.2516879287929243,-3.248591151527884,-3.2454944420833214,-3.242397800438619,-3.2393012265751326,-3.2362047204760427,-3.233108282126221,-3.230011911512105,-3.226915608621586,-3.223819373443907,-3.2207232059695716,-3.217627106190255,-3.2145310740987307,-3.2114351096888,-3.2083392129552304,-3.2052433838936993,-3.2021476225007452,-3.1990519287737254,-3.19595630271078,-3.1928607443108037,-3.1897652535734227,-3.1866698304989827,-3.1835744750885486,-3.1804791873439093,-3.177383967267601,-3.1742888148629427,-3.171193730134097,-3.168098713086152,-3.1650037637252346,-3.1619088820586656,-3.1588140680951664,-3.155719321845131,-3.152624643320985,-3.1495300325376525,-3.146435489513175,-3.1433410142695153,-3.1402466068336095,-3.1371522672387533,-3.134057995526417,-3.130963791748635,-3.127869655971156,-3.1247755882776076,-3.121681588775006,-3.1185876576010743,-3.115493794933978,-3.1124000010053057,-3.1093062761174335,-3.1062126206667964,-3.1031190351751605,-3.100025520331753,-3.09693207705017,-3.0938387065454287,-3.090745410438566,-3.0876521908990022,-3.0845590508387875,-3.0814659941783153,-3.0783730262107434,-3.0752801541030346,-3.0721873875866224,-3.069094739911884,-3.0660022291705475,-3.0629098801325254,-3.0598177268037943,-3.0567258159973973,-3.053634212331483,-3.0505430052423317,-3.047452318849505,-3.044362325867817,-3.041273267275077,-3.038185480185539,-3.0350994374490297,-3.0320158040433935,-3.0289355175701758,-3.025859903415933,-3.0227908398629673,-3.0197309952875635,-3.0166841695257136,-3.0136557858732167,-3.010653600914942,-3.007688729016644,-3.004777120170719,-3.0019416878248966,-2.9992153609041243,-2.9966454323586884,-2.994299687918193,-2.9922748962089147,-2.9907082567696497,-2.9897921932452984
-3.5924151509230127,-3.591625489155381,-3.5902571230465825,-3.5884613587749414,-3.5863478995497364,-3.5839969864072563,-3.5814677385322775,-3.578803980957249,-3.5760383731251837,-3.5731953668264382,-3.5702933451707297,-3.5673461813344374,-3.5643643819112887,-3.5613559302726774,-3.5583269116908767,-3.5552819787073804,-3.5522246989266044,-3.5491578158698522,-3.546083445272308,-3.5430032232614463,-3.5399184185446675,-3.536830017590185,-3.533738789480937,-3.53064533542486,-3.527550126651002,-3.524453533490856,-3.5213558477520888,-3.518257299975085,-3.5151580727758587,-3.5120583111884125,-3.508958130700986,-3.5058576235156433,-3.502756863435839,-3.4996559096918944,-3.4965548099424035,-3.4934536026347227,-3.4903523188658414,-3.487250983852874,-3.484149618097825,-3.481048238312365,-3.4779468581537993,-3.474845488812151,-3.4717441394795743,-3.4686428177265487,-3.465541529804082,-3.4624402808870185,-3.459339075270395,-3.456237916528266,-3.453136807642459,-3.450035751107197,-3.446934749014303,-3.443833803122749,-3.440732914915543,-3.437632085646381,-3.43453131637798,-3.431430608013642,-3.428329961323311,-3.425229376965132,-3.4221288555033156,-3.4190283974229887,-3.415928003142554,-3.4128276730240126,-3.4097274073815997,-3.4066272064890075,-3.403527070585478,-3.4004269998809153,-3.3973269945602174,-3.394227054786929,-3.39112718070635,-3.38802737244818,-3.3849276301287734,-3.3818279538530702,-3.378728343716263,-3.375628799805229,-3.3725293221997723,-3.3694299109737105,-3.3663305661958294,-3.363231287930724,-3.36013207623955,-3.3570329311807043,-3.3539338528104445,-3.3508348411834588,-3.3477358963534063,-3.344637018373431,-3.3415382072966655,-3.338439463176724,-3.3353407860682083,-3.3322421760272247,-3.3291436331119284,-3.3260451573831027,-3.3229467489047897,-3.319848407744976,-3.3167501339763623,-3.313651927677217,-3.3105537889323493,-3.3074557178342148,-3.3043577144841834,-3.301259778993999,-3.2981619114874756,-3.2950641121024637,-3.291966380993157,-3.288868718332786,-3.2857711240448473,-3.2826735980596267,-3.27957614031357,-3.2764787507487223,-3.273381429312225,-3.2702841759558625,-3.2671869906356568,-3.2640898733115034,-3.2609928239468435,-3.2578958425083635,-3.2547989289657315,-3.251702083291354,-3.2486053054601527,-3.2455085954493703,-3.242411953238389,-3.239315378808563,-3.2362188721430747,-3.2331224332267934,-3.2300260620461585,-3.2269297585890606,-3.2238335228447434,-3.2207373548037093,-3.217641254457635,-3.2145452217992934,-3.2114492568224864,-3.2083533595219804,-3.2052575298934545,-3.202161767933445,-3.1990660736393104,-3.1959704470091896,-3.192874888041978,-3.189779396737301,-3.1866839730955054,-3.1835886171176555,-3.180493328805541,-3.177398108161698,-3.1743029551894466,-3.1712078698929482,-3.168112852277292,-3.1650179023486045,-3.1619230201142052,-3.158828205582817,-3.1557334587648334,-3.1526387796726785,-3.149544168321277,-3.146449624728671,-3.1433551489168226,-3.1402607409126686,-3.1371664007495035,-3.134072128468798,-3.130977924122587,-3.1278837877766197,-3.1247897195145247,-3.1216957194433164,-3.118601787700719,-3.1155079244648953,-3.112414129967438,-3.1093204045107217,-3.1062267484911805,-3.1031331624305816,-3.1000396470181517,-3.0969462031674864,-3.093852832093603,-3.0907595354175372,-3.087666315308711,-3.084573174679175,-3.0814801174493236,-3.078387148912313,-3.075294276235105,-3.072201509149134,-3.0691088609047803,-3.0660163495937707,-3.0629239999860216,-3.059831846087511,-3.0567399347112847,-3.0536483304754967,-3.050557122816437,-3.047466435853676,-3.0443764423020463,-3.0412873831393807,-3.0381995954799725,-3.035113552173703,-3.0320299181984987,-3.028949631156024,-3.0258740164330127,-3.022804952312031,-3.019745107169755,-3.0166982808427525,-3.0136698966276794,-3.0106677111106754,-3.007702838659383,-3.0047912292689922,-3.0019557963913686,-2.999229468957568,-2.996659539926856,-2.994313795041945,-2.992289002948047,-2.9907223632108626,-2.9898062995126025
-3.592428870812794,-3.591639208921049,-3.5902708425950296,-3.5884750780354295,-3.5863616184679983,-3.584010704941335,-3.581481456649533,-3.578817698632159,-3.576052090337707,-3.5732090835607786,-3.5703070614143964,-3.567359897077523,-3.564378097145913,-3.561369644992555,-3.55834062589098,-3.5552956923836767,-3.5522384120758517,-3.5491715284894334,-3.5460971573601046,-3.543016934815739,-3.5399321295640562,-3.536843728073524,-3.5337524994272833,-3.530659044833437,-3.5275638355211654,-3.5244672418220695,-3.521369555543902,-3.518271007227117,-3.5151717794877873,-3.5120720173599613,-3.508971836331916,-3.505871328605749,-3.502770567984938,-3.4996696136998264,-3.4965685134090245,-3.493467305559903,-3.490366021249463,-3.487264685694829,-3.484163319398013,-3.481061939070693,-3.4779605583701803,-3.474859188486502,-3.4717578386118153,-3.468656516316604,-3.465555227851876,-3.4624539783924813,-3.459352772233459,-3.456251612948863,-3.453150503520524,-3.4500494464426654,-3.4469484438071127,-3.4438474973728357,-3.4407466086228444,-3.4376457788108365,-3.4345450089995277,-3.4314443000922203,-3.428343652858861,-3.4252430679575947,-3.4221425459526316,-3.419042087329098,-3.4159416925053967,-3.412841361843532,-3.4097410956577354,-3.4066408942217024,-3.4035407577746724,-3.400440686526553,-3.39734068066224,-3.3942407403452775,-3.3911408657209665,-3.3880410569190067,-3.3849413140557516,-3.381841637236143,-3.3787420265553725,-3.375642482100317,-3.3725430039507813,-3.3694435921805828,-3.366344246858507,-3.36324496804915,-3.3601457558136683,-3.357046610210458,-3.353947531295775,-3.3508485191243085,-3.3477495737497165,-3.3446506952251447,-3.3415518836037243,-3.3384531389390713,-3.3353544612857853,-3.332255850699975,-3.3291573072397935,-3.3260588309660264,-3.322960421942714,-3.319862080237844,-3.316763805924116,-3.3136655990797976,-3.310567459789699,-3.307469388146276,-3.3043713842508975,-3.301273448215308,-3.2981755801633206,-3.2950777802327877,-3.291980048577901,-3.2888823853718923,-3.285784790538257,-3.2826872640072815,-3.2795898057154114,-3.2764924156046926,-3.2733950936222658,-3.270297839719915,-3.267200653853664,-3.264103535983407,-3.2610064860725854,-3.2579095040878863,-3.2548125899989775,-3.2517157437782642,-3.24861896540067,-3.2455222548434373,-3.2424256120859463,-3.2393290371095538,-3.236232529897441,-3.233136090434478,-3.2300397187071037,-3.226943414703209,-3.2238471784120373,-3.220751009824091,-3.217654908931046,-3.214558875725677,-3.211462910201785,-3.208367012354137,-3.2052711821784103,-3.202175419671144,-3.199079724829694,-3.1959840976522007,-3.1928885381375576,-3.1897930462853923,-3.1866976220960517,-3.1836022655705984,-3.1805069767108227,-3.1774117555192607,-3.174316601999232,-3.1712215161548998,-3.168126497991351,-3.1650315475147135,-3.1619366647323073,-3.158841849652854,-3.1557471022867483,-3.1526524226464137,-3.1495578107467765,-3.146463266605878,-3.143368790245679,-3.1402743816931165,-3.137180040981486,-3.1340857681522585,-3.130991563257468,-3.1278974263628627,-3.12480335755207,-3.121709356932107,-3.1186154246406983,-3.1155215608560063,-3.1124277658096227,-3.1093340398039224,-3.10624038323534,-3.10314679662564,-3.1000532806640524,-3.0969598362641717,-3.0938664646410152,-3.0907731674156205,-3.0876799467574076,-3.0845868055784265,-3.0814937477990734,-3.078400778712503,-3.0753079054856793,-3.0722151378500375,-3.0691224890559554,-3.066029977195164,-3.062937627037579,-3.0598454725891817,-3.0567535606630223,-3.0536619558772586,-3.050570747668187,-3.0474800601553906,-3.0443900660537184,-3.041301006341028,-3.0382132181316464,-3.0351271742755097,-3.032043539750623,-3.0289632521587655,-3.025887636886845,-3.022818572217679,-3.0197587265283206,-3.0167118996558964,-3.0136835148978895,-3.010681328841666,-3.007716455856687,-3.0048048459408396,-3.0019694125499834,-2.9992430846210683,-2.996673155122024,-2.9943274098082164,-2.992302617343129,-2.9907359773184283,-2.9898199134523327
-3.5924421116379093,-3.591652449626387,-3.590284083090733,-3.588488318253233,-3.5863748583555273,-3.5840239444580972,-3.5814946957640266,-3.578830937319755,-3.5760653285790656,-3.5732223213406558,-3.5703202987207385,-3.56737313390077,-3.56439133347846,-3.561382880828337,-3.5583538612251444,-3.555308927212332,-3.5522516463958675,-3.5491847622982844,-3.546110390655747,-3.543030167596513,-3.5399453618286096,-3.5368569598207507,-3.5337657306562757,-3.530672275543445,-3.5275770657115673,-3.5244804714923466,-3.521382784693618,-3.5182842358559085,-3.515185007595343,-3.512085244946015,-3.5089850633962376,-3.505884555148138,-3.5027837940052207,-3.4996828391978467,-3.496581738384643,-3.4934805300129943,-3.4903792451799136,-3.4872779091025343,-3.4841765422828757,-3.481075161432621,-3.4779737802090898,-3.474872409802313,-3.471771059404451,-3.468669736585992,-3.4655684475979474,-3.4624671976151653,-3.459365990932689,-3.456264831124574,-3.4531637211726527,-3.450062663571149,-3.446961660411889,-3.443860713453844,-3.4407598241800246,-3.4376589938441287,-3.4345582235088745,-3.431457514077563,-3.4283568663201422,-3.4252562808947564,-3.4221557583656157,-3.4190552992178485,-3.415954903869859,-3.412854572683649,-3.40975430597345,-3.406654104012958,-3.403553967041413,-3.4004538952687224,-3.397353888879782,-3.3942539480381355,-3.391154072889085,-3.388054263562329,-3.384954520174222,-3.3818548428297057,-3.378755231623973,-3.3756556866438996,-3.372556207969291,-3.3694567956739636,-3.3663574498267033,-3.363258170492105,-3.360158957731326,-3.3570598116027623,-3.3539607321626717,-3.3508617194657417,-3.347762773565632,-3.344663894515487,-3.3415650823684375,-3.3384663371780987,-3.335367658999073,-3.3322690478874666,-3.329170503901434,-3.3260720271017585,-3.3229736175524827,-3.319875275321593,-3.316777000481789,-3.313678793111339,-3.310580653295054,-3.3074825811253885,-3.3043845767037117,-3.301286640141768,-3.2981887715633706,-3.2950909711063705,-3.291993238924961,-3.288895575192373,-3.285797979832102,-3.2827004527744355,-3.2796029939558182,-3.2765056033182955,-3.273408280809009,-3.270311026379741,-3.267213839986516,-3.264116721589229,-3.2610196711513217,-3.257922688639481,-3.2548257740233764,-3.251728927275411,-3.24863214837051,-3.2455354372859135,-3.242438794001003,-3.2393422184971365,-3.2362457107574927,-3.233149270766943,-3.2300528985119263,-3.2269565939803337,-3.2238603571614095,-3.2207641880456537,-3.2176680866247445,-3.2145720528914543,-3.2114760868395855,-3.208380188463904,-3.2052843577600894,-3.202188594724679,-3.19909289935503,-3.195997271649282,-3.1929017116063294,-3.1898062192257988,-3.1867107945080373,-3.183615437454109,-3.1805201480658027,-3.177424926345654,-3.174329772296984,-3.1712346859239537,-3.1681396672316504,-3.1650447162262028,-3.1619498329149307,-3.1588550173065566,-3.1557602694114744,-3.152665589242108,-3.1495709768133837,-3.1464764321433414,-3.143381955253944,-3.140287546172128,-3.137193204931189,-3.1340989315725967,-3.1310047261483858,-3.1279105887243053,-3.124816519383983,-3.1217225182344355,-3.118628585413385,-3.115534721098997,-3.112440925522861,-3.109347198987353,-3.106253541888907,-3.103159954749288,-3.100066438257725,-3.0969729933278143,-3.093879621174572,-3.090786323419035,-3.087693102230626,-3.084599960521393,-3.081506902211732,-3.078413932594799,-3.0753210588375572,-3.0722282906714424,-3.0691356413468345,-3.0660431289554633,-3.062950778267248,-3.059858623288171,-3.0567667108312855,-3.053675105514755,-3.0505838967748837,-3.047493208731264,-3.044403214098762,-3.041314153855256,-3.0382263651151113,-3.0351403207283147,-3.032056685672946,-3.0289763975508968,-3.0259007817492387,-3.0228317165510368,-3.0197718703337073,-3.016725042934913,-3.013696657652936,-3.0106944710763277,-3.0077295975763034,-3.004817987153354,-3.0019825532671898,-2.999256224860451,-2.996686294909433,-2.9943405491817083,-2.992315756358396,-2.9907491160562203,-2.9898330520281493
-3.5924548899204085,-3.5916652277932952,-3.5902968610553336,-3.5885010959496464,-3.58638763573321,-3.5840367214779705,-3.5815074723956917,-3.578843713539442,-3.576078104368109,-3.5732350966843462,-3.570333073607442,-3.5673859083212602,-3.564404107425398,-3.561395654295868,-3.5583666342085847,-3.5553216997079264,-3.552264418400595,-3.549197533809709,-3.546123161671896,-3.5430429381157866,-3.5399581318497018,-3.5368697293425932,-3.533778499677992,-3.5306850440643127,-3.5275898337309863,-3.5244932390098174,-3.5213955517087223,-3.5182970023682896,-3.5151977736047013,-3.5120980104520934,-3.5089978283988135,-3.5058973196470187,-3.5027965580002354,-3.499695602688847,-3.4965945013714954,-3.4934932924955784,-3.4903920071581194,-3.4872906705762605,-3.48418930325203,-3.4810879218971165,-3.477986540168844,-3.4748851692572487,-3.4717838183544933,-3.468682495031071,-3.4655812055379944,-3.4624799550501137,-3.459378747862475,-3.4562775875491356,-3.453176477091927,-3.450075418985076,-3.4469744153204096,-3.4438734678569003,-3.4407725780775595,-3.437671747236086,-3.434570976395196,-3.4314702664581946,-3.4283696181950263,-3.425269032263836,-3.422168509228837,-3.4190680495751558,-3.415967653721196,-3.4128673220289607,-3.409767054812682,-3.4066668523460564,-3.403566714868324,-3.4004666425893926,-3.3973666356941568,-3.394266694346161,-3.391166818690707,-3.388067008857493,-3.3849672649628744,-3.3818675871117927,-3.3787679753994406,-3.3756684299126944,-3.372568950731358,-3.3694695379292505,-3.3663701915751565,-3.3632709117336703,-3.3601716984659515,-3.3570725518303948,-3.3539734718832563,-3.3508744586792254,-3.3477755122719612,-3.344676632714608,-3.341577820060297,-3.3384790743626436,-3.3353803956762493,-3.33228178405722,-3.329183239563711,-3.326084762256506,-3.322986352199646,-3.319888009461119,-3.3167897341136245,-3.3136915262354307,-3.310593385911347,-3.307495313233829,-3.3043973083042455,-3.301299371234341,-3.298201502147928,-3.2951037011828586,-3.2920059684933243,-3.288908304252558,-3.285810708384055,-3.282713180818101,-3.2796157214911417,-3.276518330345223,-3.2734210073274856,-3.270323752389714,-3.2672265654879307,-3.264129446582032,-3.261032395635458,-3.2579354126148967,-3.2548384974900166,-3.2517416502332233,-3.24864487081944,-3.2455481592259083,-3.2424515154320095,-3.239354939419099,-3.2362584311703593,-3.2331619906706597,-3.2300656179064386,-3.2269693128655885,-3.223873075537352,-3.2207769059122313,-3.217680803981903,-3.2145847697391403,-3.211488803177745,-3.208392904292483,-3.2052970730790347,-3.2022013095339377,-3.199105613654548,-3.1960099854390056,-3.192914424886205,-3.1898189319957724,-3.1867235067680553,-3.1836281492041176,-3.1805328593057487,-3.1774376370754838,-3.1743424825166437,-3.17124739563339,-3.168152376430812,-3.1650574249150356,-3.1619625410933807,-3.15886772497457,-3.155772976568997,-3.1526782958890855,-3.1495836829497623,-3.146489137769068,-3.1433946603689646,-3.1403002507763893,-3.137205909024637,-3.1341116351551785,-3.131017429220048,-3.1279232912849935,-3.124829221433643,-3.121735219773014,-3.1186412864408295,-3.115547421615253,-3.112453625527875,-3.109359898481071,-3.106266240871276,-3.1031726532202555,-3.100079136217238,-3.0969856907758184,-3.093892318111014,-3.0907990198438613,-3.0877057981437823,-3.0846126559228257,-3.081519597101389,-3.0784266269726266,-3.075333752703503,-3.0722409840254534,-3.0691483341888586,-3.06605582128545,-3.062963470085147,-3.0598713145939356,-3.056779401624871,-3.0536877957961215,-3.050596586543999,-3.047505897988105,-3.0444159028433218,-3.0413268420875523,-3.0382390528351926,-3.0351530079362794,-3.0320693723689653,-3.02898908373525,-3.025913467422366,-3.0228444017136145,-3.019784554986762,-3.016737727079992,-3.013709341292356,-3.0107071542135464,-3.0077422802164753,-3.0048306693041438,-3.0019952349399808,-2.9992689060721167,-2.996698975684917,-2.994353229557739,-2.9923284363887195,-2.990761795818765,-2.9898457316343805
-3.59246722162674,-3.5916775593880756,-3.590309192454878,-3.5885134270903767,-3.5863999665663506,-3.58404905196581,-3.581519802508894,-3.578856043255068,-3.5760904336681447,-3.573247425554595,-3.5703454020366783,-3.5673982363005803,-3.5644164349477188,-3.561407981355539,-3.5583789608010887,-3.55533402582964,-3.5522767440486027,-3.5492098589816576,-3.5461354863658836,-3.5430552623302676,-3.539970455583417,-3.536882052594513,-3.533790822447271,-3.530697366350251,-3.527602155533006,-3.5245055603274356,-3.521407872541535,-3.5183093227159556,-3.5152100934669304,-3.5121103298286367,-3.509010147289457,-3.5059096380515755,-3.502808875918542,-3.499707920120758,-3.496606818316881,-3.493505608954321,-3.490404323130113,-3.4873029860614104,-3.484201618250246,-3.481100236408317,-3.477998854192948,-3.4748974827941814,-3.4717961314041843,-3.468694807593451,-3.465593517612997,-3.4624922666376765,-3.4593910589625354,-3.456289898161634,-3.4531887872168046,-3.4500877286222735,-3.44698672446987,-3.4438857765185675,-3.4407848862513766,-3.437684054921997,-3.434583283593147,-3.431482573168131,-3.4283819244168954,-3.4252813379975837,-3.4221808144744092,-3.4190803543325,-3.4159799579902588,-3.41287962580969,-3.409779358105025,-3.406679155149961,-3.4035790171837372,-3.400478944416261,-3.397378937032429,-3.394278995195786,-3.3911791190516323,-3.3880793087296666,-3.384979564346245,-3.381879886006309,-3.378780273805049,-3.375680727829344,-3.3725812481589976,-3.369481834867828,-3.36638248802462,-3.363283207693969,-3.3601839939370315,-3.3570848468122048,-3.3539857663757453,-3.350886752682341,-3.347787805785651,-3.3446889257388204,-3.3415901125949814,-3.3384913664077476,-3.3353926872317214,-3.332294075123008,-3.329195530139763,-3.3260970523427704,-3.3229986417960715,-3.3199002985676542,-3.316802022730216,-3.313703814362028,-3.3106056735478973,-3.30750760038028,-3.3044095949605454,-3.3013116574004364,-3.298213787823767,-3.2951159863683888,-3.2920182531884943,-3.288920588457315,-3.285822992098346,-3.282725464041873,-3.2796280042243433,-3.2765306125878015,-3.273433289079389,-3.27033603365089,-3.2672388462583277,-3.2641417268615984,-3.261044675424142,-3.2579476919126464,-3.25485077629678,-3.2517539285489474,-3.2486571486440723,-3.245560436559397,-3.2424637922743025,-3.2393672157701445,-3.2362707070301044,-3.233174266039052,-3.2300778927834273,-3.226981587251121,-3.2238853494313777,-3.2207891793146985,-3.21769307689276,-3.2145970421583345,-3.2115010751052253,-3.2084051757281986,-3.2053093440229334,-3.2022135799859677,-3.1991178836146563,-3.1960222549071413,-3.192926693862317,-3.1898312004798095,-3.1867357747599665,-3.1836404167038497,-3.1805451263132496,-3.177449903590703,-3.1743547485395296,-3.1712596611638895,-3.1681646414688722,-3.165069689460605,-3.1619748051464085,-3.158879988535005,-3.155785239636788,-3.1526905584641813,-3.149595945032111,-3.1465013993586175,-3.143406921465664,-3.1403125113801864,-3.1372181691354797,-3.1341238947730146,-3.1310296883448254,-3.127935549916661,-3.124841479572148,-3.1217474774183054,-3.1186535435928544,-3.115559678273961,-3.1124658816932143,-3.10937215415299,-3.1062784960497223,-3.103184907905177,-3.1000913904085836,-3.096997944473537,-3.0939045713150537,-3.0908112725541703,-3.0877180503603094,-3.0846249076455186,-3.0815318483301946,-3.0784388777074945,-3.0753460029443827,-3.072253233772294,-3.0691605834416094,-3.0660680700440626,-3.0629757183495725,-3.059883562364129,-3.05679164890079,-3.053700042577729,-3.0506088328312613,-3.0475181437810033,-3.044428148141848,-3.0413390868917216,-3.0382512971450524,-3.035165251751924,-3.03208161569056,-3.029001326563067,-3.0259257097568297,-3.0228566435553774,-3.0197967963368155,-3.0167499679398277,-3.013721581664209,-3.0107193941007546,-3.007754519624012,-3.0048429082394064,-3.002007473413956,-2.9992811441010883,-2.996711213292958,-2.9943654667802924,-2.9923406732776523,-2.990774032449282,-2.9898579681140487
-3.5924791221854093,-3.5916894598390954,-3.5903210927174904,-3.588525327103228,-3.5864118662823707,-3.5840609513486075,-3.5815317015301544,-3.5788679418926534,-3.5761023319046745,-3.573259323376368,-3.570357299432862,-3.5674101332625816,-3.5644283314687035,-3.5614198774300556,-3.558390856424777,-3.555345920999001,-3.5522886387608246,-3.5492217532344714,-3.5461473801574517,-3.5430671556590965,-3.539982348448293,-3.5368939449944428,-3.5338027143814372,-3.530709257817982,-3.5276140465337424,-3.5245174508607118,-3.5214197626069597,-3.5183212123132006,-3.515221982595715,-3.512122218488722,-3.5090220354806347,-3.505921525773666,-3.5028207631713886,-3.4997198069042215,-3.496618704630837,-3.4935174947986587,-3.4904162085047297,-3.48731487096621,-3.4842135026851406,-3.4811121203732247,-3.4780107376877947,-3.474909365818895,-3.4718080139586958,-3.468706689677694,-3.4656053992269094,-3.4625041477811966,-3.459402939635603,-3.4563017783641903,-3.4532006669487934,-3.4500996078836392,-3.4469986032605577,-3.4438976548385214,-3.440796764100543,-3.437695932300322,-3.434595160500577,-3.431494449604614,-3.4283938003823793,-3.4252932134920187,-3.4221926894977437,-3.419092228884682,-3.4159918320712372,-3.4128914994194144,-3.409791231243445,-3.4066910278170246,-3.403590889379394,-3.4004908161404606,-3.3973908082851207,-3.3942908659769198,-3.391190989361158,-3.3880911785675343,-3.384991433712404,-3.3818917549007095,-3.378792142227643,-3.375692595780079,-3.3725931156378235,-3.3694937018746947,-3.3663943545594774,-3.3632950737567677,-3.3601958595277224,-3.357096711930737,-3.353997631022068,-3.350898616856405,-3.347799669487407,-3.344700788968218,-3.3416019753519706,-3.3385032286922787,-3.335404549043744,-3.332305936462472,-3.329207391006619,-3.3261089127369683,-3.3230105017175604,-3.3199121580163835,-3.3168138817061363,-3.313715672865087,-3.310617531578046,-3.307519457937469,-3.3044214520447244,-3.3013235140115564,-3.2982256439617776,-3.295127842033239,-3.292030108380134,-3.288932443175692,-3.285834846343411,-3.2827373178135755,-3.279639857522633,-3.2765424654126276,-3.2734451414307,-3.2703478855286368,-3.267250697662459,-3.2641535777920643,-3.2610565258808917,-3.2579595418956298,-3.254862625805946,-3.2517657775842457,-3.248668997205453,-3.2455722846468116,-3.2424756398877004,-3.2393790629094754,-3.2362825536953186,-3.2331861122301,-3.230089738500259,-3.2269934324936873,-3.2238971941996266,-3.2208010236085807,-3.217704920712225,-3.2146088855033335,-3.211512917975707,-3.208417018124113,-3.2053211859442303,-3.2022254214325967,-3.1991297245865686,-3.196034095404286,-3.192938533884644,-3.1898430400272684,-3.186747613832506,-3.183652255301423,-3.1805569644358065,-3.177461741238193,-3.1743665857119017,-3.171271497861096,-3.1681764776908636,-3.1650815252073303,-3.161986640417817,-3.158891823331047,-3.155797073957413,-3.15270239230934,-3.1496077784017533,-3.146513232252694,-3.143418753884125,-3.1403243433229817,-3.1372300006025595,-3.134135725764329,-3.1310415188603247,-3.127947379956296,-3.12485330913587,-3.121759306506065,-3.1186653722046023,-3.1155715064096468,-3.1124777093527873,-3.109383981336401,-3.1062903227569203,-3.103196734136112,-3.100103216163205,-3.097009769751794,-3.0939163961168967,-3.0908230968795483,-3.087729874209172,-3.0846367310178184,-3.0815436712258824,-3.078450700126521,-3.075357824886697,-3.0722650552378488,-3.069172404430357,-3.066079890555955,-3.0629875383845646,-3.059895381922175,-3.0568034679818483,-3.0537118611817617,-3.05062065095824,-3.047529961430906,-3.0444399653146688,-3.0413509035874737,-3.0382631133637825,-3.0351770674937253,-3.0320934309555936,-3.0290131413515913,-3.025937524069254,-3.0228684573923315,-3.0198086096992554,-3.016761780829194,-3.0137333940826587,-3.01073120605151,-3.007766331111872,-3.00485471927151,-3.0020192840009035,-2.999292954258594,-2.9967230230442516,-2.9943772761595784,-2.992352482334984,-2.9907858412572352,-2.9898697767764277
-3.592490606504266,-3.591700944054068,-3.5903325767506464,-3.588536810895361,-3.5864233497880553,-3.5840724345327253,-3.581543184365385,-3.5788794243576363,-3.5761138139826354,-3.5732708050540865,-3.5703687806998836,-3.5674216141106134,-3.5644398118911496,-3.5614313574216543,-3.55840233598132,-3.5553574001171135,-3.55230011743779,-3.5492332314680994,-3.5461588579459704,-3.543078633001069,-3.539993825342546,-3.536905421440016,-3.5338141903775435,-3.530720733363969,-3.5276255216290733,-3.524528925504938,-3.5214312367997036,-3.5183326860541415,-3.5152334558845832,-3.512133691325288,-3.5090335078647006,-3.5059329977050577,-3.502832234649953,-3.499731277929823,-3.4966301752033564,-3.493528964917987,-3.4904276781707675,-3.487326340178867,-3.484224971444334,-3.4811235886788765,-3.478022205539831,-3.474920833217247,-3.4718194809032976,-3.4687181561684826,-3.4656168652638226,-3.462515613364175,-3.4594144047645887,-3.4563132430391263,-3.453212131169624,-3.4501110716503107,-3.447010066573016,-3.4439091176967143,-3.4408082265044193,-3.4377073942498306,-3.434606621995667,-3.431505910645234,-3.428405260968479,-3.4253046736235477,-3.4222041491746538,-3.419103688106923,-3.416003290838759,-3.4129029577321686,-3.4098026891013826,-3.4067024852200967,-3.4036023463275513,-3.400502272633655,-3.397402264323303,-3.3943023215600405,-3.3912024444891693,-3.388102633240388,-3.385002887930052,-3.3819032086631027,-3.3788035955347326,-3.375704048631819,-3.372604568034166,-3.369505153815591,-3.3664058060448796,-3.3633065247866263,-3.3602073101019894,-3.357108162049365,-3.354009080685009,-3.3509100660636104,-3.347811118238829,-3.3447122372638085,-3.3416134231916805,-3.338514676076059,-3.3354159959715473,-3.3323173829342503,-3.3292188370223235,-3.3261203582965515,-3.3230219468209743,-3.31992360266358,-3.316825325897067,-3.3137271165997033,-3.3106289748562996,-3.3075309007593106,-3.304432894410105,-3.3013349559204275,-3.2982370854140908,-3.2951392830289468,-3.2920415489191863,-3.2889438832580407,-3.2858462859690065,-3.282748756982369,-3.2796512962345754,-3.2765539036676707,-3.273456579228797,-3.2703593228697376,-3.267262134546516,-3.264165014219027,-3.2610679618507126,-3.2579709774082595,-3.2548740608613365,-3.2517772121823496,-3.248680431346221,-3.2455837183301948,-3.2424870731136504,-3.2393904956779442,-3.2362939860062574,-3.2331975440834615,-3.2301011698959945,-3.227004863431748,-3.223908624679966,-3.2208124536311495,-3.2177163502769752,-3.2146203146102175,-3.211524346624677,-3.20842844631512,-3.2053326136772253,-3.2022368487075314,-3.199141151403395,-3.196045521762957,-3.19294995978511,-3.189854465469481,-3.186759038816418,-3.183663679826984,-3.1805683885029703,-3.177473164846912,-3.1743780088621283,-3.171282920552781,-3.1681878999239586,-3.1650929469817877,-3.1619980617335894,-3.1589032441880853,-3.155808494355669,-3.152713812248766,-3.149619197882301,-3.146524651274316,-3.1434301724467724,-3.1403357614266065,-3.1372414182471147,-3.1341471429497663,-3.131052935586596,-3.1279587962233526,-3.1248647249436634,-3.1217707218545456,-3.118676787093722,-3.115582920839357,-3.1124891233230403,-3.1093953948471484,-3.1063017358081164,-3.1032081467277077,-3.1001146282951515,-3.097021181424044,-3.0939278073294005,-3.0908345076322603,-3.087741284502045,-3.0846481408508026,-3.081555080598929,-3.078462109039581,-3.075369233339724,-3.072276463230795,-3.0691838119631756,-3.0660912976286,-3.062998944996991,-3.0599067880743407,-3.0568148736737135,-3.0537232664132916,-3.050632055729405,-3.0475413657416865,-3.044451369165059,-3.041362306977489,-3.0382745162934666,-3.0351884699631655,-3.0321048329649427,-3.0290245429011025,-3.025948925159322,-3.0228798580235647,-3.0198200098725776,-3.0167731805459956,-3.013744793345021,-3.0107426048625423,-3.007777729476205,-3.0048661171960327,-3.0020306814958464,-2.9993043513391204,-2.9967344197327797,-2.9943886724891153,-2.9923638783538316,-2.990797237035427,-2.989881172414139
-3.5925016889871473,-3.5917120264367024,-3.5903436589578277,-3.5885478928699555,-3.5864344314862295,-3.5840835159205877,-3.581554265416573,-3.5788905050515334,-3.576124894303055,-3.5732818849882704,-3.570379860237742,-3.5674326932441454,-3.564450890613989,-3.5614424357287255,-3.5584134138685624,-3.555368477581271,-3.552311194476242,-3.5492443080787335,-3.5461699341270756,-3.543089708751255,-3.5400049006606804,-3.536916496325176,-3.533825264828967,-3.5307318073810294,-3.5276365952112494,-3.5245399986517953,-3.52144230951088,-3.5183437583293315,-3.5152445277235262,-3.5121447627277593,-3.509044578830507,-3.5059440682340326,-3.502843304741949,-3.4997423475847116,-3.4966412444210206,-3.493540033698322,-3.4904387465136786,-3.487337408084268,-3.484236038912144,-3.48113465570902,-3.4780332721322362,-3.4749318993718465,-3.471830546620027,-3.46872922144728,-3.465627930104629,-3.462526677766934,-3.4594254687292447,-3.456324306565625,-3.4532231942579106,-3.450122134300333,-3.4470211287847228,-3.4439201794700547,-3.440819287839343,-3.437718455146288,-3.4346176824536094,-3.431516970664613,-3.4284163205492453,-3.4253157327656534,-3.4222152078780503,-3.419114746371563,-3.416014348664597,-3.412914015119155,-3.4098137460494695,-3.4067135417292365,-3.4036134023976987,-3.400513328264763,-3.397413319515325,-3.3943133763129314,-3.391213498802881,-3.3881136871148736,-3.3850139413652656,-3.381914261658997,-3.37881464809126,-3.3757151007489323,-3.3726156197118184,-3.3695162050537357,-3.366416856843471,-3.3633175751456195,-3.360218360021337,-3.3571192115290196,-3.354020129724925,-3.3509211146637403,-3.3478221663991263,-3.344723284984228,-3.3416244704721754,-3.3385257229165832,-3.3354270423720536,-3.332328428894693,-3.329229882542655,-3.3261314033767255,-3.323032991460944,-3.3199346468632984,-3.316836369656488,-3.3137381599187803,-3.3106400177349857,-3.3075419431975597,-3.304443936407871,-3.3013459974776627,-3.298248126530748,-3.2951503237049784,-3.292052589154545,-3.288954923052679,-3.2858573253228776,-3.282759795895427,-3.2796623347067726,-3.2765649416989597,-3.2734676168191297,-3.2703703600190677,-3.267273171254797,-3.2641760504862125,-3.261078997676755,-3.2579820127931134,-3.2548850958049558,-3.2517882466846872,-3.2486914654072305,-3.2455947519498283,-3.242498106291862,-3.239401528414687,-3.2363050183014845,-3.2332085759371263,-3.23011220130805,-3.227015894402148,-3.2239196552086633,-3.2208234837180982,-3.217727379922129,-3.2146313438135294,-3.2115353753861,-3.2084394746346088,-3.205343641554733,-3.2022478761430113,-3.199152178396801,-3.196056548314242,-3.1929609858942287,-3.1898654911363873,-3.1867700640410646,-3.1836747046093246,-3.180579412842957,-3.177484188744498,-3.1743890323172663,-3.171293943565426,-3.1681989224940645,-3.1651039691093095,-3.162009083418481,-3.1589142654303,-3.1558195151551605,-3.1527248326054873,-3.1496302177962052,-3.1465356707453567,-3.1434411914749023,-3.14034678001178,-3.137252436389284,-3.1341581606488846,-3.1310639528426165,-3.127969813036229,-3.1248757413133497,-3.121781737780996,-3.1186878025768903,-3.1155939358791964,-3.112500137919504,-3.10940640900019,-3.106312749517688,-3.1032191599937633,-3.1001256411176463,-3.0970321938029306,-3.0939388192646327,-3.0908455191237905,-3.0877522955498256,-3.0846591514547885,-3.081566090759075,-3.0784731187558414,-3.0753802426120527,-3.072287472059146,-3.069194820347504,-3.066102305568861,-3.063009952493142,-3.0599177951263403,-3.056825880281525,-3.05373427257688,-3.0506430614487408,-3.0475523710167507,-3.044462373995846,-3.041373311364012,-3.038285520235768,-3.035199473461331,-3.032115836019121,-3.0290355455115368,-3.025959927326394,-3.0228908597478616,-3.0198310111549884,-3.0167841813878606,-3.013755793748351,-3.0107536048303363,-3.007788729012934,-3.0048771163083448,-3.0020416801936136,-2.9993153496369764,-2.9967454176523574,-2.994399670062266,-2.9923748756271666,-2.990808234076532,-2.98989216931968
-3.592512383550165,-3.5917227209029816,-3.590354353254797,-3.5885585869424794,-3.586445125292008,-3.584094209426919,-3.5815649585980145,-3.5789011978881944,-3.5761355867793148,-3.573292577091817,-3.570390551958841,-3.567443384575076,-3.564461581548609,-3.5614531262621343,-3.558424103996841,-3.5553791673012767,-3.5523218837854484,-3.549254996975099,-3.54618062260895,-3.5431003968172994,-3.540015588309802,-3.5369271835564797,-3.5338359516417204,-3.5307424937746275,-3.5276472811851898,-3.5245506842056606,-3.521452994644319,-3.518354443042047,-3.515255212015266,-3.5121554465983076,-3.5090552622796785,-3.5059547512616662,-3.502853987347905,-3.499753029768863,-3.4966519261832567,-3.49355071503854,-3.4904494274317877,-3.4873480885801835,-3.4842467189857875,-3.481145335360317,-3.47804395136112,-3.4749425781782524,-3.4718412250038937,-3.468739899408549,-3.4656386076432444,-3.4625373548828375,-3.459436145422382,-3.4563349828359446,-3.453233870105362,-3.450132809724866,-3.4470318037862886,-3.4439308540486047,-3.440829961994829,-3.4377291288786624,-3.434628355762824,-3.43152764355062,-3.428426993011997,-3.425326404805103,-3.422225879494151,-3.4191254175642696,-3.416025019433864,-3.412924685464937,-3.409824415971721,-3.406724211227912,-3.403624071472751,-3.4005239969161463,-3.397423987742994,-3.3943240441168405,-3.3912241661829863,-3.388124354071131,-3.385024607897629,-3.3819249277674226,-3.378825313775704,-3.375725766009348,-3.3726262845481614,-3.369526869465961,-3.366427520831533,-3.3633282387094723,-3.360229023160937,-3.3571298742443223,-3.354030792015885,-3.350931776530314,-3.3478328278412683,-3.344733946001893,-3.3416351310653183,-3.3385363830851587,-3.335437702116017,-3.332339088214,-3.3292405414372617,-3.326142061846585,-3.323043649506013,-3.3199453044835314,-3.3168470268518404,-3.3137488166892077,-3.3106506740804424,-3.3075525991180004,-3.3044545919032493,-3.3013566525479345,-3.298258781175868,-3.295160977924901,-3.292063242949225,-3.2889655764220707,-3.2858679782669347,-3.2827704484141025,-3.2796729868000214,-3.276575593366737,-3.2734782680613908,-3.2703810108357674,-3.2672838216458895,-3.264186700451653,-3.261089647216499,-3.257992661907115,-3.2548957444931688,-3.2517988949470666,-3.248702113243732,-3.245605399360407,-3.2425087532764736,-3.2394121749732867,-3.2363156644340285,-3.233219221643569,-3.2301228465883454,-3.227026539256251,-3.223930299636529,-3.2208341277196815,-3.217738023497384,-3.214641986962411,-3.2115460181085638,-3.2084501169306097,-3.2053542834242266,-3.2022585175859546,-3.1991628194131487,-3.196067188903949,-3.1929716260572496,-3.1898761308726766,-3.186780703350579,-3.1836853434920207,-3.18059005129879,-3.1774948267734224,-3.1743996699192376,-3.171304580740399,-3.168209559241993,-3.165114605430148,-3.1620197193121844,-3.1589249008968228,-3.1558301501944586,-3.1527354672175147,-3.1496408519809185,-3.1465463045027104,-3.1434518248048526,-3.1403574129142817,-3.137263068864293,-3.1341687926963555,-3.131074584462504,-3.1279804442284886,-3.1248863720779374,-3.121792368117866,-3.118698432485998,-3.115604565360497,-3.1125107669729526,-3.1094170376257426,-3.1063233777152996,-3.10322978776339,-3.1001362684592415,-3.097042820716451,-3.0939494457500323,-3.0908561451810246,-3.0877629211788498,-3.084669776655557,-3.0815767155315426,-3.078483743099965,-3.075390866527787,-3.072298095546447,-3.0692054434063283,-3.0661129281991655,-3.0630205746948858,-3.0599284168994836,-3.0568365016260297,-3.053744893492714,-3.050653681935878,-3.0475629910751727,-3.0444729936255457,-3.0413839305650026,-3.0382961390080916,-3.0352100918050704,-3.03212645393442,-3.029046162998629,-3.025970544385648,-3.022901476379843,-3.019841627360557,-3.01679479716831,-3.01376640910562,-3.010764219767319,-3.007799343533944,-3.004887730419795,-3.0020522939050323,-2.999325962962485,-2.9967560306128322,-2.9944102826884453,-2.9923854879640297,-2.9908188461892946,-2.989902781301626
-3.592522703637445,-3.5917330408969113,-3.590364673085347,-3.5885689065564472,-3.586455444648576,-3.584104528494529,-3.5815752773521172,-3.578911516309593,-3.5761459048529347,-3.5733028948057783,-3.5704008693037492,-3.567453701543479,-3.5644718981345798,-3.561463442460947,-3.558434419804714,-3.555389482715176,-3.552332198802933,-3.549265311594203,-3.54619093682808,-3.5431107106351614,-3.5400259017253446,-3.5369374965688407,-3.533846264250191,-3.5307528059786235,-3.527657592984227,-3.524560995599334,-3.5214633056322886,-3.5183647536240295,-3.5152655221910196,-3.5121657563676236,-3.5090655716423793,-3.505965060217595,-3.502864295896925,-3.499763337910853,-3.496662233918108,-3.4935610223661566,-3.490459734352081,-3.48735839509307,-3.484257025091193,-3.481155641058172,-3.4780542566513573,-3.4749528830608094,-3.4718515294787107,-3.468750203475568,-3.465648911302409,-3.462547658134097,-3.459446448265685,-3.45634528527124,-3.4532441721326,-3.450143111343998,-3.4470421049972657,-3.4439411548513794,-3.4408402623893535,-3.4377394288648913,-3.434638655340711,-3.4315379427201207,-3.4284372917730677,-3.425336703157698,-3.4222361774382257,-3.4191357150997774,-3.4160353165607606,-3.4129349821831787,-3.4098347122812656,-3.4067345071287156,-3.4036343669647704,-3.4005342919993384,-3.3974342824173154,-3.394334338382247,-3.3912344600394335,-3.3881346475185756,-3.3850349009360277,-3.3819352203967297,-3.3788356059958766,-3.375736057820344,-3.3726365759499375,-3.3695371604584747,-3.36643781141474,-3.3633385288833306,-3.3602393129254007,-3.357140163599348,-3.3540410809614296,-3.350942065066334,-3.3478431159677213,-3.3447442337187363,-3.3416454183725093,-3.3385466699826547,-3.3354479886037742,-3.332349374291974,-3.32925082710541,-3.3261523471048653,-3.32305393435438,-3.319955588921942,-3.3168573108802515,-3.3137591003075753,-3.310660957288724,-3.3075628819161507,-3.3044648742912255,-3.301366934525692,-3.298269062743363,-3.2951712590820894,-3.2920735236960637,-3.288975856758515,-3.285878258192941,-3.2827807279296284,-3.2796832659050237,-3.2765858720611716,-3.273488546345213,-3.270391288708934,-3.267294099108357,-3.264196977503378,-3.2610999238574365,-3.2580029381372224,-3.254906020312403,-3.251809170355383,-3.2487123882410875,-3.245615673946758,-3.2425190274517757,-3.2394224487374967,-3.236325937787102,-3.233229494585464,-3.2301331191190195,-3.2270368113756605,-3.2239405713446296,-3.2208443990164297,-3.2177482943827376,-3.2146522574363265,-3.211556288170998,-3.2084603865815184,-3.205364552663567,-3.2022687864136814,-3.19917308782922,-3.1960774569083217,-3.1929818936498813,-3.189886398053526,-3.1867909701196013,-3.183695609849171,-3.180600317244025,-3.1775050923066983,-3.1744099350405124,-3.1713148454496287,-3.1682198235391352,-3.1651248693151595,-3.1620299827850213,-3.1589351639574423,-3.1558404128428172,-3.1527457294535703,-3.149651113804627,-3.1465565659140284,-3.1434620858037365,-3.1403676735006876,-3.1372733290381776,-3.134179052457677,-3.1310848438112195,-3.1279907031645555,-3.1248966306013113,-3.121802626228504,-3.1187086901838565,-3.115614822645533,-3.1125210238451237,-3.109427294085004,-3.1063336337616083,-3.1032400433967022,-3.1001465236795145,-3.0970530755236405,-3.093959700144096,-3.090866399161919,-3.0877731747465322,-3.084680029809985,-3.0815869682726724,-3.078493995427752,-3.0754011184421897,-3.072308347047422,-3.0692156944938342,-3.066123178873162,-3.0630308249553324,-3.059938666746342,-3.0568467510592647,-3.053755142512293,-3.050663930541774,-3.0475732392673667,-3.044483241404034,-3.041394177929798,-3.0383063859592334,-3.0352203383426395,-3.0321367000585555,-3.0290564087095566,-3.025980789683723,-3.02291172126561,-3.0198518718348457,-3.0168050412323697,-3.0137766527613215,-3.0107744630174555,-3.007809586382676,-3.004897972873313,-3.0020625359725286,-2.9993362046575873,-2.9967662719556847,-2.994420523708707,-2.9923957287051053,-2.990829086714118,-2.9899130217002132
-3.5925326622364917,-3.5917429994058803,-3.5903746314366614,-3.5885788646987664,-3.5864654025425122,-3.5841144861096303,-3.581585234664693,-3.5789214733011225,-3.5761558615088704,-3.573312851114656,-3.5704108252565048,-3.567463657132922,-3.5644818533549922,-3.5614733973077644,-3.558444374274288,-3.5553994368045796,-3.552342152509813,-3.5492752649166603,-3.5462008897645787,-3.543120663184453,-3.5400358538864123,-3.536947448340853,-3.533856215632463,-3.530762756970591,-3.527667543585422,-3.524570945809368,-3.521473255450836,-3.5183747030508137,-3.515275471225806,-3.512175705010212,-3.5090755198925954,-3.5059750080752887,-3.5028742433619637,-3.4997732849831205,-3.4966721805974994,-3.4935709686525778,-3.4904696802454467,-3.4873683405933034,-3.4842669701982203,-3.4811655857719273,-3.4780642009717773,-3.4749628269878325,-3.471861473012279,-3.4687601466156277,-3.4656588540489066,-3.462557600486981,-3.459456390224905,-3.456355226836747,-3.453254113304347,-3.4501530521219363,-3.44705204538135,-3.4439510948415637,-3.440850201985594,-3.4377493680671427,-3.4346485941489298,-3.431547881134262,-3.428447229793088,-3.4253466407835536,-3.4222461146698726,-3.419145651937175,-3.416045253003865,-3.412944918231948,-3.409844647935655,-3.4067444423886837,-3.4036443018302753,-3.400544226470337,-3.397444216493766,-3.394344272064108,-3.3912443933266636,-3.388144580411131,-3.385044833433867,-3.381945152499813,-3.378845537704161,-3.375745989133788,-3.3726465068684988,-3.36954709098211,-3.3664477415434098,-3.3633484586169913,-3.360249242264013,-3.3571500925428706,-3.3540510095098206,-3.3509519932195517,-3.3478530437257223,-3.3447541610814784,-3.3416553453399507,-3.3385565965547537,-3.3354579147804895,-3.332359300073264,-3.3292607524912325,-3.326162272095178,-3.3230638589491415,-3.3199655131211108,-3.3168672346837846,-3.313769023715431,-3.31067088030086,-3.3075728045325263,-3.3044747965117987,-3.3013768563504207,-3.2982789841722053,-3.295181180115003,-3.292083444333005,-3.2889857769994424,-3.285888178037812,-3.2827906473784,-3.2796931849576536,-3.276595790717617,-3.2734984646054324,-3.2704012065728842,-3.2673040165759963,-3.264206894574664,-3.2611098405323293,-3.258012854415679,-3.254915936194381,-3.2518190858408413,-3.2487223033299837,-3.24562558863905,-3.2425289417474215,-3.239432362636455,-3.2363358512893314,-3.2332394076909217,-3.2301430318276627,-3.227046723687447,-3.2239504832595194,-3.2208543105343805,-3.217758205503707,-3.214662168160273,-3.2115661984978794,-3.208470296511294,-3.2053744621961937,-3.202278695549119,-3.199182996567426,-3.1960873652492543,-3.1929918015934975,-3.1898963055997838,-3.186800877268459,-3.183705516600588,-3.1806102235979594,-3.1775149982631095,-3.1744198405993562,-3.1713247506108635,-3.1682297283027196,-3.1651347736810513,-3.1620398867531794,-3.158945067527826,-3.1558503160153832,-3.1527556322282773,-3.1496610161814336,-3.1465664678928933,-3.143471987384618,-3.1403775746835447,-3.137283229822968,-3.134188952844359,-3.1310947437997507,-3.1280006027548932,-3.124906529793415,-3.121812525022333,-3.1187185885793687,-3.1156247206426864,-3.112530921443876,-3.1094371912853136,-3.106343530563435,-3.1032499398000035,-3.1001564196842484,-3.0970629711297644,-3.09396959535157,-3.090876293970701,-3.0877830691565786,-3.0846899238212533,-3.0815968618851213,-3.078503888641341,-3.075411011256878,-3.0723182394631694,-3.0692255865106,-3.066133070490906,-3.063040716174016,-3.0599485575659284,-3.056856641479719,-3.053765032533585,-3.0506738201638792,-3.0475831284902686,-3.044493130227726,-3.041404066354292,-3.0383162739845666,-3.0352302259688875,-3.032146587285853,-3.0290662955381205,-3.025990676113896,-3.0229216072979206,-3.019861757470094,-3.0168149264717607,-3.01378653760666,-3.010784347471438,-3.007819470449318,-3.0049078565585896,-3.00207241928531,-2.999346087611022,-2.996776154569211,-2.9944304060109475,-2.992405610737942,-2.99083896853828,-2.989922903402562
-3.592542271892993,-3.59175260897546,-3.5903842408541107,-3.588588473914546,-3.586475011518615,-3.58412409481667,-3.581594843079811,-3.578931081406443,-3.57616546929036,-3.5733224585612517,-3.5704204323594593,-3.5674732638852964,-3.5644914597512662,-3.5614830033435387,-3.558453979946042,-3.555409042109489,-3.5523517574456056,-3.5492848694815025,-3.5462104939569876,-3.5431302670032254,-3.540045457330565,-3.5369570514095825,-3.533865818325112,-3.5307723592866167,-3.5276771455243736,-3.5245805473708685,-3.5214828566345706,-3.5183843038565157,-3.515285071653249,-3.5121853050592042,-3.5090851195629704,-3.5059846073669014,-3.5028838422746866,-3.4997828835168403,-3.4966817787521154,-3.4935805664279984,-3.490479277641588,-3.4873779376100904,-3.484276566835584,-3.481175182029801,-3.478073796850098,-3.4749724224865437,-3.471871068131326,-3.4687697413549574,-3.465668448408467,-3.4625671944667227,-3.459465983824779,-3.4563648200567063,-3.4532637061443445,-3.450162644581928,-3.4470616374612906,-3.4439606865414096,-3.440859793305301,-3.437758959006668,-3.434658184708231,-3.4315574713132966,-3.4284568195918133,-3.42535623020193,-3.422255703707858,-3.419155240594727,-3.416054841280944,-3.4129545061285125,-3.409854235451665,-3.4067540295240972,-3.403653888585051,-3.4005538128444353,-3.3974538024871452,-3.3943538576767267,-3.3912539785584817,-3.388154165262109,-3.385054417903963,-3.381954736588988,-3.3788551214123737,-3.375755572460997,-3.3726560898146647,-3.3695566735471942,-3.36645732372737,-3.363358040419788,-3.3602588236856055,-3.3571596735832183,-3.3540605901688836,-3.3509615734972895,-3.347862623622096,-3.3447637405964477,-3.3416649244734744,-3.3385661753067906,-3.3354674931509987,-3.3323688780622054,-3.3292703300985655,-3.3261718493208625,-3.3230734357931375,-3.319975089583378,-3.3168768107642825,-3.3137785994141193,-3.310680455617698,-3.307582379467474,-3.304484371064815,-3.3013864305214646,-3.2982885579612353,-3.295190753521979,-3.2920930173578875,-3.28899534964219,-3.285897750298384,-3.282800219256755,-3.27970275645375,-3.2766053618314155,-3.2735080353368917,-3.2704107769219637,-3.267313586542655,-3.2642164641588627,-3.2611194097340266,-3.2580224232348343,-3.2549255046309544,-3.251828653894792,-3.2487318710012705,-3.2456351559276326,-3.24253850865326,-3.2394419291595082,-3.2363454174295585,-3.2332489734482825,-3.2301525972021174,-3.2270562886789556,-3.2239600478680397,-3.2208638747598726,-3.2177677693461315,-3.2146717316195894,-3.2115757615740472,-3.208479859204273,-3.2053840245059444,-3.2022882574755998,-3.199192558110597,-3.1960969264090755,-3.1930013623699294,-3.1899058659927846,-3.1868104372779884,-3.1837150762266058,-3.1806197828404246,-3.1775245571219815,-3.1744293990745964,-3.1713343087024315,-3.1682392860105746,-3.1651443310051537,-3.162049443693489,-3.1589546240843025,-3.155859872187987,-3.1527651880169683,-3.149670571586171,-3.1465760229136364,-3.143481542021326,-3.140387128936177,-3.137292783691484,-3.1341985063287177,-3.131104296899913,-3.1280101554708195,-3.124916082125065,-3.1218220769696656,-3.118728140142345,-3.115634271821265,-3.1125404722380177,-3.1094467416949776,-3.1063530805885797,-3.103259489440589,-3.100165968940234,-3.097072520001111,-3.093979143838235,-3.090885842072644,-3.0877926168737604,-3.084699471153634,-3.081606408832662,-3.078513435204,-3.0754205574346156,-3.072327785255947,-3.0692351319183784,-3.0661426155136486,-3.0630502608116847,-3.059958101818487,-3.0568661853471344,-3.0537745760158272,-3.050683363260924,-3.0475926712020978,-3.044502672554336,-3.041413608295694,-3.038325815540799,-3.0352397671400246,-3.0321561280720233,-3.0290758359395347,-3.0260002161308845,-3.022931146930992,-3.0198712967200203,-3.0168244653397047,-3.0137960760943634,-3.010793885581502,-3.007829008185618,-3.0049173939268883,-3.002081956294169,-2.9993556242731296,-2.9967856909033252,-2.9944399420446857,-2.9924151465117195,-2.990848504110697,-2.9899324388574353
-3.592551544725291,-3.5917618817238828,-3.5903935134557363,-3.5885977463215712,-3.5864842836943662,-3.584133366732793,-3.581604114714247,-3.5789403527419443,-3.576174740313383,-3.5733317292611235,-3.5704297027277376,-3.5674825339152862,-3.564500729437644,-3.5614922726820546,-3.558463248933299,-3.5554183107427613,-3.552361025722702,-3.5492941374006546,-3.546219761516763,-3.5431395342024627,-3.5400547241683187,-3.5369663178850783,-3.533875084437714,-3.530781625035799,-3.527686410909701,-3.524589812391978,-3.521492121291157,-3.5183935681483223,-3.515294335580058,-3.5121945686208282,-3.509094382759248,-3.505993870197694,-3.50289310473987,-3.499792145616306,-3.496691040485766,-3.493589827795747,-3.4904885386433557,-3.4873871982458033,-3.484285827105175,-3.4811844419332076,-3.4780830563872622,-3.474981681657407,-3.471880326935835,-3.4687789997930594,-3.465677706480114,-3.462576452171865,-3.459475241163372,-3.4563740770287037,-3.4532729627497023,-3.450171900820602,-3.447070893333239,-3.4439699420465892,-3.44086904844367,-3.4377682137781855,-3.4346674391128564,-3.431566725350989,-3.4284660732625314,-3.425365483505632,-3.4222649566445056,-3.4191644931642795,-3.4160640934833606,-3.412963757963753,-3.4098634869196913,-3.40676328062487,-3.403663139318532,-3.4005630632105848,-3.397463052485924,-3.3943631073080955,-3.3912632278224004,-3.388163414158538,-3.385063666432865,-3.3819639847503224,-3.378864369206103,-3.375764819887082,-3.3726653368730655,-3.369565920237871,-3.3664665700502843,-3.363367286374901,-3.3602680692728777,-3.357168918802611,-3.3540698350203577,-3.3509708179808073,-3.3478718677376182,-3.344772984343935,-3.3416741678528896,-3.338575418318095,-3.3354767357941526,-3.3323781203371694,-3.329279572005301,-3.326181090859331,-3.3230826769633,-3.3199843303851946,-3.3168860511977143,-3.313787839479128,-3.310689695314245,-3.3075916187955197,-3.3044936100243203,-3.3013956691123907,-3.2982977961835425,-3.295199991375627,-3.292102254842837,-3.2890045867584017,-3.2859069870458173,-3.2828094556353706,-3.279711992463509,-3.2766145974722773,-3.273517270608819,-3.2704200118249176,-3.267322821076596,-3.2642256983237514,-3.261128643529823,-3.2580316566614997,-3.2549347376884494,-3.2518378865830777,-3.2487411033203086,-3.2456443878773835,-3.242547740233685,-3.2394511603705682,-3.236354648271215,-3.2332582039204953,-3.2301618273048485,-3.2270655184121657,-3.2239692772316904,-3.2208731037539247,-3.217776997970546,-3.2146809598743262,-3.2115849894590682,-3.2084890867195393,-3.2053932516514174,-3.202297484251241,-3.199201784516367,-3.1961061524449352,-3.1930105880358393,-3.189915091288705,-3.1868196622038805,-3.1837243007824307,-3.1806290070261443,-3.1775337809375572,-3.1744386225199888,-3.171343531777602,-3.168248508715486,-3.1651535533397666,-3.1620586656577636,-3.1589638456782,-3.1558690934114697,-3.1527744088699965,-3.1496797920687056,-3.146585243025639,-3.143490761762758,-3.140396348307,-3.137302002691659,-3.1342077249582054,-3.1311135151586744,-3.1280193733588155,-3.1249252996422565,-3.1218312941160127,-3.118737356917808,-3.1156434882258077,-3.1125496882715993,-3.1094559573575595,-3.1063622958801234,-3.1032687043610556,-3.100175183489586,-3.0970817341793087,-3.0939883576452405,-3.0908950555084185,-3.087801829938264,-3.084708683846828,-3.081615621154508,-3.0785226471544602,-3.075429769013651,-3.072336996463519,-3.0692443427544496,-3.06615182597818,-3.0630594709046424,-3.059967311539837,-3.056875394696844,-3.0537837849938665,-3.0506925718672693,-3.0476018794367348,-3.0445118804172577,-3.041422815786913,-3.0383350226603496,-3.0352489738879775,-3.0321653344485044,-3.029085041944748,-3.0260094217651483,-3.0229403521947984,-3.0198805016141135,-3.016833669865207,-3.0138052802529565,-3.0108030893756954,-3.0078382116191515,-3.004926597005324,-3.0020911590257664,-2.9993648266701323,-2.9967948929838326,-2.9944491438353467,-2.992424348051534,-2.99085770545621,-2.989941640089527
-3.592560492438386,-3.5917708293560446,-3.59040246094625,-3.58860669362431,-3.58649323077394,-3.5841423135618413,-3.5816130612714843,-3.5789492990107292,-3.5761836862806464,-3.573340674916565,-3.570438648063212,-3.5674914789243344,-3.5645096741151256,-3.5615012170238733,-3.558472192936176,-3.555427254404068,-3.5523699690403236,-3.5493030803728844,-3.5462287041422207,-3.543148476480026,-3.5400636660970735,-3.5369752594642776,-3.533884025666744,-3.5307905659141543,-3.527695351436962,-3.5245987525677944,-3.521501061115236,-3.5184025076204155,-3.5153032746999546,-3.5122035073883477,-3.5091033211742357,-3.506002808260013,-3.502902042449404,-3.49980108297295,-3.496699977489426,-3.4935987644463387,-3.4904974749408018,-3.4873961341900337,-3.4842947626961234,-3.481193377170811,-3.478091991271464,-3.4749906161881547,-3.4718892611130765,-3.468787933616744,-3.465686639950195,-3.4625853852882966,-3.459484173926109,-3.4563830094377015,-3.4532818948049187,-3.450180832521996,-3.4470798246807672,-3.4439788730402117,-3.440877979083347,-3.437777144063876,-3.4346763690445203,-3.4315756549285865,-3.4284750024860244,-3.425374412374982,-3.4222738851596723,-3.419173421325225,-3.416073021290046,-3.41297268541614,-3.4098724140177405,-3.4067722073685447,-3.4036720657077937,-3.4005719892453947,-3.3974719781662452,-3.39437203263389,-3.391272152793631,-3.3881723387751674,-3.385072590694855,-3.381972908657636,-3.3788732927587017,-3.3757737430849293,-3.3726742597161246,-3.369574842726104,-3.3664754921836537,-3.363376208153368,-3.3602769906964056,-3.357177839871163,-3.3540787557338962,-3.3509797383392943,-3.347880787741015,-3.344781903992204,-3.3416830871459924,-3.338584337255994,-3.3354856543768103,-3.3323870385645487,-3.329288489877365,-3.326190008376042,-3.3230915941246204,-3.319993247191087,-3.3168949676481407,-3.3137967555740504,-3.310698611053626,-3.307600534179322,-3.304502525052506,-3.301404583784922,-3.2983067105003823,-3.2952089053367373,-3.292111168448179,-3.2890135000079375,-3.28591589993951,-3.282818368173182,-3.2797209046454,-3.276623509298211,-3.273526182078755,-3.270428922938818,-3.267331731834424,-3.2642346087254697,-3.2611375535753933,-3.2580405663508847,-3.254943647021611,-3.2518467955599775,-3.2487500119409094,-3.2456532961416484,-3.2425566481415755,-3.2394600679220455,-3.2363635554662427,-3.2332671107590363,-3.230170733786865,-3.2270744245376197,-3.223978183000545,-3.220882009166143,-3.21778590302609,-3.2146898645731596,-3.211593893801152,-3.2084979907048345,-3.205402155279887,-3.2023063875228477,-3.1992106874310737,-3.1961150550027035,-3.1930194902366327,-3.1899239931324868,-3.186828563690613,-3.1837332019120765,-3.180637907798666,-3.1775426813529166,-3.174447522578149,-3.1713524314785255,-3.168257408059134,-3.165162452326101,-3.1620675642867466,-3.1589727439497937,-3.155877991325636,-3.1527833064266986,-3.149688689267906,-3.146594139867302,-3.1434996582468453,-3.1404052444334742,-3.137310898460483,-3.134216620369343,-3.1311224102120874,-3.128028268054466,-3.1249341939801067,-3.121840188096026,-3.118746250539946,-3.1156523814900314,-3.112558581177873,-3.1094648499058453,-3.106371188070383,-3.103277596193252,-3.1001840749636806,-3.097090625295264,-3.0939972484030194,-3.0909039459079835,-3.087810719979579,-3.0847175735298555,-3.0816245104792093,-3.0785315361207988,-3.0754386576215897,-3.072345884713021,-3.0692532306454776,-3.0661607135107,-3.063068358078618,-3.059976198355235,-3.0568842811536334,-3.0537926710920207,-3.050701457606766,-3.047610764817558,-3.0445207654394038,-3.0414317004503912,-3.038343906965196,-3.0352578578342606,-3.0321742180363445,-3.0290939251743403,-3.0260183046368025,-3.0229492347089857,-3.0198893837715537,-3.0168425516669823,-3.0138141617006884,-3.010811970471806,-3.0078470923672493,-3.004935477410776,-3.0021000390965424,-2.999373706418047,-2.996803772426351,-2.9944580229981854,-2.9924332269723233,-2.990866584189513,-2.989950518713385
-3.5925691263374664,-3.5917794631770303,-3.590411094630555,-3.588615327127426,-3.586501864061721,-3.5841509466078874,-3.5816216940552574,-3.578957931516169,-3.576192318495144,-3.5733493068301816,-3.5704472796680893,-3.567500110214238,-3.5645183050850986,-3.5615098476699587,-3.5584808232552096,-3.5554358843935137,-3.552378598698141,-3.5493117096974256,-3.546237333132154,-3.543157105134269,-3.5400722944147445,-3.5369838874446557,-3.5338926533092367,-3.5307991932182725,-3.5277039784023003,-3.524607379194015,-3.5215096874020544,-3.5184111335675943,-3.515311900307292,-3.512212132655671,-3.509111946101394,-3.506011432846876,-3.502910666695856,-3.499809706878888,-3.496708601054761,-3.4936073876709908,-3.4905060978246967,-3.487404756733103,-3.4843033848983027,-3.481201999032043,-3.4781006127916934,-3.4749992373673293,-3.4718978819511466,-3.4687965541136627,-3.465695260105915,-3.4625940051027735,-3.459492793399299,-3.4563916285695635,-3.45329051359541,-3.450189450971075,-3.447088442788394,-3.443987490806346,-3.44088659650795,-3.43778576114691,-3.4346849857859456,-3.431584271328366,-3.4284836185441203,-3.4253830280913555,-3.422282500534288,-3.4191820363580447,-3.4160816359810346,-3.4129812997652604,-3.409881028024955,-3.406780821033817,-3.4036806790310865,-3.4005806022266714,-3.397480590805469,-3.3943806449310245,-3.3912807647486387,-3.388180950388014,-3.385081201965503,-3.381981519586048,-3.378881903344842,-3.3757823533287623,-3.372682869617612,-3.3695834522852097,-3.3664841014003426,-3.3633848170276046,-3.360285599228153,-3.3571864480603857,-3.3540873635805575,-3.350988345843358,-3.3478893949024453,-3.344790510810964,-3.3416916936220464,-3.3385929433893056,-3.3354942601673443,-3.3323956440122693,-3.3292970949822354,-3.3261986131380255,-3.3231001985436808,-3.3200018512671887,-3.3169035713812476,-3.313805358964126,-3.3107072141006335,-3.3076091368832246,-3.3045111274132677,-3.301413185802505,-3.29831531217475,-3.295217506667854,-3.292119769436008,-3.289022100652441,-3.2859245002406516,-3.2828269681309252,-3.279729504259709,-3.2766321085690495,-3.273534781006087,-3.2704375215226063,-3.267340330074631,-3.2642432066220577,-3.261146151128327,-3.2580491635601274,-3.254952243887126,-3.2518553920817297,-3.248758608118861,-3.245661891975763,-3.242565243631817,-3.2394686630683784,-3.236372150268629,-3.233275705217441,-3.2301793279012507,-3.2270830183079515,-3.2239867764267864,-3.2208906022482573,-3.217794495764041,-3.214698456966911,-3.211602485850669,-3.208506582410081,-3.2054107466408266,-3.202314978539443,-3.199219278103288,-3.1961236453305015,-3.1930280802199773,-3.1899325827713425,-3.186837152984944,-3.1837417908618466,-3.180646496403838,-3.177551269613454,-3.1744561104940154,-3.171361019049685,-3.1682659952855503,-3.165171039207738,-3.1620761508235686,-3.1589813301417653,-3.1558865771727214,-3.1527918919288616,-3.14969727442511,-3.1466027246795085,-3.14350824271402,-3.140413828555581,-3.137319482237486,-3.134225203801206,-3.1311309932987745,-3.128036850795941,-3.124942776376332,-3.1218487701469657,-3.118754832245564,-3.1156609628502925,-3.112567162192739,-3.1094734305752807,-3.1063797683943517,-3.1032861761717183,-3.1001926545966083,-3.097099204582617,-3.094005827344761,-3.090912524504078,-3.08781929822999,-3.084726151434546,-3.081633088038144,-3.078540113333941,-3.075447234488905,-3.0723544612344735,-3.069261806821033,-3.066169289340324,-3.063076933562277,-3.0599847734928973,-3.05689285594527,-3.0538012455376036,-3.0507100317062723,-3.047619338570973,-3.044529338846722,-3.041440273511625,-3.038352479680378,-3.0352664302034587,-3.0321827900596743,-3.029102496851991,-3.02602687596907,-3.0229578056963278,-3.019897954414664,-3.0168511219669054,-3.0138227316589896,-3.010820540090822,-3.007855661650461,-3.0049440463633625,-3.0021086077261945,-2.999382274736164,-2.996812340449785,-2.9944665907517494,-2.992441794492329,-2.9908751515286083,-2.9899590859468756
-3.5925774573411426,-3.5917877941053544,-3.5904194254269974,-3.588623657749039,-3.5865101944755553,-3.584159276788469,-3.581630023982769,-3.578966261175116,-3.5762006478733572,-3.57335763591807,-3.5704556084580688,-3.5675084387002953,-3.5645266332624486,-3.561518175534787,-3.5584891508044643,-3.5554442116247453,-3.552386925609379,-3.549320036287083,-3.546245659398944,-3.5431654310771497,-3.5400806200328647,-3.5369922127373186,-3.53390097827587,-3.5308075178584053,-3.5277123027155404,-3.524615703180037,-3.521518011060587,-3.5184194568984064,-3.515320223310187,-3.51222045533048,-3.5091202684479734,-3.5060197548650995,-3.502918988385614,-3.4998180282400844,-3.4967169220873067,-3.493615708374806,-3.4905144181997105,-3.4874130767792497,-3.484311704615523,-3.4812103184202807,-3.4781089318508926,-3.4750075560974394,-3.47190620035212,-3.468804872185454,-3.4657035778484793,-3.4626023225160667,-3.459501110483279,-3.4563999453241903,-3.453298830020643,-3.450197767066876,-3.447096758554726,-3.4439958062431706,-3.440894911615229,-3.437794075924605,-3.434693300234021,-3.431592585446784,-3.428491932332845,-3.4253913415503496,-3.4222908136635146,-3.4191903491574696,-3.41608994845062,-3.4129896119049725,-3.4098893398347587,-3.4067891325136754,-3.4036889901809646,-3.4005889130465348,-3.397488901295282,-3.3943889550907524,-3.391289074578248,-3.3881892598874677,-3.3850895111347654,-3.3819898284250844,-3.378890211853616,-3.3757906615072395,-3.372691177465758,-3.3695917598029896,-3.3664924085877206,-3.3633931238845465,-3.360293905754624,-3.3571947542563496,-3.3540956694459805,-3.3509966513782046,-3.347897700106682,-3.344798815684556,-3.3416999981649576,-3.338601247601503,-3.335502564048794,-3.3324039475629346,-3.329305398202081,-3.3262069160270173,-3.3231085011017836,-3.320010153494367,-3.3169118732774656,-3.3138136605293482,-3.3107155153348247,-3.3076174377863485,-3.30451942798529,-3.3014214860433917,-3.2983236120844652,-3.295225806246361,-3.2921280686832715,-3.2890303995684267,-3.285932798825323,-3.2828352663842475,-3.2797378021816463,-3.2766404061595664,-3.273543078265149,-3.270445818450179,-3.267348626670679,-3.264251502886546,-3.26115444706122,-3.258057459161389,-3.254960539156721,-3.2518636870196223,-3.248766902725016,-3.2456701862501456,-3.2425735375743923,-3.2394769566791117,-3.236380443547485,-3.2332839981643846,-3.2301876205162476,-3.227091310590967,-3.223995068377786,-3.2208988938672056,-3.217802787050902,-3.2147067479216505,-3.2116107764732518,-3.2085148727004724,-3.2054190365989914,-3.202323268165347,-3.1992275673968957,-3.1961319342917784,-3.193036368848888,-3.1899408710678534,-3.1868454409490194,-3.1837500784934507,-3.180654783702937,-3.177559556580013,-3.174464397128,-3.1713693053510594,-3.1682742812542792,-3.165179324843787,-3.1620844361269027,-3.158989615112349,-3.1558948618105207,-3.1528001762338405,-3.1497055583972347,-3.1466110083187435,-3.1435165260203295,-3.14042211152893,-3.13732776487784,-3.1342334861085295,-3.1311392752730325,-3.128045132437099,-3.1249510576843567,-3.1218570511218204,-3.1187631128872146,-3.1156692431587034,-3.112575442167877,-3.1094817102171106,-3.1063880477028367,-3.1032944551468233,-3.100200933238299,-3.09710748289086,-3.0940141053195207,-3.0909208021453205,-3.0878275755376796,-3.084734428408649,-3.081641364678625,-3.078548389640766,-3.0754555104620387,-3.072362736873881,-3.069270082126681,-3.066177564312178,-3.063085208200305,-3.059993047797067,-3.056901129915553,-3.053809519173975,-3.050718305008711,-3.0476276115394634,-3.04453761148126,-3.0414485458122216,-3.0383607516470645,-3.035274701836301,-3.0321910613587835,-3.0291107678175493,-3.026035146601365,-3.0229660759957997,-3.0199062243819816,-3.0168593916030773,-3.0138310009655247,-3.0108288090699764,-3.007863930305595,-3.0049523146994734,-3.0021168757507035,-2.9993905424600698,-2.9968206078893487,-2.9944748579309133,-2.992450061446129,-2.990883418307846,-2.9899673526242125
-3.592585495994181,-3.5917958326856834,-3.5904274638800713,-3.588631696033419,-3.58651823255945,-3.5841673146472974,-3.5816380615974097,-3.578974298530616,-3.5762086849579764,-3.573365672722557,-3.570463644975107,-3.5675164749240786,-3.5645346691883617,-3.561526211159146,-3.5584971861243235,-3.555452246637743,-3.552394960313616,-3.5493280706810255,-3.546253693481352,-3.5431734648470146,-3.540088653489367,-3.5370002458797867,-3.5339090111037548,-3.5308155503712495,-3.527720334912967,-3.524623735061731,-3.5215260426262844,-3.5184274881478843,-3.515328254243256,-3.512228485946979,-3.5091282987477626,-3.506027784848057,-3.5029270180516328,-3.4998260575890705,-3.496724951119178,-3.493623737089487,-3.4905224465971316,-3.487421104859348,-3.4843197323782396,-3.4812183458655617,-3.4781169589786876,-3.475015582907698,-3.471914226844794,-3.468812898360498,-3.4657116037058504,-3.4626103480557244,-3.4595091357051833,-3.4564079702283017,-3.4533068546069243,-3.450205791335288,-3.447104782505231,-3.444003829875732,-3.440902934929811,-3.437802098921171,-3.434701322912535,-3.431600607807211,-3.4284999543751504,-3.4253993632745,-3.4222988350694736,-3.4191983702452027,-3.4160979692200937,-3.41299763235615,-3.4098973599676072,-3.4067971523281617,-3.403697009677054,-3.4005969322241927,-3.397496920154473,-3.3943969736314425,-3.3912970928004014,-3.388197277791052,-3.385097528719747,-3.3819978456914304,-3.3788982288012943,-3.3757986781362153,-3.3726991937759982,-3.369599775794461,-3.3665004242603893,-3.363401139238378,-3.360301920789584,-3.3572027689724053,-3.354103683843097,-3.351004665456349,-3.3479057138658197,-3.344806829124653,-3.341708011285981,-3.3386092604034197,-3.3355105765315685,-3.3324119597265334,-3.32931341004647,-3.326214927552162,-3.3231165123076503,-3.320018164380922,-3.3169198838446765,-3.3138216707771813,-3.310723525263245,-3.307625447395323,-3.3045274372747833,-3.30142949501337,-3.298331620734895,-3.2952338145772098,-3.292136076694505,-3.2890384072600107,-3.285940806197223,-3.2828432734364292,-3.279745808914076,-3.276648412572209,-3.2735510843579703,-3.2704538242231442,-3.2673566321237546,-3.264259508019698,-3.261162451874415,-3.2580654636545927,-3.2549685433299,-3.251871690872743,-3.2487749062580455,-3.245678189463049,-3.2425815404671363,-3.239484959251662,-3.236388445799808,-3.2332920000964456,-3.2301956221280133,-3.2270993118824025,-3.224003069348857,-3.220906894517879,-3.217810787381145,-3.2147147479314286,-3.2116187761625308,-3.2085228720692194,-3.205427035647172,-3.2023312668929282,-3.1992355658038445,-3.196139932378059,-3.1930443666144672,-3.189948868512697,-3.186853438073095,-3.183758075296725,-3.1806627801853753,-3.177567552741582,-3.1744723929686662,-3.17137730087079,-3.168282276453042,-3.1651873197215474,-3.1620924306836273,-3.158997609348003,-3.1559028557250697,-3.1528081698272516,-3.1497135516694748,-3.146619001269779,-3.143524518650126,-3.140430103837454,-3.1373357568650566,-3.134241477774405,-3.1311472666175333,-3.128053123460192,-3.1249590483860077,-3.1218650415019966,-3.1187711029458822,-3.115677232895829,-3.1125834315834258,-3.109489699311049,-3.106396036475133,-3.103302443597443,-3.1002089213672086,-3.097115470698024,-3.094022092804906,-3.0909287893088924,-3.0878355623794045,-3.0847424149284945,-3.081649350876557,-3.078556375516751,-3.075463496016043,-3.0723707221058727,-3.0692780670366266,-3.066185548900046,-3.063093192466064,-3.060001031740688,-3.0569091135370066,-3.0538175024732372,-3.0507262879857606,-3.0476355941942885,-3.0445455938138557,-3.041456527822598,-3.0383687333352527,-3.035282683202362,-3.0321990424028242,-3.0291187485397466,-3.0260431270019943,-3.022974056075287,-3.0199142041409734,-3.016867371042547,-3.0138389800869305,-3.0108367878754936,-3.007871908798464,-3.0049602928845145,-3.0021248536350766,-2.9993985200543896,-2.9968285852093066,-2.9944828349996104,-2.9924580382973724,-2.9908913949906544,-2.989975329208698
-3.5925932524798943,-3.59180358910124,-3.59043522017284,-3.5886394521634144,-3.5865259884959952,-3.584175070366676,-3.5816458170811707,-3.578982053764335,-3.5762164399303265,-3.573373427424609,-3.570471399399799,-3.5675242290658127,-3.564542423042682,-3.5615339647225,-3.5585049393938695,-3.5554599996112017,-3.552402712989153,-3.5493358230571626,-3.546261445556892,-3.543181216620986,-3.540096404960977,-3.5370079970483888,-3.5339167619688148,-3.530823300932329,-3.5277280851697026,-3.52463148501382,-3.5215337922734706,-3.5184352374899532,-3.5153360032800265,-3.5122362346782943,-3.5091360471734876,-3.5060355329680744,-3.5029347658658407,-3.499833805097378,-3.496732698321502,-3.4936314839857543,-3.4905301931872756,-3.487428851143308,-3.4843274783559592,-3.4812260915369873,-3.4781247043437693,-3.4750233279663907,-3.471921971597054,-3.468820642806283,-3.4657193478451194,-3.462618091888437,-3.4595168792312987,-3.4564157134477815,-3.453314597519731,-3.450213533941385,-3.4471125248045813,-3.444011571868301,-3.4409106766155633,-3.4378098403000728,-3.434709063984552,-3.4316083485723086,-3.4285076948332938,-3.4254071034256564,-3.422306574913611,-3.419206109782286,-3.41610570845009,-3.4130053712790276,-3.409905098583331,-3.4068048906366983,-3.4037047476783706,-3.400604669918256,-3.397504657541252,-3.3944047107109045,-3.3913048295725137,-3.3882050142557802,-3.3851052648770596,-3.3820055815412933,-3.378905964343674,-3.3758064133710795,-3.3727069287033156,-3.3696075104141983,-3.3665081585725143,-3.3634088732428586,-3.360309654486388,-3.3572105023615006,-3.354111416924452,-3.35101239822993,-3.347913446331594,-3.344814561282589,-3.341715743136045,-3.3386169919455773,-3.3355183077657875,-3.3324196906527828,-3.3293211406647174,-3.3262226578623744,-3.3231242423097958,-3.3200258940749685,-3.3169276132305905,-3.3138293998549293,-3.3107312540327953,-3.3076331758566426,-3.30453516542784,-3.301437222858131,-3.2983393482713277,-3.2952415418052805,-3.292143803614181,-3.289046133871258,-3.2859485325000093,-3.282850999430721,-3.2797535345998408,-3.2766561379494146,-3.2735588094265835,-3.2704615489831323,-3.2673643565750843,-3.2642672321623367,-3.26117017570833,-3.2580731871797517,-3.25497626654627,-3.251879413780291,-3.248782628856738,-3.245685911752855,-3.2425892624480213,-3.2394926809235947,-3.2363961671627557,-3.2332997211503756,-3.230203342872892,-3.227107032318198,-3.2240107894755363,-3.220914614335409,-3.2178185068894933,-3.2147224671305636,-3.21162649505242,-3.2085305906498296,-3.2054347539184715,-3.202338984854884,-3.1992432834564237,-3.1961476497212318,-3.1930520836482006,-3.1899565852369576,-3.18686115448785,-3.1837657914019415,-3.180670495981021,-3.1775752682276233,-3.1744801081450706,-3.171385015737525,-3.1682899910100746,-3.1651950339688453,-3.1621001446211583,-3.1590053229757364,-3.155910569042972,-3.1528158828352897,-3.149721264367615,-3.14662671365799,-3.1435322307283773,-3.1404378156057122,-3.13734346832329,-3.1342491889225816,-3.1311549774556204,-3.128060833988156,-3.124966758603815,-3.121872751409615,-3.1187788125432787,-3.1156849421829707,-3.1125911405602817,-3.1094974079775866,-3.106403744831319,-3.1033101516432438,-3.100216629102592,-3.097123178122958,-3.0940297999193587,-3.090936496112831,-3.0878432688727964,-3.084750121111306,-3.0816570567487576,-3.0785640810783077,-3.075471201266924,-3.0723784270460457,-3.0692857716660606,-3.0661932532187093,-3.063100896473927,-3.0600087354377226,-3.0569168169231866,-3.053825205548538,-3.050733990750163,-3.0476432966477773,-3.0445532959564274,-3.041464229654261,-3.038376434856038,-3.035290384412328,-3.032206743302076,-3.029126449128454,-3.0260508272804243,-3.0229817560438508,-3.0199219038002956,-3.016875070393564,-3.013846679131049,-3.0108444866148125,-3.007879607236111,-3.004967991025142,-3.0021325514855937,-2.9994062176250376,-2.996836282515225,-2.9944905320630912,-2.9924657351510344,-2.990899091681795,-2.989983025804968
-3.592600736632101,-3.591811073185755,-3.590442704138881,-3.588646935972402,-3.5865334721183295,-3.584182553779473,-3.581653300266628,-3.5789895367085323,-3.5762239226223316,-3.573380909855807,-3.5704788815633783,-3.567531710956369,-3.5645499046559177,-3.5615414460549872,-3.5585124204428658,-3.5554674803745083,-3.5524101934650023,-3.5493433032441266,-3.546268925453815,-3.543188696226929,-3.540103884275175,-3.5370154760702177,-3.5339242406977616,-3.53083077936797,-3.5277355633116874,-3.5246389628618555,-3.5215412698273125,-3.5184427147493933,-3.515343480244888,-3.512243711348426,-3.5091435235487594,-3.506043009048375,-3.5029422416510703,-3.4998412805874484,-3.496740173516335,-3.4936389588852803,-3.49053766779143,-3.4874363254520304,-3.484334952369194,-3.4812335652546844,-3.478132177765882,-3.4750308010928723,-3.471929444427861,-3.468828115341374,-3.465726820084454,-3.462625563831978,-3.459524350879009,-3.4564231847996236,-3.45332206857567,-3.4502210047013855,-3.4471199952686082,-3.4440190420363206,-3.4409181464875407,-3.4378173098759746,-3.4347165332643446,-3.43161581755596,-3.428515163520771,-3.4254145718169267,-3.4223140430086425,-3.4192135775810466,-3.4161131759525456,-3.413012838485147,-3.4099125654930824,-3.40681235725005,-3.403712213995292,-3.400612135938715,-3.397512123265218,-3.394412176138345,-3.3913122947033973,-3.3882124790900767,-3.385112729414737,-3.3820130457823203,-3.3789134282880195,-3.375813877018712,-3.3727143920542018,-3.369614973468308,-3.3665156213298153,-3.3634163357033193,-3.360317116649978,-3.357217964228186,-3.3541188784942015,-3.3510198595027125,-3.3479209073073783,-3.3448220219613445,-3.3417232035177404,-3.338624452030182,-3.3355257675532695,-3.33242715014311,-3.3293285998578583,-3.3262301167582993,-3.3231317009084727,-3.3200333523763645,-3.3169350712346746,-3.3138368575616703,-3.3107387114421623,-3.3076406329686034,-3.304542622242362,-3.3014446793751824,-3.298346804490877,-3.295248997727296,-3.292151259238632,-3.2890535891981125,-3.2859559875292352,-3.2828584541622865,-3.279760989033714,-3.2766635920855642,-3.273566263264978,-3.2704690025237397,-3.267371809817874,-3.2642746851072757,-3.2611776283553864,-3.2580806395288935,-3.254983718597466,-3.2518868655335105,-3.2487900803119496,-3.2456933629100266,-3.2425967133071225,-3.239500131484592,-3.2364036174256183,-3.2333071711150723,-3.2302107925393915,-3.2271144816864683,-3.2240182385455456,-3.2209220631071265,-3.217825955362887,-3.2147299153056013,-3.2116339429290712,-3.2085380382280633,-3.2054422011982564,-3.2023464318361894,-3.1992507301392186,-3.1961550961054828,-3.193059529733877,-3.189964031024028,-3.186868599976282,-3.1837732365917044,-3.180677940872084,-3.177582712819957,-3.174487552438642,-3.171392459732303,-3.168297434706027,-3.165202477365942,-3.1621075877193685,-3.1590127657750267,-3.155918011543311,-3.1528233250366475,-3.14972870626996,-3.1466341552612898,-3.1435396720326,-3.140445256610826,-3.1373509090292635,-3.1342566293293834,-3.131162417563219,-3.12806827379652,-3.124974198112914,-3.121880190619418,-3.1187862514537543,-3.1156923807940884,-3.1125985788720096,-3.109504845989893,-3.1064111825441736,-3.103317589056616,-3.1002240662164495,-3.0971306149372686,-3.0940372364340907,-3.090943932327953,-3.087850704788279,-3.0847575567271175,-3.0816644920648653,-3.0785715160946805,-3.07547863598353,-3.0723858614628554,-3.069293205783043,-3.0662006870358347,-3.0631083299911657,-3.0600161686550473,-3.0569242498405718,-3.0538326381659604,-3.0507414230676035,-3.0476507286652232,-3.044560727673875,-3.041471661071719,-3.0383838659735347,-3.0352978152299226,-3.03221417381987,-3.029133879346611,-3.0260582571992014,-3.022989185663643,-3.019929333121703,-3.0168824994174934,-3.0138541078588563,-3.0108519150485233,-3.007887035378744,-3.0049754188811866,-3.0021399790617167,-2.9994136449311193,-2.9968437095658733,-2.994497958879813,-2.992473161765305,-2.99090651813925,-2.989990452170883
-3.5926079579468215,-3.5918182944351607,-3.590449925273974,-3.5886541569559554,-3.5865406929217856,-3.5841897743807496,-3.581660520648548,-3.578996756857665,-3.5762311425281315,-3.5733881295099605,-3.570486100959313,-3.5675389300888716,-3.5645571235208404,-3.5615486646490218,-3.5585196387633666,-3.5554746984193533,-3.5524174112324842,-3.549350520732869,-3.546276142662706,-3.543195913155064,-3.540111100921817,-3.5370226924347605,-3.5339314567797104,-3.5308379951669155,-3.5277427788272906,-3.524646178093834,-3.521548484775429,-3.5184499294134484,-3.5153506946247113,-3.5122509254438747,-3.509150737359709,-3.5060502225747148,-3.502949454892704,-3.4998484935442926,-3.4967473861883147,-3.4936461712723257,-3.4905448798934784,-3.487443537269026,-3.4843421639010845,-3.4812407765014197,-3.4781393887274152,-3.4750380117691595,-3.4719366548188604,-3.4688353254470448,-3.465734029904758,-3.462632773366878,-3.45953156012847,-3.4564303937636107,-3.453329277254147,-3.4502282130943187,-3.447127203375964,-3.4440262498580663,-3.4409253540236437,-3.437824517126403,-3.434723740229066,-3.4316230242349417,-3.428522369913982,-3.4254217779243348,-3.422321248830216,-3.4192207831167547,-3.4161203812023584,-3.4130200434490328,-3.4099197701710118,-3.4068195616419925,-3.403719418101216,-3.400619339758591,-3.3975193267990136,-3.39441937938603,-3.391319497664942,-3.3882196817654497,-3.3851199318039082,-3.38202024788526,-3.378920630104697,-3.3758210785490963,-3.372721593298263,-3.3696221744260133,-3.3665228220011354,-3.363423536088225,-3.3603243167484393,-3.357225164040173,-3.3541260780196844,-3.351027058741661,-3.347928106259762,-3.344829220627132,-3.3417304018969016,-3.3386316501226863,-3.335532965359087,-3.3324343476622107,-3.3293357970902124,-3.3262373137038748,-3.3231388975672393,-3.3200405487482922,-3.316942267319733,-3.3138440533598303,-3.3107459069533927,-3.307647828192874,-3.3045498171796437,-3.3014518740254446,-3.2983539988540884,-3.2952561918034253,-3.292158453027648,-3.2890607826999854,-3.285963180743934,-3.28286564708978,-3.2797681816739717,-3.2766707844385548,-3.2735734553306712,-3.270476194302106,-3.2673790013088815,-3.264281876310895,-3.2611848192715875,-3.2580878301576472,-3.2549909089387423,-3.2518940555872775,-3.248797270078177,-3.245700552388682,-3.242603902498176,-3.239507320388014,-3.236410806041378,-3.2333143594431393,-3.2302179805797366,-3.2271216694390614,-3.2240254260103565,-3.220929250284124,-3.217833142252041,-3.2147371019068816,-3.211641129242447,-3.2085452242535046,-3.205449386935732,-3.2023536172856684,-3.19925791530067,-3.1961622809788772,-3.1930667143191838,-3.189971215321218,-3.1868757839853257,-3.1837804203125706,-3.180685124304742,-3.177589895964376,-3.1744947352947923,-3.1713996423001536,-3.168304616985548,-3.165209659357103,-3.1621147694221383,-3.159019947189376,-3.1559251926692107,-3.1528305058740664,-3.1497358868188674,-3.146641335521657,-3.1435468520043957,-3.1404524362940194,-3.137358088423825,-3.134263808435283,-3.131169596380427,-3.1280754523250067,-3.1249813763526486,-3.1218873685703707,-3.118793429115895,-3.115699558167386,-3.112605755956432,-3.1095120227854105,-3.106418359050756,-3.103324765274234,-3.1002312421450724,-3.097137790576867,-3.0940444117846337,-3.0909511073894107,-3.08785787956062,-3.0847647312103113,-3.081671666258883,-3.0785786899994916,-3.0754858095991056,-3.0723930347891653,-3.0693003788200572,-3.0662078597835243,-3.0631155024495036,-3.060023340824006,-3.056931421720125,-3.0538398097560875,-3.0507485943682857,-3.0476578996764476,-3.044567898395638,-3.0414788315040306,-3.038391036116422,-3.0353049850834415,-3.0322213433841183,-3.0291410486217454,-3.0260654261854714,-3.0229963543614304,-3.0199365015315887,-3.0168896675403496,-3.0138612756959935,-3.0108590826018955,-3.007894202651264,-3.0049825858771855,-3.002147145787625,-2.9994208113964715,-2.996850875784764,-2.9945051248729952,-2.9924803275631477,-2.9909136837857857,-2.989997617729095
-3.592614925593507,-3.5918252620188262,-3.5904568927473415,-3.588661124283109,-3.5865476600751687,-3.584196741339059,-3.581667487395209,-3.579003723379718,-3.5762381088154003,-3.5733950955544254,-3.5704930667546306,-3.5675458956300115,-3.564564088803802,-3.561555629670613,-3.558526603521035,-3.5554816629110495,-3.552424375456562,-3.549357484687999,-3.5462831063478126,-3.543202876569275,-3.5401180640644205,-3.5370296553051768,-3.533938419377462,-3.5308449574916088,-3.5277497408785976,-3.524653139871482,-3.521555446279188,-3.5184568906431264,-3.5153576555801447,-3.5122578861249214,-3.5091576977662493,-3.506057182706644,-3.5029564147499306,-3.499855453126734,-3.496754345495897,-3.493653130304982,-3.490551838651151,-3.48745049575166,-3.4843491221086302,-3.4812477344338286,-3.4781463463846425,-3.4750449691511633,-3.471943611925601,-3.468842282278483,-3.4657409864608564,-3.4626397296476004,-3.4595385161337804,-3.456437349493475,-3.4533362327085326,-3.4502351682731933,-3.447134158279296,-3.4440332044858235,-3.440932308375795,-3.4378314712029145,-3.4347306940299083,-3.4316299777600836,-3.4285293231633944,-3.4254287308979867,-3.422328201528077,-3.419227735538796,-3.41612733334855,-3.413026995319344,-3.409926721765413,-3.406826512960453,-3.403726369143707,-3.4006262905250813,-3.3975262772894745,-3.394426329600432,-3.391326447603256,-3.388226631427647,-3.3851268811899597,-3.382027196995136,-3.3789275789383684,-3.375828027106534,-3.3727285415794372,-3.369629122430897,-3.366529769729699,-3.363430483540438,-3.3603312639242726,-3.357232110939598,-3.354133024642671,-3.35103400508818,-3.3479350523297833,-3.3448361664206265,-3.341737347413841,-3.338638595363041,-3.3355399103228285,-3.3324412923493085,-3.329342741500638,-3.3262442578375984,-3.3231458414242314,-3.320047492328524,-3.3169492106231755,-3.3138509963864533,-3.3107528497031673,-3.3076547706657715,-3.3045567593756346,-3.301458815944499,-3.2983609404961767,-3.295263133168518,-3.292165394115714,-3.289067723510995,-3.2859701212778583,-3.2828725873465903,-3.279775121653638,-3.276677724141048,-3.273580394755961,-3.2704831334501625,-3.2673859401796763,-3.2642888149043987,-3.2611917575877696,-3.2580947681964783,-3.2549978467001917,-3.2519009930713167,-3.2488042072847763,-3.2457074893178137,-3.242610839149811,-3.239514256762124,-3.2364177421379328,-3.233321295262109,-3.2302249161210908,-3.2271286047027714,-3.224032360996394,-3.22093618499246,-3.2178400766826467,-3.2147440360597277,-3.211648063117504,-3.208552157850743,-3.2054563202551236,-3.2023605503271835,-3.19926484806428,-3.196169213464552,-3.1930736465268943,-3.189978147250934,-3.186882715637018,-3.1837873516862096,-3.1806920554002986,-3.1775968267818215,-3.174501665834098,-3.1714065725612905,-3.168311546968486,-3.165216589061813,-3.162121698848591,-3.159026876337542,-3.1559321215390606,-3.15283743446557,-3.149742815131997,-3.146648263556383,-3.1435537797606887,-3.140459363771852,-3.1373650156231667,-3.1342707353561035,-3.1311765230226976,-3.1280823786886978,-3.1249883024377314,-3.121894294376815,-3.1188003546436724,-3.115706483416467,-3.1126126809267896,-3.109518947477015,-3.106425283463579,-3.103331689408245,-3.1002381660002425,-3.0971447141531674,-3.094051335082035,-3.090958030407883,-3.0878648023001345,-3.084771653670839,-3.0816785884403943,-3.0785856119019575,-3.0754927312224973,-3.072399956133454,-3.069307299885215,-3.0662147805695232,-3.063122422956317,-3.0600302610516086,-3.056938341668494,-3.0538467294252,-3.0507555137581233,-3.0476648187869984,-3.0445748172268976,-3.041485750056007,-3.038397954389142,-3.0353119030769586,-3.0322282610985245,-3.0291479660571947,-3.026072343342204,-3.0230032712398165,-3.0199434181321867,-3.016896583864004,-3.013868191743966,-3.010865998376072,-3.007901118154454,-3.0049895011135668,-3.002154060763405,-2.9994277261208504,-2.9968577902713407,-2.9945120391417936,-2.9924872416434702,-2.9909205977201183,-2.990004531578206
-3.592621648425929,-3.591831984790442,-3.5904636154125376,-3.588667846807229,-3.5865543824316246,-3.5842034635072952,-3.581674209359235,-3.57901044512703,-3.57624483033618,-3.5734018168409336,-3.5704997878007503,-3.5675526164308886,-3.5645708093555757,-3.561562349970203,-3.5585333235659786,-3.5554883826993717,-3.5524310949866726,-3.549364203958617,-3.5462898253578983,-3.5432095953179856,-3.5401247825510715,-3.537036373529207,-3.533945137338408,-3.530851675189091,-3.5277564583123007,-3.5246598570411427,-3.5215621631845875,-3.5184636072840774,-3.515364371956489,-3.512264602236524,-3.5091644136129907,-3.5060638982884247,-3.5029631300666604,-3.499862168178334,-3.496761060282298,-3.4936598448261225,-3.490558552906972,-3.487457209742107,-3.484355835833653,-3.481254447893383,-3.4781530595786854,-3.4750516820796538,-3.4719503245885,-3.468848994675755,-3.465747698592465,-3.4626464415135105,-3.4595452277339582,-3.4564440608278875,-3.4533429437771472,-3.450241879075977,-3.4471408688162173,-3.4440399147568517,-3.4409390183809,-3.437838180942068,-3.4347374035030795,-3.431636686967245,-3.428536032104514,-3.4254354395730355,-3.4223349099370264,-3.4192344436816158,-3.4161340412252117,-3.41303370292982,-3.4099334291096737,-3.4068332200384708,-3.403733075955452,-3.4006329970705265,-3.397532983568592,-3.3944330356131944,-3.3913331533496347,-3.3882333369076116,-3.385133586403481,-3.3820339019421866,-3.3789342836189196,-3.375834731520558,-3.3727352457269077,-3.3696358263117845,-3.3665364733439747,-3.3634371868880746,-3.3603379670052402,-3.357238813753869,-3.354139727190217,-3.3510407073689734,-3.3479417543437977,-3.344842868167833,-3.341744048894211,-3.338645296576546,-3.3355466112694407,-3.332447993028999,-3.329349441913379,-3.326250957983362,-3.3231525413029894,-3.3200541919402475,-3.3169559099678363,-3.3138576954640238,-3.310759548513619,-3.3076614692090756,-3.304563457651762,-3.3014655139534215,-3.2983676382378664,-3.295269830642946,-3.292172091322853,-3.2890744204508153,-3.285976817950331,-3.282879283751687,-3.2797818177913305,-3.276684420011307,-3.273587090358758,-3.2704898287854682,-3.2673926352474623,-3.2642955097046364,-3.261198452120431,-3.2581014624615348,-3.2550045406976165,-3.251907686801081,-3.2488109007468524,-3.2457141825121734,-3.2426175320764257,-3.2395209494209634,-3.2364244345289697,-3.233327987385315,-3.2302316079764384,-3.227135296290232,-3.2240390523159395,-3.2209428760440626,-3.2178467674662783,-3.2147507265753594,-3.211654753365108,-3.208558847830291,-3.205463009966586,-3.2023672397705325,-3.1992715372394867,-3.196175902371589,-3.1930803351657353,-3.1899848356215506,-3.1868894037393822,-3.183794039520293,-3.1806987429660736,-3.1776035140792596,-3.1745083528631706,-3.171413259321969,-3.1683182334607434,-3.1652232752856198,-3.16212838480392,-3.159033562024365,-3.1559388069573484,-3.152844119615296,-3.1497495000131313,-3.146654948168897,-3.1435604641045547,-3.1404660478470414,-3.1373716994296523,-3.1342774188938582,-3.1311832062916922,-3.1280890616889043,-3.124994985169122,-3.121900976839361,-3.1188070368373455,-3.1157131653412393,-3.1126193625826324,-3.109525628863901,-3.106431964581479,-3.1033383702571316,-3.100244846580087,-3.097151394463941,-3.09405801512371,-3.090964710180432,-3.087871481803528,-3.0847783329050498,-3.081685267405394,-3.078592290597718,-3.07549940964899,-3.07240663429065,-3.069313977773088,-3.066221458188047,-3.063129100305465,-3.0600369381313555,-3.056945018478817,-3.053853405966078,-3.0507621900295394,-3.0476714947889425,-3.0445814929593644,-3.0414924255190057,-3.0384046295826996,-3.035318578001126,-3.0322349357533933,-3.0291546404429126,-3.026079017459001,-3.023009945088047,-3.0199500917123925,-3.0169032571769976,-3.0138748647909654,-3.010872671158898,-3.0079077906758167,-3.0049961733774992,-3.002160732775896,-2.9994343978907754,-2.9968644618118216,-2.994518710472151,-2.9924939127919745,-2.990927268727763,-2.9900112025036236
-3.592628134992857,-3.591838471298703,-3.590470101818117,-3.5886743330766895,-3.586560868539314,-3.5842099494333794,-3.5816806950882847,-3.5790169306469806,-3.576251315637558,-3.573408301916274,-3.5705062726441477,-3.567559101037661,-3.5645772937219973,-3.5615688340933027,-3.55853980744338,-3.555494866329169,-3.5524375783673325,-3.549370687088903,-3.5462963082368097,-3.54321607794471,-3.5401312649249457,-3.5370428556496893,-3.533951619205054,-3.5308581568015325,-3.5277629396702337,-3.524666338144314,-3.521568644032784,-3.5184700878771182,-3.515370852294222,-3.5122710823188195,-3.5091708934397365,-3.5060703778595217,-3.502969609382023,-3.4998686472378875,-3.4967675390859747,-3.4936663233738603,-3.490565031198715,-3.4874636877778045,-3.484362313613259,-3.4812609254168523,-3.478159536845976,-3.4750581590907257,-3.4719568013433175,-3.468855471174281,-3.4657541748346654,-3.462652917499352,-3.4595517034634087,-3.456450536300915,-3.453349418993721,-3.4502483540360664,-3.4471473435197915,-3.4440463892038804,-3.440945492571353,-3.437844654875917,-3.4347438771802956,-3.431643160387798,-3.4285425052683767,-3.425441912480181,-3.4223413825874256,-3.4192409160752413,-3.416140513362035,-3.413040174809813,-3.4099399007328093,-3.4068396914047208,-3.4037395470647893,-3.400639467922923,-3.3975394541640203,-3.394439505951627,-3.3913396234310444,-3.388239806731972,-3.385140055970765,-3.3820403712523666,-3.378940752671969,-3.3758412003164495,-3.3727417142656133,-3.3696422945932785,-3.36654294136823,-3.3634436546550637,-3.360344434514936,-3.3572452810062443,-3.354146194185244,-3.351047174106625,-3.3479482208240454,-3.34484933439065,-3.341750514859569,-3.338651762284419,-3.335553076719802,-3.332454458221822,-3.329355906848635,-3.326257422661024,-3.32315900572303,-3.3200606561026405,-3.316962373872554,-3.3138641591110383,-3.3107660119029023,-3.3076679323405997,-3.3045699205255006,-3.3014719765693465,-3.2983741005959506,-3.295276292743163,-3.2921785531651744,-3.289080882035214,-3.28598327927678,-3.282885744820158,-3.2797882786017953,-3.276690880563739,-3.2735935506531297,-3.2704962888217533,-3.267399095025633,-3.2643019692246646,-3.26120491138229,-3.258107921465196,-3.255010999443053,-3.2519141452882665,-3.2488173589757596,-3.2457206404827743,-3.2426239897886915,-3.2395274068748687,-3.236430891724487,-3.2333344443224177,-3.230238064655099,-3.227141752710424,-3.2240455084776345,-3.2209493319472324,-3.2178532231108954,-3.2147571819613963,-3.2116612084925364,-3.2085653026990837,-3.205469464576716,-3.2023736941219734,-3.199277991332212,-3.1961823562055716,-3.193086788740947,-3.1899912889379642,-3.1868958567969705,-3.1838004923190293,-3.1807051955059307,-3.1776099663602104,-3.1745148048851886,-3.171419711085027,-3.1683246849648143,-3.165229726530676,-3.1621348357899346,-3.1590400127513116,-3.1559452574251994,-3.152850569824024,-3.1497559499627106,-3.146661397859299,-3.1435669135357527,-3.140472497019008,-3.13737814834236,-3.1342838675472793,-3.1311896546858,-3.1280955098236713,-3.1250014330445204,-3.1219074244553644,-3.118813484193927,-3.1157196124383724,-3.112625809420289,-3.1095320754420523,-3.106438410900098,-3.1033448163161905,-3.1002512923795593,-3.0971578400037996,-3.094064460403929,-3.0909711552009838,-3.0878779265643863,-3.0847847774061865,-3.081691711646782,-3.078598734579331,-3.0755058533708013,-3.0724130777526337,-3.0693204209752176,-3.0662279011302966,-3.0631355429878093,-3.0600433805537697,-3.0569514606412773,-3.053859847868565,-3.0507686316720384,-3.047677936171441,-3.0445879340818593,-3.041498866381504,-3.0384110701852265,-3.035325018343733,-3.0322413758361657,-3.0291610802659914,-3.02608545702261,-3.0230163843925313,-3.0199565307582716,-3.0169096959650576,-3.0138813033223815,-3.010879109435425,-3.0079142287000704,-3.005002611153371,-3.002167170309163,-2.999440835190002,-2.9968708988896684,-2.994525147347258,-2.992500349491621,-2.9909337052915004,-2.990017638988025
-3.5926343935481277,-3.5918447297973675,-3.590476360217712,-3.588680591344953,-3.5865671266514947,-3.584216207370339,-3.581686952835137,-3.579023188192088,-3.5762575729717794,-3.573414559032405,-3.570512529536492,-3.567565357701698,-3.5645835501541336,-3.5615750902906735,-3.558546063403691,-3.5555011220505808,-3.5524438338483666,-3.549376942328365,-3.5463025632337333,-3.5432223326983125,-3.5401375194345883,-3.5370491099148484,-3.533957873225301,-3.5308644105765135,-3.527769193199654,-3.52467259142793,-3.521574897070391,-3.518476340668545,-3.515377104839319,-3.51227733461746,-3.5091771454918117,-3.5060766296649364,-3.502975860940696,-3.4998748985497428,-3.4967737901509466,-3.4936725741918893,-3.490571281769749,-3.4874699381017957,-3.4843685636901607,-3.4812671752466215,-3.4781657864285727,-3.4750644084261126,-3.471963050431458,-3.4688617200151404,-3.465760423428211,-3.4626591658455514,-3.45955795156223,-3.456456784152328,-3.4533556665976946,-3.450254601392572,-3.4471535906288,-3.444052636065362,-3.44095173918528,-3.437850901242262,-3.4347501232990307,-3.4316494062588965,-3.4285487508918107,-3.4254481578559237,-3.422347627715451,-3.4192471609555213,-3.416146757994543,-3.413046419194522,-3.409946144869692,-3.4068459352937492,-3.4037457907059365,-3.4006457113161632,-3.3975456973093277,-3.3944457488489754,-3.391345866080407,-3.3882460491333224,-3.385146298124077,-3.3820466131576126,-3.3789469943291226,-3.3758474417254836,-3.372747955426502,-3.369648535505995,-3.3665491820327484,-3.3634498950713576,-3.360350674682981,-3.3572515209260136,-3.354152433856711,-3.3510534135297636,-3.3479544599988302,-3.344855573317055,-3.3417567535375685,-3.338658000713986,-3.3355593149009093,-3.332460696154445,-3.3293621445327473,-3.3262636600965996,-3.3231652429100427,-3.3200668930410626,-3.31696861056236,-3.3138703955522026,-3.310772248095398,-3.307674168284401,-3.30457615622058,-3.301478212015678,-3.298380335793506,-3.295282527691917,-3.2921847878650996,-3.2890871164862845,-3.2859895134789685,-3.282891978773437,-3.2797945123061396,-3.2766971140191212,-3.2735997838595234,-3.270502521779132,-3.2674053277339694,-3.2643082016839338,-3.261211143592465,-3.258114153426251,-3.2550172311549623,-3.251920376751002,-3.248823590189295,-3.2457268714470833,-3.242630220503749,-3.2395336373406476,-3.2364371219409613,-3.233340674289561,-3.230244294372886,-3.2271479821788267,-3.224051737696627,-3.2209555609167886,-3.2178594518309884,-3.2147634104320004,-3.2116674367136264,-3.2085715306706333,-3.2054756922986996,-3.202379921594364,-3.199284218554983,-3.196188583178697,-3.1930930154644006,-3.1899975154117195,-3.1869020830210006,-3.183806718293307,-3.1807114212304297,-3.177616191834905,-3.1745210301100517,-3.1714259360600328,-3.168330909689937,-3.16523595100589,-3.162141060015213,-3.159046236726627,-3.1559514811505274,-3.1528567932993377,-3.149762173187984,-3.1466676208345077,-3.14357313626087,-3.1404787194940083,-3.137384370567217,-3.134290089521966,-3.1311958764102896,-3.128101731297938,-3.125007654268538,-3.1219136454291077,-3.1188197049173687,-3.115725832911485,-3.112632029643048,-3.1095382954144326,-3.1064446306220725,-3.1033510357877336,-3.100257511600644,-3.0971640589744,-3.0940706791240173,-3.090977373670534,-3.087884144783372,-3.0847909953745805,-3.0816979293645574,-3.0786049520464625,-3.0755120705872634,-3.0724192947184004,-3.069326637690263,-3.066234117594597,-3.06314175920134,-3.0600495965165075,-3.056957676353201,-3.0538660633296555,-3.050774846882279,-3.047684151130821,-3.0445941487903765,-3.0415050808391664,-3.038417284392058,-3.0353312322997805,-3.0322475895415146,-3.029167293720779,-3.0260916702270517,-3.023022597346957,-3.0199627434631844,-3.016915908421213,-3.013887515530916,-3.0108853213980336,-3.0079204404192765,-3.0050088226329277,-3.0021733815546443,-2.9994470462096707,-2.9968771096957396,-2.994531357957717,-2.992506559932787,-2.9909399156015364,-2.9900238492215143
-3.5926404320607053,-3.591850768255329,-3.5904823985800856,-3.588686629580612,-3.5865731647365573,-3.5842222452863437,-3.5816929905677206,-3.579029225730018,-3.5762636103062366,-3.5734205961564394,-3.570518566444607,-3.5675713943895366,-3.564589586618229,-3.5615811265282575,-3.558552099412552,-3.555507157828946,-3.5524498693948074,-3.5493829776417307,-3.546308598313093,-3.5432283675429073,-3.540143554043801,-3.5370551442881757,-3.5339639073623275,-3.5308704444768986,-3.527775226863115,-3.5246786248542286,-3.521580930259328,-3.518482373619954,-3.5153831375530595,-3.512283367093411,-3.5091831777298683,-3.5060826616650074,-3.502981892702701,-3.499880930073612,-3.496779821436615,-3.493678605239301,-3.4905773125788517,-3.4874759686725403,-3.4843745940225035,-3.4812732053405218,-3.478171816283992,-3.475070438043016,-3.4719690798098086,-3.468867749154905,-3.4657664523293574,-3.4626651945080478,-3.459563979986047,-3.4564628123374357,-3.4533616945440637,-3.450260629100175,-3.4471596180976096,-3.4440586632953516,-3.4409577661764206,-3.4378569279945252,-3.43475614981239,-3.4316554325333257,-3.4285547769272844,-3.4254541836524135,-3.422353653272931,-3.4192531862739663,-3.4161527830739264,-3.4130524440348182,-3.409952169470875,-3.4068519596557953,-3.40375181482882,-3.4006517351998586,-3.3975517209538086,-3.394451772254215,-3.39135188924638,-3.388252072060004,-3.38515232081144,-3.3820526356056333,-3.378953016537775,-3.3758534636947433,-3.3727539771563433,-3.3696545569963927,-3.3665552032836774,-3.3634559160827933,-3.3603566954548967,-3.3572575414583836,-3.3541584541495117,-3.351059433582969,-3.347960479812415,-3.344861592890995,-3.3417627728718386,-3.3386640198085606,-3.3355653337557634,-3.332466714769552,-3.3293681629080814,-3.3262696782321353,-3.323171260805755,-3.320072910696927,-3.31697462797835,-3.313876412728291,-3.3107782650315607,-3.307680184980612,-3.3045821726768145,-3.30148422823191,-3.298386351769712,-3.295288543428069,-3.292190803361173,-3.2890931317422525,-3.285995528494806,-3.28289799354912,-3.2798005268416413,-3.276703128314416,-3.2736057979145863,-3.2705085355939363,-3.2674113413084904,-3.264314215018145,-3.261217156686341,-3.2581201662797676,-3.255023243768093,-3.2519263891237213,-3.2488296023215772,-3.245732883338904,-3.2426362321550823,-3.2395396487514683,-3.236443133111244,-3.23334668521928,-3.230250305062015,-3.227153992627341,-3.224057747904501,-3.2209615708839983,-3.2178654615575093,-3.214769419917806,-3.2116734459586915,-3.208577539674932,-3.2054817010622063,-3.202385930117053,-3.1992902268368293,-3.1961945912196756,-3.193099023264486,-3.1900035229708865,-3.186908090339224,-3.183812725370563,-3.180717428066692,-3.1776221984301483,-3.1745270364642515,-3.171431942173165,-3.1683369155619747,-3.1652419566368084,-3.162147065404986,-3.1590522418752296,-3.155957486057934,-3.152862797965522,-3.1497681776129207,-3.1466736250181717,-3.143579140203235,-3.140484723195048,-3.1373903740269076,-3.1342960927402825,-3.131201879387208,-3.128107734033432,-3.1250136567625826,-3.1219196476816773,-3.1188257069284386,-3.1157318346810294,-3.1126380311710404,-3.109544296700848,-3.1064506316668856,-3.103357036590918,-3.1002635121621753,-3.097170059294253,-3.094076679202166,-3.090983373506954,-3.0878901443780378,-3.0847969947274687,-3.0817039284756427,-3.0786109509157193,-3.0755180692146658,-3.072425293103924,-3.069332635833884,-3.0662401154962904,-3.063147756861083,-3.0600555939342784,-3.0569636735289794,-3.0538720602634224,-3.050780843574019,-3.0476901475805223,-3.044600144998036,-3.041511076804792,-3.038423280115672,-3.0353372277814303,-3.032253584781281,-3.029173288718794,-3.0260976649835225,-3.023028591862203,-3.019968737737691,-3.0169219024557132,-3.013893509326503,-3.010891314956341,-3.0079264337427403,-3.005014815725169,-3.002179374421041,-2.9994530388581953,-2.996883102138178,-2.9945373502114223,-2.9925125520231526,-2.9909459075653824,-2.990029841111505
-3.592646258224203,-3.591856594366134,-3.5904882245986656,-3.5886924554769366,-3.586578990487586,-3.584228070874262,-3.581698815978669,-3.5790350509531597,-3.5762694353330633,-3.573426420980244,-3.570524391060086,-3.567577218792484,-3.564595410805299,-3.5615869504967828,-3.558557923160397,-3.555512981354398,-3.552455692696491,-3.5493888007185346,-3.5463144211641198,-3.5432341901674267,-3.540149376441218,-3.5370609664580024,-3.533969729304165,-3.530876266190416,-3.5277810483480385,-3.5246844461103306,-3.521586751286419,-3.518488194417871,-3.515388958121668,-3.512289187432593,-3.509188997839523,-3.5060884815450475,-3.5029877123530477,-3.499886749494197,-3.4967856406273783,-3.4936844242001874,-3.49058313130981,-3.487481787173525,-3.484380412293472,-3.481279023381433,-3.4781776340948096,-3.475076255623704,-3.471974897160334,-3.468873566275236,-3.4657722692194626,-3.462671011167897,-3.459569796415612,-3.456468628536687,-3.4533675105129733,-3.4502664448387144,-3.447165433605751,-3.4440644785730687,-3.4409635812236887,-3.4378627428113195,-3.4347619643986835,-3.431661246889093,-3.4285605910524986,-3.4254599975470503,-3.422359466936965,-3.4192589997073726,-3.416158596276682,-3.413058257006897,-3.4099579822122523,-3.4068577721664455,-3.4037576271087198,-3.4006575472489824,-3.3975575327721304,-3.3944575838417115,-3.391357700603026,-3.388257883185774,-3.385158131706312,-3.382058446269582,-3.378958826970776,-3.375859273896772,-3.3727597871273756,-3.3696603667364036,-3.3665610127926424,-3.3634617253606875,-3.3603625045016954,-3.357263350274063,-3.354164262734046,-3.351065241936334,-3.347966287934586,-3.3448674007819466,-3.3417685805315474,-3.338669827237002,-3.3355711409529127,-3.332472521735385,-3.3293739696425737,-3.3262754847352634,-3.3231770670774936,-3.3200787167372514,-3.3169804337872355,-3.313882218305714,-3.3107840703774967,-3.307685990095037,-3.3045879775597036,-3.301490032883239,-3.2983921561894554,-3.2952943476162027,-3.2921966073176723,-3.2890989354670928,-3.2860013319879617,-3.282903796810567,-3.2798063298713553,-3.2767089311123723,-3.27361160048076,-3.2705143379283035,-3.267417143411026,-3.2643200168888247,-3.26122295832514,-3.2581259676866616,-3.2550290449430563,-3.251932190066731,-3.248835403032608,-3.245738683817931,-3.242642032402082,-3.2395454487664144,-3.2364489328941124,-3.2333524847700463,-3.2302561043806546,-3.2271597917138295,-3.224063546758814,-3.22096736950611,-3.217871259947394,-3.214775218075441,-3.2116792438840513,-3.208583337367994,-3.205487498522946,-3.202391727345446,-3.1992960238328516,-3.196200387983302,-3.1931048197956917,-3.190009319269647,-3.1869138864055158,-3.1838185212043615,-3.1807232236679748,-3.177627993798889,-3.1745328316004255,-3.1714377370767464,-3.1683427102329405,-3.1652477510751336,-3.162152859610647,-3.159058035848202,-3.1559632797981925,-3.1528685914730428,-3.1497739708876784,-3.1466794180601423,-3.143584933012394,-3.140490515771371,-3.137396166370368,-3.1343018848508577,-3.131207671264873,-3.128113525678163,-3.125019448174356,-3.121925438860467,-3.11883149787422,-3.1157376253937796,-3.112643821650735,-3.109550086947462,-3.106456421680396,-3.103362826371301,-3.100269301709406,-3.0971758486083063,-3.094082468283018,-3.0909891623545804,-3.087895932992415,-3.0848027831085707,-3.0817097166234455,-3.078616738830199,-3.075523856895799,-3.072431080551687,-3.069338423048252,-3.066245902477239,-3.0631535436085904,-3.0600613804483228,-3.05696945980954,-3.0538778463104803,-3.0507866293875603,-3.0476959331605378,-3.044605930344523,-3.041516861917756,-3.0384290649951367,-3.0353430124274405,-3.0322593691939157,-3.0291790728981804,-3.026103448929861,-3.023034375575801,-3.0199745212190177,-3.016927685705473,-3.013899292345752,-3.010897097746655,-3.007932216306468,-3.005020598065806,-3.002185156543777,-2.9994588207707227,-2.996888883851869,-2.9945431317430184,-2.9925183333971552,-2.9909516888173155,-2.990035622292181
-3.5926518794662194,-3.591862215557309,-3.5904938457008595,-3.5886980764611716,-3.586584611331632,-3.584233691560933,-3.5817044364945945,-3.5790406712878866,-3.5762750554783826,-3.573432040929685,-3.570530010808533,-3.567582838335878,-3.564601030140411,-3.5615925696210384,-3.558563542071738,-3.5555186000511725,-3.55246131117737,-3.549394418982446,-3.546320039210194,-3.54323980799496,-3.5401549940496366,-3.5370665838468365,-3.53397534647303,-3.5308818831389934,-3.5277866650760656,-3.5246900626175877,-3.521592367572721,-3.5184938104830628,-3.515394573965615,-3.5122948030551817,-3.5091946132406555,-3.5060940967246395,-3.502993327311025,-3.4998923642304938,-3.496791255141936,-3.4936900384929523,-3.490588745380734,-3.4874874010225656,-3.484386025920587,-3.481284636786586,-3.4781832472779644,-3.4750818685848257,-3.4719805098993914,-3.4688791787921964,-3.4657778815142968,-3.4626766232405757,-3.459575408266106,-3.4564742401649675,-3.453373121919014,-3.45027205602249,-3.447171044567236,-3.444070089312237,-3.4409691917405154,-3.437868353105778,-3.434767574470751,-3.431666856738744,-3.428566200679708,-3.4254656069517946,-3.4223650761192195,-3.419264608667113,-3.4161642050138816,-3.4130638655215337,-3.4099635905043018,-3.406863380235884,-3.4037632349555227,-3.400663154873127,-3.397563140173594,-3.3944631910204697,-3.3913633075590544,-3.388263489919051,-3.3851637382168125,-3.3820640525572814,-3.3789644330356507,-3.3758648797387987,-3.3727653927465293,-3.3696659721326623,-3.3665666179659817,-3.3634673303110842,-3.360368109229127,-3.357268954778505,-3.3541698670154756,-3.351070845994728,-3.347971891769921,-3.3448730043941985,-3.341774183920691,-3.338675430403015,-3.3355767438957704,-3.332478124455065,-3.3293795721390524,-3.326281087008516,-3.3231826691274966,-3.3200843185639823,-3.3169860353906704,-3.3138878196858292,-3.310789671534269,-3.307691591028443,-3.3045935782697184,-3.301495633369839,-3.298397756452617,-3.295299947655902,-3.2922022071338857,-3.2891045350597956,-3.2860069313571305,-3.2829093959561764,-3.2798119287933822,-3.2767145298107927,-3.273617198955551,-3.270519936179441,-3.2674227414384864,-3.264325614692584,-3.2612285559051752,-3.2581315650429477,-3.2550346420755703,-3.2519377869754478,-3.248840999717505,-3.2457442802789847,-3.2426476286392685,-3.2395510447797116,-3.2364545286834954,-3.233358080335492,-3.230261699722139,-3.2271653868313286,-3.2240691416523046,-3.220972964175569,-3.217876854392798,-3.214780812296766,-3.211684837881274,-3.2085889311410902,-3.205493092071892,-3.2023973206702183,-3.1993016169334263,-3.1962059808596557,-3.1931104124478,-3.190014911697487,-3.1869194786090635,-3.1838241131835945,-3.1807288154228677,-3.1776335853294193,-3.174538422906569,-3.171443328158478,-3.1683483010902367,-3.165253341707972,-3.1621584500190036,-3.159063626032054,-3.155968869757516,-3.1528741812078143,-3.149779560397875,-3.1466850073457393,-3.1435905220733695,-3.140496104607702,-3.1374017549820326,-3.134307473237831,-3.131213259427131,-3.1281191136156834,-3.125025035887114,-3.12193102634844,-3.1188370851373843,-3.1157432124321103,-3.112649408464209,-3.1095556735360557,-3.106462008044085,-3.1033684125100627,-3.1002748876232165,-3.097181434297142,-3.0940880537468556,-3.090994747593396,-3.0879015180061846,-3.0848083678972724,-3.0817153011870557,-3.078622323168694,-3.075529441009155,-3.072436664439881,-3.069344006711262,-3.0662514859150423,-3.063159126821165,-3.0600669634356485,-3.0569750425715965,-3.0538834288472505,-3.050792211699029,-3.047701515246695,-3.0446115122053663,-3.0415224435532933,-3.038434646405389,-3.035348593612451,-3.0322649501537593,-3.02918465363298,-3.0261090294398105,-3.0230399558611993,-3.019980101280316,-3.01693326554335,-3.013904871961227,-3.0109026771412504,-3.0079377954824507,-3.0050261770265467,-3.0021907352942825,-2.9994643993184136,-2.9968944622077154,-2.9945487099231753,-2.9925239114252618,-2.990957266727646,-2.990041200133761
-3.5926573029572757,-3.5918676389993145,-3.590499269057015,-3.5887034997035223,-3.5865900344387294,-3.5842391145161936,-3.581709859285118,-3.5790460939035875,-3.576280477911339,-3.5734374631736556,-3.57053543285858,-3.5675882601880846,-3.564606451791663,-3.5615979910688518,-3.558568963314126,-3.555524021086541,-3.5524667320044374,-3.549399839600179,-3.546325459617756,-3.5432452281916715,-3.5401604140349447,-3.5370720036202874,-3.5339807660342513,-3.530887302487678,-3.5277920842119577,-3.5246954815404754,-3.5215977862824257,-3.518499228979436,-3.51539999224853,-3.512300221124529,-3.5092000310963414,-3.506099514366582,-3.5029987447391524,-3.499897781444742,-3.4967966721422488,-3.493695455279279,-3.490594161953027,-3.487492817380781,-3.4843914420646867,-3.4812900527165325,-3.478188662993724,-3.475087284086365,-3.471985925186678,-3.4688845938652006,-3.4657832963729884,-3.4626820378849272,-3.4595808226960894,-3.456479654380558,-3.4533785359201863,-3.450277469809217,-3.4471764581394924,-3.444075502669998,-3.4409746048837557,-3.4378737660344743,-3.434772987184878,-3.431672269238278,-3.428571612964627,-3.425471019022074,-3.422370487974836,-3.4192700203080433,-3.416169616440103,-3.413069276733023,-3.4099690015010355,-3.4068687910178395,-3.403768645522676,-3.4006685652254562,-3.397568550311076,-3.3944686009430804,-3.391368717266772,-3.3882688994118526,-3.385169147494675,-3.3820694616201825,-3.3789698418835683,-3.37587028837171,-3.3727708011644135,-3.369671380335495,-3.3665720259537406,-3.363472738083746,-3.3603735167866677,-3.357274362120903,-3.3541752741427087,-3.351076252906772,-3.347977298466753,-3.344878410875795,-3.3417795901870315,-3.338680836454076,-3.335582149731529,-3.332483530075498,-3.3293849775441378,-3.3262864921982316,-3.323188074101819,-3.3200897233228868,-3.3169914399341347,-3.3138932240138304,-3.3107950756467837,-3.307696994925448,-3.3045989819511927,-3.3015010368357594,-3.2984031597029597,-3.295305350690644,-3.2922076099530035,-3.2891099376632673,-3.286012333744933,-3.282914798128286,-3.2798173307497756,-3.2767199315514475,-3.273622600480443,-3.2705253374885475,-3.2674281425317853,-3.2643310155700527,-3.261233956566789,-3.258136965488686,-3.2550400423054078,-3.251943186989363,-3.2488463995154757,-3.2457496798609875,-3.24265302800528,-3.239556443929709,-3.2364599276174557,-3.2333634790533927,-3.230267098223958,-3.227170785117043,-3.224074539721892,-3.2209783620290056,-3.2178822520300616,-3.214786209717835,-3.2116902350861256,-3.2085943281297005,-3.2054984888442393,-3.202402717226278,-3.1993070132731756,-3.1962113769830722,-3.1931158083548614,-3.190020307388172,-3.186924874083349,-3.1838295084414576,-3.1807342104642857,-3.177638980154369,-3.174543817515028,-3.1714487225504255,-3.1683536952656493,-3.1652587356668263,-3.162163843761277,-3.159069019557723,-3.1559742630665584,-3.1528795743002074,-3.1497849532735964,-3.146690400004766,-3.143595914515678,-3.140501496833271,-3.1374071469908382,-3.1343128650298504,-3.1312186510023436,-3.1281245049740645,-3.125030427028641,-3.1219364172730892,-3.1188424758451316,-3.1157486029229347,-3.1126547987380873,-3.1095610635929654,-3.1064673978840034,-3.103373802132967,-3.100280277029085,-3.097186823485952,-3.094093442718584,-3.0910001363480193,-3.08790690654368,-3.0848137562176157,-3.081720689290225,-3.0786277110546676,-3.07553482867791,-3.0724420518913953,-3.069349393945513,-3.06625687293201,-3.063164513620828,-3.0600723500179865,-3.0569804289365905,-3.0538888149948837,-3.0507975976292885,-3.047706900959572,-3.0446168977008563,-3.041527828831403,-3.0384400314661386,-3.035353978455883,-3.032270334779946,-3.02919003804204,-3.026114413631931,-3.023045339836667,-3.0199854850395673,-3.016938649087042,-3.0139102552903427,-3.010908060257257,-3.0079431783875346,-3.0050315597239607,-3.0021961177888565,-2.999469781617308,-2.9968998443215153,-2.9945540918674673,-2.992529293222852,-2.990962648411604,-2.9900465817513875
-3.592662535619593,-3.591872871614306,-3.590504501589177,-3.5887087321258817,-3.5865952667305936,-3.5842443466615657,-3.581715091271551,-3.5790513257213488,-3.576285709552786,-3.573442694632764,-3.5705406641305895,-3.5675934912692187,-3.564611682678918,-3.56160322175983,-3.5585741938069093,-3.5555292513795917,-3.5524719620965177,-3.54940506949029,-3.5463306893050914,-3.543250457675576,-3.5401656433148836,-3.5370772326958244,-3.5339859949050267,-3.5308925311533956,-3.527797312672374,-3.524700709795385,-3.521603014331658,-3.518504456822844,-3.5154052198859898,-3.512305448555936,-3.5092052583216042,-3.5061047413856214,-3.5030039715519,-3.499903008051136,-3.496801898542235,-3.4937006814728075,-3.490599387940053,-3.487498043161263,-3.4843966676385856,-3.4812952780838136,-3.478193888154353,-3.4750925090403113,-3.4719911499339107,-3.4688898184056915,-3.4657885207067096,-3.462687262011852,-3.4595860466161916,-3.456484878093812,-3.4533837594265666,-3.4502826931086994,-3.447181681232054,-3.4440807255556134,-3.4409798275624013,-3.4378789885061263,-3.434778209449514,-3.4316774912958743,-3.42857683481516,-3.4254762406655206,-3.4223757094111735,-3.419275241537249,-3.4161748374621554,-3.413074497547899,-3.4099742221087137,-3.4068740114182976,-3.4037738657158925,-3.4006737852114077,-3.3975737700897404,-3.394473820514436,-3.3913739366307967,-3.388274118568523,-3.3851743664439695,-3.3820746803620794,-3.3789750604180457,-3.3758755066987454,-3.372776019283984,-3.36967659824758,-3.3665772436583183,-3.363477955580794,-3.360378734076165,-3.3572795792028276,-3.354180491017038,-3.3510814695734847,-3.3479825149258264,-3.3448836271272087,-3.341784806230762,-3.338686052290101,-3.3355873653598285,-3.332488745496049,-3.3293901927569185,-3.3262917072032194,-3.323193288898993,-3.3200949379122258,-3.316996654315617,-3.3138984381874343,-3.310800289612486,-3.3077022086832266,-3.3046041955010237,-3.3015062501776216,-3.298408372836831,-3.295310563616502,-3.2922128226708254,-3.289115150173031,-3.2860175460466152,-3.2829200102218654,-3.2798225426352294,-3.276725143228754,-3.2736278119495803,-3.270530548749494,-3.2674333535845186,-3.2643362264145503,-3.2612391672030303,-3.258142175916646,-3.2550452525250675,-3.2519483970007,-3.2488516093184674,-3.2457548894556125,-3.2426582373915163,-3.2395616531075344,-3.236465136586849,-3.233368687814332,-3.230272306776421,-3.2271759934610063,-3.224079747857334,-3.2209835699559046,-3.2178874597483964,-3.2147914172275827,-3.211695442387264,-3.2085995352222074,-3.205503695728093,-3.2024079239014576,-3.199312219739659,-3.196216583240836,-3.193121014403884,-3.1900255132284303,-3.1869300797148212,-3.1838347138641194,-3.1807394156781164,-3.1776441851593478,-3.1745490223111337,-3.1714539271376365,-3.1683588996439447,-3.1652639398361835,-3.1621690477216746,-3.1590742233091382,-3.155979466608971,-3.152884777633596,-3.149790156397938,-3.1466956029200386,-3.1436011172218588,-3.140506699330337,-3.1374123492787667,-3.1343180671086204,-3.1312238528719307,-3.1281297066344487,-3.1250356284798015,-3.121941618515004,-3.118847676877781,-3.1157538037462964,-3.112659999352139,-3.109566263997685,-3.1064725980793684,-3.1033790021189542,-3.1002854768056727,-3.0971920230531174,-3.094098642076306,-3.0910053354962757,-3.0879121054824497,-3.0848189549468774,-3.081725887809956,-3.0786329093648455,-3.075540026778514,-3.072447249782403,-3.0693545916269045,-3.0662620704037633,-3.0631697108829234,-3.0600775470704042,-3.056985625779313,-3.0538940116278948,-3.050802794052574,-3.0477120971731226,-3.04462209370467,-3.041533024625487,-3.038445227050513,-3.035359173830589,-3.0322755299450543,-3.0291952329976652,-3.0261196083782522,-3.023050534373961,-3.019990679368253,-3.016943843207753,-3.0139154492040277,-3.0109132539653327,-3.007948371892112,-3.0050367530281776,-3.0022013108973735,-2.999474974537034,-2.996905037062662,-2.9945592844450717,-2.9925344856589184,-2.990967840738038,-2.990051774013823
-3.5926675841354636,-3.591877920084516,-3.590509549979474,-3.5887137804102407,-3.5866003148890497,-3.5842493946786824,-3.58172013913532,-3.5790563734223806,-3.5762907570837106,-3.573447741987772,-3.5705457113050842,-3.567598538259557,-3.564616729482199,-3.5616082683737402,-3.5585792402295997,-3.5555342976095785,-3.552477008132608,-3.549410115331522,-3.5463357349506848,-3.5432555031248985,-3.5401706885674202,-3.5370822777511535,-3.5339910397628014,-3.5308975758133303,-3.5278023571342296,-3.524705754058964,-3.521608058396795,-3.518509500689401,-3.515410263553848,-3.512310492024994,-3.509210301591774,-3.5061097844568274,-3.503009014424074,-3.4999080507242204,-3.496806941016176,-3.4937057237475573,-3.4906044300155696,-3.4875030850375057,-3.484401709315519,-3.4813003195614023,-3.4781989294325646,-3.475097550119115,-3.4719961908132775,-3.4688948590855935,-3.4657935611871196,-3.462692302292743,-3.4595910866975386,-3.45648991797559,-3.4533887991087515,-3.4502877325912675,-3.4471867205149804,-3.4440857646388756,-3.4409848664459775,-3.4378840271899933,-3.434783247933649,-3.431682529580255,-3.4285818728997652,-3.4254812785503295,-3.4223807470961636,-3.4192802790223986,-3.4161798747474417,-3.4130795346333005,-3.4099792589942095,-3.406879048103865,-3.4037789022015104,-3.400678821497055,-3.3975788061753964,-3.394478856400079,-3.391378972316407,-3.388279154054079,-3.3851794017294514,-3.382079715447466,-3.378980095303316,-3.3758805413838764,-3.3727810537689544,-3.3696816325323673,-3.3665822777429018,-3.363482989465153,-3.360383767760278,-3.357284612686674,-3.354185524300597,-3.3510865026567345,-3.347987547808747,-3.344888659809778,-3.341789838712959,-3.3386910845719044,-3.335592397441216,-3.332493777377,-3.3293952244374116,-3.3262967386832334,-3.3231983201785065,-3.320099968991217,-3.317001685194065,-3.313903468865317,-3.3108053200897833,-3.307707238959917,-3.304609225577087,-3.3015112800530355,-3.298413402511575,-3.295315593090555,-3.292217851944166,-3.289120179245637,-3.2860225749184657,-3.2829250388929383,-3.2798275711055034,-3.2767301714982064,-3.2736328400181907,-3.270535576617241,-3.2674383812513796,-3.2643412538805046,-3.261244194468057,-3.2581472029807252,-3.255050279388178,-3.2519534236628194,-3.248856635779574,-3.2457599157156847,-3.2426632634505324,-3.239566678965474,-3.2364701622436907,-3.2333737132700544,-3.2302773320310023,-3.2271810185144267,-3.224084772709572,-3.2209885946069394,-3.2178924841982055,-3.2147964414761456,-3.211700466434559,-3.208604559068215,-3.2055087193727902,-3.2024129473448237,-3.199317242981673,-3.196221606281478,-3.1931260372431325,-3.190030535866264,-3.18693510215122,-3.183839736099063,-3.1807444377115837,-3.1776492069913176,-3.174554043941584,-3.171458948566546,-3.16836392087129,-3.165268960861945,-3.1621740685458297,-3.1590792439316675,-3.1559844870298512,-3.1528897978528065,-3.1497951764154575,-3.1467006227358456,-3.1436061368359343,-3.1405117187426588,-3.1374173684893147,-3.1343230861173716,-3.1312288716788657,-3.1281347252395455,-3.1250406468830367,-3.121946636716358,-3.1188526948772326,-3.1157588215438228,-3.1126650169477204,-3.1095712813913003,-3.1064776152709963,-3.103384019108575,-3.1002904935932643,-3.09719703963866,-3.094103658459777,-3.091010351677655,-3.087917121461715,-3.0848239707240075,-3.0817309033849307,-3.078637924737643,-3.0755450419491135,-3.0724522647507846,-3.0693596063930455,-3.066267084967645,-3.063174725244526,-3.0600825612297093,-3.0569906397363034,-3.053899025382555,-3.050807807604891,-3.0477171105230885,-3.0446271068522814,-3.0415380375707493,-3.038450239793445,-3.0353641863712295,-3.0322805422834715,-3.02920024513397,-3.0261246203126175,-3.023055546106655,-3.0199956908996817,-3.016948854538527,-3.0139204603350622,-3.010918264897994,-3.0079533826284353,-3.0050417635711915,-3.002206321251574,-2.999479984709086,-2.9969100470624195,-2.994564294287041,-2.9925394953643307,-2.9909728503376747,-2.9900567835517147
-3.5926724549553968,-3.5918827908603967,-3.5905144206782547,-3.588718651006814,-3.586605185364154,-3.584254265017423,-3.5817250093261137,-3.579061243456168,-3.5762956269533777,-3.573452611687711,-3.570550580830862,-3.567603407607656,-3.5646215986498238,-3.5616131373586617,-3.5585841090300336,-3.555539166224093,-3.5524818765600523,-3.549414983570966,-3.5463406030013784,-3.5432603709862303,-3.5401755562388915,-3.5370871452323587,-3.5339959070534066,-3.5309024429130598,-3.527807224042855,-3.524710620776295,-3.5216129249226706,-3.5185143670236863,-3.5154151296964296,-3.512315357975774,-3.5092151673506673,-3.506114650023759,-3.503013879798979,-3.4999129159070415,-3.4968118060068627,-3.493710588546065,-3.4906092946218568,-3.4875079494515346,-3.4844065735372536,-3.481305183590809,-3.4782037932696124,-3.475102413763774,-3.4720010542655197,-3.468899722345392,-3.465798424254449,-3.4626971651675786,-3.4595959493798554,-3.456494780465364,-3.453393661405959,-3.4502925946958856,-3.4471915824269868,-3.4440906263582485,-3.440989727972694,-3.4378888885240317,-3.4347881090749874,-3.4316873905288725,-3.428586733655641,-3.425486139113441,-3.422385607466491,-3.4192851391999204,-3.416184734732138,-3.41308439442515,-3.4099841185931905,-3.406883907509958,-3.4037837614146955,-3.400683680517311,-3.3975836650027014,-3.3944837150344127,-3.3913838307577473,-3.3882840123024067,-3.3851842597847455,-3.3820845733097045,-3.3789849529724783,-3.375885398859944,-3.3727859110519054,-3.369686489622182,-3.3665871346395604,-3.363487846168635,-3.3603886242705623,-3.357289469003739,-3.3541903804244226,-3.351091358587302,-3.347992403546035,-3.3448935153537662,-3.341794694063627,-3.338695939729233,-3.335597252405184,-3.332498632147587,-3.329400079014597,-3.326301593066997,-3.323203174368828,-3.320104822988076,-3.3170065389974415,-3.313908322475191,-3.310810173506134,-3.3077120921827237,-3.304614078606329,-3.301516132888693,-3.298418255153626,-3.2953204455389793,-3.292222704198943,-3.2891250313067455,-3.286027426785885,-3.2829298905666486,-3.2798324225854842,-3.276735022784438,-3.273637691110651,-3.2705404275159085,-3.2674432319562343,-3.264346104391526,-3.261249044785223,-3.2581520531040153,-3.2550551293175713,-3.251958273398296,-3.2488614853211137,-3.2457647650632673,-3.2426681126041372,-3.239571527925081,-3.23647501100928,-3.2333785618416053,-3.2302821804084942,-3.2271858666978397,-3.224089620698885,-3.2209934424021323,-3.2178973317992576,-3.2148012888830353,-3.2117053136472675,-3.2086094060867203,-3.2055135661970726,-3.202417793974863,-3.1993220894174494,-3.1962264525229713,-3.1931308832903214,-3.1900353817191283,-3.186939947809738,-3.183844581563215,-3.1807492829813486,-3.177654052066675,-3.174558888822513,-3.171463793253026,-3.168368765363302,-3.165273805159467,-3.1621789126488427,-3.1590840878401503,-3.1559893307437843,-3.152894641372169,-3.1498000197402303,-3.1467054658660083,-3.143610979771465,-3.1405165614835373,-3.1374222110355214,-3.134327928468887,-3.131233713835668,-3.1281395672016137,-3.1250454886503523,-3.1219514782889,-3.11885753625498,-3.115763662726757,-3.112669857935819,-3.1095761221845435,-3.1064824558693642,-3.103388859512047,-3.10029533380182,-3.097201879652278,-3.0941084982784375,-3.0910151913013366,-3.087921960890398,-3.0848288099576724,-3.0817357424235565,-3.0786427635812097,-3.0755498805976003,-3.0724571032041714,-3.069364444651313,-3.0662719230307736,-3.0631795631124965,-3.0600873989025037,-3.056995477213905,-3.053903862664948,-3.050812644692063,-3.0477219474150297,-3.0446319435489904,-3.0415428740722312,-3.0384550760997198,-3.035369022482334,-3.0322853781994725,-3.0292050808549735,-3.026129455838793,-3.023060381438259,-3.020000526037106,-3.0169536894823605,-3.0139252950861875,-3.010923099457729,-3.007958216998744,-3.0050465977549954,-3.0022111552532125,-2.99948481853499,-2.996914880722096,-2.9945691277944855,-2.9925443287400264,-2.990977683611321,-2.99006161676579
-3.592677154306047,-3.591887490168546,-3.590519119912018,-3.5887233501419686,-3.586609884382115,-3.584258963903823,-3.5817297080697736,-3.5790659420483495,-3.5763003253872165,-3.573457309957799,-3.5705552789329205,-3.567608105538293,-3.56462629640634,-3.5616178349389043,-3.5585888064322804,-3.5555438634469656,-3.5524865736024385,-3.5494196804319706,-3.5463452996802762,-3.5432650674824324,-3.540180252551919,-3.537091841361819,-3.534000602998978,-3.5309071386744755,-3.5278119196198947,-3.524715316168774,-3.5216176201304354,-3.5185190620466065,-3.5154198245343937,-3.512320052628687,-3.509219861818451,-3.5061193443063434,-3.5030185738963033,-3.499917609819049,-3.496816499733504,-3.493715282087294,-3.490613987977632,-3.4875126426218186,-3.4844112665220113,-3.4813098763900094,-3.4782084858832265,-3.475107106191772,-3.472005746507876,-3.4689044144020804,-3.465803116125444,-3.4627018568528554,-3.4596006408793905,-3.4564994717791353,-3.453398352533943,-3.4502972856380603,-3.4471962731833306,-3.44409531692874,-3.4409944183573113,-3.4378935787227545,-3.4347927990877944,-3.431692080355744,-3.428591423296554,-3.4254908285683765,-3.4223902967354283,-3.4192898282828397,-3.4161894236290187,-3.4130890831359726,-3.4099888071179354,-3.4068885958486046,-3.4037884495672235,-3.4006883684837,-3.397588352782931,-3.3944884026284643,-3.3913885181656007,-3.3882886995240415,-3.3851889468201413,-3.3820892601588435,-3.3789896396353405,-3.375890085336511,-3.3727905973421577,-3.3696911757260994,-3.3665918205571224,-3.3634925318998214,-3.3603933098153553,-3.3572941543621186,-3.3541950655963686,-3.351096043572794,-3.347997088345054,-3.344898199966293,-3.341799378489641,-3.338700623968714,-3.335601936458112,-3.332503316013943,-3.329404762694361,-3.3263062765601483,-3.3232078576753477,-3.320109506107945,-3.3170112219306387,-3.3139130052216976,-3.3108148560659307,-3.30771677455579,-3.3046187607926445,-3.301520814888237,-3.29842293696638,-3.2953251271649227,-3.292227385638056,-3.289129712559008,-3.286032107851278,-3.2829345714451517,-3.2798371032770772,-3.2767397032891017,-3.273642371428365,-3.2705451076466545,-3.267447911899992,-3.264350784148275,-3.2612537243549444,-3.2581567324866882,-3.2550598085131757,-3.2519629524068123,-3.248866164142522,-3.2457694436975477,-3.2426727910512705,-3.2395762061850464,-3.2364796890820573,-3.233383239727174,-3.2302868581068362,-3.227190544208935,-3.2240942980227145,-3.220998119538675,-3.217902008748495,-3.2148059656449472,-3.211709990221834,-3.2086140824739213,-3.2055182423968893,-3.202422469987275,-3.199326765242436,-3.196231128160513,-3.1931355587403996,-3.190040056981722,-3.186944622884829,-3.1838492564507828,-3.1807539576813735,-3.1776587265791374,-3.174563563147394,-3.1714684673903055,-3.168373439312959,-3.165278478921482,-3.1621835862231964,-3.1590887612268235,-3.1559940039427565,-3.1528993143834207,-3.1498046925637406,-3.1467101385017595,-3.143615652219438,-3.140521233743713,-3.137426883107879,-3.1343326003534067,-3.13123838553233,-3.1281442387103984,-3.1250501599712397,-3.121956149421871,-3.118862207200015,-3.1157683334838358,-3.112674528504923,-3.1095807925656516,-3.106487126062458,-3.1033935295171053,-3.1003000036188224,-3.0972065492812053,-3.0941131677192706,-3.0910198605540558,-3.0879266299549837,-3.084833478834105,-3.0817404111118165,-3.0786474320812784,-3.075554548909458,-3.0724617713277977,-3.069369112586689,-3.06627659077788,-3.0631842306713164,-3.0600920662730196,-3.0570001443961003,-3.0539085296588087,-3.050817311497577,-3.047726614032189,-3.0446366099777915,-3.0415475403126817,-3.0384597421518387,-3.0353736883461573,-3.032290043875062,-3.0292097463424326,-3.0261341211382824,-3.023065046550028,-3.020005190961532,-3.0169583542200122,-3.013929959637916,-3.010927763824806,-3.007962881183065,-3.0050512617593776,-3.002215819081842,-2.99948948219407,-2.9969195442207983,-2.994573791146316,-2.9925489919647448,-2.9909823467375807,-2.9900662798345747
-3.5926816881977666,-3.591892024019261,-3.5905236536909677,-3.588727883825781,-3.5866144179528607,-3.5842634973476404,-3.581734241375879,-3.579070475208308,-3.5763048583944075,-3.5734618428070033,-3.5705598116200132,-3.5676126380600013,-3.5646308287600608,-3.56162236712256,-3.5585933384442106,-3.5555483952858364,-3.55249110526718,-3.549424211921718,-3.5463498309943304,-3.543269598620225,-3.540184783512987,-3.5370963721457835,-3.5340051336055285,-3.5309116691033564,-3.5278164498708926,-3.5247198462417115,-3.521622150025163,-3.518523591762999,-3.515424354072345,-3.5123245819881066,-3.5092243909992575,-3.506123873308468,-3.503023102719685,-3.4999221384636354,-3.4968210281992484,-3.493719810374154,-3.490618516085569,-3.487517170550797,-3.4844157942719987,-3.481314403960975,-3.4782130132751403,-3.475111633404608,-3.472010273541606,-3.468908941256679,-3.465807642800888,-3.4627063833491225,-3.459605167196457,-3.456503997916979,-3.453402878492543,-3.4503018114173942,-3.447200798783377,-3.444099842349478,-3.440998943598721,-3.437898103784816,-3.4347973239704874,-3.4316966050590483,-3.4285959478204506,-3.425495352912846,-3.4223948209004496,-3.419294352268393,-3.416193947435085,-3.4130936067625317,-3.409993330564968,-3.4068931191160914,-3.4037929726551455,-3.4006928913920382,-3.3975928755116676,-3.3944929251775804,-3.391393040535078,-3.3882932217138606,-3.3851934688302836,-3.3820937819892887,-3.378994161286069,-3.375894606807502,-3.3727951186333933,-3.36969569683756,-3.3665963414887896,-3.3634970526516756,-3.360397830387377,-3.3572986747542894,-3.3541995858086695,-3.3511005636052063,-3.3480016081975585,-3.344902719638871,-3.341803897982273,-3.3387051432813815,-3.3356064555907956,-3.3325078349666235,-3.3294092814670186,-3.3263107951527657,-3.323212376087905,-3.3201140243404232,-3.3170157399830185,-3.3139175230939593,-3.3108193737580547,-3.3077212920677583,-3.3046232781244376,-3.301525332039837,-3.2984274539377667,-3.295329643956078,-3.2922319022489606,-3.2891342289896444,-3.286036624101626,-3.2829390875151923,-3.27984161916679,-3.2767442189984672,-3.2736468869573647,-3.2705496229952677,-3.2674524270682004,-3.264355299136059,-3.2612582391622853,-3.258161247113567,-3.255064322959573,-3.251967466672708,-3.248870678227898,-3.2457739576023843,-3.2426773047755484,-3.239580719728747,-3.2364842024451623,-3.2333877529096644,-3.230291371108692,-3.227195057030136,-3.2240988106632416,-3.221002631998511,-3.21790652102762,-3.2148104777433426,-3.211714502139481,-3.208618594210802,-3.2055227539529842,-3.2024269813625654,-3.1993312764369026,-3.1962356391741356,-3.1931400695731593,-3.1900445676336,-3.1869491333558058,-3.18385376674084,-3.180758467790492,-3.1776632365072977,-3.174568072894577,-3.171472976956493,-3.168377948698133,-3.165282988125623,-3.1621880952462846,-3.1590932700688397,-3.155998512603683,-3.1529038228632382,-3.1498092008624314,-3.1467146466193032,-3.143620160155815,-3.140525741498904,-3.137431390681865,-3.1343371077461684,-3.131242892743849,-3.1281487457406554,-3.1250546668202155,-3.1219606560895468,-3.1188667136863715,-3.1157728397888538,-3.1126790346285835,-3.109585298507937,-3.1064916318233475,-3.1033980350965815,-3.100304509016867,-3.0972110544977998,-3.0941176727543955,-3.0910243654076925,-3.0879311346271123,-3.0848379833247064,-3.0817449154208716,-3.078651936208768,-3.075559052855364,-3.072466275092103,-3.0693736161693748,-3.066281094178929,-3.06318873389071,-3.0600965693107396,-3.0570046472521315,-3.053913032333137,-3.0508218139901904,-3.0477311163430802,-3.0446411121069588,-3.0415520422601294,-3.0384642439175833,-3.035378189930234,-3.0322945452775323,-3.0292142475633965,-3.026138622177895,-3.0230695474085296,-3.0200096916392867,-3.0169628547175695,-3.013934459956098,-3.01093226396484,-3.0079673811467784,-3.0050557615494893,-3.00222031870239,-2.99949398165104,-2.9969240435230398,-2.994578290306856,-2.9925534910026506,-2.990986845680496,-2.9900707787220404
-3.592686062432069,-3.5918963982140006,-3.5905280278164646,-3.58873225785949,-3.5866187918774837,-3.584267871149802,-3.581738615045174,-3.579074848736604,-3.5763092317753182,-3.573466216035494,-3.5705641846921035,-3.5676170109725334,-3.564635201510523,-3.5616267397089496,-3.558597710864923,-3.5555527675395875,-3.552495477352934,-3.5494285838386412,-3.546354202741747,-3.5432739701975873,-3.5401891549198488,-3.5371007433817794,-3.5340095046703572,-3.53091603999677,-3.527820820592686,-3.5247242167917143,-3.5216265204032333,-3.518527961969015,-3.515428724106203,-3.5123289518497183,-3.509228760688547,-3.50612824282537,-3.503027472064141,-3.4999265076355948,-3.496825397198665,-3.493724179200986,-3.490622884739779,-3.487521539032351,-3.4844201625808644,-3.4813187720971226,-3.478217381238542,-3.4751160011952362,-3.4720146411594373,-3.4689133087016892,-3.465812010073053,-3.4627107504484194,-3.4596095341228636,-3.456508364670473,-3.4534072450731044,-3.450306177825004,-3.4472051650180147,-3.4441042084111233,-3.4410033094873547,-3.437902469500418,-3.4348016895130384,-3.4317009704285293,-3.4286003130168416,-3.4254997179361273,-3.4223991857506033,-3.4192987169454003,-3.416198311938927,-3.4130979710931904,-3.4099976947224238,-3.4068974831003263,-3.403797336466141,-3.4006972550297765,-3.3975972389761298,-3.3944972884687465,-3.3913974036529297,-3.3882975846583787,-3.3851978316014493,-3.3820981445870846,-3.378998523710477,-3.375898969058504,-3.37279948071097,-3.369700058741694,-3.3666007032194623,-3.3635014142088693,-3.360402191771073,-3.357303035964469,-3.3542039468453146,-3.3511049244682987,-3.3480059688870796,-3.344907080154802,-3.3418082583245963,-3.3387095034500773,-3.335610815585847,-3.332512194788012,-3.329413641114726,-3.3263151546267733,-3.323216735388195,-3.320118383466977,-3.3170200989358176,-3.313921881872986,-3.3108237323632905,-3.3077256504991848,-3.3046276363820364,-3.3015296901235884,-3.2984318118476526,-3.2953340016920794,-3.292236259811059,-3.2891385863778195,-3.2860409813158595,-3.2829434445554657,-3.2798459760330863,-3.2767485756907666,-3.2736512434756495,-3.2705539793395193,-3.2674567832384005,-3.2643596551321883,-3.2612625949843266,-3.2581656027615016,-3.255068678433382,-3.2519718219723743,-3.2488750333534013,-3.245778312553707,-3.242681659552673,-3.2395850743316545,-3.2364885568738337,-3.233392107164081,-3.230295725188835,-3.2271994109359894,-3.2241031643947857,-3.2210069855557273,-3.2179108744104905,-3.214814830951849,-3.2117188551736047,-3.208622947070524,-3.2055271066382858,-3.2024313338734287,-3.1993356287733095,-3.1962399913360673,-3.193144421560598,-3.1900489194465296,-3.186953484994206,-3.1838581182046917,-3.1807628190797774,-3.1776675876219977,-3.1745724238346735,-3.171477327721967,-3.168382299288967,-3.1652873385417997,-3.1621924454877854,-3.159097620135647,-3.1560028624957774,-3.1529081725806023,-3.149813550405046,-3.146718995987149,-3.143624509348875,-3.1405300905171605,-3.137435739525301,-3.134341456414765,-3.1312472412375874,-3.128153094059517,-3.1250590149641817,-3.1219650040585982,-3.118871061480489,-3.1157771874080193,-3.112683382072779,-3.109589645777144,-3.1064959789175477,-3.103402382015756,-3.1003088557609977,-3.097215401066869,-3.094122019148385,-3.091028711626585,-3.087935480670889,-3.0848423291933496,-3.081749261114363,-3.078656281727089,-3.0755633981984962,-3.0724706202600283,-3.0693779611620755,-3.0662854389963874,-3.0631930785329087,-3.060100913777663,-3.0570089915437646,-3.0539173764494665,-3.050826157931205,-3.0477354601087723,-3.044645455697325,-3.0415563856751757,-3.0384685871573267,-3.0353825329947077,-3.0322988881667947,-3.0292185902775435,-3.026142964717078,-3.02307388977298,-3.020014033829356,-3.0169671967337854,-3.013938801799254,-3.0109366056361195,-3.0079717226479454,-3.0050601028831676,-3.0022246598724758,-2.999498322663309,-2.996928384386027,-2.994582631033133,-2.9925578316106107,-2.990991186196811,-2.990075119184857
-3.592690282608693,-3.5919006183524584,-3.5905322478881234,-3.588736477842597,-3.5866230117553486,-3.584272090909524,-3.5817428346767155,-3.5790790682321156,-3.576313451128636,-3.57347043524176,-3.5705684037474743,-3.5676212298739634,-3.5646394202555878,-3.561630958295716,-3.5586019292918483,-3.55555698580543,-3.5524996954566976,-3.5494328017795214,-3.546358420519091,-3.5432781878108663,-3.5401933723686323,-3.537104960665715,-3.534013721789155,-3.530920256950192,-3.527825037380534,-3.524728433413825,-3.521630736859466,-3.5185321782592536,-3.5154329402303475,-3.5123331678076846,-3.509232976480262,-3.5061324584507685,-3.5030316875231686,-3.499930722928203,-3.496829612324807,-3.4937283941606228,-3.4906270995328743,-3.4875257536588724,-3.4844243770407806,-3.4813229863904054,-3.4782215953651643,-3.475120215155173,-3.472018854952663,-3.468917522328182,-3.46581622353279,-3.4627149637413783,-3.459613747249024,-3.456512577629814,-3.4534114578656046,-3.4503103904506425,-3.4472093774767725,-3.4441084207029817,-3.441007521612294,-3.4379066814584185,-3.4348059013040824,-3.431705182052597,-3.4286045244739163,-3.42550392922619,-3.4224033968736363,-3.4193029279013847,-3.4162025227278447,-3.4131021817150238,-3.4100019051771553,-3.4069016933879386,-3.403801546586615,-3.400701464983093,-3.3976014487622717,-3.394501498087697,-3.39140161310467,-3.3883017939428917,-3.385202040718717,-3.382102353537088,-3.3790027324932006,-3.37590317767393,-3.372803689159081,-3.369704267022471,-3.3666049113328866,-3.363505622154924,-3.3604063995497397,-3.3573072435757307,-3.3542081542891538,-3.351109131744697,-3.3480101759960204,-3.3449112870962665,-3.3418124650985677,-3.3387137100565383,-3.33561502202478,-3.332516401059398,-3.3294178472185494,-3.3263193605630152,-3.323220941156838,-3.3201225890680037,-3.3170243043692094,-3.313926087138725,-3.310827937461359,-3.3077298554295647,-3.304631841144711,-3.3015338947185393,-3.298436016274863,-3.2953382059515293,-3.2922404639027314,-3.2891427903016965,-3.2860451850719237,-3.282947648143699,-3.2798501794534705,-3.2767527789432838,-3.273655446560281,-3.270558182256248,-3.2674609859872086,-3.2643638577130587,-3.2612667973972393,-3.2581698050064403,-3.2550728805103284,-3.2519760238813102,-3.2488792350943094,-3.245782514126569,-3.242685860957471,-3.2395892755683713,-3.236492757942451,-3.2333963080645827,-3.2302999259212033,-3.2272036115002054,-3.2241073647908323,-3.221011185783586,-3.217915074470144,-3.214819030843279,-3.211723054896794,-3.2086271466254557,-3.205531306024942,-3.2024355330917906,-3.1993398278233607,-3.1962441902177914,-3.193148620273976,-3.1900531179915426,-3.1869576833708377,-3.1838623164129256,-3.1807670171195954,-3.177671785493382,-3.174576621537607,-3.1714815252564317,-3.1683864966549438,-3.1652915357392706,-3.1621966425167334,-3.159101816996053,-3.156007059187624,-3.152912369103871,-3.1498177467597195,-3.14672319217321,-3.143628705366306,-3.140534286365943,-3.137439935205416,-3.134345651926196,-3.1312514365803166,-3.1281572892335276,-3.1250632099694573,-3.1219691988951213,-3.1188752561482427,-3.1157813819069853,-3.11268757640294,-3.10959383993848,-3.1065001729100423,-3.1034065758393914,-3.1003130494157563,-3.0972195945527314,-3.094126212465335,-3.0910329047746035,-3.08793967364996,-3.0848465220034544,-3.081753453755484,-3.0786604741992076,-3.075567590501596,-3.072474812394091,-3.0693821531270844,-3.066289630792325,-3.063197270159759,-3.0601051052354107,-3.057013182832396,-3.053921567568968,-3.0508303488815667,-3.0477396508899868,-3.04464964630939,-3.041560576118097,-3.0384727774311204,-3.035386723099407,-3.0323030781024563,-3.0292227800442584,-3.026147154314992,-3.0230780792023153,-3.0200182230904526,-3.016971385827155,-3.0139429907256603,-3.0109407943967055,-3.007975911244412,-3.0050642913180465,-3.002228848149525,-2.999502510788099,-2.9969325723667954,-2.9945868188820057,-2.992562019345335,-2.9909953738431176,-2.990079306779551
-3.592694354132568,-3.59190468983951,-3.5905363193107274,-3.5887405491797675,-3.586627082990986,-3.584276162031178,-3.5817469056747013,-3.579083139098862,-3.5763175218581966,-3.573474505829449,-3.5705724741895875,-3.5676253001675593,-3.5646434903983284,-3.561635028285736,-3.5586059991276557,-3.5555610554858292,-3.552503764980726,-3.549436871146403,-3.5463624897281987,-3.543282256861691,-3.5401974412607573,-3.5371090293988003,-3.5340177903629226,-3.5309243253644103,-3.527829105635013,-3.5247325015084017,-3.5216348047940085,-3.518536246033648,-3.5154370078445,-3.512337235261511,-3.509237043773693,-3.506136525583744,-3.503035754495633,-3.499934789740109,-3.4968336789761127,-3.493732460651289,-3.4906311658628657,-3.4875298198281564,-3.484428443049328,-3.481327052238188,-3.4782256610521554,-3.4751242806813485,-3.472022920318,-3.4689215875326567,-3.465820288576381,-3.462719028624065,-3.459617811970786,-3.4565166421906324,-3.45341552226546,-3.4503144546895155,-3.4472134415546454,-3.4441124846198363,-3.441011585368112,-3.4379107450531814,-3.4348099647377714,-3.431709245325194,-3.428608587585402,-3.4255079921765472,-3.4224074596628467,-3.419306990529432,-3.416206585194711,-3.413106244020692,-3.410005967321607,-3.406905755371155,-3.40380560840858,-3.4007055266437907,-3.397605510261685,-3.394505559425807,-3.391405674281461,-3.3883058549583467,-3.3852061015728188,-3.3821064142298196,-3.3790067930245433,-3.3759072380438666,-3.3728077493675954,-3.3697083270695467,-3.366608971218506,-3.36350968187907,-3.360410459112396,-3.3573113029768797,-3.354212213528778,-3.35111319082278,-3.3480142349125446,-3.344915345851216,-3.341816523691924,-3.338717768488286,-3.335619080294902,-3.332520459167878,-3.329421905165369,-3.326323418348157,-3.3232249987802844,-3.3201266465297383,-3.317028361669216,-3.313930144276986,-3.310831994437856,-3.3077339122442817,-3.3046358977976302,-3.3015379512096446,-3.298440072604135,-3.2953422621189525,-3.2922445199082877,-3.2891468461453695,-3.286049240753694,-3.2829517036635494,-3.279854234811383,-3.2767568341392415,-3.2736595015942664,-3.2705622371282446,-3.267465040697199,-3.2643679122610263,-3.2612708517831686,-3.2581738592303124,-3.255076934572127,-3.251980077781018,-3.2488832888319092,-3.245786567702044,-3.242689914370803,-3.2395933288195433,-3.2364968110314463,-3.233400360991383,-3.230303978685791,-3.227207664102565,-3.2241114172309464,-3.221015238061438,-3.2179191265857163,-3.2148230827965554,-3.2117271066877557,-3.208631198254086,-3.205535357491225,-3.2024395843957096,-3.199343878964898,-3.1962482411969284,-3.193152671090696,-3.1900571686458283,-3.1869617338626726,-3.1838663667422917,-3.1807710672864755,-3.17767583549776,-3.174580671379465,-3.1714855749357516,-3.1683905461717106,-3.165295585093467,-3.1622006917083416,-3.1591058660250573,-3.156011108054008,-3.1529164178076168,-3.1498217953008107,-3.146727240551631,-3.143632753582038,-3.140538334418969,-3.13744398309572,-3.1343496996537605,-3.1312554841451243,-3.1281613366355625,-3.125067257208701,-3.121973245971558,-3.118879303061855,-3.1157854286577553,-3.11269162299085,-3.109597886363515,-3.1065042191721837,-3.1034106219386217,-3.100317095352059,-3.09722364032609,-3.0941302580757313,-3.091036950222021,-3.0879437189343797,-3.0848505671248594,-3.0817574987138583,-3.078664518994535,-3.0755716351338593,-3.0724788568632735,-3.06938619743317,-3.0662936749352974,-3.0632013141396017,-3.0601091490521086,-3.057017226485934,-3.053925611059335,-3.050834392208752,-3.047743694053984,-3.0446536893101976,-3.041564618955719,-3.0384768201055725,-3.035390765610721,-3.032307120450687,-3.029226822229495,-3.026151196337374,-3.023082121062059,-3.020022264787884,-3.0169754273627665,-3.01394703210019,-3.0109448356112556,-3.0079799523006243,-3.005068332218362,-3.002232888897571,-2.999506551389251,-2.9969366128289994,-2.994590859216961,-2.9925660595701635,-2.9909994139826437,-2.990083346869282
-3.5926982822204065,-3.591908617891824,-3.5905402473008654,-3.5887444770874826,-3.5866310108007426,-3.584280089730968,-3.5817508332551826,-3.579087066552729,-3.5763214491797117,-3.573478433014091,-3.5705764012337795,-3.567629227068467,-3.564647417153697,-3.561638954893767,-3.558609925586909,-3.5555649817951505,-3.5525076911391866,-3.5494407971532542,-3.5463664155828334,-3.543286182563617,-3.5402013668095726,-3.5371129547941775,-3.534021715604592,-3.5309282504521504,-3.5278330305686385,-3.524736426287762,-3.521638729418974,-3.51854017050411,-3.515440932160366,-3.512341159422703,-3.509240967780142,-3.506140449435389,-3.503039678192424,-3.499938713281997,-3.4968376023630574,-3.493736383883255,-3.49063508893982,-3.4875337427500672,-3.4844323658161667,-3.481330974849928,-3.4782295835087718,-3.475128202982817,-3.472026842464298,-3.468925509523763,-3.4658242104122747,-3.462722950304725,-3.459621733496193,-3.4565205635607663,-3.4534194434803016,-3.4503183757490454,-3.447217362458845,-3.444116405368686,-3.4410155059615946,-3.4379146654912813,-3.4348138850204704,-3.4317131654524746,-3.428612507557248,-3.425511911992942,-3.422411379323773,-3.419310910034873,-3.4162105045446505,-3.4131101632151117,-3.4100098863604913,-3.4069096742544875,-3.4038095271363438,-3.4007094452159685,-3.397609428678259,-3.394509477686763,-3.3914095923867813,-3.3883097729080145,-3.385210019366818,-3.382110331868134,-3.3790107105071554,-3.375911155370761,-3.3728116665387557,-3.369712244084957,-3.3666128880781505,-3.3635135985829323,-3.3604143756604588,-3.357315219369126,-3.3542161297651902,-3.3511171069033416,-3.3480181508372393,-3.3449192616200274,-3.3418204393048367,-3.338721683945282,-3.3356229955959646,-3.332524374312991,-3.3294258201545155,-3.326327333181322,-3.3232289134574517,-3.32013056105089,-3.3170322760343356,-3.313934058486057,-3.3108359084908634,-3.307737826141208,-3.3046398115384585,-3.3015418647943573,-3.298443986032716,-3.2953461753913857,-3.2922484330245556,-3.289150759105455,-3.2860531535575825,-3.282955616311224,-3.279858147302828,-3.2767607464744413,-3.273663413773204,-3.2705661491509033,-3.267468952563562,-3.264371823971076,-3.2612747633368873,-3.2581777706276838,-3.255080845813134,-3.2519839888656437,-3.248887199760137,-3.2457904784738574,-3.242693824986186,-3.2395972392784795,-3.2365007213339196,-3.2334042711373767,-3.2303078886752896,-3.2272115739355502,-3.224115326907402,-3.2210191475813477,-3.217923035949064,-3.214826992003325,-3.211731015737931,-3.2086351071476495,-3.20553926622816,-3.2024434929760006,-3.199347787388527,-3.19625214946388,-3.193156579200954,-3.190061076599376,-3.186965641659492,-3.1838702743823672,-3.180774974769791,-3.1776797428242993,-3.1745845785492115,-3.1714894819486905,-3.1683944530278247,-3.16529949179274,-3.1622045982507574,-3.1591097724105985,-3.156015014282658,-3.1529203238793606,-3.1498257012156303,-3.14673114630951,-3.1436366591829605,-3.1405422398629184,-3.13744788838268,-3.134353604783714,-3.1312593891180565,-3.1281652414514554,-3.1250711618675378,-3.121977150473321,-3.118883207406528,-3.115789332845323,-3.1126955270212946,-3.1096017902368214,-3.1065081228883358,-3.103414525497603,-3.1003209987538525,-3.0972275435706798,-3.0941341611630997,-3.091040853152151,-3.0879476217072566,-3.084854469740467,-3.081761401172179,-3.078668421295552,-3.075575537277557,-3.072482758849635,-3.0693900992621805,-3.0662975766069422,-3.063205215653866,-3.060113050408977,-3.0570211276853927,-3.053929512101372,-3.050838293093358,-3.0477475947811516,-3.0446575898799235,-3.041568519368008,-3.03848072036044,-3.035394665708197,-3.0323110203908232,-3.0292307220123793,-3.0261550959631416,-3.023086020530917,-3.0200261641001482,-3.016979326518913,-3.0139509311009296,-3.0109487344576515,-3.0079838509942607,-3.005072230761595,-3.002236787293898,-2.999510449643858,-2.996940510949553,-2.9945947572147493,-2.9925699574617033,-2.9910033117918857,-2.990087244630483
-3.5927020719072313,-3.5919124075443745,-3.590544036893432,-3.5887482666005295,-3.5866348002192843,-3.584283879043417,-3.581754622452525,-3.5790908556279173,-3.5763252381272115,-3.5734822218295412,-3.570580189913732,-3.567633015610184,-3.5646512055550024,-3.5616427431529254,-3.558613713702533,-3.555568769766125,-3.5525114789646155,-3.549444584832415,-3.5463702031151434,-3.5432899699486002,-3.5402051540468435,-3.537116741883419,-3.534025502545544,-3.530932037244598,-3.527836817212405,-3.5247402127826986,-3.521642515764956,-3.518543956701033,-3.5154447182081396,-3.5123449453212507,-3.509244753529398,-3.5061442350352965,-3.5030434636429315,-3.4999424985830623,-3.4968413875146407,-3.4937401688853185,-3.490638873792332,-3.4875375274529987,-3.48443615036949,-3.4813347592536172,-3.478233367762802,-3.475131987087166,-3.4720306264189436,-3.4689292933286833,-3.4658279940674497,-3.4627267338101353,-3.4596255168518195,-3.4565243467665905,-3.4534232265363043,-3.450322158655211,-3.4472211452151553,-3.4441201879751238,-3.4410192884181425,-3.437918447797921,-3.4348176671771875,-3.4317169474592517,-3.4286162894140686,-3.4255156936997886,-3.4224151608806297,-3.419314691441723,-3.4162142858014786,-3.4131139443219025,-3.4100136673172274,-3.406913455061153,-3.4038133077929213,-3.4007132257224417,-3.3976132090346125,-3.394513257892981,-3.3914133724428486,-3.3883135528139143,-3.385213799122534,-3.382114111473651,-3.379014489962457,-3.3759149346758313,-3.3728154456935777,-3.3697160230895156,-3.36661666693243,-3.3635173772869154,-3.36041815421413,-3.3573189977724702,-3.354219908018193,-3.351120885005987,-3.348021928789511,-3.344923039421909,-3.3418242169563124,-3.338725461446336,-3.3356267729465805,-3.332528151513154,-3.32942959720421,-3.326331110080531,-3.3232326902061593,-3.3201343376490797,-3.317036052481992,-3.3139378347831645,-3.310839684637405,-3.307741602137168,-3.3046435873838207,-3.301545640489106,-3.2984477615768357,-3.29534995078486,-3.292252208267369,-3.2891545341975914,-3.286056928499025,-3.2829593911019566,-3.279861921942835,-3.276764520963705,-3.2736671881117103,-3.2705699233386345,-3.2674727266005026,-3.26437559785721,-3.2612785370721995,-3.258181544212158,-3.255084619246754,-3.2519877621483944,-3.248890972892003,-3.245794251454822,-3.2426975978162336,-3.239601011957593,-3.236504493862083,-3.233408043514575,-3.2303116609015063,-3.2272153460107695,-3.224119098831608,-3.221022919354525,-3.217926807571195,-3.214830763474394,-3.211734787057923,-3.2086388783165494,-3.205543037245951,-3.202447263842666,-3.199351558104052,-3.196255920028249,-3.1931603496141516,-3.1900648468613864,-3.1869694117703,-3.1838740443419566,-3.1807787445781446,-3.1776835124814005,-3.1745883480550456,-3.1714932513032417,-3.168398222231077,-3.1653032608446776,-3.1622083671513637,-3.1591135411598588,-3.1560187828805564,-3.1529240923258794,-3.1498294695107543,-3.1467349144532224,-3.1436404271752463,-3.140546007703762,-3.1374516560720638,-3.1343573723216234,-3.1312631565044757,-3.128169008686368,-3.1250749289509288,-3.1219809174051742,-3.118886974186828,-3.115793099474055,-3.1126992934984434,-3.1096055565623697,-3.1065118890622667,-3.1034182915199002,-3.1003247646245,-3.0972313092896617,-3.0941379267304012,-3.0910446185677567,-3.0879513869711497,-3.0848582348526308,-3.0817651661325987,-3.0786721861042126,-3.0755793019344417,-3.0724865233547303,-3.0693938636154683,-3.0663013408084066,-3.0632089797034925,-3.060116814306753,-3.0570248914313054,-3.053933275695408,-3.0508420565355077,-3.047751358071408,-3.0446613530182858,-3.041572282354482,-3.0384844831950395,-3.0353984283909514,-3.0323147829217834,-3.029234484391628,-3.0261588581908097,-3.023089782607205,-3.0200299260253605,-3.016983088293507,-3.0139546927255934,-3.0109524959334104,-3.0079876123226423,-3.0050759919448726,-3.0022405483354473,-2.9995142105486816,-2.9969442717250465,-2.994598517871804,-2.9925737180162555,-2.991007072267041,-2.990091005059291
-3.5927057280525747,-3.5919160636566523,-3.5905476929478364,-3.5887519225782154,-3.586638456105794,-3.5842875348275713,-3.581758278125629,-3.579094511183171,-3.5763288935592774,-3.57348587713421,-3.5705838450876763,-3.567636670650766,-3.564654860460122,-3.561646397920907,-3.558617368332035,-3.5555724242560744,-3.5525151333141496,-3.549448239040836,-3.5463738571818864,-3.543293623873208,-3.540208807828942,-3.537120395522704,-3.5340291560417647,-3.530935690597547,-3.52784047042191,-3.5247438658486168,-3.521646168687168,-3.5185476094794375,-3.5154483708426514,-3.5123485978117968,-3.5092484058759137,-3.5061478872377267,-3.5030471157012295,-3.499946150497185,-3.4968450392845494,-3.4937438205109785,-3.490642525273712,-3.487541178790068,-3.4844398015622233,-3.481338410301988,-3.4782370186667873,-3.475135637846744,-3.4720342770340937,-3.4689329437993863,-3.4658316443936847,-3.462730383991884,-3.4596291668890626,-3.4565279966593105,-3.4534268762844844,-3.450325808258833,-3.4472247946742027,-3.4441238372895806,-3.4410229375879915,-3.4379220968231454,-3.434821316057769,-3.4317205961951758,-3.4286199380053195,-3.4255193421463503,-3.422418809182487,-3.4193183395988616,-3.416217933813881,-3.4131175921895522,-3.4100173150401103,-3.4069171026392544,-3.403816955226226,-3.4007168730109343,-3.3976168561782774,-3.394516904891802,-3.391417019296808,-3.388317199522998,-3.385217445686728,-3.38211775789294,-3.3790181362368266,-3.3759185808052643,-3.37281909167806,-3.3697196689290303,-3.3666203126269627,-3.3635210228364523,-3.360421799618655,-3.3573226430319676,-3.3542235531326465,-3.3511245299753805,-3.3480255736138296,-3.344926684101138,-3.3418278614904366,-3.33872910583534,-3.335630417190449,-3.332531795611871,-3.32943324115776,-3.3263347538889,-3.32323633386933,-3.3201379811670373,-3.3170396958547204,-3.313941478010649,-3.3108433277196307,-3.307745245074119,-3.3046472301754815,-3.3015492831354614,-3.2984514040778707,-3.2953535931405598,-3.292255850477717,-3.2891581762625717,-3.286060570418622,-3.2829630328761557,-3.2798655635716196,-3.2767681624470604,-3.27367082944962,-3.2705735645310843,-3.2674763676474763,-3.2643792387586923,-3.2612821778281735,-3.2581851848226093,-3.255088259711668,-3.251991402467755,-3.2488946130657945,-3.245797891483029,-3.2427012376988413,-3.2396046516945862,-3.2365081334534462,-3.233411682960292,-3.2303153002015628,-3.2272189851651496,-3.224122737840297,-3.221026558217506,-3.217930446288455,-3.214834402045917,-3.2117384254836936,-3.208642516596552,-3.2055466753801696,-3.202450901831086,-3.199355195946658,-3.196259557725026,-3.1931639871650837,-3.1900684842664577,-3.1869730490294956,-3.1838776814552605,-3.180782381545543,-3.1776871493028778,-3.1745919847305863,-3.1714968878328293,-3.168401858614697,-3.1653068970823135,-3.1622120032430017,-3.1591171771054816,-3.1560224186801493,-3.1529277279794288,-3.149833105018245,-3.1467385498146396,-3.143644062390575,-3.140549642772986,-3.1374552909951676,-3.1343610070985912,-3.131266791135291,-3.1281726431710166,-3.125078563289394,-3.121984551597442,-3.1188906082328827,-3.1157967333738807,-3.112702927252026,-3.109609190169693,-3.1065155225233165,-3.103421924834661,-3.1003283977929565,-3.097234942311798,-3.0941415596062023,-3.0910482512972077,-3.0879550195542347,-3.084861867289335,-3.081768798422907,-3.0786758182481107,-3.075582933931914,-3.072490155205761,-3.069397495320043,-3.0663049723665114,-3.0632126111151123,-3.0601204455718736,-3.0570285225499134,-3.0539369066674937,-3.050845687361061,-3.047754988750423,-3.044664983550761,-3.0415759127404214,-3.038488113434458,-3.0354020584838777,-3.0323184128682668,-3.0292381141917475,-3.0261624878446898,-3.02309341211504,-3.020033555387445,-3.0169867175102825,-3.0139583217977237,-3.010956124861884,-3.0079912411089342,-3.0050796205911743,-3.0022441768450148,-2.9995178389263413,-2.9969478999779344,-2.9946021460104255,-2.992577346055985,-2.9910107002301705,-2.990094632977706
-3.5927092553464908,-3.5919195909186667,-3.590551220154018,-3.5887554497103826,-3.586641983149998,-3.58429106177303,-3.5817618049639517,-3.579098037907799,-3.57633242016506,-3.5734894036170872,-3.5705873714444363,-3.5676401968788625,-3.5646583865575288,-3.561649923886009,-3.558620894163542,-3.55557594995295,-3.5525186588755586,-3.5494517644661068,-3.5463773824704736,-3.54329714902467,-3.540212332842918,-3.5371239203988987,-3.5340326807799354,-3.5309392151974954,-3.5278439948834714,-3.524747390171652,-3.52164969287156,-3.5185511335250887,-3.5154518947494804,-3.5123521215797324,-3.5092519295048956,-3.5061514107277016,-3.50305063905215,-3.499949673709009,-3.4968485623572416,-3.4937473434445057,-3.490646048068043,-3.487544701445176,-3.4844433240780806,-3.481341932678573,-3.4782405409040775,-3.4751391599447174,-3.4720377989927305,-3.468936465618665,-3.465835166073589,-3.4627339055323945,-3.459632688290162,-3.4565315179209812,-3.4534303974067098,-3.450329329241596,-3.4472283155174863,-3.4441273579933696,-3.4410264581522694,-3.4379256172478967,-3.4348248363429787,-3.4317241163408285,-3.4286234580113994,-3.425522862012843,-3.422422328909376,-3.419321859186131,-3.4162214532615156,-3.4131211114975373,-3.410020834208431,-3.4069206216678944,-3.403820474115171,-3.40072039176017,-3.3976203747877873,-3.3945204233615724,-3.3914205376268254,-3.3883207177132477,-3.3852209637371944,-3.382121275803608,-3.379021654007681,-3.375922098436292,-3.3728226091692446,-3.369723186280358,-3.3666238298384172,-3.3635245399080187,-3.3604253165503186,-3.3573261598237143,-3.3542270697844616,-3.3511280464872497,-3.3480290899857374,-3.344930200333069,-3.3418313775823765,-3.3387326217872735,-3.3356339330023626,-3.332535311283749,-3.3294367566895877,-3.326338269280662,-3.3232398491210122,-3.3201414962786258,-3.3170432108262,-3.3139449928420026,-3.310846842410844,-3.307748759625177,-3.30465074458637,-3.3015527974061665,-3.2984549182083764,-3.29535710713085,-3.2922593643277787,-3.28916168997239,-3.2860640839881823,-3.2829665463054423,-3.279869076860617,-3.2767716755957546,-3.273674342457995,-3.270577077399125,-3.2674798803751677,-3.2643827513460195,-3.2612856902751224,-3.258188697129165,-3.2550917718778156,-3.25199491449348,-3.248898124951082,-3.245801403227864,-3.242704749303208,-3.2396081631584703,-3.2365116447768334,-3.233415194143167,-3.230318811243911,-3.2272224960669575,-3.2241262486015487,-3.221030068838188,-3.2179339567685514,-3.2148379123854127,-3.2117419356825736,-3.208646026654801,-3.205550185297773,-3.202454411608029,-3.199358705582926,-3.1962630672206034,-3.193167496519956,-3.1900719934806108,-3.186976558102915,-3.183881190387931,-3.18078589033745,-3.177690657954008,-3.174595493240924,-3.1715003962023607,-3.1684053668434045,-3.165310405170184,-3.1622155111900194,-3.1591206849116324,-3.156025926345417,-3.152931235503799,-3.1498366124017028,-3.1467420570571702,-3.1436475694921633,-3.140553149733619,-3.1374587978148307,-3.134364513777269,-3.131270297672969,-3.1281761495676794,-3.125082069545028,-3.121988057712031,-3.118894114206412,-3.1158002392063358,-3.1127064329433916,-3.109612695719955,-3.10651902793246,-3.1034254301026722,-3.1003319029198204,-3.0972384472975,-3.094145064450727,-3.0910517560005397,-3.08795852411636,-3.0848653717102383,-3.081772302702573,-3.0786793223865243,-3.075586437929061,-3.0724936590616263,-3.069400999034613,-3.066308475939772,-3.063216114547051,-3.0601239488624774,-3.05703202569917,-3.0539404096753917,-3.0508491902275923,-3.047758491475581,-3.044668486134544,-3.0415794151828326,-3.0384916157355115,-3.0354055606435995,-3.032321914886705,-3.0292416160689792,-3.026165989580838,-3.023096913710291,-3.0200370568420816,-3.016990218824732,-3.0139618229726253,-3.010959625898192,-3.00799474200807,-3.0050831213552542,-3.0022476774771807,-2.99952133943125,-2.9969514003624695,-2.994605646284723,-2.992580846234877,-2.9910142003351634,-2.9900981330395604
-3.592712658315396,-3.5919229938567976,-3.590554623038286,-3.5887588525232466,-3.586645385878001,-3.584294464405767,-3.58176520749333,-3.5791014403274897,-3.5763358224700927,-3.5734928058035442,-3.5705907735092213,-3.5676435988195188,-3.564661788372104,-3.5616533255729443,-3.5586242957215903,-3.5555793513811116,-3.5525220601730307,-3.549455165632239,-3.546380783504742,-3.5433005499266472,-3.540215733612258,-3.537127321035318,-3.534036081283201,-3.530942615567413,-3.5278473951198794,-3.524750790274418,-3.5216530928405736,-3.518554533360256,-3.5154552944507187,-3.512355521146974,-3.509255328938081,-3.506154810026779,-3.5030540382170736,-3.499953072739739,-3.4968519612537423,-3.493750742206746,-3.490649446695994,-3.4875480999388118,-3.484446722437377,-3.4813453309035056,-3.4782439389946234,-3.4751425579008566,-3.472041196814442,-3.468939863305932,-3.465838563626391,-3.4627373029507145,-3.459636085573983,-3.456534915070287,-3.453433794421485,-3.450332726121824,-3.447231712263152,-3.444130754604456,-3.4410298546287628,-3.4379290135897818,-3.434828232550241,-3.431727512413452,-3.4286268539493694,-3.4255262578161436,-3.422425724577994,-3.41932525472005,-3.4162248486607227,-3.413124506762017,-3.410024229338169,-3.406924016662876,-3.403823868975382,-3.4007237864855955,-3.397623769378414,-3.3945238178173853,-3.3914239319478106,-3.388324111899391,-3.385224357788481,-3.3821246697200236,-3.379025047789211,-3.3759254920829216,-3.3728260026809607,-3.369726579657145,-3.366627223080262,-3.3635279330149057,-3.360428709522235,-3.3573295526606453,-3.3542304624863943,-3.351131439054169,-3.3480324824176293,-3.3449335926299195,-3.341834769744171,-3.338736013813998,-3.335637324894002,-3.332538703040289,-3.3294401483110136,-3.3263416607669596,-3.3232432404721677,-3.3201448874946244,-3.3170466019070286,-3.3139483837876473,-3.31085023322129,-3.30775215030041,-3.3046541351263756,-3.301556187810929,-3.298458308477883,-3.2953604972650865,-3.29226275432673,-3.2891650798360406,-3.286067473716517,-3.282969935898447,-3.2798724663182783,-3.2767750649180574,-3.2736777316449257,-3.27058046645067,-3.267483269291312,-3.264386140126749,-3.2612890789204227,-3.2581920856390214,-3.2550951602522136,-3.2519983027324058,-3.2489015130545207,-3.2458047911958015,-3.2427081371356303,-3.2396115508553636,-3.2365150323381817,-3.233418581568958,-3.2303221985341284,-3.2272258832215863,-3.2241296356205753,-3.221033455721597,-3.2179373435163288,-3.2148412989975443,-3.2117453221590453,-3.2086494129955994,-3.2055535715028842,-3.202457797677438,-3.199362091516619,-3.196266453018566,-3.1931708821821734,-3.1900753790070695,-3.1869799434936006,-3.1838845756428302,-3.180789275456548,-3.17769404293729,-3.174598878088375,-3.171503780913966,-3.168408751419151,-3.1653137896100554,-3.1622188954940027,-3.159124069079714,-3.1560293103775843,-3.152934619400036,-3.1498399961619956,-3.1467454406815047,-3.1436509529805248,-3.140556533085992,-3.137462181031202,-3.1343678968576247,-3.1312736806172956,-3.1281795323759622,-3.125085452217252,-3.1219914402481836,-3.118897496606478,-3.1158036214703,-3.11270981507124,-3.1096160777116735,-3.106522409788034,-3.103428811822088,-3.100335284503064,-3.0972418287445573,-3.094148445761584,-3.0910551371751818,-3.0879619051547733,-3.084868752612409,-3.0817756834684866,-3.0786827030161663,-3.075589818422417,-3.0724970394186832,-3.069404379255357,-3.066311856024189,-3.063219494495127,-3.0601273286741995,-3.0570354053745272,-3.053943789214373,-3.050852569630188,-3.0477618707417857,-3.0446718652643554,-3.0415827941762568,-3.0384949945925612,-3.035408939364301,-3.0323252934711036,-3.0292449945171493,-3.026169367892896,-3.0231002918864163,-3.0200404348825485,-3.0169935967299524,-3.0139652007432156,-3.0109630035350743,-3.0079981195126155,-3.005086498729505,-3.0022510547241668,-2.999524716555465,-2.9969547773705543,-2.9946090231864555,-2.992584223044567,-2.9910175770735594,-2.9901015097363386
-3.5927159413277483,-3.591926276839458,-3.5905579059689816,-3.588762135385057,-3.586648668657943,-3.5842977470938022,-3.5817684900816498,-3.579104722809986,-3.5763391048419706,-3.573496088061028,-3.570594055649323,-3.5676468808398694,-3.564665070270817,-3.561656607348516,-3.5586275773728184,-3.5555826329070306,-3.5525253415728653,-3.549458446905363,-3.5463840646506473,-3.5433038309449234,-3.54021901450257,-3.5371306017973905,-3.5340393619168093,-3.5309458960723723,-3.5278506754960373,-3.524754070521645,-3.5216563729587635,-3.518557813349317,-3.5154585743105744,-3.512358800877557,-3.5092586085393345,-3.506158089498654,-3.503057317559527,-3.4999563519527324,-3.4968552403372417,-3.4937540211607208,-3.4906527255204147,-3.487551378633652,-3.4844500010026125,-3.481348609339114,-3.4782472173005843,-3.4751458360771497,-3.4720444748610486,-3.4689431412228338,-3.465841841413571,-3.4627405806081555,-3.459639363101669,-3.456538192468203,-3.4534370716896134,-3.4503360032601504,-3.4472349892716596,-3.44413403148313,-3.4410331313775875,-3.4379322902087432,-3.434831509039324,-3.4317307887726436,-3.428630130178655,-3.4255295339155096,-3.4224290005474245,-3.4193285305595307,-3.4162281243702384,-3.4131277823415553,-3.410027504787716,-3.4069272919824174,-3.403827144164904,-3.4007270615450835,-3.397627044307855,-3.394527092616765,-3.391427206617115,-3.3883273864386063,-3.3852276321975943,-3.38212794399902,-3.379028321938078,-3.3759287661016444,-3.372829276569525,-3.3697298534155378,-3.366630496708469,-3.363531206512913,-3.360431982890029,-3.3573328258982125,-3.354233735593721,-3.3511347120312416,-3.348035755264434,-3.344936865346442,-3.3418380423303984,-3.3387392862699166,-3.3356405972195984,-3.332541975235549,-3.3294434203759233,-3.326344932701505,-3.323246512276335,-3.3201481591684003,-3.317049873450399,-3.3139516552005985,-3.310853504503808,-3.30775542145248,-3.3046574061479843,-3.3015594587020622,-3.2984615792385266,-3.295363767895227,-3.292266024826354,-3.2891683502051343,-3.2860707439550674,-3.2829732060064405,-3.2798757362957005,-3.276778334764894,-3.2736810013611626,-3.2705837360362913,-3.267486538746305,-3.2643894094511006,-3.261292348114119,-3.2581953547020484,-3.2550984291845575,-3.252001571534052,-3.2489047817254564,-3.2458080597360124,-3.242711405545103,-3.2396148191340832,-3.236518300486135,-3.2334218495861293,-3.2303254664205054,-3.227229150977156,-3.224132903245324,-3.221036723215511,-3.2179406108793933,-3.214844566229746,-3.21174858926037,-3.208652679966032,-3.205556838342412,-3.202461064386048,-3.199365358094297,-3.196269719465299,-3.1931741484979472,-3.1900786451918695,-3.186983209547412,-3.18388784156564,-3.1807925412483433,-3.1776973085980553,-3.174602143618098,-3.1715070463126325,-3.1684120166867484,-3.1653170547465717,-3.162222160499423,-3.1591273339540247,-3.1560325751207707,-3.152937884012085,-3.149843260642894,-3.1467487050312384,-3.1436542171990793,-3.140559797173354,-3.1374654449873574,-3.134371160682559,-3.1312769443109945,-3.128182795938413,-3.1250887156484426,-3.121994703548099,-3.1189007597751055,-3.1158068845076254,-3.1127130779772485,-3.1096193404863506,-3.106525672431368,-3.103432074334064,-3.100338546883668,-3.097245090993775,-3.0941517078794014,-3.091058399161586,-3.0879651670097497,-3.0848720143359447,-3.0817789450605684,-3.0786859644767794,-3.075593079751548,-3.0725003006163183,-3.0694076403214825,-3.066315116958792,-3.063222755298195,-3.0601305893457216,-3.057038665914492,-3.0539470496227707,-3.0508558299070105,-3.047765130887028,-3.0446751252780135,-3.0415860540583344,-3.0384982543430707,-3.0354121989832676,-3.0323285529585715,-3.029248253873191,-3.026172627117625,-3.0231035509800073,-3.020043693845264,-3.01699685556219,-3.01396845944557,-3.010966262108434,-3.0080013779583057,-3.0050897570494928,-3.002254312921376,-2.99952797463423,-2.996958035337282,-2.9946122810505797,-2.9925874808198927,-2.9910208347801035,-2.990104767402732
-3.592719108599423,-3.5919294440824885,-3.5905610731618807,-3.5887653025114976,-3.5866518357054007,-3.584300914052594,-3.5817716569442415,-3.579107889570489,-3.5763422714957587,-3.5734992546044544,-3.570597222079505,-3.5676500471545194,-3.564668236468118,-3.561659773427018,-3.5586307433313604,-3.555585798744683,-3.5525285072888786,-3.5494616124991336,-3.546387230121686,-3.5433069962928343,-3.54022217972703,-3.5371337668981364,-3.5340425268936224,-3.530949060925074,-3.5278538402244775,-3.5247572351257004,-3.5216595374383286,-3.5185609777043054,-3.515461738540912,-3.5123619649831817,-3.5092617725201904,-3.5061612533546938,-3.503060481290707,-3.4999595155590164,-3.496858403818595,-3.493757184517113,-3.49065588875182,-3.4875545417400446,-3.48445316398397,-3.481351772195414,-3.478250380031807,-3.4751489986832764,-3.4720476373420603,-3.4689463035787123,-3.4658450036443,-3.4627437427137195,-3.4596425250820517,-3.4565413543233876,-3.453440233419587,-3.4503391648648982,-3.4472381507511667,-3.4441371928373834,-3.4410362926065727,-3.4379354513124447,-3.434834670017728,-3.431733949625734,-3.428633290906417,-3.4255326945179307,-3.4224321610244917,-3.4193316909112315,-3.416231284596559,-3.4131309424424807,-3.410030664763232,-3.4069304518325128,-3.4038303038895648,-3.4007302211442965,-3.397630203781606,-3.3945302519650413,-3.391430365839903,-3.388330545535892,-3.3852307911693638,-3.3821311028452614,-3.379031480658777,-3.375931924696789,-3.3728324350391015,-3.369733011759533,-3.366633654926869,-3.363534364605705,-3.360435140857199,-3.3573359837397474,-3.354236893309606,-3.351137869621464,-3.348038912728982,-3.3449400226853023,-3.341841199543557,-3.3387424433573596,-3.335643754181312,-3.3325451320715205,-3.3294465770861397,-3.3263480892859536,-3.323249668735003,-3.3201513155012736,-3.317053029657464,-3.313954811281843,-3.310856660459218,-3.3077585772820433,-3.3046605618516876,-3.3015626142798933,-3.2984647346904707,-3.29536692322127,-3.292269180026482,-3.2891715052793336,-3.2860738989033242,-3.282976360828741,-3.2798788909920304,-3.276781489335241,-3.2736841558055128,-3.2705868903546325,-3.267489692938624,-3.264392563517383,-3.261295502054352,-3.258198508516219,-3.255101582872653,-3.252004725096059,-3.2489079351613603,-3.2458112130458003,-3.242714558728761,-3.239617972191598,-3.236521453417494,-3.23342500239132,-3.2303286190995144,-3.2272323035299686,-3.2241360556719267,-3.221039875515891,-3.217943763053538,-3.2148477182776425,-3.211751741182005,-3.2086558317613934,-3.205559990011486,-3.2024642159288215,-3.1993685095107565,-3.1962728707554295,-3.1931772996617367,-3.1900817962293044,-3.1869863604584796,-3.183890992350326,-3.180795691906633,-3.177700459129937,-3.1746052940235585,-3.1715101965916586,-3.1684151668393254,-3.1653202047726863,-3.1622253103990623,-3.159130483727175,-3.156035724767419,-3.152941033532219,-3.1498464100364987,-3.146751854298301,-3.1436573663395877,-3.1405629461872944,-3.1374685938747167,-3.1343743094433254,-3.1312800929451545,-3.128185944445953,-3.125091864029348,-3.1219978518023552,-3.1189039079026992,-3.115810032508544,-3.1127162258514796,-3.109622488233881,-3.106528820052184,-3.1034352218281525,-3.1003416942510156,-3.09724823823437,-3.09415485499323,-3.091061546148635,-3.087968313870006,-3.084875161069395,-3.081782091667198,-3.0786891109565753,-3.075596226104498,-3.072503446842409,-3.0694107864207014,-3.066318262931127,-3.0632259011436336,-3.0601337350642512,-3.0570418115061018,-3.053950195087451,-3.0508589752447546,-3.047768276097829,-3.0446782703618713,-3.041589199015252,-3.0385013991730596,-3.035415343686353,-3.0323316975347976,-3.029251398322627,-3.0261757714403785,-3.0231066951762453,-3.020046837915242,-3.0169999995062904,-3.013971603264367,-3.0109694058027845,-3.008004521529487,-3.005092900499404,-3.0022574562528384,-2.9995311178514243,-2.99696117844639,-2.9946154240607026,-2.9925906237443485,-2.991023977638203,-2.9901079102220964
-3.5927221641990172,-3.5919324996544484,-3.590564128685475,-3.5887683579709764,-3.5866548910886804,-3.584303969350334,-3.581774712149173,-3.5791109446769287,-3.5763453264992457,-3.573502309501473,-3.5706002768672755,-3.5676531018308357,-3.5646712910312237,-3.5616628278755136,-3.558633797664126,-3.555588852960821,-3.5525315613876653,-3.549464666479988,-3.5463902839841386,-3.5433100500365002,-3.5402252333515976,-3.5371368204033486,-3.5340455802792716,-3.5309521141909865,-3.5278568933705103,-3.524760288151734,-3.5216625903442638,-3.5185640304900567,-3.515464791206408,-3.5123650175283596,-3.5092648249449976,-3.506164305659084,-3.503063533474641,-3.4999625676224566,-3.4968614557615094,-3.4937602363394724,-3.4906589404535984,-3.487557593321218,-3.4844562154445162,-3.481354823535313,-3.47825343125104,-3.475152049781823,-3.472050688319905,-3.4689493544358383,-3.4658480543806918,-3.462746793329361,-3.459645575576928,-3.456544404697483,-3.4534432836728843,-3.4503422149973826,-3.4472412007628246,-3.4441402427282006,-3.441039342376536,-3.437938500961541,-3.434837719545943,-3.4317369990330566,-3.428636340192834,-3.425535743683428,-3.422435210069056,-3.4193347398348495,-3.416234333399217,-3.413133991124166,-3.4100337133239322,-3.406933500272214,-3.403833352208254,-3.4007332693419614,-3.3976332518582346,-3.394533299920619,-3.3914334136744166,-3.38833359324933,-3.3852338387617134,-3.3821341503165083,-3.3790345280089085,-3.375934971925792,-3.3728354821469626,-3.3697360587462395,-3.3666367017924084,-3.363537411350065,-3.3604381874803666,-3.3573390302417088,-3.3542399396903497,-3.3511409158809773,-3.3480419588672508,-3.3449430687023147,-3.3418442454392996,-3.3387454891318202,-3.3356467998344788,-3.3325481776033796,-3.3294496224966794,-3.326351134575161,-3.3232527139028654,-3.3201543605477783,-3.3170560745825974,-3.3139578560855916,-3.3108597051415702,-3.307761621842986,-3.3046636062912067,-3.3015656585979762,-3.2984677788871046,-3.2953699672964416,-3.2922722239801785,-3.2891745491115416,-3.2860769426140313,-3.282979404417933,-3.2798819344596963,-3.2767845326813663,-3.2736871990300846,-3.2705899334576376,-3.26749273592005,-3.2643956063772177,-3.2612985447925813,-3.2582015511328306,-3.255104625367633,-3.2520077674693946,-3.2489109774130394,-3.245814255175811,-3.24271760073709,-3.239621014078233,-3.2365244951824206,-3.2334280440345258,-3.230331660620987,-3.2272353449296953,-3.2241390969498944,-3.2210429166720873,-3.217946804087951,-3.2148507591902584,-3.2117547819728114,-3.2086588724303775,-3.205563030558634,-3.2024672563541206,-3.1993715498141935,-3.196275910936993,-3.1931803397214136,-3.1900848361670806,-3.1869894002743426,-3.1838940320442637,-3.1807987314786335,-3.1777034985799872,-3.174608333351646,-3.1715132357977707,-3.1684182059234494,-3.1653232437348087,-3.1622283492391694,-3.1591335224452544,-3.1560387633634575,-3.152944072006203,-3.1498494483884154,-3.146754892528138,-3.1436604044473317,-3.140565984172933,-3.1374716317382374,-3.134377347184716,-3.1312831305644018,-3.128188981943044,-3.125094901404271,-3.1220008890550983,-3.11890694503325,-3.1158130695168884,-3.112719262737605,-3.1096255249977736,-3.10653185669383,-3.1034382583475395,-3.1003447306481315,-3.097251274509201,-3.0941578911457652,-3.0910645821788596,-3.0879713497779084,-3.0848781968549615,-3.081785127330417,-3.078692146497435,-3.0755992615229855,-3.0725064821385106,-3.069413821594406,-3.066321297982421,-3.063228936072505,-3.060136769870689,-3.057044846190095,-3.053953229648991,-3.0508620096838315,-3.047771310414438,-3.044681304556012,-3.041592233086929,-3.0385044331222857,-3.035418377513152,-3.0323347312392084,-3.0292544319047163,-3.026178804900251,-3.0231097285140627,-3.0200498711312482,-3.0170030326008566,-3.013974636238047,-3.0109724386564047,-3.008007554264278,-3.0050959331172,-3.0022604887563613,-2.9995341502447075,-2.9969642107353973,-2.9946184562542157,-2.9925936558552166,-2.9910270096850557,-2.99011094223158
-3.592725112052924,-3.591935447481695,-3.590567076466061,-3.5887713056897095,-3.5866578387339043,-3.584306916913034,-3.581777659622339,-3.5791138920550796,-3.5763482737780765,-3.57350525667759,-3.5706032239379946,-3.5676560487940288,-3.5646742378851997,-3.5616657746189215,-3.558636744295886,-3.5555917994800668,-3.552534507793701,-3.549467612772251,-3.546393230162173,-3.5433129960999374,-3.540228179300136,-3.5371397662367423,-3.534048525997317,-3.5309550597935164,-3.527859838857387,-3.5247632335228425,-3.521665535599507,-3.5185669756293545,-3.515467736229689,-3.5123679624355644,-3.5092677697360752,-3.506167250333992,-3.5030664780333396,-3.4999655120649114,-3.4968644000876896,-3.493763180549351,-3.49066188454715,-3.48756053729842,-3.484459159305347,-3.4813577672797518,-3.4782563748790665,-3.4751549932934216,-3.472053631715057,-3.468952297714527,-3.4658509975429013,-3.462749736375075,-3.459648518506132,-3.456547347510163,-3.4534462263690275,-3.450345157576976,-3.447244143225855,-3.444143185074653,-3.441042284606396,-3.437941443074796,-3.4348406615425806,-3.431739940913063,-3.4286392819561975,-3.425538685330135,-3.4224381515990934,-3.419337681248205,-3.416237274695879,-3.4131369323041216,-3.4100366543871674,-3.406936441218716,-3.403836293038011,-3.4007362100549603,-3.3976361924544634,-3.3945362404000665,-3.391436354037071,-3.388336533495177,-3.3852367788907407,-3.3821370903287042,-3.379037467904262,-3.3759379117042885,-3.37283842180859,-3.3697389982909867,-3.366639641220263,-3.363540350661014,-3.360441126674398,-3.357341969318811,-3.35424287865051,-3.3511438547241825,-3.3480448975934887,-3.3449460073115724,-3.341847183931565,-3.3387484275070816,-3.335649738092723,-3.332551115744595,-3.3294525605208523,-3.326354072482278,-3.3232556516929144,-3.3201572982207463,-3.317059012138473,-3.3139607935243625,-3.3108626424632233,-3.3077645590475093,-3.304666543378588,-3.3015685955682024,-3.2984707157401636,-3.2953729040323214,-3.292275160598865,-3.289177485613024,-3.2860798789982963,-3.282982340684969,-3.27988487060949,-3.276787468713906,-3.273690134945358,-3.2705928692556325,-3.267495671600753,-3.2643985419406167,-3.261301480238664,-3.2582044864615836,-3.2551075605790447,-3.2520107025634535,-3.248913912389733,-3.245817190035127,-3.2427205354790165,-3.239623948702757,-3.2365274296895308,-3.2334309784242086,-3.2303345948932294,-3.227238279084486,-3.2241420309872195,-3.221045850591935,-3.2179497378903075,-3.214853692875112,-3.211757715540149,-3.208661805880186,-3.205565963890903,-3.202470189568838,-3.199374482911347,-3.1962788439165695,-3.1931832725834015,-3.1900877689114684,-3.1869923329011174,-3.1838969645534143,-3.180801663870146,-3.1777064308538496,-3.174611265507845,-3.171516167836294,-3.1684211378442853,-3.1653261755379454,-3.1622312809245945,-3.159136454012955,-3.156041694813421,-3.1529470033384177,-3.1498523796028697,-3.146757823624818,-3.143663335426225,-3.1405689150340272,-3.1374745624815206,-3.1343802778101746,-3.1312860610720246,-3.128191912332818,-3.1250978316761837,-3.122003819209139,-3.1189098750694053,-3.115815999435147,-3.112722192537954,-3.109628454680202,-3.106534786258325,-3.1034411877940884,-3.1003476599767215,-3.097254203719819,-3.094160820238398,-3.0910675111534966,-3.0879742786345368,-3.084881125593569,-3.0817880559509927,-3.0786950749999655,-3.0756021899074577,-3.072509410404913,-3.069416749742726,-3.0663242260126475,-3.0632318639846274,-3.0601396976646953,-3.0570477738659743,-3.0539561572067337,-3.0508649371234307,-3.0477742377358887,-3.0446842317593115,-3.041595160172081,-3.0385073600893007,-3.035421304362053,-3.032337657970036,-3.0292573585175355,-3.026181731395164,-3.0231126548912273,-3.020052797390901,-3.017005958743353,-3.013977562263921,-3.0109753645664545,-3.008010480059694,-3.005098858799749,-3.0022634143286684,-2.9995370757106645,-2.9969671361007575,-2.9946213815274483,-2.9925965810487174,-2.9910299348167984,-2.9901138673272722
-3.5927279559502416,-3.591938291353294,-3.5905699202926464,-3.5887741494566217,-3.586660682429897,-3.584309760529413,-3.58178050315234,-3.5791167354934146,-3.5763511171205926,-3.573508099921014,-3.5706060670797384,-3.5676588918320387,-3.5646770808178427,-3.5616686174448944,-3.558639587014147,-3.5555946420897806,-3.5525373502941964,-3.5494704551629845,-3.546396072442706,-3.543315838269914,-3.540231021359265,-3.537142608184786,-3.534051367834081,-3.53095790151884,-3.527862680471137,-3.5247660750249077,-3.5216683769897954,-3.5185698169077857,-3.5154705773961963,-3.512370803490091,-3.5092706106785725,-3.5061700911644156,-3.503069318751653,-3.4999683526710808,-3.496867240581686,-3.4937660209311465,-3.490664724816721,-3.4875633774557446,-3.484461999350403,-3.481360607212521,-3.478259214699532,-3.475157833001564,-3.472056471310861,-3.4689551371979763,-3.4658538369139804,-3.46275257563377,-3.4596513576524277,-3.456550186544045,-3.4534490652904815,-3.4503479963859878,-3.4472469819224116,-3.444146023658743,-3.4410451230780077,-3.4379442814339165,-3.4348434997891966,-3.431742779047162,-3.4286421199777686,-3.4255415232391644,-3.4224409893955685,-3.4193405189321133,-3.4162401122672077,-3.41313976976286,-3.4100394917333032,-3.406939278452237,-3.4038391301589046,-3.4007390470632144,-3.3976390293500645,-3.3945390771830017,-3.3914391907073282,-3.3883393700527447,-3.3852396153356072,-3.3821399266608587,-3.3790403041236914,-3.3759407478109833,-3.372841257802538,-3.3697418341721748,-3.3666424769886802,-3.3635431863166487,-3.3604439622172375,-3.357344804748844,-3.3542457139677238,-3.3511466899285667,-3.3480477326850306,-3.3449488422902602,-3.341850018797387,-3.3387512622600264,-3.335652572732779,-3.3325539502717496,-3.3294553949350942,-3.3263569067835954,-3.3232584858812944,-3.320160132296177,-3.317061846100942,-3.313963627373858,-3.3108654761997323,-3.3077673926710207,-3.30466937688909,-3.301571428965682,-3.2984735490246084,-3.2953757372037207,-3.292277993657207,-3.289180318558296,-3.2860827118304865,-3.2829851734040654,-3.2798877032154805,-3.276790301206778,-3.2736929673250996,-3.270595701522232,-3.2674985037541995,-3.264401373980898,-3.2613043121657674,-3.258207318275497,-3.255110392279755,-3.252013534150948,-3.2489167438639996,-3.2458200213961534,-3.242723366726791,-3.2396267798372675,-3.236530260710765,-3.2334338093321557,-3.2303374256878774,-3.2272411097658225,-3.2241448615552337,-3.221048681046614,-3.2179525682316394,-3.2148565231030855,-3.211760545654753,-3.2086646358814086,-3.205568793778731,-3.2024730193432593,-3.1993773125723504,-3.1962816734641435,-3.193186102017534,-3.1900905982321475,-3.1869951621083312,-3.1838997936471496,-3.1808044928503914,-3.1777092597205936,-3.174614094261076,-3.1715189964759993,-3.1684239663704528,-3.1653290039505637,-3.162234109223653,-3.1591392821984408,-3.156044522885322,-3.1529498312967217,-3.1498552074475654,-3.1467606513558932,-3.143666163043668,-3.1405717425378272,-3.1374773898716644,-3.1343831050866515,-3.131288888234822,-3.1281947393819247,-3.125100658611588,-3.1220066460308273,-3.1189127017773663,-3.115818826029369,-3.112725019018424,-3.109631281046908,-3.1065376125112554,-3.1034440139332315,-3.1003504860020654,-3.097257029631352,-3.0941636460361077,-3.091070336837372,-3.0879771042045645,-3.084883951049738,-3.08179088129329,-3.0786979002283803,-3.0756050150219783,-3.0725122354055285,-3.069419574629424,-3.066327050785416,-3.063234688643456,-3.0601425222095746,-3.057050598296895,-3.053958981523686,-3.0508677613264092,-3.047777061824888,-3.044687055734329,-3.0415979840331193,-3.0385101838363715,-3.035424127995179,-3.032340481489255,-3.0292601819229086,-3.0261845546867887,-3.023115478069253,-3.020055620455557,-3.0170087816949835,-3.0139803851030416,-3.010978187293835,-3.0080133026764795,-3.0051016813076465,-3.0022662367302106,-2.999539898009606,-2.996969958302648,-2.99462420364046,-2.9925994030848084,-2.9910327567933077,-2.990116689269
-3.5927306995475194,-3.5919410349257594,-3.5905726638216846,-3.588776892928092,-3.58666342583295,-3.58431250385566,-3.5817832463952564,-3.5791194786478964,-3.5763538601826337,-3.5735108428874582,-3.570608809948088,-3.5676616346003147,-3.5646798234844685,-3.561671360008614,-3.5586423294739555,-3.5555973844448707,-3.5525400925439206,-3.549473197306819,-3.5463988144802285,-3.5433185802007805,-3.540233763183196,-3.5371453499015533,-3.5340541094434963,-3.530960643020748,-3.5278654218654095,-3.524768816311436,-3.521671118168487,-3.518572557978565,-3.5154733183589992,-3.5123735443448636,-3.5092733514252656,-3.5061728318029863,-3.5030720592820663,-3.499971093093306,-3.4968699808956942,-3.4937687611369133,-3.4906674649142206,-3.4875661174449544,-3.4844647392313037,-3.481363346985094,-3.4782619543637594,-3.47516057255743,-3.47205921075835,-3.468957876537074,-3.4658565761446716,-3.462755314756041,-3.4596540966662657,-3.456552925449436,-3.453451804087413,-3.4503507350744465,-3.4472497205023833,-3.444148762130214,-3.441047861440964,-3.437947019688346,-3.4348462379350884,-3.4317455170845035,-3.428644857906546,-3.425544261059368,-3.422443727107187,-3.4193432565351345,-3.4162428497616206,-3.413142507148651,-3.410042229010463,-3.406942015620753,-3.4038418672187647,-3.400741784014408,-3.39764176619258,-3.3945418139168297,-3.3914419273324574,-3.388342106569163,-3.3852423517433015,-3.382142662959817,-3.3790430403139027,-3.3759434838924354,-3.37284399377522,-3.3697445700360746,-3.3666452127437863,-3.3635459219629498,-3.360446697754722,-3.3573475401774995,-3.3542484492875393,-3.35114942513953,-3.348050467787132,-3.3449515772834877,-3.3418527536817297,-3.338753997035471,-3.3356553073993145,-3.3325566848293646,-3.3294581293837773,-3.3263596411233354,-3.3232612201120793,-3.3201628664179963,-3.3170645801137844,-3.313966361277711,-3.3108682099945854,-3.307770126356861,-3.304672110465906,-3.301574162433462,-3.2984762823833416,-3.2953784704533944,-3.2922807267978103,-3.289183051589818,-3.2860854447529153,-3.2829879062173895,-3.2798904359196874,-3.276793033801856,-3.273695699811038,-3.2705984338990186,-3.2675012360218214,-3.2644041061393425,-3.2613070442150245,-3.2582100502155553,-3.2551131241106033,-3.252016265872575,-3.2489194754763933,-3.245822752899302,-3.242726098120683,-3.239629511121891,-3.23653299188611,-3.23343654039821,-3.2303401566446297,-3.227243840613261,-3.224147592293348,-3.2210514116753926,-3.2179552987510713,-3.214859253513158,-3.2117632759554544,-3.2086673660727283,-3.205571523860657,-3.202475749315779,-3.1993800424354517,-3.1962844032178146,-3.193188831661763,-3.190093327766925,-3.186997891533645,-3.1839025229629887,-3.1808072220567447,-3.1777119888174488,-3.174616823248421,-3.1715217253538244,-3.1684266951387468,-3.165331732609314,-3.1622368377728485,-3.1591420106380705,-3.1560472512153748,-3.152952559517185,-3.1498579355584257,-3.1467633793571403,-3.1436688909352912,-3.140574470319814,-3.1374801175440044,-3.1343858326493326,-3.1312916156878328,-3.1281974667252532,-3.125103385845222,-3.1220093731547554,-3.1189154287915777,-3.1158215529338515,-3.1127277458131677,-3.1096340077319016,-3.106540339086487,-3.103446740398689,-3.1003532123577373,-3.097259755877227,-3.094166372172174,-3.091073062863618,-3.0879798301209807,-3.084886676856312,-3.0817936069900096,-3.078700625815234,-3.0756077404989544,-3.0725149607726143,-3.0694222998866096,-3.066329775932691,-3.0632374136808087,-3.0601452471369956,-3.0570533231143746,-3.0539617062312168,-3.050870485923982,-3.0477797863124994,-3.044689780111977,-3.041600708300809,-3.0385129079941136,-3.035426852042993,-3.032343205427178,-3.029262905751002,-3.026187278405147,-3.023118201678021,-3.0200583439549544,-3.0170115050853425,-3.01398310838486,-3.010980910467855,-3.0080160257438084,-3.005104404269928,-3.0022689595898884,-2.9995426207703013,-2.9969726809697157,-2.994626926221784,-2.992602125591927,-2.991035479242947,-2.990119411685087
-3.5927333463733646,-3.591943681727667,-3.590575310581698,-3.5887795396325686,-3.5866660724714228,-3.584315150420037,-3.581785892879243,-3.5791221250465703,-3.5763565064921305,-3.5735134891047307,-3.570611456070727,-3.567664280626408,-3.5646824694124977,-3.5616740058373666,-3.5586449752024616,-3.555600030072353,-3.5525427380697536,-3.549475842730499,-3.546401459801346,-3.5433212254190036,-3.5402364082982545,-3.5371479949132243,-3.534056754351598,-3.5309632878251325,-3.5278680665659508,-3.524771460908031,-3.5216737626610506,-3.518575202367025,-3.515475962643294,-3.5123761885249385,-3.509275995501075,-3.5061754757744907,-3.5030747031492293,-3.4999737368560964,-3.4968726245540838,-3.4937714046908743,-3.490670108363733,-3.487568760789998,-3.484467382471858,-3.4813659901211413,-3.4782645973952833,-3.475163215484414,-3.4720618535807786,-3.468960519254933,-3.465859218757947,-3.4627579572647185,-3.459656739070332,-3.456555567748879,-3.4534544462822203,-3.4503533771646064,-3.447252362487884,-3.444151404011043,-3.4410505032171104,-3.4379496613597973,-3.434848879501833,-3.431748158546528,-3.4286474992638403,-3.4255469023119196,-3.422446368254984,-3.4193458975781663,-3.416245490699875,-3.413145147982118,-3.41004486973913,-3.4069446562446095,-3.4038445077377992,-3.40074442442861,-3.397644406501939,-3.3945444541213328,-3.3914445674320923,-3.38834474656392,-3.38524499163317,-3.3821453027447848,-3.379045679993959,-3.3759461234675685,-3.3728466332454197,-3.3697472094013294,-3.3666478520040846,-3.363548561118281,-3.3604493368050754,-3.357350179122864,-3.3542510881279037,-3.351152063874883,-3.3480531064174617,-3.344954215808783,-3.3418553921019787,-3.3387566353506637,-3.335657945609439,-3.332559322934412,-3.3294607673837358,-3.3263622790181935,-3.3232638579018263,-3.32016550410262,-3.3170672176932734,-3.3139689987520558,-3.3108708473637742,-3.307772763620883,-3.30467474762475,-3.3015767994871177,-3.298478919331797,-3.295381107296638,-3.292283363535831,-3.289185688222604,-3.286088081280455,-3.2829905426396713,-3.279893072236701,-3.2767956700135903,-3.273698335917482,-3.270601069900161,-3.2675038719176515,-3.2644067419298497,-3.2613096799001964,-3.2582126857953813,-3.2551157595850717,-3.2520189012416747,-3.248922110740114,-3.2458253880576318,-3.2427287331736108,-3.239632146069406,-3.236535626728201,-3.2334391751348646,-3.2303427912758367,-3.2272464751390095,-3.224150226713627,-3.22105404599019,-3.2179579329603767,-3.2148618876169603,-3.2117659099537432,-3.208669999965492,-3.205574157647886,-3.202478382997463,-3.1993826760115796,-3.1962870366883767,-3.1931914650267474,-3.190095961026318,-3.1870005246874364,-3.1839051560111664,-3.1808098549992976,-3.1777146216543657,-3.1746194559796908,-3.1715243579794348,-3.168429327658686,-3.165334365023573,-3.1622394700814143,-3.1591446428409324,-3.156049883312522,-3.1529551915086076,-3.149860567444114,-3.1467660111370823,-3.1436715226094756,-3.14057710188823,-3.13748274900664,-3.1343884640061765,-3.1312942469388747,-3.1282000978704825,-3.1251060168846276,-3.1220120040883264,-3.1189180596193014,-3.115824183655717,-3.1127303764291634,-3.1096366382420166,-3.106542969490712,-3.103449370697013,-3.1003558425501487,-3.0972623859637145,-3.0941690021527273,-3.091075692738224,-3.0879824598896284,-3.08488930651899,-3.0817962365467078,-3.0787032552659412,-3.0756103698436603,-3.07251759001131,-3.069424929019283,-3.0663324049593323,-3.0632400426014077,-3.060147875951541,-3.057055951822858,-3.0539643348336294,-3.0508731144203174,-3.047782414702752,-3.0446924083961475,-3.0416033364788997,-3.038515536066135,-3.035429480008966,-3.032345833287138,-3.0292655335050056,-3.0261899060532853,-3.023120829220434,-3.0200609713918554,-3.017014132417052,-3.0139857356118576,-3.0109835375908562,-3.0080186527638806,-3.005107031188658,-3.0022715864096337,-2.999545247494556,-2.9969753076036456,-2.9946295527729947,-2.992604752071548,-2.991038105667116,-2.9901220380768865
-3.5927358998328454,-3.591946235164056,-3.5905778639776713,-3.5887820929749656,-3.586668625750145,-3.584317703627278,-3.5817884460089284,-3.579124678093952,-3.5763590594534778,-3.5735160419771046,-3.570614008851805,-3.567666833314348,-3.5646850220058335,-3.561676558334928,-3.5586475276033136,-3.5556025823757453,-3.5525452902750816,-3.5494783948372763,-3.546404011809179,-3.5433237773275716,-3.540238960107297,-3.5371505466225304,-3.5340593059609917,-3.5309658393344674,-3.5278706179751085,-3.524774012216911,-3.5216763138695684,-3.518577753475111,-3.5154785136508866,-3.512378739431987,-3.509278546307535,-3.506178026480323,-3.503077253754401,-3.4999762873605778,-3.4968751749578484,-3.4937739549939,-3.490672658565996,-3.4875713108914774,-3.484469932472537,-3.481368540021002,-3.4782671471943076,-3.475165765182587,-3.4720644031780856,-3.4689630687513597,-3.4658617681534793,-3.462760506559343,-3.4596592882640356,-3.45655811684165,-3.4534569952740464,-3.4503559260554737,-3.4472549112777817,-3.4441539526999603,-3.4410530518050355,-3.4379522098467192,-3.4348514278877404,-3.431750706831412,-3.4286500474476873,-3.425549450394718,-3.422448916236724,-3.4193484454588368,-3.4162480384794662,-3.413147695660618,-3.4100474173165276,-3.4069472037208937,-3.40384705511296,-3.400746971702636,-3.3976469536748186,-3.394547001193055,-3.3914471144026472,-3.3883472934332954,-3.3852475384013556,-3.382147849411771,-3.3790482265597337,-3.3759486699321215,-3.372849179608739,-3.3697497556634057,-3.366650398164907,-3.3635511071778392,-3.3604518827633583,-3.3573527249798616,-3.354253633883605,-3.351154609529278,-3.3480556519705384,-3.3449567612605318,-3.341857937452389,-3.338759180599725,-3.3356604907571406,-3.3325618679807416,-3.3294633123286834,-3.3263648238617485,-3.3232664026439775,-3.320168048743357,-3.3170697622325864,-3.3139715431899335,-3.310873391700206,-3.307775307855858,-3.304677291758257,-3.301579343519146,-3.298481463262335,-3.295383651125675,-3.292285907263356,-3.289188231848606,-3.286090624804924,-3.2829930860625964,-3.279895615558072,-3.276798213233396,-3.2737008790357103,-3.270603612916801,-3.2675064148326913,-3.2644092847432793,-3.261312222612006,-3.258215228405559,-3.2551183020936083,-3.252021443648559,-3.2489246530453357,-3.2458279302611803,-3.2427312752754758,-3.2396346880695774,-3.2365381686266668,-3.233441716931616,-3.2303453329708622,-3.2272490167322996,-3.2241527682051703,-3.2210565873799766,-3.217960474248395,-3.2148644288031996,-3.211768451038192,-3.2086725409481387,-3.20557669852872,-3.2024809237764735,-3.1993852166887553,-3.1962895772637063,-3.193194005500221,-3.190098501397925,-3.187003064957166,-3.183907696179008,-3.1808123950652405,-3.1777171616183986,-3.174621995841803,-3.1715268977396165,-3.1684318673169276,-3.1653369045798625,-3.162242009535742,-3.1591471821932893,-3.156052422562896,-3.152957730656988,-3.149863106490489,-3.1467685500814433,-3.14367406145181,-3.140579640628527,-3.137485287644888,-3.134391002542366,-3.1312967853729923,-3.128202636202518,-3.1251085551145708,-3.122014542216167,-3.1189205976450296,-3.115826721579323,-3.112732914250636,-3.1096391759613455,-3.1065455071078847,-3.10345190821202,-3.1003583799629806,-3.09726492327436,-3.0941715393611764,-3.0910782298444657,-3.087984996893651,-3.084891843420783,-3.0817987733462604,-3.0787057919632437,-3.0756129064387028,-3.072520126504082,-3.069427465409773,-3.0663349412475296,-3.063242578787302,-3.0601504120351226,-3.057058487804118,-3.0539668707125602,-3.0508756501969128,-3.047784950377008,-3.0446949439680617,-3.0416058719484753,-3.038518071433381,-3.0354320152739014,-3.0323483684497976,-3.0292680685654463,-3.026192441011595,-3.023123364076748,-3.02006350614638,-3.0170166670700946,-3.0139882701638814,-3.0109860720425536,-3.0080211871162796,-3.0051095654432918,-3.0022741205687757,-2.9995477815615774,-2.9969778415835284,-2.994632086673076,-2.9926072859025643,-2.9910406394446376,-2.99012457182318
-3.592738363211798,-3.59194869852073,-3.590580327295353,-3.588784556240959,-3.58667108895471,-3.584320166762883,-3.5817909090697153,-3.579127141075339,-3.5763615223518688,-3.573518504789663,-3.570616471576288,-3.5676692959489764,-3.564687484549192,-3.56167902078589,-3.5586499899609763,-3.5556050446393854,-3.552547752444118,-3.5494808569112384,-3.546406473787688,-3.5433262392103186,-3.54024142189403,-3.5371530083130422,-3.534061767555115,-3.5309683008320634,-3.5278730793760604,-3.5247764735211238,-3.521678775076961,-3.5185802145856138,-3.5154809746644435,-3.512381200348548,-3.509281007127057,-3.5061804872027698,-3.5030797143797403,-3.4999787478887803,-3.4968776353888873,-3.493776415327751,-3.490675118802637,-3.48757377103089,-3.484472392514704,-3.481370999965907,-3.478269607041936,-3.475168224932924,-3.4720668628311153,-3.4689655283070677,-3.4658642276118528,-3.4627629659203696,-3.4596617475277034,-3.456560576007946,-3.453459454342959,-3.4503583850269934,-3.4472573701518954,-3.444156411476657,-3.441055510484304,-3.4379546684285476,-3.4348538863721174,-3.431753165218327,-3.42865250573713,-3.425551908586678,-3.422451374331189,-3.4193509034557965,-3.4162504963789098,-3.4131501534625364,-3.41004987502091,-3.40694966132773,-3.4038495126222394,-3.4007494291143474,-3.3976494109889517,-3.3945494584095997,-3.3914495715215938,-3.3883497504546343,-3.3852499953250756,-3.382150306237861,-3.379050683288184,-3.375951126562922,-3.37285163614188,-3.3697522120988754,-3.366652854502696,-3.363553563417936,-3.3604543389057535,-3.3573551810245443,-3.354256089830565,-3.3511570653785046,-3.348058107722022,-3.344959216914262,-3.3418603930083552,-3.338761636057917,-3.3356629461175475,-3.332564323243353,-3.3294657674934887,-3.326367278928738,-3.323268857613141,-3.3201705036146847,-3.317072217006066,-3.313973997865555,-3.3108758462779595,-3.3077777623357334,-3.304679746140244,-3.3015817978032347,-3.2984839174485163,-3.295386105213939,-3.292288361253692,-3.2891906857410036,-3.286093078599371,-3.282995539759082,-3.2798980691565847,-3.276800666733926,-3.273703332438248,-3.2706060662213363,-3.2675088680392137,-3.2644117378517783,-3.2613146756224713,-3.2582176813179804,-3.255120754907975,-3.252023896364861,-3.248927105663562,-3.24583038278132,-3.2427337276975186,-3.239637140393513,-3.2365406208524856,-3.233444169059307,-3.2303477850004154,-3.2272514686637037,-3.2241552200384147,-3.2210590391150515,-3.217962925885291,-3.214866880341907,-3.2117709024787,-3.2086749922904363,-3.2055791497727952,-3.2024833749223163,-3.1993876677363557,-3.1962920282130534,-3.1931964563513042,-3.1901009521507353,-3.1870055156116934,-3.183910146735242,-3.180814845523172,-3.177719611978018,-3.1746244461030995,-3.1715293479025792,-3.168434317381547,-3.165339354546126,-3.1622444594036403,-3.1591496319628107,-3.156054872234031,-3.152960180229726,-3.1498655559648214,-3.146770999457358,-3.1436765107292977,-3.140582089807577,-3.137487736725491,-3.134393451524511,-3.13129923425667,-3.128205084987718,-3.1251110038012815,-3.122016990804379,-3.118923046134732,-3.1158291699705063,-3.1127353625432908,-3.10964162415546,-3.106547955203449,-3.1034543562090233,-3.1003608278614108,-3.0972673710742082,-3.0941739870624314,-3.0910806774471187,-3.087987444397691,-3.0848942908262,-3.0818012206530443,-3.078708239171383,-3.0756153535481863,-3.0725225735148993,-3.0694299123219153,-3.066337388060987,-3.0632450255020656,-3.0601528586511835,-3.057060934321468,-3.053969317131191,-3.050878096516819,-3.047787396598184,-3.0446973900905063,-3.0416083179721913,-3.038520517358379,-3.0354344611002007,-3.0323508141774314,-3.0292705141944674,-3.026194886542088,-3.023125809508844,-3.0200659514802757,-3.0170191123060897,-3.0139907153024224,-3.0109885170843063,-3.0080236320622378,-3.005112010294931,-3.002276565328291,-2.999550226232221,-2.996980286170109,-2.994634531182672,-2.9926097303455346,-2.991043083835999,-2.990127016184416
-3.5927407396809308,-3.5919510749683714,-3.590582703705381,-3.5887869326011232,-3.5866734652556125,-3.5843225429972594,-3.5817932852319116,-3.579129517160936,-3.576363898357396,-3.5735208807123864,-3.5706188474140452,-3.5676716717000527,-3.564689860212223,-3.561681396359787,-3.558652365444869,-3.555607420032575,-3.552550127746041,-3.5494832321214425,-3.5464088489058048,-3.5433286142360503,-3.540243796827135,-3.5371553831533227,-3.534064142302407,-3.530970675486232,-3.5278754539369936,-3.52477884798873,-3.5216811494511613,-3.5185825888663422,-3.515483348851644,-3.5123835744421736,-3.509283381127067,-3.5061828611091292,-3.503082088192417,-3.499981121607745,-3.496880009014116,-3.493778788859221,-3.4906774922403296,-3.4875761443747875,-3.4844747657647885,-3.4813733731221617,-3.4782719801043442,-3.4751705979014704,-3.4720692357057876,-3.468967901087854,-3.4658666002987397,-3.4627653385133463,-3.459664120026757,-3.4565629484130644,-3.45346182665413,-3.4503607572442037,-3.447259742275135,-3.4441587835059155,-3.44105788241957,-3.4379570402698114,-3.434856258119368,-3.4317555368715533,-3.428654877296322,-3.4255542800518266,-3.4224537457022848,-3.419353274732829,-3.4162528675618686,-3.41315252455141,-3.4100522460156895,-3.4069520322284053,-3.4038518834288003,-3.400751799826783,-3.3976517816072525,-3.3945518289337557,-3.3914519419515936,-3.3883521207904685,-3.385252365566736,-3.382152676385337,-3.3790530533414667,-3.3759534965220013,-3.3728540060067456,-3.3697545818695183,-3.366655224179105,-3.3635559330001,-3.360456708393663,-3.3573575504181896,-3.354258459129937,-3.351159434583593,-3.348060476832816,-3.3449615859307524,-3.3418627619305323,-3.3387640048857694,-3.335665314851065,-3.3325666918825263,-3.3294681360383067,-3.3263696473791917,-3.3232712259692203,-3.320172871876379,-3.3170745851733665,-3.313976365938451,-3.3108782142564404,-3.3077801302197893,-3.304682113929865,-3.3015841654984106,-3.2984862850492367,-3.295388472720193,-3.29229072866547,-3.289193053058296,-3.2860954458221685,-3.2829979068873754,-3.279900436190364,-3.2768030336731804,-3.273705699282967,-3.2706084329715104,-3.267511234694834,-3.2644141044128347,-3.2613170420889537,-3.258220047689878,-3.2551231211852776,-3.2520262625475578,-3.2489294717516435,-3.2458327487747773,-3.2427360935963403,-3.239639506197689,-3.2365429865620046,-3.23344653467416,-3.230350150520593,-3.227253834089195,-3.2241575853692113,-3.2210614043511425,-3.217965291026666,-3.214869245388555,-3.211773267430611,-3.2086773571476024,-3.205581514535207,-3.2024857395899633,-3.1993900323092275,-3.196294392691141,-3.193198820734596,-3.190103316439222,-3.187007879805365,-3.1839125108340887,-3.1808172095271825,-3.177721975887183,-3.17462680991741,-3.1715317116220256,-3.1684366810061175,-3.1653417180758137,-3.162246822838434,-3.1591519953027003,-3.156057235479007,-3.152962543379779,-3.149867919019941,-3.1467733624175342,-3.1436788735945203,-3.1405844525778357,-3.137490099400777,-3.134395814104813,-3.131301596741978,-3.128207447378022,-3.125113366096573,-3.1220193530046463,-3.118925408239967,-3.1158315319806973,-3.1127377244584267,-3.109643985975532,-3.1065503169284474,-3.1034567178389376,-3.100363189396231,-3.0972697325139236,-3.0941763484070313,-3.0910830386965937,-3.0879898055520325,-3.0848966518853977,-3.0818035816170886,-3.0787106000402638,-3.075617714321894,-3.072524934193423,-3.0694322729052455,-3.066339748549115,-3.063247385894982,-3.06015521894888,-3.0570632945239358,-3.0539716772384233,-3.0508804565288092,-3.0477897565149292,-3.0446997499120054,-3.0416106776984475,-3.0385228769893993,-3.0354368206360043,-3.0323531736180502,-3.0292728735399543,-3.026197245792525,-3.0231281686643565,-3.0200683105410553,-3.017021471272423,-3.01399307417474,-3.0109908758632504,-3.0080259907487674,-3.005114368890472,-3.002278923834959,-2.9995525846531534,-2.996982644509943,-2.9946368894482367,-2.992612088546822,-2.991045441987499,-2.9901293743068527
-3.592743032299897,-3.591953367566604,-3.5905849962673257,-3.588789225114962,-3.5866757577122796,-3.584324835389744,-3.581795577554762,-3.5791318094098887,-3.5763661905291038,-3.5735231728042107,-3.5706211394239005,-3.5676739636262833,-3.5646921520535124,-3.5616836881150844,-3.5586546571133355,-3.555609711613536,-3.552552419238957,-3.5494855235258744,-3.5464111402214007,-3.5433309054625233,-3.540246087964249,-3.537157674200886,-3.534066433260263,-3.5309729663542515,-3.5278777447150698,-3.5247811386767722,-3.521683440049096,-3.5185848793741052,-3.515485639269181,-3.512385864769438,-3.5092856713640206,-3.506185151255736,-3.5030843782486456,-3.4999834115735697,-3.4968822988895134,-3.493781078644169,-3.490679781934808,-3.487578433978776,-3.4844770552782705,-3.481375662545123,-3.4782742694367714,-3.475172887143351,-3.472071524857107,-3.4689701901485988,-3.4658688892688976,-3.4627676273929033,-3.459666408815702,-3.4565652371113864,-3.4534641152618186,-3.4503630457612506,-3.447262030701529,-3.4441610718416453,-3.441060170664626,-3.4379593284241836,-3.434858546183045,-3.4317578248445253,-3.428657165178579,-3.425556567843359,-3.422456033403081,-3.4193555623428797,-3.4162551550811644,-3.4131548119799415,-3.4100545333534464,-3.4069543194753775,-3.403854170584979,-3.4007540868921584,-3.3976540685818146,-3.394554115817494,-3.3914542287444998,-3.3883544074925327,-3.3852546521779474,-3.382154962905686,-3.3790553397709444,-3.3759557828605975,-3.3728562922544523,-3.369756868026325,-3.366657510245001,-3.3635582189750775,-3.3604589942777117,-3.357359836211301,-3.3542607448320996,-3.351161720194797,-3.348062762353053,-3.3449638713600116,-3.341865047268804,-3.338766290133045,-3.335667600007336,-3.3325689769477824,-3.3294704210125396,-3.3263719322623904,-3.3232735107613753,-3.3201751565774806,-3.3170768697834054,-3.313978650457418,-3.310880498684326,-3.3077824145565833,-3.3046843981755583,-3.301586449652993,-3.2984885691126986,-3.295390756692525,-3.2922930125466623,-3.289195336848338,-3.2860977295210505,-3.2830001904950867,-3.2799027197068953,-3.2768053170985225,-3.27370798261711,-3.2706107162144433,-3.2675135178465466,-3.264416387473317,-3.261319325058196,-3.258222330567872,-3.2551254039720137,-3.2520285452430264,-3.248931754355834,-3.245835031287681,-3.242738376017948,-3.239641788527991,-3.2365452688009926,-3.233448816821823,-3.230352432576921,-3.227256116054179,-3.22415986724284,-3.221063686133408,-3.2179675727175576,-3.214871526988064,-3.2117755489387285,-3.208679638564318,-3.205583795860511,-3.2024880208238464,-3.1993923134516797,-3.196296673742152,-3.1932011016941564,-3.1901055973073222,-3.187010160581995,-3.1839147915192396,-3.1808194901208444,-3.1777242563893475,-3.174629090328067,-3.1715339919411654,-3.1684389612337314,-3.1653439982118905,-3.162249102882965,-3.1591542752556765,-3.1560595153404187,-3.1529648231496155,-3.149870198698193,-3.1467756420041915,-3.143681153089573,-3.1405867319812746,-3.137492378712592,-3.1343980933249953,-3.1313038758705183,-3.128209726414911,-3.1251156450418005,-3.122021631858203,-3.118927687001842,-3.115833810650881,-3.1127400030369103,-3.1096462644623055,-3.106552595323502,-3.1034589961422627,-3.1003654676078183,-3.0972720106337635,-3.0941786264351157,-3.0910853166329115,-3.0879920833965735,-3.084898929638153,-3.081805859278047,-3.078712877609417,-3.0756199917992317,-3.0725272115789366,-3.0694345501989266,-3.0663420257509535,-3.0632496630049686,-3.0601574959670064,-3.057065571450194,-3.0539739540728066,-3.050882733271311,-3.047792033165546,-3.0447020264707363,-3.041612954165295,-3.0385251533643736,-3.0354390969191227,-3.0323554498093435,-3.0292751496394725,-3.0261995218003466,-3.0231304445806026,-3.0200705863659096,-3.017023747006163,-3.013995349817781,-3.0109931514162143,-3.0080282662125777,-3.0051166442665034,-3.002281199125253,-2.9995548598607376,-2.996984919639291,-2.9946391645059363,-2.992614363542513,-2.9910477169351606,-2.990131649226477
-3.5927452440209957,-3.5919555792677005,-3.5905872079334156,-3.588791436734646,-3.5866779692768116,-3.584327046892363,-3.5817977889902064,-3.579134020774046,-3.576368401818745,-3.57352538401679,-3.5706233505574025,-3.5676761746791126,-3.564694363024399,-3.561685899003015,-3.5586568679174997,-3.555611922333286,-3.552554629873767,-3.5494877340753255,-3.5464133506851487,-3.5433331158402925,-3.540248298255814,-3.537159884406062,-3.534068643378899,-3.5309751763862214,-3.527879954660271,-3.5247833485351174,-3.521685649820511,-3.5185870890585296,-3.515487848866563,-3.5123880742797335,-3.5092878807871895,-3.506187360591745,-3.503086587497466,-3.4999856207351754,-3.49688450796388,-3.4937832876312767,-3.490681990834639,-3.4875806427913143,-3.4844792640035007,-3.4813778711830268,-3.4782764779873347,-3.47517509560656,-3.4720737332329503,-3.468972398437064,-3.465871097469974,-3.46276983550658,-3.459668616841967,-3.456567445050229,-3.4534663231132274,-3.450365253525215,-3.4472642383780387,-3.4441632794306893,-3.4410623781661944,-3.4379615358382667,-3.4348607535096334,-3.431760032083609,-3.4286593723301477,-3.4255587749074037,-3.422458240379593,-3.41935776923185,-3.416257361882583,-3.4131570186938,-3.410056739979734,-3.406956526014085,-3.4038563770360963,-3.400756293255678,-3.397656274857726,-3.394556322005789,-3.3914564348451695,-3.3883566135055667,-3.3852568581033355,-3.38215716874342,-3.379057545521014,-3.375957988522993,-3.372858497829163,-3.3697590735133427,-3.3666597156443174,-3.3635604242866823,-3.3604611995015956,-3.3573620413474536,-3.3542629498805137,-3.3511639251554635,-3.348064967225963,-3.344966076145156,-3.3418672519661725,-3.338768494742629,-3.335669804529126,-3.332571181381769,-3.3294726253587137,-3.3263741365207427,-3.323275714931896,-3.320177360660161,-3.3170790737782356,-3.3139808543643885,-3.3108827025034278,-3.307784618287807,-3.3046866018188945,-3.301588653208433,-3.298490772580233,-3.2953929600721428,-3.292295215838354,-3.2891975400520943,-3.2860999326368616,-3.2830023935229447,-3.2799049226467907,-3.276807519950445,-3.2737101853810517,-3.270612918890395,-3.2675157204345,-3.264418589973261,-3.261321527470122,-3.2582245328917705,-3.2551276062078753,-3.252030747390842,-3.248933956415595,-3.245837233259378,-3.242740577901571,-3.239643990323532,-3.2365474705084405,-3.233451018441169,-3.2303546341081555,-3.227258317497292,-3.2241620685978227,-3.2210658874002496,-3.21796977389625,-3.2148737280785973,-3.2117777499410938,-3.2086818394785057,-3.205585996686512,-3.2024902215616518,-3.199394514101281,-3.1962988743035394,-3.1932033021673223,-3.190107797692256,-3.1870123608786884,-3.1839169917276817,-3.180821690241028,-3.17772645642126,-3.1746312902717007,-3.1715361917965113,-3.16844116100078,-3.1653461978906323,-3.16225130247339,-3.1591564747577743,-3.156061714754181,-3.1529670224750332,-3.149872397935256,-3.1467778411528924,-3.1436833521499024,-3.1405889309532244,-3.137494577596153,-3.134400292120158,-3.131306074577274,-3.1282119250332507,-3.125117843571714,-3.12202383029968,-3.1189298853548726,-3.1158360089154566,-3.1127422012130213,-3.1096484625499428,-3.106554793322655,-3.1034611940529238,-3.100367665429978,-3.097274208367413,-3.094180824080244,-3.0910875141895113,-3.0879942808646352,-3.084901127017667,-3.0818080565690043,-3.0787150748118086,-3.075622188913049,-3.07252940860417,-3.0694367471355672,-3.066344222598993,-3.0632518597643985,-3.060159692637818,-3.0570677680323795,-3.053976150566358,-3.0508849296762244,-3.0477942294818168,-3.0447042226983636,-3.0416151503042808,-3.038527349414727,-3.035441292880861,-3.032357645682495,-3.0292773454240858,-3.0262017174964977,-3.023132640188409,-3.0200727818855486,-3.017025942437903,-3.013997545162022,-3.010995346673555,-3.0080304613839104,-3.0051188393531554,-3.0022833941291944,-2.999557054784887,-2.9969871144879656,-2.99464135928549,-2.9926165582622457,-2.991049911608557,-2.9901338438728247
-3.592747377693106,-3.591957712920516,-3.5905893415524597,-3.588793570308921,-3.586680102797879,-3.5843291803537007,-3.5817999223867405,-3.5791361541018087,-3.576370535074618,-3.5735275171983183,-3.570625483662645,-3.567678307706529,-3.564696495972764,-3.5616880318713506,-3.558659000705023,-3.55561405503937,-3.552556762497909,-3.549489866617117,-3.5464154831442625,-3.54333524821646,-3.5402504305488187,-3.537162016615726,-3.534070775505075,-3.53097730842879,-3.5278820866191314,-3.5247854804101855,-3.5216877816117185,-3.5185892207658176,-3.5154899804898814,-3.5123902058190377,-3.5092900122424444,-3.5061894919629193,-3.5030887187845297,-3.4999877519381037,-3.496886639082652,-3.493785418665873,-3.4906841217850393,-3.4875827736575014,-3.484481394785456,-3.481380001880738,-3.478278608600788,-3.4751772261357425,-3.4720758636778486,-3.4689745287976663,-3.465873227746269,-3.4627719656985563,-3.4596707469496146,-3.456569575073538,-3.453468453052188,-3.450367383379817,-3.4472663681482723,-3.4441654091165455,-3.441064507767664,-3.437963665355339,-3.4348628829423,-3.431762161431861,-3.428661501593977,-3.425560904086799,-3.422460369474546,-3.4193598982423508,-3.4162594908086223,-3.413159147535368,-3.4100588687368236,-3.406958654686687,-3.4038585056242017,-3.4007584217592757,-3.397658403276808,-3.3945584503403454,-3.391458563095189,-3.3883587416710412,-3.3852589861842577,-3.38215929673978,-3.379059673432802,-3.375960116350201,-3.372860625571782,-3.3697612011713636,-3.3666618432177318,-3.3635625517754817,-3.3604633269057707,-3.3573641686669955,-3.3542650771154126,-3.351166052305711,-3.3480670942915496,-3.344968203126073,-3.341869378862412,-3.338770621554181,-3.3356719312559813,-3.3325733080239193,-3.3294747519161487,-3.326376262993454,-3.323277841319875,-3.320179486963399,-3.3170811999967236,-3.3139829804981176,-3.310884828552389,-3.3077867442519926,-3.3046887276982946,-3.3015907790030377,-3.2984928982900326,-3.2953950856971295,-3.292297341378519,-3.2891996655074287,-3.2861020580073568,-3.2830045188085903,-3.2799070478475785,-3.276809645066367,-3.273712310412098,-3.270615043836557,-3.267517845295767,-3.2644207147496256,-3.2613236521615736,-3.2582266574983,-3.255129730729474,-3.2520328718275007,-3.248936080767305,-3.2458393575261293,-3.2427427020833557,-3.2396461144203403,-3.2365495945202647,-3.2334531423680004,-3.2303567579499846,-3.227260441254111,-3.2241641922696216,-3.2210680109870204,-3.2179718973979834,-3.2148758514952838,-3.2117798732727243,-3.208683962725072,-3.205588119848006,-3.2024923446380633,-3.199396637092601,-3.196300997209759,-3.1932054249884323,-3.1901099204282466,-3.1870144835295497,-3.1839191142934067,-3.180823812721606,-3.177728578816684,-3.174633412581961,-3.1715383140215994,-3.1684432831406864,-3.16534831994535,-3.16225342444291,-3.1591585966420874,-3.156063836553277,-3.152969144188903,-3.1498745195638915,-3.1467799626962836,-3.143685473608041,-3.1405910523261005,-3.1374966988837567,-3.134402413322481,-3.1313081956943076,-3.128214046064986,-3.1251199645181416,-3.1220259511607926,-3.118932006130662,-3.1158381296059128,-3.1127443218181363,-3.1096505830697074,-3.106556913757061,-3.103463314401962,-3.1003697856936387,-3.0972763285456866,-3.094182944173122,-3.0910896341969836,-3.0879964007866945,-3.084903246854304,-3.08181017632021,-3.078717194477573,-3.0756243084933637,-3.0725315280990273,-3.069438866544959,-3.066346341922909,-3.0632539790028317,-3.0601618117907603,-3.057069887099823,-3.053978269548297,-3.050887048572652,-3.0477963482927297,-3.044706341423761,-3.0416172689441656,-3.038529467969106,-3.0354434113497506,-3.032359764065925,-3.0292794637221023,-3.0262038357091754,-3.023134758315861,-3.020074899927946,-3.017028060395503,-3.0139996630352117,-3.0109974644629127,-3.0080325790902958,-3.0051209569778474,-3.0022855116740934,-2.9995591722528103,-2.9969892318830764,-2.99464347661392,-2.9926186755329676,-2.991052028834579,-2.9901359610727525
-3.5927494360651298,-3.5919597712739244,-3.590591399873288,-3.588795628586559,-3.5866821610241875,-3.584331238522387,-3.5818019804929087,-3.579138212141632,-3.5763725930450914,-3.57352957509707,-3.5706275414878026,-3.5676803654566056,-3.5646985536465774,-3.56169008946796,-3.5586610582236755,-3.5556161124794605,-3.5525588198589504,-3.5494919238987186,-3.546417540346105,-3.5433373053382864,-3.5402524875904198,-3.53716407357693,-3.5340728323857395,-3.5309793652287973,-3.5278841433383845,-3.5247875370486055,-3.5216898381692388,-3.5185912772423795,-3.515492036885437,-3.5123922621335457,-3.5092920684758675,-3.5061915481152246,-3.5030907748556923,-3.4999898079280993,-3.496888694991458,-3.4937874744934683,-3.490686177531408,-3.487584829322628,-3.4844834503693267,-3.4813820573833385,-3.4782806640221047,-3.4751792814757634,-3.472077918936562,-3.4689765839750613,-3.465875282842334,-3.4627740207132818,-3.4596728018829896,-3.4565716299255524,-3.4534705078228316,-3.450369438069079,-3.4472684227561436,-3.444167463643016,-3.4410665622127246,-3.437965719718981,-3.4348649372245146,-3.4317642156326387,-3.428663555713308,-3.4255629581246745,-3.4224624234309573,-3.419361952117289,-3.416261544602078,-3.4131612012473327,-3.4100609223672875,-3.406960708235641,-3.4038605590916378,-3.4007604751451854,-3.397660456581183,-3.394560503563178,-3.3914606162364715,-3.388360794730765,-3.3852610391624127,-3.3821613496363585,-3.379061726247795,-3.3759621690835995,-3.3728626782235764,-3.3697632537415463,-3.366663895706295,-3.3635646041824168,-3.3604653792310684,-3.3573662209106474,-3.3542671292774098,-3.351168104386045,-3.3480691462902112,-3.3449702550430542,-3.3418714306977035,-3.338772673307776,-3.33567398292787,-3.332575359614093,-3.3294768034245994,-3.326378314420173,-3.3232798926648535,-3.320181538226628,-3.3170832511781945,-3.3139850315978214,-3.310886879570317,-3.307788795188135,-3.304690778552643,-3.301592829775583,-3.298494948980767,-3.295397136306044,-3.292299391905605,-3.289201715952677,-3.2861041083707594,-3.2830065690901375,-3.279909098047262,-3.2768116951841777,-3.273714360448027,-3.2706170937905945,-3.267519895167906,-3.2644227645398574,-3.26132570186989,-3.258228707124693,-3.2551317802739343,-3.252034921290021,-3.2489381301478755,-3.245841406824742,-3.2427447513000014,-3.2396481635550094,-3.2365516435729487,-3.23345519133869,-3.230358806838672,-3.2272624900607876,-3.2241662409942795,-3.2210700596296498,-3.217973945958576,-3.2148778999738323,-3.211781921669219,-3.2086860110395046,-3.205590168080367,-3.2024943927883442,-3.1993986851607934,-3.196303045195854,-3.193207472892421,-3.1901119682501213,-3.1870165312693017,-3.1839211619510275,-3.180825860297087,-3.177730626310016,-3.1746354599931346,-3.1715403613506057,-3.168445330387517,-3.165350367109996,-3.1622554715253615,-3.1591606436423367,-3.1560658834713156,-3.152971191024723,-3.149876566317484,-3.1467820093676395,-3.1436875201971524,-3.140593098832959,-3.137498745308355,-3.13440445966481,-3.1313102419543597,-3.128216092242752,-3.125122010613614,-3.1220279971739635,-3.1189340520615225,-3.115840175454454,-3.112746367584348,-3.109652628753581,-3.106558959358587,-3.1034653599211315,-3.100371831130443,-3.0972783739001186,-3.0941849894451736,-3.091091679386646,-3.0879984458939576,-3.0849052918791595,-3.0818122212626498,-3.0787192393375884,-3.0756263532709456,-3.072533572794167,-3.0694409111576477,-3.06634838645314,-3.0632560234505952,-3.0601638561560494,-3.0570719313826307,-3.053980313748617,-3.0508890926904795,-3.0477983923280605,-3.0447083853765937,-3.041619312814503,-3.0385315117569576,-3.0354454550551306,-3.032361807688862,-3.029281507262642,-3.026205879167388,-3.023136801691855,-3.0200769432218872,-3.017030103607641,-3.014001706165919,-3.010999507512745,-3.0080346220600847,-3.0051229998688274,-3.0022875544880976,-2.9995612149925557,-2.9969912745525797,-2.9946455192190955,-2.99262071808247,-2.9910540713409577,-2.9901380035539593
-3.592751421789532,-3.5919617569803672,-3.5905933855482997,-3.5887976142199056,-3.586684146608018,-3.5843332240506287,-3.5818039659608396,-3.579140197545559,-3.576374578382115,-3.573531560364906,-3.5706295266846437,-3.5676823505810185,-3.564700538697423,-3.5616920744443274,-3.5586630431248367,-3.555618097304832,-3.5525608046080634,-3.549493908571192,-3.546419524941633,-3.543339289856621,-3.5402544720313562,-3.5371660579403033,-3.534074816671414,-3.5309813494366615,-3.5278861274683453,-3.5247895211005846,-3.5216918221431697,-3.5185932611382085,-3.515494020703118,-3.512394245873039,-3.509294052137139,-3.5061935316982464,-3.503092758360436,-3.499991791354542,-3.4968906783395792,-3.4937894577632496,-3.4906881607228333,-3.4875868124356786,-3.4844854334039885,-3.481384040339598,-3.478282646899951,-3.4751812642751827,-3.4720799016575423,-3.468978566617592,-3.4658772654064043,-3.462776003198881,-3.4596747842901086,-3.456573612254181,-3.45347249007296,-3.4503714202406988,-3.4472704048492457,-3.4441694456575926,-3.441068544148765,-3.437967701576477,-3.4348669190034564,-3.4317661973330176,-3.428665537335116,-3.4255649396679027,-3.422464404895596,-3.41936393350333,-3.4162635259095135,-3.4131631824761532,-3.4100629035174848,-3.4069626893072074,-3.4038625400845635,-3.4007624560594634,-3.397662437416805,-3.394562484320135,-3.391462596914756,-3.3883627753303673,-3.385263019683326,-3.382163330078574,-3.379063706611305,-3.3759641493683947,-3.372864658429649,-3.369765233868887,-3.3666658757548955,-3.3635665841522693,-3.3604673591221657,-3.357368200722981,-3.354269109010971,-3.351170084040825,-3.3480711258662024,-3.344972234540246,-3.3418734101160896,-3.3387746526473463,-3.3356759621886174,-3.3325773387960096,-3.3294787825276764,-3.326380293444402,-3.3232818716102255,-3.320183517093135,-3.3170852299658287,-3.3139870103065743,-3.3108888582001814,-3.307790773739102,-3.304692757024703,-3.3015948081687285,-3.2984969272949893,-3.295399114541335,-3.292301370061956,-3.28920369403008,-3.2861060863692053,-3.2830085470096186,-3.279911075887769,-3.276813672945702,-3.273716338130561,-3.2706190713941314,-3.2675218726924364,-3.2644247419853722,-3.261327679236381,-3.258230684412152,-3.2551337574823527,-3.2520368984193895,-3.2489401071981856,-3.245843383795985,-3.2427467281921687,-3.2396501403680937,-3.236553620306941,-3.2334571679935835,-3.2303607834144588,-3.2272644665574584,-3.2241682174118256,-3.221072035968063,-3.2179759222178483,-3.214879876153955,-3.211783897770184,-3.208687987061303,-3.2055921440229898,-3.2024963686517833,-3.1994006609450403,-3.1963050209009003,-3.193209448518259,-3.1901139437967423,-3.1870185067366994,-3.183923137339192,-3.1808278356060105,-3.1777326015396903,-3.1746374351435516,-3.1715423364217576,-3.168447305379395,-3.1653523420225915,-3.1622574463586672,-3.159162618396345,-3.1560678581460175,-3.1529731656201103,-3.149878540833548,-3.1467839838043723,-3.143689494554545,-3.1405950731110037,-3.137500719507042,-3.1344064337841315,-3.1313122159943063,-3.128218066203315,-3.1251239844947856,-3.1220299709757344,-3.1189360257838845,-3.115842149097399,-3.112748341147869,-3.1096546022376685,-3.1065609327632338,-3.1034673332463294,-3.100373804376184,-3.097280347066393,-3.094186962531972,-3.0910936523939605,-3.088000418821781,-3.0849072647274838,-3.081814194031467,-3.0787212120268905,-3.0756283258807247,-3.0725355453244143,-3.069442883608354,-3.0663503588242977,-3.0632579957421977,-3.060165828368088,-3.0570739035151,-3.0539822858015104,-3.0508910646637926,-3.0478003642217897,-3.0447103571907377,-3.0416212845490644,-3.0385334834119426,-3.035447426630557,-3.032363779184757,-3.029283478679048,-3.026207850504373,-3.023138772949524,-3.0200789144003988,-3.0170320747072346,-3.0140036771869556,-3.011001478455762,-3.0080365929258814,-3.005124970658594,-3.002289525203603,-2.999563185636421,-2.996993245128681,-2.99464748973314,-2.9926226885428076,-2.9910560417596956,-2.9901399739484136
-3.5927533374256884,-3.591963672599201,-3.590595301136813,-3.588799529768225,-3.586686062108569,-3.5843351394975556,-3.5818058813495863,-3.5791421128725616,-3.576376493644576,-3.5735334755606205,-3.5706314418118676,-3.5676842656383694,-3.5647024536837995,-3.561693989358854,-3.5586649579668106,-3.5556200120736907,-3.5525627193033538,-3.5494958231925495,-3.546421439488763,-3.543341204329283,-3.540256386429356,-3.53716797226348,-3.534076730919637,-3.5309832636098224,-3.5278880415663534,-3.5247914351233636,-3.521693736090657,-3.518595175010352,-3.5154959344998713,-3.5123961595943634,-3.5092959657830014,-3.506195445268618,-3.5030946718552913,-3.499993704773858,-3.496892591683336,-3.4937913710314317,-3.490690073915421,-3.487588725552658,-3.484487346445346,-3.48138595330532,-3.478284559790024,-3.4751831770895976,-3.472081814396289,-3.468980479280658,-3.46587917799378,-3.4627779157105576,-3.459676696726076,-3.4565755246144296,-3.453474402357482,-3.4503733324494843,-3.4472723169822856,-3.4441713577148767,-3.441070456130286,-3.4379696134822257,-3.4348688308334245,-3.431768109087196,-3.4286674490134956,-3.4255668512704753,-3.4224663164223545,-3.4193658449542657,-3.416265437284618,-3.4131650937754183,-3.410064814740903,-3.406964600454769,-3.4038644511562612,-3.4007643670552894,-3.397664348336751,-3.3945643951641933,-3.3914645076829184,-3.3883646860226255,-3.3852649302996727,-3.382165240619001,-3.379065617075803,-3.375966059756957,-3.3728665687422685,-3.369767144105556,-3.3666677859156042,-3.3635684942370094,-3.3604692691309292,-3.3573701106557596,-3.3542710188677565,-3.351171993821609,-3.3480730355709767,-3.3449741441690035,-3.341875319668822,-3.3387765621240457,-3.3356778715892754,-3.3325792481206173,-3.3294806917762267,-3.3263822026168866,-3.323283780706638,-3.320185426113467,-3.317087138910072,-3.3139889191747205,-3.3108907669922223,-3.30779268245503,-3.304694665664511,-3.301596716732408,-3.298498835782533,-3.295401022952734,-3.292303278397202,-3.2892056022891643,-3.28610799455212,-3.283010455116356,-3.2799129839183205,-3.2768155809000605,-3.2737182460087175,-3.2706209791960763,-3.267523780418162,-3.26442664963487,-3.2613295868096426,-3.2582325919091684,-3.255135664903117,-3.2520388057638945,-3.2489420144664236,-3.2458452909879485,-3.242748635307849,-3.239652047407483,-3.236555527270031,-3.233459074880365,-3.230362690224923,-3.2272663732915983,-3.2241701240696328,-3.2210739425495305,-3.217977828722968,-3.214881782582718,-3.211785804122582,-3.2086898933373282,-3.205594050222635,-3.2024982747750403,-3.1994025669919015,-3.196306926871359,-3.1932113544123077,-3.190115849614374,-3.1870204124779034,-3.1839250430039607,-3.180829741194335,-3.1777345070515635,-3.1746393405789655,-3.1715442417807034,-3.1684492106618656,-3.165354247228579,-3.1622593514881636,-3.1591645234493413,-3.1560697631225065,-3.1529750705200823,-3.149880445656996,-3.1467858885512885,-3.1436913992249216,-3.1405969777048313,-3.137502624024314,-3.1344083382248393,-3.1313141203584416,-3.1282199704908686,-3.125125888705749,-3.122031875110101,-3.1189379298416458,-3.115844053078548,-3.1127502450523967,-3.109656506065568,-3.106562836514496,-3.103469236920946,-3.1003757079741474,-3.097282250587696,-3.094188865976607,-3.091095555761919,-3.0880023221130535,-3.084909167942062,-3.0818160971693436,-3.0787231150880583,-3.0756302288651765,-3.0725374482321426,-3.0694447864393504,-3.0663522615785546,-3.063259898419708,-3.060167730968845,-3.0570758060390957,-3.053984188248739,-3.0508929670342493,-3.047802266515471,-3.044712259407642,-3.041623186689194,-3.0385353854753054,-3.0354493286171675,-3.0323656810946393,-3.029285380512245,-3.026209752260951,-3.0231406746295835,-3.0200808160040955,-3.0170339762348006,-3.014005578638737,-3.011003379832278,-3.0080384942279035,-3.005126871887272,-3.002291426360642,-2.999565086724351,-2.996995146151241,-2.9946493906958334,-2.992624589453689,-2.9910579426304444,-2.990141874795735
-3.592755185443123,-3.5919655205999224,-3.590597149108286,-3.588801377700924,-3.5866879099951867,-3.5843369873324415,-3.581807729128344,-3.5791439605917543,-3.576378341301506,-3.5735353231531604,-3.570633289338335,-3.5676861130974302,-3.564704301074394,-3.5616958366801352,-3.5586668052181025,-3.555621859254449,-3.552564566413142,-3.5494976702310157,-3.5464232864556227,-3.543343051224304,-3.540258233252349,-3.5371698190142906,-3.534078577598138,-3.530985110215908,-3.527889888099938,-3.524793281584376,-3.521695582479035,-3.5185970213260442,-3.5154977807428343,-3.5123980057645605,-3.5092978118804012,-3.5061972912931916,-3.5030965178070153,-3.4999955506527103,-3.496894437489298,-3.493793216764484,-3.490691919575549,-3.4875905711398483,-3.4844891919595833,-3.4813877987465935,-3.478286405158321,-3.475185022384906,-3.4720836596185984,-3.4689823244299594,-3.4658810230700636,-3.4627797607138135,-3.459678541656295,-3.456577369471603,-3.4534762471416,-3.4503751771605384,-3.4472741616202667,-3.4441732022797766,-3.4410723006220967,-3.437971457900939,-3.4348706751790323,-3.43176995335969,-3.4286692932128684,-3.4255686953967195,-3.4224681604754617,-3.4193676889342273,-3.416267281191425,-3.413166937609063,-3.410066658501377,-3.406966444142066,-3.403866294770373,-3.4007662105962075,-3.397666191804467,-3.3945662385587,-3.391466351004208,-3.388366529270691,-3.385266773474505,-3.382167083720593,-3.379067460104147,-3.3759679027120453,-3.372868411624094,-3.36976898691411,-3.3666696286508797,-3.363570336898999,-3.3604711117196246,-3.357371953171153,-3.3542728613098394,-3.3511738361903745,-3.3480748778664178,-3.344975986391112,-3.3418771618175893,-3.338778404199464,-3.3356797135913383,-3.3325810900493167,-3.329482533631555,-3.3263840443988357,-3.323285622415199,-3.3201872677486333,-3.3170889804718358,-3.3139907606630734,-3.3108926084071557,-3.3077945237965367,-3.304696506932583,-3.3015985579270377,-3.2985006769037124,-3.2954028640004553,-3.292305119371457,-3.2892074431899467,-3.286109835379422,-3.283012295870168,-3.2799148245986354,-3.2768174215068693,-3.273720086542013,-3.270622819655851,-3.2675256208044083,-3.2644284899475813,-3.2613314270488107,-3.2582344320747865,-3.2551375049951763,-3.2520406457823863,-3.2489438544113405,-3.245847130859282,-3.2427504751055922,-3.239653887131627,-3.236557366920569,-3.233460914457289,-3.2303645297282264,-3.227268212721272,-3.2241719634256714,-3.221075781831925,-3.21797966793171,-3.2148836217178,-3.2117876431839973,-3.2086917323250694,-3.2055958891366934,-3.202500113615408,-3.19940440575857,-3.1963087655643205,-3.1932131930315526,-3.190117688159894,-3.1870222509496924,-3.183926881402011,-3.1808315795186384,-3.177736345302112,-3.1746411787557522,-3.1715460798837207,-3.1684510486911055,-3.1653560851840337,-3.162261189369825,-3.1591663612572023,-3.156071600856559,-3.1529769081803196,-3.1498822832434104,-3.1467877260638724,-3.1436932366636667,-3.140598815069731,-3.1375044613153604,-3.134410175442025,-3.1313159575017577,-3.1282218075603088,-3.1251277257013053,-3.1220337120317643,-3.118939766689409,-3.115845889852404,-3.1127520817523373,-3.109658342691585,-3.1065646730665812,-3.1034710733990925,-3.1003775443783463,-3.0972840869179388,-3.0941907022328863,-3.0910973919442273,-3.0880041582213846,-3.0849110039764076,-3.081817933129696,-3.0787249509744097,-3.0756320646775186,-3.072539283970467,-3.0694466221036514,-3.066354097168824,-3.063261733935939,-3.060169566411031,-3.057077641407231,-3.0539860235428176,-3.0508948022542652,-3.047804101661422,-3.0447140944795277,-3.0416250216870164,-3.0385372203990717,-3.035451163466891,-3.0323675158703445,-3.0292872152139716,-3.0262115868887625,-3.023142509183578,-3.0200826504844214,-3.0170358106416817,-3.01400741297251,-3.0110052140934416,-3.008040328417205,-3.0051287060058187,-3.0022932604100814,-2.9995669207071205,-2.996996980070947,-2.994651224557786,-2.992626423265659,-2.991059776403698,-2.9901437085463884
-3.592756968224687,-3.591967303365365,-3.590598931845511,-3.588803160400742,-3.586689692650547,-3.5843387699378932,-3.5818095116796487,-3.5791457430855966,-3.5763801237352815,-3.573537105524818,-3.570635071646253,-3.5676878953403217,-3.5647060832512345,-3.561697618790108,-3.5586685872605552,-3.555623641228859,-3.5525663483190884,-3.549499452068157,-3.5464250682236824,-3.5433448329230597,-3.5402600148816177,-3.5371716005739238,-3.534080359088014,-3.530986891635927,-3.5278916694500144,-3.524795062864441,-3.5216973636890314,-3.518598802465923,-3.5154995618125526,-3.5123997867640817,-3.5092995928096933,-3.5061990721522283,-3.503098298595773,-3.49999733137117,-3.496896218137441,-3.4937949973422935,-3.490693700083009,-3.4875923515769447,-3.4844909723263036,-3.481389579042924,-3.4782881853842516,-3.475186802540425,-3.4720854397036964,-3.468984104444626,-3.4658828030142894,-3.462781540587589,-3.459680321459612,-3.456579149204452,-3.4534780268039715,-3.450376956752424,-3.447275941141658,-3.444174981730667,-3.4410740800024775,-3.437973237210801,-3.434872454418368,-3.431771732528493,-3.4286710723111296,-3.4255704744244304,-3.4224699394326152,-3.419369467820816,-3.416269060007442,-3.4131687163545017,-3.4100684371762293,-3.406968222746325,-3.4038680733040314,-3.4007679890592577,-3.3976679701969017,-3.3945680168805095,-3.3914681292553848,-3.388368307451227,-3.3852685515843937,-3.3821688617598262,-3.3790692380727174,-3.3759696806099453,-3.3728701894513153,-3.369770764670646,-3.3666714063367227,-3.3635721145141413,-3.3604728892640594,-3.3573737306448725,-3.3542746387128384,-3.3511756135226456,-3.3480766551279526,-3.344977763581903,-3.341878938937629,-3.3387801812487456,-3.3356814905698533,-3.332582866957058,-3.329484310468515,-3.3263858211650073,-3.3232873991105754,-3.3201890443732047,-3.3170907570255954,-3.313992537146015,-3.3108943848192722,-3.307796300137819,-3.3046982832030234,-3.301600334126629,-3.2985024530324463,-3.2954046400583246,-3.2923068953584544,-3.2892092191060645,-3.286111611224652,-3.2830140716445047,-3.2799166003020708,-3.276819197139396,-3.2737218621036233,-3.270624595146538,-3.2675273962241635,-3.2644302652963963,-3.261333202326679,-3.258236207281699,-3.2551392801311265,-3.2520424208473666,-3.2489456294053434,-3.2458489057823,-3.2427522499576176,-3.2396556619126518,-3.2365591416305857,-3.233462689096291,-3.2303663042962047,-3.2272699872182193,-3.224173737851579,-3.221077556186786,-3.217981442215518,-3.2148853959305477,-3.2117894173256767,-3.208693506395673,-3.205597663136214,-3.202501887543839,-3.1994061796159037,-3.1963105393505487,-3.193214966746669,-3.1901194618038913,-3.1870240245225627,-3.183928654903747,-3.1808333529492345,-3.1777381186615603,-3.1746429520440436,-3.171547853100848,-3.168452821837062,-3.165357858258811,-3.162262962373416,-3.1591681341895987,-3.1560733737177538,-3.1529786809703046,-3.1498840559621777,-3.1467894987114144,-3.1436950092399765,-3.140600587574801,-3.1375062337491824,-3.134411947804591,-3.1313177297930608,-3.1282235797803417,-3.125129497850061,-3.122035484109235,-3.1189415386955863,-3.11584766178728,-3.112753853615906,-3.10966011448384,-3.106566444787516,-3.1034728450486986,-3.1003793159566175,-3.097285858424868,-3.094192473668466,-3.0910991633084484,-3.0880059295142384,-3.0849127751978873,-3.0818197042797952,-3.07872672205312,-3.0756338356848323,-3.072541054906377,-3.06944839296815,-3.0663558679619056,-3.063263504657596,-3.060171337061256,-3.057079411986018,-3.0539877940501614,-3.050896572690162,-3.047805872025868,-3.0447158647725217,-3.041626791908561,-3.038538990549174,-3.035452933545564,-3.0323692858776123,-3.029288985149874,-3.02621335675336,-3.023144278976966,-3.0200844202067425,-3.0170375802931524,-3.014009182553452,-3.011006983604339,-3.0080420978587745,-3.0051304753791315,-3.002295029716724,-2.999568689949447,-2.9969987492524357,-2.9946529936835597,-2.9926281923432145,-2.991061545443905,-2.990145477564793
-3.592758688069472,-3.5919690231945958,-3.5906006516475197,-3.588804880166665,-3.586691412373584,-3.5843404896127864,-3.581811231302307,-3.579147462652823,-3.5763818432445644,-3.5735388249741775,-3.570636791034123,-3.56768961466546,-3.5647078025126535,-3.56169933798702,-3.5586703063923313,-3.555625360294993,-3.5525680673191733,-3.5495011710018662,-3.54642678709075,-3.54334655172327,-3.540261733614796,-3.537173319239926,-3.5340820776867217,-3.5309886101672427,-3.527893387913859,-3.524796781260746,-3.52169908201774,-3.5186005207269866,-3.515501280005932,-3.5124015048897426,-3.509301310867606,-3.5062007901423664,-3.503100016518114,-3.4999990492256927,-3.4968979359241277,-3.493796715061128,-3.490695417733976,-3.4875940691600307,-3.4844926898414967,-3.481391296490213,-3.4782899027636263,-3.4751885198518746,-3.472087156947209,-3.468985821620193,-3.4658845201219015,-3.4627832576272373,-3.4596820384312874,-3.4565808661081467,-3.4534797436396776,-3.450378673520134,-3.4472776578413655,-3.4441766983623627,-3.4410757965661527,-3.43797495370645,-3.4348741708459833,-3.431773448888065,-3.4286727886026513,-3.425572190647896,-3.4224716555880166,-3.4193711839081455,-3.4162707760266917,-3.413170432305664,-3.4100701530592974,-3.4069699385612915,-3.4038697890508884,-3.4007697047379986,-3.3976696858075184,-3.394569732422997,-3.3914698447297345,-3.388370022857433,-3.385270266922447,-3.3821705770297195,-3.3790709532744434,-3.3759713957434974,-3.3728719045166864,-3.3697724796678283,-3.366673121265709,-3.3635738293749244,-3.3604746040566322,-3.357375445369228,-3.3542763533689683,-3.351177328110542,-3.3480783696476086,-3.344979478033311,-3.3418806533207817,-3.3387818955636357,-3.335683204816475,-3.332584581135404,-3.329486024578578,-3.3263875352067798,-3.32328911308405,-3.3201907582783754,-3.317092470862454,-3.313994250914554,-3.3108960985194833,-3.3077980137696956,-3.3046999967665602,-3.301602047621818,-3.2985041664592805,-3.2954063534167966,-3.292308608648556,-3.289210932327787,-3.2861133243779888,-3.2830157847294483,-3.279918313318614,-3.2768209100875327,-3.2737235749833467,-3.270626307957841,-3.267529108967039,-3.2644319779708373,-3.2613349149326774,-3.2582379198192477,-3.255140992600218,-3.2520441332479937,-3.248947341737499,-3.245850618045976,-3.2427539621528076,-3.23965737403935,-3.2365608536887844,-3.2334644010859823,-3.230368016217382,-3.227271699070875,-3.224175449635705,-3.2210792679023745,-3.217983153862561,-3.214887107509039,-3.2117911288356087,-3.2086952178370383,-3.2055993745090063,-3.2025035988480512,-3.1994078908515298,-3.196312250517581,-3.1932166778450997,-3.190121172833713,-3.1870257354837688,-3.1839303657963307,-3.1808350637731864,-3.177739829416874,-3.174644662730713,-3.171549563718865,-3.168454532386418,-3.1653595687394995,-3.16226467278543,-3.1591698445329324,-3.156075083992399,-3.152980391176256,-3.1498857660994277,-3.1467912087799554,-3.1436967192398004,-3.1406022975059007,-3.1375079436115505,-3.1344136575982207,-3.131319439517946,-3.128225289436475,-3.125131207437434,-3.122037193627841,-3.1189432481454196,-3.1158493711683324,-3.1127555629281694,-3.109661823727306,-3.106568153962177,-3.1034745541545483,-3.1003810249936485,-3.0972875673930735,-3.0941941825678394,-3.091100872138984,-3.088007638275929,-3.0849144838907256,-3.081821412903772,-3.0787284306082294,-3.0756355441710665,-3.0725427633237294,-3.0694501013166127,-3.06635757624147,-3.063265212868256,-3.060173045203005,-3.057081120058851,-3.0539895020540726,-3.0508982806251477,-3.047807579891925,-3.044717572569649,-3.041628499636761,-3.0385406982084526,-3.035454641135935,-3.0323709933990997,-3.029290692602516,-3.0262150641372165,-3.023145986292127,-3.0200861274533466,-3.0170392874714063,-3.0140108896636675,-3.0110086906469817,-3.008043804834539,-3.005132182289048,-3.0022967365623248,-2.9995703967330027,-2.997000455977303,-2.9946547003546797,-2.992629898967819,-2.99106325203248,-2.9901471841323355
-3.5927603471958376,-3.591970682305957,-3.5906023107326206,-3.588806539216954,-3.5866930713825007,-3.5843421485752582,-3.58181289021439,-3.5791491215114295,-3.5763835020472707,-3.573540483719075,-3.570638449719702,-3.567691273290524,-3.5647094610762498,-3.5617009964883874,-3.5586719648308613,-3.555627018670199,-3.5525697256306628,-3.5495028292493234,-3.5464284452739183,-3.543348209841942,-3.540263391668804,-3.53717497722913,-3.534083735611007,-3.5309902680265157,-3.5278950457080414,-3.5247984389897726,-3.521700739681557,-3.518602178325548,-3.5155029375391997,-3.5124031623576824,-3.5093029682701884,-3.5062024474795677,-3.5031016737899123,-3.5000007064320697,-3.496899593065065,-3.49379837213661,-3.4906970747439887,-3.4875957261045607,-3.4844943467205334,-3.4813929533037444,-3.478291559511641,-3.475190176534363,-3.472088813564162,-3.468987478171601,-3.465886176607755,-3.462784914047527,-3.4596836947860052,-3.456582522397285,-3.4534813998632288,-3.45038032967809,-3.4472793139337177,-3.444178354389104,-3.441077452527276,-3.437976609601947,-3.4348758266758455,-3.431775104652287,-3.428674444301225,-3.425573846280814,-3.422473311155271,-3.419372839409729,-3.416272431462599,-3.4131720876758886,-3.410071808363832,-3.4069715938001286,-3.4038714442240208,-3.400771359845418,-3.3976713408492194,-3.3945713873989702,-3.3914714996399735,-3.3883716777019304,-3.385271921701198,-3.382172231742718,-3.379072607921684,-3.375973050324972,-3.3728735590323877,-3.3697741341177494,-3.366674775649842,-3.3635754836932623,-3.360476258309167,-3.3573770995559538,-3.354278007489878,-3.3511789821656284,-3.348080023636865,-3.344981131956731,-3.3418823071783583,-3.3387835493553615,-3.3356848585423413,-3.3325862347954045,-3.329487678172705,-3.3263891887350256,-3.3232907665464095,-3.320192411674842,-3.3170941241930207,-3.3139959041792144,-3.3108977517182296,-3.307799666902522,-3.304701649833458,-3.3016037006227794,-3.2985058193942987,-3.295408006285864,-3.2923102614516675,-3.289212585064936,-3.286114977049168,-3.283017437334651,-3.279919965857832,-3.2768225625607585,-3.2737252273905724,-3.270627960299059,-3.2675307612422437,-3.264433630180022,-3.261336567075835,-3.258239571896373,-3.255142644611303,-3.252045785193032,-3.2489489936164824,-3.2458522698588994,-3.242755613899664,-3.2396590257201314,-3.236562505303484,-3.2334660526345935,-3.2303696676998976,-3.2272733504872884,-3.22417710098601,-3.221080919186564,-3.217984805080628,-3.214888758660976,-3.2117927799214088,-3.2086968688566944,-3.2056010254625105,-3.202505249735396,-3.199409541672708,-3.1963139012725854,-3.193218328533924,-3.1901228234563503,-3.187027386040211,-3.1839320162865707,-3.180836714197219,-3.1777414797746917,-3.174646313022309,-3.1715512139442334,-3.1684561825455515,-3.1653612188323916,-3.1622663228120746,-3.159171494493321,-3.1560767338865254,-3.1529820410041123,-3.1498874158610057,-3.1467928584752487,-3.143698368868804,-3.1406039470686062,-3.137509593107951,-3.1344153070283087,-3.131321088881715,-3.1282269387339188,-3.1251328566685457,-3.1220388427926133,-3.118944897243844,-3.115851020200403,-3.1127572118938795,-3.10966347262665,-3.106569802795149,-3.1034762029211405,-3.100382673693853,-3.097289216026882,-3.0941958311352455,-3.0911025206399807,-3.08800928671051,-3.0849161322588836,-3.0818230612055,-3.078730078843521,-3.075637192339914,-3.072544411426126,-3.069451749352552,-3.0663592242109465,-3.0632668607712614,-3.0601746930395355,-3.0570827678288994,-3.0539911497576346,-3.050899928262218,-3.0478092274625026,-3.0447192200737327,-3.041630147074351,-3.0385423455795557,-3.0354562884405647,-3.0323726406372784,-3.0292923397742784,-3.02621671124262,-3.0231476333312597,-3.020087774426341,-3.017040934378464,-3.0140125365050894,-3.0110103374232158,-3.008045451546254,-3.0051338289372382,-3.002298383148468,-2.99957204325929,-2.9970021024469724,-2.9946563467724983,-2.9926315453407626,-2.991064898370664,-2.9901488304502295
-3.5927619477442185,-3.5919722828398646,-3.5906039112411943,-3.588808139691945,-3.586694671817578,-3.5843437489655297,-3.581814490556047,-3.5791507218014966,-3.5763851022834117,-3.573542083899447,-3.5706400498428503,-3.5676928733552926,-3.5647110610817196,-3.5617025964338276,-3.5586735647156833,-3.555628618493932,-3.55257132539293,-3.54950442894982,-3.5464300449123978,-3.5433498094182023,-3.54026499118268,-3.53717657668049,-3.5340853349997414,-3.530991867352533,-3.5278966449712676,-3.524800038190145,-3.521702338819024,-3.518603777400065,-3.515504536550728,-3.5124047613061906,-3.5093045671556498,-3.506204046301956,-3.503103272549206,-3.5000023051282496,-3.496901191698114,-3.4937999707065144,-3.4906986732507352,-3.487597324548137,-3.4844959451009254,-3.4813945516209417,-3.4782931577656324,-3.4751917747251397,-3.472090411691716,-3.4689890762359226,-3.4658877746088366,-3.4627865119853607,-3.459685292660583,-3.4565841202085985,-3.453482997611271,-3.450381927362853,-3.4472809115551932,-3.444179951947285,-3.441079050022156,-3.437978207033519,-3.4348774240441027,-3.431776701957221,-3.428676041542831,-3.4255754434590844,-3.4224749082701984,-3.419374436461306,-3.4162740284508186,-3.4131736846007423,-3.410073405225314,-3.4069731905982312,-3.4038730409587377,-3.4007729565167426,-3.3976729374571453,-3.3945729839434917,-3.3914730961210835,-3.3883732741196217,-3.385273518055463,-3.382173828033551,-3.3790742041490773,-3.3759746464889187,-3.372875155132882,-3.3697757301547844,-3.3666763716234116,-3.36357707960336,-3.360477854155786,-3.357378695339086,-3.3542796032095175,-3.3511805778217694,-3.3480816192295006,-3.344982727485855,-3.341883902643963,-3.338785144757441,-3.3356864538808892,-3.332587830070413,-3.329489273384168,-3.326390783882937,-3.3232923616307612,-3.3201940066956266,-3.317095719150232,-3.313997499072844,-3.3108993465482723,-3.30780126166897,-3.304703244536305,-3.3016052952620196,-3.298507413969925,-3.2954096007978704,-3.292311855900046,-3.2892141794496803,-3.2861165713702714,-3.2830190315921057,-3.279921560051632,-3.276824156690897,-3.2737268214570436,-3.2706295543018573,-3.26753235518136,-3.2644352240554495,-3.2613381608875684,-3.2582411656444044,-3.255144238295626,-3.252047378813639,-3.2489505871733675,-3.245853863352055,-3.242757207329083,-3.239660619085807,-3.2365640986054105,-3.2334676458727643,-3.2303712608743056,-3.2272749435979278,-3.224178694032873,-3.221082512169645,-3.2179863979999195,-3.214890351516471,-3.2117943727131015,-3.2086984615845773,-3.2056026181265787,-3.202506842335642,-3.199411134209125,-3.196315493745168,-3.193219920942665,-3.1901244158012423,-3.1870289783212478,-3.1839336085037453,-3.180838306350524,-3.1777430718641204,-3.1746479050478547,-3.1715528059058884,-3.168457774443309,-3.165362810666245,-3.1622679145820163,-3.1591730861993446,-3.156078325528625,-3.1529836325822815,-3.1498890073752395,-3.1467944499255407,-3.1436999602551454,-3.140605538390991,-3.137511184366372,-3.1344168982227596,-3.1313226800121883,-3.1282285298004067,-3.125134447671043,-3.122040433731114,-3.1189464881183415,-3.1158526110108906,-3.11275880264035,-3.1096650633090963,-3.1065713934135624,-3.103477793475515,-3.1003842641841826,-3.0972908064531595,-3.094197421497464,-3.091104110938134,-3.08801087694459,-3.084917722428885,-3.081824651311417,-3.078731668885345,-3.0756387823176405,-3.0725460013397483,-3.069453339202064,-3.066360813996341,-3.063268450492534,-3.060176282696679,-3.0570843574219086,-3.0539927392865045,-3.0509015177269445,-3.0478108168630813,-3.044720809410163,-3.0416317363466363,-3.038543934787702,-3.035457877584584,-3.0323742297171923,-3.0292939287901217,-3.0262183001944476,-3.0231492222191565,-3.0200893632504364,-3.017042523138951,-3.0140141252022583,-3.0110119260575,-3.0080470401182993,-3.0051354174480047,-3.002299971599381,-2.9995736316524604,-2.9970036907855238,-2.9946579350610305,-2.992633133586006,-2.9910664865823766,-2.9901504186423686
-3.5927634917797753,-3.591973826861457,-3.5906054552383475,-3.5888096836566996,-3.5866962157438302,-3.5843452928485577,-3.581816034392179,-3.579152265587863,-3.5763866460177565,-3.573543627579995,-3.570641593468195,-3.5676944169243194,-3.5647126045935402,-3.5617041398877354,-3.5586751081111134,-3.5556301618304307,-3.5525728686701314,-3.54950597216743,-3.5464315880701784,-3.543351352515961,-3.5402665342202577,-3.5371781196577583,-3.5340868779165953,-3.5309934102088847,-3.5278981877670446,-3.5248015809252875,-3.52170388149348,-3.518605320013792,-3.51550607910369,-3.512406303798356,-3.509306109586993,-3.506205588672454,-3.5031048148588386,-3.500003847376998,-3.496902733885961,-3.493801512833445,-3.490700215316738,-3.4875988665532,-3.4844974870450387,-3.481396093504093,-3.478294699587812,-3.4751933164863393,-3.4720919533919243,-3.468990617875132,-3.465889316187039,-3.462788053502548,-3.4596868341167477,-3.4565856616037314,-3.453484538945365,-3.4503834686359007,-3.447282452767188,-3.4441814930982204,-3.441080591112024,-3.437979748062313,-3.434878965011816,-3.431778242863848,-3.4286775823883637,-3.4255769842435155,-3.4224764489935215,-3.419375977123516,-3.4162755690519075,-3.4131752251407046,-3.4100749457041424,-3.4069747310159197,-3.4038745813152804,-3.400774496812134,-3.3976744776913765,-3.3945745241165577,-3.3914746362329775,-3.388374814170338,-3.385275058044994,-3.382175367961889,-3.379075744016216,-3.3759761862948516,-3.3728766948776023,-3.369777269838286,-3.366677911245688,-3.3635786191644046,-3.3604793936555932,-3.35738023477765,-3.354281142586831,-3.3511821171378258,-3.3480831584842923,-3.3449842666793757,-3.3418854417762067,-3.3387866838284004,-3.3356879928905583,-3.332589369018787,-3.3294908122712408,-3.3263923227087018,-3.323293900395211,-3.3201955453987546,-3.3170972577920317,-3.313999037653309,-3.3109008850673955,-3.3078028001267463,-3.3047047829327276,-3.301606833597081,-3.2985089522436195,-3.2954111390101914,-3.292313394050987,-3.2892157175392347,-3.2861181093984313,-3.283020569558866,-3.2799230979569862,-3.276825694534838,-3.273728359239565,-3.2706310920229504,-3.2675338928410205,-3.26443676165367,-3.2613396984243423,-3.258242703119725,-3.2551457757094866,-3.252048916166034,-3.248952124464291,-3.245855400581501,-3.2427587444970447,-3.239662156192278,-3.2365656356503827,-3.233469182856232,-3.230372797796262,-3.2272764804583667,-3.2241802308317884,-3.2210840489070294,-3.217987934675767,-3.214891888130775,-3.2117959092658555,-3.2086999980757756,-3.205604154556213,-3.202508378703706,-3.1994126705156125,-3.1963170299900727,-3.193221457125981,-3.1901259519229646,-3.187030514381369,-3.183935144502259,-3.1808398422874244,-3.1777446077394003,-3.1746494408615074,-3.1715543416579077,-3.1684593101336893,-3.1653643462949783,-3.1622694501490964,-3.1591746217047647,-3.1560798609723775,-3.15298516796436,-3.1498905426956365,-3.1467959851842484,-3.143701495452158,-3.1406070735263034,-3.1375127194399792,-3.1344184332346554,-3.131324214962366,-3.1282300646888594,-3.1251359824977643,-3.122041968496098,-3.118948022821582,-3.1158541456523805,-3.1127603372200836,-3.1096665978270663,-3.1065729278697627,-3.1034793278699384,-3.100385798516823,-3.0972923407240116,-3.0941989557065197,-3.0911056450853867,-3.088012411030035,-3.0849192564525154,-3.081826185273225,-3.0787332027853256,-3.075640316155787,-3.0725475351160534,-3.0694548729165216,-3.066362347648945,-3.0632699840832784,-3.0601778162255577,-3.0570858908889162,-3.0539942726916367,-3.050903051070198,-3.047812350144454,-3.0447223426296537,-3.041633269504247,-3.0385454678834383,-3.0354594106184587,-3.032375762689225,-3.0292954617003476,-3.0262198330429193,-3.0231507550059558,-3.020090895975687,-3.0170440558028404,-3.0140156578050656,-3.011013458599643,-3.0080485726003996,-3.005136949870989,-3.0023015039646235,-2.999575163962,-2.997005223042375,-2.99465946726963,-2.9926346657528455,-2.9910680187168697,-2.990151950757979
-3.5927649812950735,-3.591975316363285,-3.5906069447166007,-3.588811173103702,-3.5866977051536897,-3.584346782216721,-3.581817523715104,-3.579153754862778,-3.576388135242488,-3.5735451167528276,-3.570643082587772,-3.567695905989565,-3.564714093603602,-3.56170562884193,-3.558676597008895,-3.555631650671362,-3.5525743574538615,-3.5495074608936745,-3.5464330767387073,-3.543352841126587,-3.540268022772831,-3.5371796081521527,-3.534088366352709,-3.530994898586635,-3.527899676086361,-3.524803069186111,-3.521705369695762,-3.5186068081574913,-3.5155075671887714,-3.5124077918247902,-3.509307597554752,-3.506207076581516,-3.503106302709185,-3.500005335168611,-3.4969042216188253,-3.4938030005075458,-3.4907017029320606,-3.4876003541097322,-3.4844989745427704,-3.4813975809430153,-3.4782961869679165,-3.475194803807615,-3.472093440654363,-3.4689921050787262,-3.4658908033317792,-3.4627895405884273,-3.459688321143758,-3.4565871485718676,-3.4534860258546183,-3.4503849554862636,-3.4472839395586545,-3.4441829798307837,-3.4410820777856777,-3.4379812346770495,-3.4348804515676297,-3.4317797293607315,-3.4286790688263102,-3.4255784706225185,-3.422477935313576,-3.419377463384614,-3.4162770552540445,-3.4131767112838727,-3.4100764317883363,-3.406976217041133,-3.4038760672815065,-3.4007759827193653,-3.3976759635396085,-3.3945760099057827,-3.3914761219631897,-3.3883762998415294,-3.385276543657159,-3.3821768535150216,-3.3790772295103095,-3.375977671729901,-3.3728781802536014,-3.3697787551552283,-3.366679396503568,-3.363580104363215,-3.3604808787953275,-3.357381719858302,-3.3542826276083955,-3.351183602100296,-3.3480846433876623,-3.34498575152364,-3.3418869265613593,-3.338788168554435,-3.3356894775574677,-3.332590853626564,-3.3294922968198786,-3.326393807198195,-3.3232953848255535,-3.3201970297699406,-3.3170987421040548,-3.3140005219061632,-3.3109023692610755,-3.307804284261245,-3.3047062670080396,-3.3016083176131996,-3.2985104362005377,-3.295412622907903,-3.292314877889486,-3.2892172013185137,-3.286119593118486,-3.2830220532196885,-3.27992458155857,-3.2768271780771765,-3.273729842722652,-3.270632575446781,-3.2675353762055868,-3.2644382449589675,-3.2613411816703635,-3.2582441863064635,-3.255147258836937,-3.2520503992341894,-3.248953607473144,-3.2458568835310446,-3.2427602273872735,-3.2396636390231857,-3.2365671184219638,-3.233470665568479,-3.23037428044917,-3.227277963051929,-3.224181713365999,-3.221085531381882,-3.217989417091256,-3.2148933704868936,-3.2117973915625977,-3.2087014803131346,-3.205605636734183,-3.2025098608222815,-3.1994141525747866,-3.1963185119898383,-3.193222939066331,-3.1901274338038927,-3.18703199620287,-3.1839366262643263,-3.180841323990051,-3.177746089382581,-3.1746509224452364,-3.171555823182179,-3.168460791598496,-3.165365827700316,-3.162270931494958,-3.1591761029911445,-3.156081342199269,-3.1529866491317575,-3.149892023803534,-3.1467974662326395,-3.1437029764410367,-3.140608554455663,-3.1375142003098127,-3.134419914044956,-3.1313256957131284,-3.128231545380078,-3.1251374631294317,-3.122043449068207,-3.1189495033341275,-3.1158556261053554,-3.1127618176134813,-3.109668078160882,-3.1065744081439894,-3.1034808080845706,-3.1003872786718545,-3.097293820819437,-3.0942004357423323,-3.09110712506158,-3.0880138909466024,-3.08492073630945,-3.0818276650705223,-3.0787346825229776,-3.0756417958337883,-3.0725490147343986,-3.0694563524752034,-3.0663638271479585,-3.063271463522617,-3.0601792956052174,-3.057087370208891,-3.053995751951921,-3.0509045302707887,-3.0478138292853476,-3.04472382171085,-3.041634748525747,-3.0385469468452486,-3.0354608895205906,-3.0323772415316985,-3.0292969404831958,-3.026221311766193,-3.023152233669734,-3.0200923745800883,-3.017045534348045,-3.014017136291344,-3.0110149370273978,-3.0080500509702315,-3.0051384281837903,-3.002302982221722,-2.9995766421653625,-2.9970067011949078,-2.994660945375613,-2.9926361438185416,-2.9910694967513596,-2.9901534287742533
-3.592766418212652,-3.591976753267869,-3.5906083815984413,-3.588812609955393,-3.586699141969551,-3.5843482189923606,-3.5818189604471034,-3.5791551915484647,-3.576389571879764,-3.5735465533400386,-3.5706445191236096,-3.5676973424729934,-3.5647155300337947,-3.5617070652182274,-3.558678033330772,-3.555633086938398,-3.5525757936657154,-3.5495088970500723,-3.5464345128394266,-3.543354277171449,-3.5402694587616876,-3.5371810440848854,-3.534089802229218,-3.530996334406837,-3.5279011118501886,-3.524804504893509,-3.521706805346683,-3.5186082437518955,-3.5155090027266254,-3.512409227306066,-3.509309032979424,-3.506208511949564,-3.503107738020588,-3.500006770423354,-3.4969056568168932,-3.4938044356489244,-3.490703138016738,-3.4876017891376963,-3.48450040951401,-3.481399015857522,-3.4782976218256807,-3.475196238608629,-3.4720948753986187,-3.4689935397662164,-3.4658922379624957,-3.4627909751623616,-3.4596897556609023,-3.456588583032214,-3.453487460258161,-3.4503863898329965,-3.4472853738485716,-3.4441844140638773,-3.4410835119619416,-3.4379826687964767,-3.4348818856302143,-3.431781163366467,-3.4286805027751908,-3.4255799045145396,-3.4224793691487307,-3.4193788971628973,-3.4162784889754483,-3.413178144948392,-3.4100778653959627,-3.4069776505918608,-3.4038775007753284,-3.4007774161562767,-3.3976773969196024,-3.394577443228853,-3.3914775552293315,-3.388377733050737,-3.385277976809426,-3.3821782866103414,-3.379078662548677,-3.3759791047113095,-3.3728796131780445,-3.3697801880227005,-3.3666808293140624,-3.363581537116726,-3.3604823114918503,-3.3573831524978304,-3.3542840601909227,-3.3511850346258156,-3.3480860758561692,-3.344987183935128,-3.3418883589158233,-3.338789600851868,-3.335690909797864,-3.332592285809917,-3.3294937289461823,-3.326395239267444,-3.323296816837741,-3.3201984617250604,-3.3171001740021007,-3.314001953747129,-3.3109038010449554,-3.307805715988033,-3.304707698677729,-3.3016097492257854,-3.298511867756014,-3.295414054406263,-3.2923163093307237,-3.289218632702623,-3.2861210244454604,-3.283023484489522,-3.2799260127712566,-3.2768286092327115,-3.2737312738210274,-3.27063400648799,-3.2675368071896242,-3.264439675885826,-3.2613426125400378,-3.2582456171189484,-3.2551486895922257,-3.252051829932277,-3.2489550381140258,-3.245858314114715,-3.2427616579137255,-3.239665069492413,-3.2365685488339606,-3.2334720959232386,-3.2303757107466864,-3.2272793932921946,-3.2241831435490083,-3.2210869615076296,-3.2179908471597356,-3.2148948004980995,-3.211798821516523,-3.2087029102097744,-3.20560706657353,-3.2025112906043303,-3.199415582299532,-3.1963199416572734,-3.1932243686764505,-3.1901288633566907,-3.1870334256983393,-3.1839380557024617,-3.180842753370848,-3.177747518706032,-3.1746523517113365,-3.1715572523909215,-3.168462220749875,-3.165367256794324,-3.1622723605315897,-3.1591775319703936,-3.15608277112113,-3.152988077996224,-3.1498934526105993,-3.146798894982299,-3.1437044051332843,-3.140609983090492,-3.137515628887218,-3.134421342564931,-3.1313271241756664,-3.128232973785173,-3.1251388914770786,-3.1220448773584,-3.118950931566859,-3.115857054280621,-3.1127632457312755,-3.109669506221197,-3.106575836146821,-3.103482236029913,-3.100388706559701,-3.097295248649781,-3.0942018635151682,-3.091108552776901,-3.0880153186044024,-3.0849221639097233,-3.0818290926132628,-3.078736110008181,-3.075643223261447,-3.072550442104507,-3.0694577797877565,-3.0663652544029505,-3.0632728907200426,-3.06018072274507,-3.0570887972911667,-3.053997178976615,-3.0509059572378967,-3.047815256194867,-3.0447252485627803,-3.0416361753200905,-3.0385483735820102,-3.035462316199781,-3.032378668153337,-3.0292983670473137,-3.0262227382728395,-3.023153660118985,-3.0200938009720613,-3.0170469606829133,-3.0140185625693685,-3.0110163632489675,-3.008051477135925,-3.0051398542944696,-3.002304408278667,-2.9995780681704702,-2.997008127150981,-2.9946623712867804,-2.9926375696908463,-2.991070922593563,-2.990154854598884
-3.5927678043874156,-3.591978139430097,-3.5906097677387288,-3.5888139960665955,-3.5867005280461868,-3.584349605030191,-3.5818203464428313,-3.5791565774995138,-3.5763909577841098,-3.5735479391960863,-3.5706459049300996,-3.567698728228923,-3.5647169157383685,-3.561708450870812,-3.558679418930859,-3.555634472485578,-3.5525771791596603,-3.5495102824905183,-3.5464358982261612,-3.543355662504298,-3.5402708440405104,-3.5371824293095644,-3.5340911873996594,-3.530997719522964,-3.527902496911935,-3.5248058899008203,-3.5217081902995138,-3.5186096286502084,-3.5155103875703873,-3.5124106120952483,-3.509310417714004,-3.5062098966295188,-3.503109122645901,-3.5000081549940063,-3.4969070413328702,-3.493805820110215,-3.49070452242333,-3.487603173489579,-3.4845017938111735,-3.481400400099955,-3.478299006013375,-3.4751976227415766,-3.4720962594768117,-3.4689949237896447,-3.4658936219311545,-3.462792359076243,-3.459691139520001,-3.456589966836524,-3.4534888440076745,-3.4503877735277078,-3.4472867574884725,-3.4441857976489603,-3.4410848954922018,-3.437984052271909,-3.4348832690508115,-3.4317825467322236,-3.4286818860861015,-3.4255812877705965,-3.4224807523499274,-3.4193802803092277,-3.4162798720669065,-3.4131795279849713,-3.410079248377659,-3.4069790335186685,-3.4038788836472413,-3.4007787989732887,-3.397678779681708,-3.3945788259360463,-3.391478937881605,-3.3883791156480854,-3.385279359351844,-3.3821796690978236,-3.379080044981217,-3.3759804870889023,-3.3728809955006835,-3.36978157029038,-3.366682211526777,-3.36358291927447,-3.360483693594617,-3.3573845345456137,-3.354285442183717,-3.3511864165636163,-3.34808745773897,-3.3449885657629226,-3.341889740688605,-3.338790982569632,-3.3356922914606044,-3.3325936674176284,-3.329495110498859,-3.3263966207650797,-3.323298198280332,-3.3201998431126,-3.317101555334582,-3.314003335024547,-3.310905182267303,-3.3078070971553046,-3.304709079789919,-3.301611130282888,-3.2985132487580224,-3.295415435353173,-3.2923176902225286,-3.2892200135393175,-3.2861224052270384,-3.2830248652159777,-3.279927393442584,-3.2768299898489044,-3.273732654382081,-3.2706353869938987,-3.2675381876403824,-3.264441056281428,-3.261343992880478,-3.25824699740422,-3.255150069822323,-3.2520532101071935,-3.248956418233755,-3.24585969417925,-3.242763037923061,-3.2396664494465433,-3.2365699287328793,-3.2334734757669397,-3.230377090535164,-3.2272807730254454,-3.224184523227026,-3.2210883411304074,-3.2179922267272683,-3.2148961800103812,-3.2118002009735482,-3.208704289611535,-3.205608445920022,-3.202512669895548,-3.1994169615354693,-3.1963213208379253,-3.1932257478018116,-3.190130242426754,-3.1870348047131003,-3.183939434661913,-3.180844132274983,-3.1777488975548462,-3.1746537305048226,-3.171558631129074,-3.1684635994326884,-3.1653686354217925,-3.162273739103708,-3.1591789104871566,-3.1560841495825316,-3.152989456402258,-3.1498948309612604,-3.1468002732775813,-3.1437057833731825,-3.140611361275,-3.137517007016329,-3.13442272063864,-3.1313285021939676,-3.1282343517480617,-3.125140269384549,-3.122046255210445,-3.1189523093634732,-3.1158584320217986,-3.1127646234170108,-3.1096708838514853,-3.106577213721656,-3.1034836135492885,-3.10039008402361,-3.097296626058218,-3.094203240868129,-3.09110993007438,-3.088016695846393,-3.0849235410962192,-3.0818304697442582,-3.0787374870836692,-3.075644600281423,-3.072551819068965,-3.0694591566966904,-3.0663666312563547,-3.063274267517912,-3.0601820994874,-3.0570901739779517,-3.0539985556078513,-3.0509073338135804,-3.047816632714996,-3.0447266250273533,-3.0416375517291097,-3.0385497499354805,-3.0354636924977134,-3.032380044395751,-3.0292997432342386,-3.026224114404324,-3.023155036195102,-3.0200951769929216,-3.0170483366486844,-3.014019938480301,-3.0110177391054367,-3.008052852938491,-3.005141230043964,-3.0023057839763228,-2.999579443818118,-2.997009502751326,-2.994663746843807,-2.9926389452103814,-2.991072298084058,-2.990156230072428
-3.5927691416090126,-3.5919794766396005,-3.590611104927068,-3.588815333226879,-3.5867018651731266,-3.5843509421196984,-3.5818216834917265,-3.579157914505309,-3.5763922947448514,-3.573549276110234,-3.5706472417964354,-3.5677000650464836,-3.5647182525063874,-3.561709787588677,-3.5586807555980795,-3.5556358091017612,-3.5525785157244907,-3.54951161900374,-3.546437234687569,-3.543356998913723,-3.540272180397816,-3.53718376561464,-3.534092523652412,-3.5309990557233175,-3.527903833059829,-3.524807225996203,-3.5217095263423417,-3.5186109646404438,-3.5155117235079976,-3.5124119479802074,-3.5093117535462883,-3.506211232409109,-3.5031104583727775,-3.500009490668155,-3.4969083769542775,-3.493807155678866,-3.4907058579392136,-3.4876045089526846,-3.4845031292214914,-3.481401735457476,-3.4783003413180897,-3.475198957993477,-3.4720975946758896,-3.4689962589358943,-3.465894957024568,-3.462793694116814,-3.4596924745077215,-3.456591301771388,-3.453490178889677,-3.450389108356841,-3.4472880922647313,-3.444187132372339,-3.4410862301626928,-3.437985386889507,-3.434884603615511,-3.43178388124402,-3.4286832205449866,-3.425582622176564,-3.4224820867029724,-3.419381614609344,-3.416281206314089,-3.413180862179216,-3.4100805825189595,-3.4069803676070176,-3.4038802176826355,-3.4007801329557203,-3.3976801136111714,-3.3945801598125365,-3.391480271705118,-3.3883804494186163,-3.3852806930693866,-3.382181002762371,-3.3790813785927623,-3.37598182064744,-3.3728823290062095,-3.369782903742887,-3.36668354492626,-3.3635842526209236,-3.3604850268880355,-3.357385867785992,-3.354286775371049,-3.351187749697896,-3.3480887908201926,-3.3449898987910833,-3.3418910736636973,-3.3387923154916503,-3.3356936243295436,-3.3325950002334834,-3.3294964432616236,-3.3263979534747485,-3.323299530936897,-3.3202011757160568,-3.317102887884926,-3.314004667521772,-3.3109065147114043,-3.307808429546277,-3.3047104121277555,-3.301612462567583,-3.2985145809895706,-3.295416767531568,-3.2923190223477654,-3.2892213456113897,-3.28612373724594,-3.2830261971817034,-3.2799287253551284,-3.2768313217082614,-3.2737339861882453,-3.270636718746865,-3.267539519340144,-3.26444238792798,-3.2613453244738135,-3.258248328944334,-3.25515140130921,-3.252054541540847,-3.2489577496141697,-3.245861025506421,-3.242764369196983,-3.2396677806672107,-3.236571259900286,-3.233474806881081,-3.2303784215960336,-3.227282104033036,-3.2241858541813326,-3.2210896720314253,-3.217993557574992,-3.214897510804805,-3.211801531714665,-3.2087056202993405,-3.205609776554511,-3.2025140004767145,-3.1994182920633087,-3.1963226513124323,-3.1932270782229786,-3.1901315727945767,-3.187036135027573,-3.1839407649230305,-3.1808454624827394,-3.1777502277092355,-3.1746550606058395,-3.1715599611767127,-3.1684649294269445,-3.1653699653626606,-3.162275068991182,-3.1591802403212292,-3.156085479363198,-3.1529907861295126,-3.1498961606350986,-3.1468016028979964,-3.1437071129401684,-3.1406126907885503,-3.137518336476439,-3.1344240500453044,-3.131329831547181,-3.128235681047817,-3.1251415986308397,-3.122047584403267,-3.1189536385028216,-3.1158597611076675,-3.112765952449394,-3.1096722128303766,-3.1065785426470494,-3.1034849424211783,-3.1003914128419923,-3.097297954823088,-3.0942045695794795,-3.0911112587322065,-3.0880180244506907,-3.084924869646983,-3.0818317982414807,-3.078738815527345,-3.0756459286715474,-3.0725531474055314,-3.0694604849796954,-3.0663679594857918,-3.0632755956937756,-3.0601834276096853,-3.0570915020466534,-3.053999883622965,-3.0509086617751033,-3.0478179606229254,-3.04472795288169,-3.041638879529854,-3.0385510776826394,-3.035465020191296,-3.0323813720357746,-3.029301070820733,-3.0262254419373353,-3.0231563636747016,-3.0200965044192167,-3.0170496640218363,-3.014021265800552,-3.011019066373148,-3.0080541801542022,-3.005142557208477,-3.0023071110908295,-2.999580770884384,-2.99701082977196,-2.99466507382265,-2.9926402721530576,-2.991073624998719,-2.990157556970736
-3.5927704316041518,-3.591980766623074,-3.5906123948901256,-3.58881662316287,-3.5867031550769504,-3.5843522319874115,-3.58182297332026,-3.579159204292265,-3.5763935844883457,-3.5735505658087834,-3.5706485314488665,-3.5677013546518643,-3.564719542063975,-3.5617110770978804,-3.558682045058426,-3.555637098512874,-3.5525798050860637,-3.5495129083155286,-3.5464385239493716,-3.543358288125379,-3.5402734695591933,-3.537185054725631,-3.53409381271293,-3.5310003447332883,-3.5279051220191904,-3.5248085149049047,-3.521710815200343,-3.5186122534477082,-3.5155130122644955,-3.5124132366859113,-3.509313042201176,-3.5062125210131616,-3.5031117469259776,-3.5000107791704873,-3.496909665405728,-3.4938084440794244,-3.490707146288868,-3.4876057972514265,-3.484504417469311,-3.481403023654365,-3.4783016294640396,-3.475200246088479,-3.4720988827199375,-3.4689975469289793,-3.465896244966683,-3.4627949820079515,-3.4596937623478765,-3.456592589560554,-3.453491466627847,-3.45039039604401,-3.447289379900892,-3.4441884199574866,-3.4410875176968214,-3.4379866743726115,-3.4348858910475855,-3.4317851686250567,-3.4286845078749812,-3.4255839094555114,-3.4224833739308664,-3.419382901786179,-3.41628249343986,-3.4131821492539167,-3.4100818695425854,-3.4069816545795635,-3.4038815046040956,-3.4007814198260897,-3.3976814004304443,-3.3945814465807076,-3.391481558422181,-3.388381736084565,-3.3852819796842155,-3.382182289326076,-3.379082665105339,-3.375983107108883,-3.3728836154165123,-3.3697841901020453,-3.3666848312342674,-3.363585538877775,-3.360486313093725,-3.3573871539405147,-3.3542880614744,-3.35118903575007,-3.3480900768211828,-3.3449911847408837,-3.341892359562303,-3.338793601339056,-3.335694910125744,-3.332596285978472,-3.3294977289553964,-3.3263992391172987,-3.3233008165282203,-3.3202024612561476,-3.3171041733737794,-3.314005952959383,-3.310907800097767,-3.307809714881385,-3.304711697411604,-3.3016137478001677,-3.2985158661708853,-3.295418052661607,-3.2923203074265226,-3.2892226306388603,-3.2861250222221186,-3.2830274821065837,-3.2799300102287057,-3.2768326065305304,-3.2737352709592007,-3.270638003466501,-3.2675408040084553,-3.264443672544961,-3.261346609039458,-3.2582496134586365,-3.2551526857721655,-3.2520558259524504,-3.2489590339744154,-3.2458623098153034,-3.2427656534544966,-3.2396690648733504,-3.2365725440550466,-3.233476090984457,-3.2303797056480197,-3.227283388033627,-3.2241871381305227,-3.2210909559292085,-3.2179948414213633,-3.2148987945997587,-3.2118028154581966,-3.208706903991444,-3.2056110601951815,-3.2025152840659463,-3.1994195756010955,-3.1963239347987678,-3.19322836165786,-3.190132856177997,-3.187037418359526,-3.183942048203512,-3.180846745711744,-3.1777515108867576,-3.1746563437318733,-3.1715612442512535,-3.168466212449986,-3.1653712483341976,-3.162276351911208,-3.1591815231897407,-3.156086762180189,-3.1529920688949775,-3.1498974433490314,-3.1468028855603927,-3.1437083955510223,-3.1406139733478575,-3.1375196189841934,-3.1344253325015012,-3.1313311139518145,-3.1282369634008833,-3.1251428809323327,-3.1220488666531807,-3.1189549207011504,-3.115861043254405,-3.112767234544536,-3.109673494873918,-3.106579824638986,-3.1034862243615042,-3.1003926947307017,-3.0972992366601737,-3.094205851364937,-3.091112540466029,-3.0880193061328733,-3.08492615127752,-3.0818330798203672,-3.0787400970545766,-3.075647210147117,-3.0725544288294353,-3.0694617663519277,-3.0663692408063477,-3.0632768769626497,-3.0601847088268723,-3.0570927832121506,-3.0540011647367686,-3.05090994283721,-3.047819241633334,-3.044729233840398,-3.0416401604368635,-3.0385523585379537,-3.0354663009949263,-3.032382652787738,-3.029302351521059,-3.0262267225860673,-3.0231576442719064,-3.020097784964998,-3.0170509445163507,-3.0140225462440347,-3.011020346765949,-3.0080554604968404,-3.0051438375017256,-3.002308391335836,-2.9995820510828506,-2.9970121099264064,-2.9946663539367835,-2.992641552232303,-2.99107490505094,-2.9901588370071814
-3.592771676038763,-3.591982011046431,-3.5906136392937857,-3.5888178675404188,-3.5867043994234673,-3.5843534762990914,-3.581824217594145,-3.5791604485260393,-3.576394828680194,-3.573551809957272,-3.5706497755528623,-3.56770259871047,-3.564720786076476,-3.5617123210637063,-3.5586832889771216,-3.5556383423840727,-3.552581048909473,-3.54951415209091,-3.5464397676765347,-3.5433595318041675,-3.5402747131894796,-3.537186298307311,-3.534095056245917,-3.531001588217514,-3.527906365454597,-3.524809758291442,-3.5217120585379678,-3.518613496736386,-3.5155142555041996,-3.512414479876618,-3.5093142853428643,-3.5062137641058113,-3.503112989969573,-3.5000120221650133,-3.4969109083511722,-3.4938096869757738,-3.4907083891361124,-3.487607040049555,-3.4845056602183138,-3.4814042663542355,-3.478302872114769,-3.4752014886900597,-3.4721001252723624,-3.4689987894322423,-3.4658974874207775,-3.4627962244128723,-3.459695004703616,-3.4565938318671052,-3.4534927088852037,-3.4503916382521673,-3.4472906220598447,-3.4441896620672288,-3.441088759757348,-3.4379879163839147,-3.434887133009659,-3.431786410537896,-3.4286857497385808,-3.425585151269867,-3.422484615695973,-3.4193841435020316,-3.4162837351064526,-3.413183390871244,-3.41008311111064,-3.40698289609834,-3.403882746073589,-3.400782661246296,-3.397682641801359,-3.394582687902324,-3.391482799694496,-3.3883829773075727,-3.3852832208579113,-3.3821835304504537,-3.3790839061803934,-3.3759843481346072,-3.372884856392902,-3.3697854310290953,-3.366686072111973,-3.3635867797061305,-3.360487553872726,-3.357388394670155,-3.3542893021546747,-3.351190276380973,-3.3480913174027096,-3.3449924252730288,-3.3418936000450623,-3.338794841772424,-3.3356961505097154,-3.3325975263130423,-3.3294989692405594,-3.3264004793530497,-3.3233020567145544,-3.3202037013930585,-3.317105413461262,-3.3140071929974315,-3.3109090400863765,-3.3078109548205497,-3.3047129373013187,-3.3016149876404266,-3.2985171059616847,-3.295419292402942,-3.292321547118388,-3.2892238702812513,-3.286126261815029,-3.2830287216500094,-3.2799312497226407,-3.2768338459749695,-3.2737365103541376,-3.27063924281193,-3.2675420433043723,-3.26444491179136,-3.2613478482363356,-3.258250852605987,-3.2551539248699832,-3.25205706500073,-3.2489602729731524,-3.2458635487644925,-3.2427668923541315,-3.2396703037234262,-3.236573782855558,-3.2334773297353987,-3.2303809443493865,-3.227284626685414,-3.224188376732724,-3.2210921944818196,-3.2179960799243776,-3.2149000330531714,-3.2118040538620027,-3.2087081423456403,-3.205612298499761,-3.202516522320903,-3.1994208138064235,-3.1963251729544635,-3.1932295997639173,-3.190134094234412,-3.1870386563662936,-3.183943286160627,-3.1808479836192003,-3.17775274874455,-3.174657581539996,-3.1715624820097013,-3.168467450158753,-3.1653724859932786,-3.1622775895205986,-3.159182760749435,-3.1560879996901816,-3.152993306355263,-3.1498986807596054,-3.14680412292125,-3.143709632862158,-3.140615210609267,-3.1375208561958727,-3.1344265696634444,-3.1313323510640156,-3.1282382004633362,-3.125144117945034,-3.122050103616125,-3.1189561576143325,-3.1158622801178204,-3.1127684713581787,-3.1096747316377824,-3.106581061353067,-3.1034874610257965,-3.1003939313451996,-3.0973004732248723,-3.094207087879831,-3.091113776931114,-3.0880205425481435,-3.0849273876429693,-3.0818343161359905,-3.0787413333203677,-3.075648446363072,-3.0725556649955488,-3.0694630024681944,-3.066370476872763,-3.0632781129792086,-3.0601859447935706,-3.057094019128984,-3.054002400603732,-3.0509111786542995,-3.0478204774005473,-3.0447304695577353,-3.041641396104327,-3.0385535941555486,-3.0354675365626624,-3.0323838883056324,-3.0293035869891374,-3.0262279580043736,-3.023158879640507,-3.0200990202839932,-3.0170521797858907,-3.0140237814643442,-3.0110215819373654,-3.0080566956198656,-3.005145072577106,-3.002309626364681,-2.9995832860668026,-2.9970133448678933,-2.9946675888393806,-2.9926427871012424,-2.99107613989381,-2.9901600718348327
-3.5927728765201477,-3.5919832115169594,-3.590614839745313,-3.588819067966758,-3.5867055998198714,-3.5843546766618912,-3.5818254179204834,-3.5791616488136855,-3.5763960289273937,-3.5735530101626445,-3.5706509757153153,-3.5677037988291365,-3.5647219861506683,-3.5617135210928743,-3.558684488960825,-3.5556395423219587,-3.552582248801256,-3.549515351936362,-3.5464409674754696,-3.5433607315564344,-3.5402759128949572,-3.5371874979658986,-3.534096255857533,-3.5310027877820893,-3.5279075649720752,-3.5248109577617783,-3.5217132579611232,-3.5186146961123286,-3.515515454832899,-3.51241567915805,-3.509315484577008,-3.506214963292648,-3.503114189109086,-3.5000132212571886,-3.496912107395998,-3.493810885973238,-3.4907095880862054,-3.487608238952268,-3.484506859073639,-3.4814054651621626,-3.4783040708752915,-3.4752026874031703,-3.472101323938054,-3.4689999880505074,-3.4658986859916094,-3.4627974229362652,-3.4596962031795644,-3.4565950302956034,-3.4534939072662465,-3.4503928365857477,-3.447291820345958,-3.44419086030587,-3.441089957948511,-3.437989114527594,-3.4348883311058493,-3.4317876085865917,-3.428686947739777,-3.4255863492235568,-3.422485813602152,-3.419385341360694,-3.416284932917595,-3.41318458863486,-3.410084308826726,-3.4069840937668903,-3.4038839436945985,-3.400783858819759,-3.39768383932727,-3.3945838853806785,-3.3914839971252864,-3.3883841746907963,-3.385284418193563,-3.38218472773853,-3.379085103420889,-3.3759855453275174,-3.3728860535382204,-3.369786628126816,-3.3666872691620915,-3.3635879767086423,-3.3604887508276264,-3.357389591577439,-3.354290499014337,-3.3511914731930097,-3.348092514167114,-3.344993621989796,-3.341894796714188,-3.3387960383939026,-3.3356973470835416,-3.3325987228392107,-3.329500165719065,-3.3264016757838877,-3.3233032530977193,-3.3202048977285465,-3.3171066097490676,-3.3140083892375496,-3.310910236278802,-3.3078121509652783,-3.3047141333983463,-3.3016161836897484,-3.298518301963295,-3.295420488356835,-3.2923227430245587,-3.289225066139694,-3.2861274576257387,-3.2830299174129807,-3.2799324454378675,-3.276835041642447,-3.273737705973861,-3.2706404383838947,-3.267543238828573,-3.2644461072677924,-3.2613490436649935,-3.2582520479868657,-3.2551551202030775,-3.2520582602860357,-3.2489614682106636,-3.2458647439542037,-3.2427680874960387,-3.239671498817524,-3.2365749779018422,-3.233478524733864,-3.2303821393000285,-3.227285821588227,-3.224189571587703,-3.2210933892889595,-3.217997274683673,-3.214901227764618,-3.2118052485255952,-3.2087093369613724,-3.205613493067629,-3.2025177168409025,-3.199422008278549,-3.1963263673787106,-3.1932307941402795,-3.1901352885628835,-3.1870398506468693,-3.1839444803933024,-3.180849177803971,-3.177753942881411,-3.1746587756289424,-3.171563676050728,-3.1684686441518553,-3.1653736799384524,-3.162278783417838,-3.1591839545987352,-3.1560891934915376,-3.1529945001086706,-3.149899874465058,-3.146805316578744,-3.1437108264716884,-3.1406164041708284,-3.1375220497094576,-3.1344277631290476,-3.1313335444816333,-3.1282393938329625,-3.1251453112666643,-3.1220512968897545,-3.118957350839956,-3.1158634732954336,-3.1127696644877756,-3.109675924719358,-3.1065822543866166,-3.103488654011315,-3.1003951242826817,-3.0973016661143133,-3.0942082807212263,-3.0911149697244578,-3.0880217352934305,-3.0849285803401956,-3.081835508785152,-3.0787425259214602,-3.0756496389160897,-3.0725568575004867,-3.0694641949250467,-3.066371669281525,-3.0632793053398766,-3.0601871371061393,-3.057095211393448,-3.0540035928200897,-3.0509123708225485,-3.0478216695206855,-3.0447316616297617,-3.0416425881282434,-3.038554786131359,-3.035468728490375,-3.0323850801852634,-3.029304778820713,-3.0262291497879352,-3.023160071376118,-3.0201002119717493,-3.0170533714259387,-3.0140249730569013,-3.011022773482756,-3.0080578871185737,-3.0051462640298516,-3.002310817772534,-2.999584477431347,-2.997014536191472,-2.9946687801254432,-2.9926439783548364,-2.9910773311222547,-2.9901612630485963
-3.592774034599045,-3.5919843695853846,-3.5906159977954073,-3.588820225992552,-3.586706757816787,-3.584355834626387,-3.5818265758498056,-3.5791628067056807,-3.576397186780371,-3.573554167975272,-3.570652133486539,-3.56770495655812,-3.564723143836745,-3.561714678735516,-3.5586856465596077,-3.5556406998765406,-3.5525834063113653,-3.5495165094017773,-3.546442124896013,-3.543361888931961,-3.5402770702253488,-3.5371886552510583,-3.5340974130973812,-3.5310039449765602,-3.5279087221211127,-3.5248121148653366,-3.521714415019165,-3.518615853124822,-3.5155166117998164,-3.5124168360793666,-3.509316641452704,-3.506216120122706,-3.5031153458934914,-3.5000143779959285,-3.49691326408906,-3.4938120426206125,-3.4907107446878816,-3.487609395508237,-3.484508015583893,-3.481406621626694,-3.478305227294093,-3.475203843776235,-3.472102480265374,-3.469001144332077,-3.4658998422274228,-3.462798579126316,-3.4596973593238465,-3.4565961863941097,-3.453495063318972,-3.4503939925926868,-3.447292976307105,-3.444192016221219,-3.4410911138180578,-3.437990270351335,-3.434889486883779,-3.4317887643187053,-3.4286881034260697,-3.4255875048640245,-3.422486969196789,-3.419386496909496,-3.4162860884205557,-3.4131857440919755,-3.4100854642379907,-3.4069852491323,-3.403885099014146,-3.40078501409344,-3.39768499455508,-3.3945850405626135,-3.391485152261342,-3.388385329780966,-3.3852855732378417,-3.382185882736912,-3.3790862583733703,-3.3759867002340926,-3.3728872083988852,-3.369787782941567,-3.366688423930922,-3.3635891314315476,-3.360489905504601,-3.357390746208478,-3.354291653599437,-3.3511926277321655,-3.348093668660322,-3.3449947764370513,-3.341895951115484,-3.3387971927492344,-3.335698501392905,-3.3325998771026004,-3.3295013199364765,-3.3264028299553163,-3.32330440722316,-3.3202060518079937,-3.3171077637825173,-3.3140095432249974,-3.3109113902202427,-3.307813304860706,-3.304715287247755,-3.3016173374931332,-3.298519455720651,-3.295421642068159,-3.2923238966898456,-3.289226219758939,-3.286128611198937,-3.2830310709401265,-3.279933598918957,-3.276836195077475,-3.2737388593628216,-3.2706415917267835,-3.2675443921253846,-3.2644472605185215,-3.2613501968696363,-3.258253201145418,-3.2551562733155337,-3.252059413352391,-3.2489626212309144,-3.2458658969283443,-3.2427692404240642,-3.239672651699429,-3.2365761307376215,-3.233479677523513,-3.2303832920435416,-3.227286974285599,-3.2241907242389307,-3.2210945418940375,-3.217998427242598,-3.214902380277383,-3.2118064009921965,-3.2087104893818053,-3.205614645441887,-3.202518869168981,-3.1994231605604444,-3.196327519614416,-3.1932319463297913,-3.190136440706197,-3.187041002743981,-3.183945632444206,-3.180850329808662,-3.1777550948398847,-3.174659927541195,-3.171564827916754,-3.1684697959716503,-3.1653748317120107,-3.1622799351451554,-3.1591851062798066,-3.156090345126358,-3.152995651697235,-3.149901026007362,-3.1468064680747814,-3.143711977921455,-3.140617555574319,-3.1375232010666694,-3.1344289144399755,-3.13133469574627,-3.128240545051305,-3.125146462438706,-3.1220524480154905,-3.1189585019193817,-3.1158646243285437,-3.112770815474566,-3.1096770756598238,-3.106583405280752,-3.1034898048591164,-3.1003962750841443,-3.0973028168694317,-3.0942094314299955,-3.091116120386874,-3.0880228859094894,-3.0849297309098924,-3.081836659308481,-3.0787436763984166,-3.0756507893466694,-3.072558007884685,-3.069465345262858,-3.0663728195729454,-3.0632804555849007,-3.0601882873047628,-3.0570963615456677,-3.0540047429259025,-3.05091352088195,-3.0478228195336734,-3.044732811596335,-3.0416437380484034,-3.0385559360051104,-3.035469878317728,-3.0323862299662334,-3.029305928555326,-3.0262302994762305,-3.023161221018158,-3.020101361567628,-3.0170545209757953,-3.0140261225609453,-3.0110239229413005,-3.0080590365320856,-3.0051474133990257,-3.0023119670984006,-2.9995856267154353,-2.997015685436041,-2.9946699293338206,-2.992645127531892,-2.9910784802750485,-2.9901624121872286
-3.59277515177158,-3.5919854867478165,-3.5906171149401582,-3.588821343113864,-3.586707874910241,-3.584356951688567,-3.5818276928780555,-3.5791639236979242,-3.576398303734976,-3.573555284890952,-3.5706532503622777,-3.567706073393111,-3.5647242606303466,-3.5617157954872156,-3.558686763268997,-3.5556418165432913,-3.5525845229352133,-3.5495176259825096,-3.546443241433456,-3.543363005425974,-3.5402781866758177,-3.53718977165789,-3.5340985294604996,-3.531005061295903,-3.5279098383966287,-3.524813231096982,-3.5217155312069024,-3.5186169692686198,-3.5155177278996494,-3.512417952135213,-3.5093177574645447,-3.506217236090524,-3.503116461817272,-3.500015493875658,-3.4969143799247266,-3.493813158412205,-3.49071186043539,-3.487610511211652,-3.4845091312432057,-3.481407737241898,-3.478306342865183,-3.475204959303203,-3.4721035957482136,-3.4690022597707832,-3.465900957621989,-3.4627996944767365,-3.4596984746301147,-3.45659730165622,-3.453496178536918,-3.450395107766464,-3.447294091436708,-3.444193131306643,-3.441092228859298,-3.4379913853483863,-3.4348906018366367,-3.4317898792273644,-3.428689218290526,-3.4255886196842735,-3.4224880839728256,-3.4193876116413158,-3.416287203108154,-3.413186858735346,-3.410086578837129,-3.406986363687201,-3.4038862135248062,-3.4007861285598544,-3.397686108977244,-3.394586154940521,-3.3914862665949883,-3.3883864440703477,-3.385286687482953,-3.3821869969377487,-3.3790873725299266,-3.3759878143463653,-3.3728883224668706,-3.369788896965259,-3.3666895379103168,-3.36359024536664,-3.3604910193953863,-3.3573918600549515,-3.354292767401592,-3.3511937414899977,-3.3480947823738267,-3.3449958901062247,-3.341897064740322,-3.3387983063297333,-3.3356996149290596,-3.3326009905944067,-3.32950243338393,-3.326403943358411,-3.323305520581891,-3.320207165122357,-3.3171088770525072,-3.3140106564506087,-3.3109125034014713,-3.3078144179975473,-3.3047164003402045,-3.301618450541186,-3.2985205687243035,-3.2954227550274053,-3.2923250096046806,-3.2892273326293573,-3.2861297240249345,-3.2830321837216996,-3.2799347116561006,-3.2768373077701836,-3.2737399720110907,-3.2706427043306086,-3.267545504684761,-3.2644483730334444,-3.2613513093401014,-3.2582543135714195,-3.2551573856970673,-3.2520605256894517,-3.2489637335234964,-3.2458670091764437,-3.242770352627675,-3.2396737638585487,-3.236577242852245,-3.233480789593636,-3.2303844040691603,-3.22728808626671,-3.2241918361755277,-3.2210956537861164,-3.2179995390901523,-3.2149034920804103,-3.211807512750691,-3.2087116010957626,-3.2056157571113024,-3.20251998079385,-3.199424272140762,-3.196328631150179,-3.1932330578209935,-3.190137552152833,-3.187042114146045,-3.1839467438016937,-3.1808514411215696,-3.1777562061082074,-3.174661038764927,-3.171565939095891,-3.168470907106188,-3.165375942801945,-3.162281046190481,-3.1591862172805194,-3.1560914560824536,-3.152996762608709,-3.1499021368742093,-3.146807578896997,-3.1437130886990334,-3.140618666307255,-3.137524311754958,-3.1344300250836117,-3.131335806345252,-3.1282416556056267,-3.125147572948363,-3.122053558480478,-3.118959612339697,-3.11586573470418,-3.1127719258055198,-3.1096781859460902,-3.106584515522327,-3.103490915055995,-3.100397385236322,-3.0973039269769047,-3.0942105414927585,-3.091117230404921,-3.088023995882815,-3.0849308408384912,-3.081837769192349,-3.0787447862375488,-3.0756518991410613,-3.072559117634333,-3.069466454967758,-3.066373929233092,-3.0632815652002896,-3.06018939687539,-3.0570974710715295,-3.054005852406994,-3.05091463031827,-3.04782392892522,-3.044733920943108,-3.0416448473504043,-3.038557045262344,-3.0354709875302017,-3.0323873391339626,-3.029307037678334,-3.026231408554557,-3.0231623300518606,-3.0201024705567967,-3.0170556299205646,-3.014027231461519,-3.0110250317979803,-3.0080601453453224,-3.0051485221694887,-3.002313075827085,-2.9995867354038164,-2.9970167940862997,-2.9946710379491672,-2.992646236117023,-2.9910795888367754,-2.9901635207352926
-3.592776229481205,-3.591986564447695,-3.590618192622979,-3.5888224207740747,-3.5867089525435785,-3.5843580292917374,-3.581828770448496,-3.5791650012336267,-3.576399381234368,-3.5735563623527926,-3.5706543277855856,-3.5677071507771103,-3.5647253379744197,-3.5617168727908677,-3.5586878405318334,-3.555642893764996,-3.5525856001155303,-3.549518703121233,-3.5464443185304217,-3.5433640824810486,-3.5402792636888893,-3.537190848628869,-3.5340996063893106,-3.5310061381824847,-3.5279109152409305,-3.524814307898961,-3.5217166079665243,-3.518618045985854,-3.5155188045744703,-3.5124190287676003,-3.509318834054479,-3.506218312637991,-3.5031175383222566,-3.500016570338148,-3.4969154563447096,-3.4938142347896717,-3.4907129367703322,-3.487611587504061,-3.4845102074930736,-3.4814088134492156,-3.478307419029942,-3.4752060354253977,-3.4721046718278377,-3.4690033358078307,-3.4659020336164548,-3.4628007704286152,-3.4596995505394026,-3.456598377522913,-3.453497254361011,-3.4503961835479506,-3.447295167175583,-3.4441942070029015,-3.441093304512934,-3.4379924609593946,-3.4348916774050124,-3.4317909547531027,-3.428690293773621,-3.42558969512472,-3.42248915937062,-3.4193886869964527,-3.4162882784206294,-3.413187934005157,-3.41008765406427,-3.406987438871668,-3.4038872886665943,-3.4007872036589593,-3.397687184033661,-3.394587229954246,-3.3914873415660165,-3.3883875189986727,-3.3852877623685718,-3.3821880717806563,-3.3790884473301186,-3.3759888891038368,-3.3728893971816163,-3.369789971637275,-3.3666906125395997,-3.363591319953185,-3.3604920939391887,-3.3573929345560063,-3.354293841859896,-3.3511948159055462,-3.3480958567466153,-3.344996964436248,-3.3418981390275757,-3.338799380574212,-3.335700689130759,-3.332602064753323,-3.329503507500058,-3.3264050174317474,-3.3233065946124314,-3.320208239110096,-3.31710995099744,-3.314011730352732,-3.310913577260779,-3.307815491814037,-3.3047174741138705,-3.301619524272024,-3.298521642412308,-3.295423828672571,-3.2923260832070045,-3.289228406188835,-3.2861307975415617,-3.2830332571954703,-3.27993578508701,-3.2768383811582282,-3.2737410453562665,-3.270643777632911,-3.267546577944185,-3.2644494462499853,-3.2613523825137536,-3.2582553867021793,-3.2551584587849303,-3.252061598734413,-3.2489648065255516,-3.2458680821355888,-3.242771425543906,-3.23967483673186,-3.2365783156826327,-3.233481862381096,-3.230385476813687,-3.227289158968298,-3.224192908834173,-3.2210967264018153,-3.2180006116629003,-3.214904564610203,-3.211808585237523,-3.2087126735396296,-3.2056168295122007,-3.202521053151775,-3.1994253444557086,-3.1963297034221423,-3.1932341300499703,-3.1901386243388186,-3.1870431862890345,-3.183947815901682,-3.1808525131785514,-3.1777572781221792,-3.1746621107358846,-3.1715670110238294,-3.1684719789911027,-3.1653770146438305,-3.162282117989334,-3.1591872890363346,-3.1560925277952263,-3.1529978342784344,-3.1499032085008833,-3.146808650480615,-3.1437141602395915,-3.1406197378047493,-3.1375253832093835,-3.1344310964949655,-3.131336877713528,-3.128242726930821,-3.1251486442304723,-3.1220546297194978,-3.1189606835356196,-3.115866805857003,-3.112772996915238,-3.1096792570126994,-3.106585586545821,-3.10349198603637,-3.1003984561735733,-3.0973049978710283,-3.09421161234375,-3.0911183012127763,-3.0880250666475293,-3.084931911560061,-3.0818388398707697,-3.0787458568728163,-3.07565296973317,-3.072560188183277,-3.0694675254735344,-3.066374999695696,-3.0632826356197183,-3.0601904672516396,-3.0570985414045966,-3.054006922696875,-3.050915700564962,-3.047824999128721,-3.044734991103418,-3.0416459174675237,-3.0385581153362757,-3.035472057560955,-3.0323884091215514,-3.0293081076227835,-3.0262324784559023,-3.0231633999101604,-3.0201035403721366,-3.017056699693075,-3.014028301191394,-3.011026101485512,-3.008061214990946,-3.005149591773852,-3.0023141453911473,-2.999587804929,-2.9970178635747082,-2.994672107403896,-2.992647305542604,-2.991080658239779,-2.9901645901251173
-3.592777269120554,-3.591987604077642,-3.59061923223647,-3.588823460365749,-3.586709992109327,-3.584359068828383,-3.581829809953566,-3.5791660407051893,-3.5764004206709052,-3.5735574017531073,-3.5706553671487318,-3.5677081901023353,-3.564726377261127,-3.561717912038581,-3.5586888797401706,-3.5556439329336524,-3.5525866392442618,-3.5495197422098412,-3.546445357578745,-3.5433651214889563,-3.5402803026562766,-3.53719188755565,-3.534100645275415,-3.531007177027854,-3.5279119540455164,-3.524815346662723,-3.521717646689426,-3.5186190846678675,-3.515519843215571,-3.5124200673677657,-3.5093198726136916,-3.5062193511562336,-3.5031185767995168,-3.5000176087744133,-3.49691649473997,-3.4938152731439165,-3.4907139750835534,-3.4876126257762508,-3.4845112457242235,-3.48140985163932,-3.4783084571789935,-3.4752070735333893,-3.472105709894764,-3.469004373833685,-3.4659030716012307,-3.4628018083723076,-3.4597005884420056,-3.4565994153844213,-3.45349829218142,-3.450397221327257,-3.447296204913781,-3.444195244699986,-3.441094342168901,-3.437993498574239,-3.43489271497873,-3.4317919922856888,-3.428691331265071,-3.4255907325750297,-3.422490196779784,-3.4193897243644678,-3.4162893157474903,-3.4131889712908583,-3.4100886913088075,-3.4069884760750377,-3.403888325828792,-3.400788240779981,-3.3976882211135027,-3.3945882669929044,-3.391488378563487,-3.388388555954952,-3.3852887992836544,-3.3821891086545373,-3.379089484162795,-3.3759899258953037,-3.372890433931868,-3.369791008346308,-3.366691649207409,-3.3635923565797676,-3.3604931305245396,-3.357393971100122,-3.354294878362771,-3.3511958523671748,-3.348096893166994,-3.3449980008153726,-3.341899175365441,-3.3388004168708143,-3.3357017253860946,-3.332603100967387,-3.3295045436728463,-3.326406053563255,-3.323307630702655,-3.3202092751590304,-3.3171109870050817,-3.3140127663190757,-3.310914613185821,-3.3078165276977707,-3.3047185099562935,-3.301620560073131,-3.298522678172095,-3.2954248643910344,-3.2923271188841383,-3.2892294418246357,-3.2861318331360243,-3.283034292748591,-3.279936820598784,-3.2768394166286514,-3.2737420807853344,-3.270644813020619,-3.26754761329053,-3.264450481554963,-3.26135341777736,-3.258256421924408,-3.2551594939657784,-3.2520626338738756,-3.2489658416236242,-3.2458691171922673,-3.242772460559186,-3.239675871705737,-3.236579350615102,-3.2334828972721534,-3.230386511663328,-3.227290193776519,-3.2241939436009686,-3.2210977611271803,-3.2180016463468313,-3.214905599252695,-3.2118096198385726,-3.2087137080992325,-3.2056178640303523,-3.202522087628471,-3.1994263788909447,-3.1963307378159134,-3.193235164402271,-3.1901396586496458,-3.1870442205583847,-3.1839488501295503,-3.180853547364934,-3.1777583122670707,-3.17466314483928,-3.1715680450857255,-3.168473013011494,-3.1653780486227134,-3.1622831519267045,-3.1591883229321893,-3.1560935616495613,-3.152998868091245,-3.1499042422721657,-3.1468096842103646,-3.1437151939278034,-3.140620771451419,-3.137526416814507,-3.1344321300585376,-3.131337911235545,-3.1282437604112783,-3.1251496776693646,-3.1220556631168206,-3.1189617168913686,-3.115867839171174,-3.1127740301878255,-3.1096802902436997,-3.106586619735231,-3.1034930191841843,-3.1003994892797886,-3.0973060309356386,-3.094212645366751,-3.091119334194165,-3.0880260995873017,-3.0849329444582128,-3.0818398727272953,-3.078746889687711,-3.075654002506431,-3.0725612209149005,-3.0694685581635146,-3.06637603234403,-3.0632836682264006,-3.060191499816667,-3.0570995739279643,-3.0540079551785806,-3.0509167330050024,-3.047826031527095,-3.0447360234601244,-3.0416469497825642,-3.0385591476096554,-3.0354730897926814,-3.0323894413116395,-3.029309139771255,-3.0262335105627933,-3.023164431975526,-3.0201045723960602,-3.017057731675683,-3.014029333132875,-3.0110271333861465,-3.008062246851152,-3.005150623594253,-3.00231517717267,-2.9995888366730172,-2.9970188952832477,-2.9946731390799455,-2.992648337190536,-2.9910816898659314,-2.990165621738556
-3.592778272033191,-3.5919886069812086,-3.590620235124163,-3.5888244632324007,-3.58671099495097,-3.584360071641951,-3.581830812736672,-3.5791670434559704,-3.5764014233878956,-3.573558404435153,-3.570656369794921,-3.5677091927119444,-3.56472737983358,-3.5617189145734187,-3.558689882237026,-3.555644935392231,-3.5525876416643265,-3.5495207445912005,-3.5464463599212444,-3.5433661237924694,-3.540281304920702,-3.5371928897809024,-3.534101647461426,-3.5310081791745667,-3.5279129561528833,-3.5248163487307056,-3.521718648717993,-3.518620086656991,-3.515520845165228,-3.512421069277936,-3.5093208744843563,-3.5062203529873788,-3.503119578591128,-3.500018610526478,-3.496917496452477,-3.493816274816858,-3.490714976716919,-3.4876136273700316,-3.484512247278413,-3.481410853153912,-3.4783094586539804,-3.475208074968766,-3.472106711290525,-3.4690053751898238,-3.465904072917743,-3.462802809649188,-3.4597015896792485,-3.4566004165820226,-3.4534992933393744,-3.450398222445559,-3.4472972059924274,-3.4441962457389734,-3.441095343168224,-3.4379944995338936,-3.434893715898712,-3.431792993165994,-3.4286923321056957,-3.425591733375969,-3.4224911975410333,-3.4193907250860227,-3.416290316429345,-3.4131899719330097,-3.410089691911252,-3.4069894766377704,-3.4038893263518095,-3.4007892412632783,-3.3976892215570746,-3.3945892673967455,-3.391489378927594,-3.388389556279321,-3.3852897995682816,-3.382190108899418,-3.3790904843679246,-3.3759909260606773,-3.3728914340574834,-3.36979200843216,-3.366692649253494,-3.36359335658608,-3.360494130491076,-3.3573949710268782,-3.354295878249743,-3.351196852214359,-3.3480978929743856,-3.3449990005829666,-3.3419001750932344,-3.3388014165588036,-3.335702725034275,-3.3326041005757534,-3.3295055432413942,-3.3264070530919807,-3.3233086301915544,-3.3202102746081006,-3.317111986414317,-3.3140137656884723,-3.310915612515374,-3.3078175269874768,-3.304719509206147,-3.301621559283128,-3.2985236773422315,-3.295425863521306,-3.292328117974541,-3.289230440875165,-3.2861328321466763,-3.283035291719362,-3.2799378195296707,-3.276840415519649,-3.273743079636438,-3.2706458118318245,-3.267548612061832,-3.2644514802863576,-3.2613544164688424,-3.258257420575976,-3.2551604925774265,-3.252063632445599,-3.2489668401554193,-3.245870115684129,-3.242773459011111,-3.2396768701177208,-3.236580348987141,-3.233483895604243,-3.230387509955465,-3.227291192028699,-3.2241949418131877,-3.221098759299434,-3.218002644479115,-3.2149065973450046,-3.2118106178909036,-3.208714706111579,-3.205618862002711,-3.202523085560837,-3.199427376783315,-3.1963317356682834,-3.193236162214637,-3.190140656422002,-3.1870452182907276,-3.1839498478218777,-3.180854545017241,-3.1777593098793533,-3.174664142411535,-3.1715690426179486,-3.1684740105036817,-3.1653790460748605,-3.1622841493388063,-3.159189320304241,-3.156094558981558,-3.152999865383182,-3.1499052395240392,-3.1468106814221706,-3.143716191099538,-3.1406217685830784,-3.137527413906087,-3.134433127110035,-3.131338908246955,-3.128244757382597,-3.1251506746005884,-3.1220566600079445,-3.1189627137423903,-3.115868835982088,-3.1127750269586265,-3.1096812869743835,-3.106587616425793,-3.10349401583462,-3.1004004858900935,-3.097307027505809,-3.0942136418967827,-3.091120330684054,-3.088027096037044,-3.084933940867803,-3.081840869096731,-3.0787478860169877,-3.075654998795544,-3.072562217163846,-3.0694695543722896,-3.0663770285126293,-3.0632846643548213,-3.0601924959049063,-3.0571005699760176,-3.0540089511864434,-3.050917728972673,-3.047827027454571,-3.044737019347405,-3.0416479456296504,-3.0385601434165515,-3.0354740855593954,-3.032390437038184,-3.0293101354576533,-3.0262345062090805,-3.0231654275817537,-3.0201055679623092,-3.017058727202075,-3.014030328619592,-3.011028128833461,-3.008063242259468,-3.005151618964171,-3.002316172505082,-2.9995898319692476,-2.9970198905452543,-2.9946741343106105,-2.9926493323940755,-2.9910826850484606,-2.99016661690882
-3.592779239515359,-3.591989574454628,-3.5906212025822706,-3.5888254306702105,-3.586711962364657,-3.5843610390285563,-3.581831780093895,-3.5791680107820105,-3.5764023906813405,-3.573559371694889,-3.570657337020067,-3.5677101599018033,-3.5647283469875957,-3.5617198816911486,-3.5586908493181166,-3.555645902436397,-3.552588608671337,-3.5495217115608715,-3.546447326853425,-3.543367090687041,-3.5402822717775653,-3.537193856599978,-3.534102614242647,-3.5310091459178765,-3.527913922858238,-3.5248173153980664,-3.521719615347329,-3.5186210532482742,-3.515521811718435,-3.5124220357930467,-3.509321840961355,-3.5062213194262513,-3.503120544991862,-3.500019576889062,-3.496918462776901,-3.493817241103113,-3.4907159429649974,-3.487614593579926,-3.4845132134501173,-3.4814118192874184,-3.4783104247492838,-3.475209041025859,-3.4721076773094026,-3.469006341170482,-3.4659050388601766,-3.462803775553392,-3.4597025555452183,-3.456601382409752,-3.453500259128859,-3.4503991881967937,-3.4472981717054076,-3.4441972114136945,-3.441096308804682,-3.4379954651320843,-3.4348946814586307,-3.4317939586876367,-3.428693297589058,-3.425592698821047,-3.4224921629478233,-3.4193916904545185,-3.4162912817595443,-3.413190937224907,-3.4100906571648433,-3.4069904418530523,-3.403890291528777,-3.400790206401927,-3.397690186657401,-3.3945902324587465,-3.391490343951265,-3.3883905212646575,-3.3852907645152785,-3.3821910738080723,-3.379091449238232,-3.3759918908926347,-3.372892398851087,-3.3697929731874057,-3.366693613970377,-3.3635943212645967,-3.360495095131222,-3.35739593562865,-3.3542968428131363,-3.3511978167393695,-3.3480988574610095,-3.344999965031201,-3.341901139503074,-3.3388023809302436,-3.3357036893673113,-3.332605064870383,-3.329506507497613,-3.326408017309785,-3.3233095943709383,-3.320211238749061,-3.3171129505168513,-3.3140147297525755,-3.310916576541044,-3.307818490974708,-3.3047204731549362,-3.301622523193471,-3.2985246412141227,-3.295426827354741,-3.292329081769516,-3.2892314046316757,-3.286133795864718,-3.283036255398931,-3.279938783170762,-3.2768413791222577,-3.273744043200561,-3.270646775357458,-3.267549575548972,-3.2644524437350007,-3.261355379878985,-3.2582583839476134,-3.2551614559105553,-3.252064595740216,-3.2489678034115204,-3.2458710789017107,-3.242774422190169,-3.2396778332582508,-3.2365813120891382,-3.2334848586677025,-3.2303884729803816,-3.2272921550150677,-3.224195904761005,-3.2210997222086957,-3.2180036073498175,-3.2149075601771444,-3.211811580684476,-3.208715668866582,-3.2056198247191388,-3.2025240482386854,-3.19942833942258,-3.1963326982689613,-3.1932371247767235,-3.1901416189454954,-3.1870461807756225,-3.183950810268169,-3.180855507424925,-3.177760272248426,-3.1746651047419934,-3.1715700049097886,-3.1684749727568984,-3.1653800082894503,-3.162285111514765,-3.159190282441565,-3.156095521080243,-3.1530008274432246,-3.1499062015454347,-3.146811643404915,-3.143717153043627,-3.1406227304885084,-3.137528375772853,-3.1344340889381326,-3.1313398700363804,-3.128245719133346,-3.1251516363126566,-3.122057621681328,-3.118963675377084,-3.115869797578088,-3.112775988515932,-3.1096822484929896,-3.1065885779056948,-3.103494977275813,-3.1004014472925743,-3.0973079888695736,-3.094214603221828,-3.0911212919703748,-3.088028057284636,-3.0849349020766637,-3.081841830266856,-3.078748847148373,-3.0756559598881847,-3.0725631782177376,-3.069470515387428,-3.066377989489012,-3.0632856252924454,-3.0601934568037663,-3.0571015308361114,-3.0540099120077686,-3.0509186897552256,-3.047827988198349,-3.044737980052408,-3.0416489062958805,-3.0385611040440117,-3.0354750461480937,-3.0323913975881336,-3.0293110959688745,-3.0262354666816065,-3.0231663880156363,-3.020106528357626,-3.0170596875589424,-3.0140312889381855,-3.0110290891140425,-3.0080642025024282,-3.00515257917009,-3.0023171326748224,-2.999590792104085,-2.9970208506470777,-2.994675094382199,-2.992650292439498,-2.9910836450736147,-2.990167576922142
-3.5927801728176285,-3.5919905077484584,-3.590622135861329,-3.588826363929687,-3.5867128956008596,-3.5843619722386326,-3.581832713275627,-3.5791689439336616,-3.576403323801548,-3.573560304782579,-3.57065827007439,-3.567711092922084,-3.564729279973299,-3.5617208146418466,-3.5586917822334687,-3.5556468353161277,-3.552589541515227,-3.5495226443687424,-3.546448259625135,-3.5433680234224716,-3.5402832044766215,-3.537194789262581,-3.534103546868733,-3.5310100785073915,-3.5279148554111384,-3.524818247914316,-3.5217205478268956,-3.518621985691133,-3.5155227441245636,-3.512422968162428,-3.5093227732939725,-3.5062222517220896,-3.503121477250908,-3.500020509111306,-3.4969193949623345,-3.493818173251726,-3.4907168750767825,-3.487615525654876,-3.484514145488224,-3.481412751288675,-3.478311356713685,-3.4752099729534014,-3.4721086092000797,-3.4690072730242876,-3.465905970677105,-3.462804707333439,-3.4597034872883787,-3.4566023141160223,-3.4535011907982356,-3.4504001198292733,-3.4472991033009857,-3.444198142972365,-3.441097240326442,-3.437996396616929,-3.434895612906556,-3.4317948900986384,-3.4286942289631313,-3.425593630158188,-3.422493094248027,-3.4193926217177815,-3.4162922129858626,-3.413191868414278,-3.410091588317262,-3.4069913729685157,-3.4038912226072817,-3.40079113744347,-3.397691117661976,-3.3945911634263504,-3.3914912748818926,-3.3883914521583045,-3.3852916953719427,-3.3821920046277496,-3.3790923800209187,-3.3759928216383277,-3.3728933295597807,-3.369793903859096,-3.3666945446050596,-3.3635952518622676,-3.360496025691877,-3.3573968661522846,-3.354297773299748,-3.351198747188955,-3.348099787873564,-3.3450008954067205,-3.3419020698415554,-3.3388033112316835,-3.335704619631705,-3.332605995097727,-3.3295074376879024,-3.326408947463016,-3.3233105244871073,-3.3202121688281636,-3.317113880558884,-3.3140156597575348,-3.310917506508925,-3.307819420905507,-3.30472140304865,-3.301623453050095,-3.298525571033654,-3.2954277571371757,-3.2923300115148506,-3.2892323343399053,-3.286134725535839,-3.2830371850329394,-3.2799397127676535,-3.2768423086820295,-3.2737449727232084,-3.2706477048429767,-3.267550504997358,-3.26445337314625,-3.261356309253093,-3.2582593132845767,-3.2551623852103693,-3.2520655250028776,-3.248968732637025,-3.2458720080900543,-3.242775351341347,-3.2396787623722596,-3.236582241165973,-3.23348578770736,-3.230389401982859,-3.2272930839803613,-3.2241968336891103,-3.2211006510996087,-3.2180045362035345,-3.214908488993661,-3.21181250946379,-3.208716597608688,-3.205620753424034,-3.202524976906367,-3.1994292680530423,-3.1963336268622,-3.1932380533327365,-3.190142547464277,-3.18704710925717,-3.183951738712479,-3.1808564358319935,-3.1777612006182485,-3.1746660330745646,-3.1715709332051047,-3.1684759010149555,-3.1653809365102443,-3.1622860396982926,-3.1591912105878217,-3.156096449189227,-3.1530017555149317,-3.149907129579861,-3.146812571402056,-3.143718081003478,-3.140623658411064,-3.13752930365811,-3.1344350167860866,-3.1313407978470287,-3.1282466469066836,-3.12515256404868,-3.1220585493800344,-3.118964603038469,-3.1158707252021496,-3.1127769161026646,-3.109683176042389,-3.106589505417759,-3.103495904750538,-3.100402374729956,-3.0973089162696077,-3.0942155305845094,-3.0911222192956993,-3.088028984572601,-3.0849358293272644,-3.0818427574800875,-3.0787497743242307,-3.075656887026667,-3.072564105318841,-3.0694714424511482,-3.0663789165153448,-3.0632865522813857,-3.060194383755312,-3.05710245775026,-3.054010838884517,-3.0509196165945713,-3.047828915000292,-3.0447389068169475,-3.041649833023017,-3.0385620307337486,-3.0354759728004375,-3.032392324203097,-3.0293120225464785,-3.0262363932218825,-3.0231673145186346,-3.020107454823422,-3.0170606139876486,-3.014032215329971,-3.0110300154691587,-3.008065128821252,-3.00515350545318,-3.0023180589230103,-2.9995917183186043,-2.9970217768297482,-2.994676020535703,-2.99265121856776,-2.9910845711823244,-2.9901685030194387
-3.592781073146509,-3.5919914080691964,-3.5906230361678184,-3.5888272642172847,-3.586713795866008,-3.5843628724785783,-3.5818336134882283,-3.5791698441172444,-3.576404223954797,-3.573561204904458,-3.5706591701640793,-3.5677119929789343,-3.5647301799967934,-3.5617217146315734,-3.5586926821890943,-3.5556477352373883,-3.552590441401912,-3.549523544220681,-3.546449159442188,-3.543368923204526,-3.540284104223585,-3.5371956889743794,-3.5341044465453035,-3.531010978148685,-3.5279157550171116,-3.5248191474849335,-3.5217214473621286,-3.518622885190957,-3.515523643588958,-3.5124238675913726,-3.5093236726874504,-3.506223151080089,-3.503122376573419,-3.5000214083983168,-3.496920294213835,-3.493819072467707,-3.4907177742572366,-3.487616424799796,-3.484515044597604,-3.4814136503625086,-3.4783122557519675,-3.4752108719561265,-3.4721095081672426,-3.469008171955883,-3.465906869573128,-3.4628056061938843,-3.459704386113243,-3.456603212905301,-3.4535020895519235,-3.4504010185473653,-3.4473000019834785,-3.4441990416192545,-3.4410981389377233,-3.4379972951925986,-3.4348965114466097,-3.4317957886030723,-3.428695127431942,-3.425594528591373,-3.4224939926455824,-3.4193935200797028,-3.4162931113121453,-3.413192766704918,-3.4100924865722555,-3.406992271187858,-3.403892120790969,-3.4007920355914982,-3.3976920157743424,-3.394592061503051,-3.391492172922925,-3.388392350163665,-3.3852925933416262,-3.3821929025617523,-3.3790932779192366,-3.375993719500956,-3.372894227386716,-3.3697948016503365,-3.366695442360601,-3.363596149582106,-3.3604969233760094,-3.3573977638007064,-3.3542986709124545,-3.3511996447659427,-3.3481006854148294,-3.3450017929122597,-3.3419029673113645,-3.3388042086657586,-3.3357055170300423,-3.332606892460322,-3.329508335014753,-3.326409844754118,-3.3233114217424577,-3.3202130660477587,-3.3171147777427183,-3.3140165569056053,-3.3109184036212276,-3.307820317982039,-3.304722300089406,-3.301624350055072,-3.2985264680028474,-3.295428654070582,-3.292330908412466,-3.289233231201726,-3.2861356223618614,-3.2830380818231593,-3.279940609522068,-3.276843205400634,-3.273745869406,-3.270648601489951,-3.267551401608512,-3.264454269721579,-3.2613572057925935,-3.2582602097882445,-3.2551632816782,-3.2520664214348667,-3.2489696290331684,-3.2458729044503487,-3.2427762476657884,-3.2396796586608447,-3.2365831374186995,-3.233486683924224,-3.230390298163856,-3.2272939801254887,-3.224197729798365,-3.2211015471729874,-3.2180054322410316,-3.2149093849952735,-3.2118134054295138,-3.20871749353852,-3.2056216493179694,-3.2025258727644017,-3.1994301638751734,-3.196334522648425,-3.1932389490830504,-3.1901434431786764,-3.187048004935649,-3.1839526343550344,-3.180857331438622,-3.177762096188946,-3.174666928609327,-3.171571828703928,-3.1684767964778358,-3.1653818319371783,-3.1622869350892766,-3.1591921059428523,-3.156097344508299,-3.1530026507980424,-3.1499080248270057,-3.146813466613232,-3.143718976178682,-3.1406245535502935,-3.1375301987613606,-3.134435911853354,-3.1313416928783093,-3.128247541901974,-3.1251534590079775,-3.1220594443033343,-3.1189654979257675,-3.1158716200534418,-3.1127778109179465,-3.1096840708216584,-3.1065904001610107,-3.1034967994577687,-3.1004032694011614,-3.0973098109047847,-3.0942164251836544,-3.0911231138588087,-3.088029879099669,-3.0849367238182883,-3.0818436519350634,-3.078750668743156,-3.0756577814095363,-3.0725649996656506,-3.069472336761895,-3.0663798107900258,-3.0632874465199977,-3.0601952779578507,-3.0571033519167212,-3.0540117330148995,-3.050920510688873,-3.04782980905851,-3.0447398008390825,-3.041650727009069,-3.0385629246837222,-3.0354768667143395,-3.0323932180809394,-3.029312916388281,-3.0262372870276764,-3.0231682082884666,-3.0201083485573634,-3.0170615076858094,-3.014033108992514,-3.0110309090963283,-3.008066022413412,-3.00515439901087,-3.0023189524470313,-2.999592611810144,-2.997022670290566,-2.9946769139683855,-2.9926521119760925,-2.9910854645717957,-2.9901693963978997
-3.5927819416659847,-3.5919922765808177,-3.59062390466569,-3.588828132696932,-3.586714664323997,-3.5843637409122544,-3.581834481895526,-3.5791707124965484,-3.576405092304841,-3.573562073224243,-3.570660038452814,-3.567712861235991,-3.5647310482216734,-3.5617225828238777,-3.5586935503485067,-3.5556486033636547,-3.5525913094948254,-3.5495244122800758,-3.54645002746793,-3.5433697911965067,-3.5402849721817162,-3.537196556898587,-3.5341053144355277,-3.5310118460048776,-3.5279166228392316,-3.524820015272947,-3.521722315116006,-3.518623752910675,-3.5155245112744966,-3.512424735242714,-3.50932454030458,-3.506224018662994,-3.5031232441220874,-3.5000222759127393,-3.496921161694003,-3.4938199399136134,-3.490718641668872,-3.4876172921771538,-3.4845159119406772,-3.4814145176712916,-3.478313123026454,-3.47521173919631,-3.472110375373118,-3.4690090391274473,-3.4659077367103768,-3.462806473296813,-3.459705253181847,-3.4566040799395767,-3.453502956551866,-3.4504018855129717,-3.4473008689147444,-3.4441999085161767,-3.441099005800297,-3.4379981620208193,-3.4348973782404744,-3.4317966553625765,-3.428695994157082,-3.4255953952821434,-3.42249485930198,-3.419394386701725,-3.416293977899787,-3.413193633258176,-3.4100933530911264,-3.406993137672339,-3.403892987241056,-3.4007929020071868,-3.39769288215563,-3.3945929278499327,-3.391493039235397,-3.388393216441723,-3.385293459585268,-3.382193768770975,-3.3790941440940356,-3.3759945856413287,-3.3728950934926596,-3.3697956677218452,-3.366696308397672,-3.3635970155847352,-3.3604977893441927,-3.3573986297344405,-3.3542995368117348,-3.351200510630766,-3.348101551245192,-3.3450026587081583,-3.3419038330727946,-3.3388050743927162,-3.3357063827225253,-3.332607758118326,-3.3295092006382747,-3.326410710343154,-3.323312287297005,-3.320213931567813,-3.317115643228277,-3.314017422356664,-3.3109192690377824,-3.307821183364086,-3.3047231654369424,-3.3016252153680945,-3.298527333281353,-3.2954295193145664,-3.2923317736219246,-3.289234096376655,-3.286136487502257,-3.283038946929018,-3.2799414745933855,-3.2768440704374067,-3.273746734408223,-3.2706494664576216,-3.267552266541626,-3.264455134620133,-3.261358070656584,-3.2582610746176686,-3.255164146473054,-3.252067286195147,-3.248970493758872,-3.2458737691414714,-3.2427771123223272,-3.239680523282795,-3.236584002006058,-3.2334875484769863,-3.2303911626820194,-3.227294844609048,-3.2241985942473175,-3.2211024115873292,-3.21800629662076,-3.2149102493403836,-3.2118142697400023,-3.2087183578143827,-3.2056225135592036,-3.2025267369710035,-3.19943102804714,-3.196335386785752,-3.193239813185733,-3.1901443072467126,-3.187048868969036,-3.1839534983537674,-3.180858195402696,-3.177762960118359,-3.1746677925040756,-3.1715726925640073,-3.168477660303244,-3.1653826957279123,-3.1622877988453317,-3.159192969664225,-3.1560982081949844,-3.1530035144500363,-3.149908888444306,-3.1468143301958342,-3.1437198397265838,-3.1406254170634904,-3.1375310622398502,-3.1344367752971336,-3.131342556287373,-3.128248405276318,-3.1251543223475964,-3.122060307608226,-3.118966361195928,-3.1158724832888667,-3.1127786741186325,-3.1096849339876016,-3.106591263292208,-3.1034976625542154,-3.1004041324628546,-3.097310673931721,-3.0942172881758307,-3.0911239768162213,-3.088030742022316,-3.084937586706164,-3.081844514788166,-3.078751531561482,-3.0756586441930818,-3.072565862414412,-3.0694731994758677,-3.0663806734692067,-3.0632883091643843,-3.0601961405674394,-3.0571042144915097,-3.054012595554884,-3.050921373194051,-3.0478306715288803,-3.0447406632746437,-3.0416515894098235,-3.0385637870496733,-3.0354777290454944,-3.032394080377309,-3.029313778649884,-3.026238149254543,-3.0231690704806424,-3.0201092107149186,-3.017062369808849,-3.014033971081196,-3.011031771150887,-3.008066884434197,-3.0051552609984027,-3.002319814402087,-2.9995934737338685,-2.997023532184653,-2.994677775835331,-2.9926529738195478,-2.991086326397057,-2.9901702582125407
-3.5927827794990357,-3.5919931144062924,-3.5906247424779076,-3.588828970491573,-3.586715502097746,-3.58436457866255,-3.581835319620375,-3.579171550194393,-3.5764059299744564,-3.573562910864666,-3.570660876063283,-3.5677136988159024,-3.5647318857705446,-3.5617234203413246,-3.558694387834224,-3.5556494408173944,-3.5525921469163904,-3.5495252496693053,-3.5464508648246955,-3.543370628520703,-3.540285809473257,-3.5371973941574026,-3.5341061516615624,-3.5310126831980835,-3.5279174599995695,-3.524820852400384,-3.521723152210515,-3.5186245899722324,-3.5155253483030813,-3.5124255722383113,-3.5093253772671753,-3.5062248555925737,-3.503124081018639,-3.5000231127762533,-3.4969219985244697,-3.4938207767110248,-3.4907194784332214,-3.4876181289084354,-3.4845167486388853,-3.4814153543364217,-3.4783139596584993,-3.475212575795267,-3.472111211938982,-3.469009875660214,-3.4659085732100414,-3.4628073097633707,-3.459706089615293,-3.456604916339906,-3.4535037929190753,-3.4504027218470568,-3.447301705215701,-3.444200744784,-3.4410998420349843,-3.437998998222367,-3.434898214408878,-3.431797491497833,-3.4286968302591867,-3.425596231351094,-3.4224956953377728,-3.4193952227043565,-3.416294813869255,-3.413194469194475,-3.410094188994253,-3.4069939735422876,-3.403893823077824,-3.400793737810772,-3.3976937179260287,-3.3945937635871406,-3.3914938749394117,-3.3883940521125417,-3.385294295222887,-3.3821946043753903,-3.379094979665244,-3.3759954211793257,-3.3728959289974414,-3.3697965031934083,-3.366697143836013,-3.3635978509898514,-3.360498624716081,-3.3573994650730974,-3.3543003721171574,-3.351201345902951,-3.3481023864841353,-3.3450034939138558,-3.3419046682452436,-3.338805909531913,-3.3357072178284652,-3.3326085931910066,-3.329510035677691,-3.3264115453493024,-3.3233131222698815,-3.320214766507415,-3.3171164781346,-3.3140182572297046,-3.3109201038775375,-3.307822018170552,-3.3047240002101157,-3.301626050107971,-3.2985281679879295,-3.295430353987839,-3.292332608261891,-3.289234930983313,-3.2861373220756023,-3.283039781469046,-3.2799423091000937,-3.276844904910791,-3.2737475688482807,-3.270650300864349,-3.2675531009150194,-3.2644559689601893,-3.261358904963299,-3.258261908891038,-3.255164980713075,-3.2520681204018165,-3.248971327932185,-3.245874603281425,-3.2427779464289173,-3.2396813573560195,-3.236584836045912,-3.2334883824834675,-3.2303919966551238,-3.227295678548773,-3.224199428153659,-3.221103245460283,-3.218007130460323,-3.214911083146553,-3.2118151035127736,-3.2087191915537523,-3.205623347265167,-3.202527570643558,-3.199431861686282,-3.1963362203914785,-3.193240646758042,-3.190145140785599,-3.1870497024744973,-3.1839543318257997,-3.1808590288412963,-3.177763793523523,-3.1746686258757992,-3.171573525902288,-3.168478493608077,-3.165383528999294,-3.1622886320832584,-3.1591938028686934,-3.1560990413659935,-3.153004347587582,-3.1499097215483833,-3.1468151632664396,-3.1437206727637133,-3.140626250067141,-3.1375318952100173,-3.134437608233814,-3.1313433891905635,-3.1282492381460156,-3.125155155183798,-3.1220611404109277,-3.1189671939651267,-3.11587331602456,-3.1127795068208166,-3.1096857666562725,-3.106592095927361,-3.1034984951558484,-3.1004049650309646,-3.0973115064663035,-3.094218120676881,-3.0911248092837376,-3.0880315744562936,-3.0849384191066007,-3.081845347155057,-3.078752363894824,-3.0756594764928717,-3.0725666946806465,-3.0694740317085434,-3.06638150566832,-3.0632891413299306,-3.060196972699416,-3.057105046589914,-3.0540134276197133,-3.0509222052253033,-3.0478315035265546,-3.044741495238739,-3.041652421340341,-3.038564618946616,-3.035478560908868,-3.032394912207126,-3.029314610446162,-3.026238981017311,-3.0231699022099465,-3.020110042410826,-3.01706320147146,-3.0140348027106625,-3.0110326027474357,-3.0080677159981657,-3.005156092530294,-3.0023206459026466,-2.9995943052042033,-2.997024363626398,-2.994678607250893,-2.99265380521245,-2.9910871577724065,-2.9901710895776437
-3.5927835877290524,-3.5919939226289994,-3.5906255506878204,-3.588829778684526,-3.5867163102705457,-3.5843653868127245,-3.581836127746003,-3.5791723582939734,-3.5764067380468076,-3.573563718908856,-3.570661684078577,-3.5677145068017166,-3.5647326937264157,-3.561724228266882,-3.558695195729171,-3.5556502486814945,-3.5525929547494517,-3.5495260574711747,-3.5464516725952473,-3.543371436259836,-3.5402866171808887,-3.5371982018334664,-3.5341069593060017,-3.531013490810852,-3.5279182675806293,-3.5248216599497044,-3.5217239597280696,-3.5186253974579973,-3.515526155757039,-3.5124263796604454,-3.5093261846574726,-3.5062256629510213,-3.5031248883452277,-3.5000239200709737,-3.496922805787313,-3.493821583941983,-3.4907202856322868,-3.4876189360756005,-3.4845175557741452,-3.48141616143977,-3.4783147667299326,-3.4752133828347795,-3.472112018946569,-3.4690106826358695,-3.465909380153762,-3.462808116675153,-3.459706896495133,-3.4566057231878,-3.45350459973502,-3.4504035286310475,-3.447302511967734,-3.444201551504073,-3.4411006487230926,-3.4379998048785083,-3.4348990210330483,-3.4317982980900283,-3.4286976368194035,-3.4255970378793275,-3.4224965018340194,-3.419396029168613,-3.416295620301519,-3.4131952755947434,-3.410094995362523,-3.4069947798785565,-3.403894629382087,-3.400794544083025,-3.397694524166268,-3.394594569795364,-3.3914946811156153,-3.3883948582567216,-3.3852951013350387,-3.3821954104555103,-3.3790957857133286,-3.375996227195372,-3.3728967349814463,-3.369797309145369,-3.366697949755926,-3.363598656877714,-3.360499430571889,-3.357400270896848,-3.354301177908847,-3.351202151662576,-3.348103192211693,-3.3450042996093416,-3.3419054739086542,-3.338806715163246,-3.3357080234277166,-3.3326093987581733,-3.3295108412127696,-3.32641235085229,-3.323313927740775,-3.3202155719462105,-3.317117283541294,-3.314019062604294,-3.3109209092200174,-3.3078228234809206,-3.30472480548837,-3.301626855354107,-3.2985289732019423,-3.2954311591697256,-3.2923334134116478,-3.2892357361009354,-3.286138127161087,-3.283040586522391,-3.2799431141212954,-3.2768457098998462,-3.273748373805186,-3.270651105789101,-3.267553905807615,-3.264456773820624,-3.2613597097915705,-3.2582627136871425,-3.2551657854770086,-3.2520689251335764,-3.248972132631769,-3.245875407948829,-3.242778751064138,-3.239682161959053,-3.2365856406167555,-3.233489187022116,-3.230392801161574,-3.2272964830230224,-3.2242002325957033,-3.2211040498701196,-3.218007934837948,-3.2149118874919624,-3.2118159078259647,-3.208719995834722,-3.2056241515139123,-3.2025283748600746,-3.199432665870567,-3.196337024543528,-3.193241450877852,-3.190145944873166,-3.1870505065298187,-3.183955135848872,-3.1808598328321165,-3.177764597482088,-3.174669429802107,-3.171574329796335,-3.168479297469861,-3.1653843328288103,-3.1622894358805045,-3.1591946066336645,-3.1560998450986855,-3.153005151287991,-3.149910525216506,-3.146815966902273,-3.143721476367253,-3.1406270536383842,-3.137532698748961,-3.134438411740455,-3.1313441926648977,-3.1282500415880405,-3.125155958593511,-3.122061943788324,-3.1189679973102034,-3.115874119337313,-3.1127803101012437,-3.1096865699043703,-3.106592899143127,-3.1034992983392793,-3.1004057681820556,-3.097312309585052,-3.0942189237632842,-3.0911256123377906,-3.0880323774779934,-3.084939222095945,-3.0818461501120424,-3.078753166819446,-3.0756602793851266,-3.072567497540531,-3.0694748345360554,-3.0663823084634556,-3.0632899440926864,-3.0601977754297893,-3.057105849287903,-3.054014230285315,-3.0509230078585157,-3.047832306127375,-3.0447422978071677,-3.041653223876378,-3.0385654214502646,-3.035479363380135,-3.0323957146460225,-3.0293154128527067,-3.0262397833915315,-3.0231707045518847,-3.020110844720547,-3.0170640037490615,-3.01403560495629,-3.0110334049613092,-3.00806851818061,-3.0051568946817944,-3.0023214480239226,-2.9995951072963214,-2.997025165690936,-2.994679409290173,-2.99265460722987,-2.9910879597728934,-2.990171891568246
-3.592784367401226,-3.591994702294122,-3.5906263303406023,-3.5888305583209497,-3.586717089887527,-3.584366166407881,-3.581836907317479,-3.5791731378403178,-3.5764075175668832,-3.5735644984017663,-3.570662463543612,-3.5677152862383124,-3.5647334731341265,-3.5617250076453524,-3.5586959750781144,-3.5556510280006806,-3.5525937340386964,-3.549526836730328,-3.5464524518241887,-3.5433722154584686,-3.5402873963491333,-3.537198980971258,-3.534107738413287,-3.5310142698875877,-3.5279190466267782,-3.5248224389652365,-3.521724738712959,-3.518626176412224,-3.5155269346805844,-3.5124271585532933,-3.509326963519609,-3.506226441782433,-3.5031256671459037,-3.5000246988409036,-3.4969235845264897,-3.4938223626503997,-3.4907210643099376,-3.487619714722479,-3.484518334390246,-3.481416940025088,-3.478315545284461,-3.4752141613585152,-3.472112797439508,-3.469011461098008,-3.4659101585850953,-3.4628088950756766,-3.459707674864843,-3.4566065015266934,-3.453505378043092,-3.4504043069082946,-3.4473032902141516,-3.444202329719659,-3.4411014269078435,-3.438000583032419,-3.434899799156116,-3.43179907618225,-3.4286984148807758,-3.425597815909849,-3.422497279833686,-3.4193968071374203,-3.4162963982394627,-3.4131960535018213,-3.410095773238732,-3.406995557723893,-3.403895407196548,-3.4007953218666067,-3.3976953019189677,-3.394595347517178,-3.3914954588065394,-3.388395635916752,-3.385295878964173,-3.3821961880537463,-3.379096563280664,-3.3759970047318024,-3.372897512486968,-3.3697980866199786,-3.36669872719962,-3.363599434290489,-3.3605002079537423,-3.357401048247776,-3.354301955228847,-3.3512029289516443,-3.3481039694698262,-3.345005076836537,-3.3419062511049082,-3.338807492328555,-3.3357088005620783,-3.3326101758615834,-3.329511618285226,-3.326413127893788,-3.3233147047513114,-3.320216348925782,-3.3171180604898978,-3.3140198395219262,-3.3109216861066773,-3.307823600336603,-3.3047255823130715,-3.3016276321478233,-3.298529749964672,-3.2954319359014663,-3.292334190112395,-3.289236512770686,-3.286138903799838,-3.283041363130138,-3.2799438906980356,-3.276846486445577,-3.2737491503199037,-3.2706518822728015,-3.267554682260294,-3.2644575502422795,-3.261360486182199,-3.258263490046741,-3.255166561805575,-3.2520697014311057,-3.248972908898258,-3.2458761841842745,-3.2427795272685374,-3.239682938132402,-3.2365864167590512,-3.2334899631333553,-3.230393577241754,-3.2272972590721385,-3.2242010086137523,-3.2211048258570982,-3.218008710793852,-3.214912663416789,-3.2118166837197104,-3.2087207716973842,-3.2056249273454887,-3.202529150660562,-3.1994334416399623,-3.196337800281828,-3.1932422265850544,-3.190146720549268,-3.1870512821748163,-3.183955911462761,-3.1808606084148936,-3.177765373033749,-3.174670205322648,-3.171575105285753,-3.1684800729281517,-3.165385108255972,-3.1622902112765323,-3.1591953819985563,-3.1561006204324373,-3.1530059265906,-3.14991130048797,-3.146816742142589,-3.1437222515764183,-3.1406278288163945,-3.137533473895813,-3.1344391868561443,-3.1313449677494227,-3.128250816641398,-3.1251567336156976,-3.122062718779338,-3.118968772270041,-3.1158748942659713,-3.1127810849987183,-3.109687344770658,-3.1065936739782245,-3.103500073143182,-3.100406542954762,-3.097313084326559,-3.094219698473588,-3.091126387016888,-3.0880331521258806,-3.084939996712618,-3.0818469246974987,-3.0787539413736824,-3.075661053908141,-3.072568272032319,-3.0694756089966138,-3.0663830828927803,-3.063290718490775,-3.0601985497966395,-3.057106623623511,-3.0540150045896786,-3.0509237821316333,-3.0478330803692466,-3.0447430720177926,-3.0416539980557578,-3.038566195598402,-3.035480137497036,-3.032396488731697,-3.0293161869071716,-3.026240557414814,-3.0231714785440245,-3.0201116186816077,-3.017064777679137,-3.014036378855522,-3.011034178829909,-3.008069292018891,-3.005157668490225,-3.0023222218031957,-2.999595881047468,-2.9970259394154763,-2.9946801829903467,-2.9926553809089564,-2.991088733435647,-2.9901726652214657
-3.5927851195238834,-3.5919954544099775,-3.590627082444553,-3.588831310409118,-3.5867178419569394,-3.5843669184562383,-3.5818376593429924,-3.5791738898415884,-3.576408269542814,-3.5735652503514914,-3.5706632154664475,-3.567716038133717,-3.5647342250016654,-3.561725759484682,-3.5586967268889587,-3.5556517797828198,-3.552594485791953,-3.5495275884545596,-3.54645320351928,-3.5433729671243244,-3.540288147985675,-3.537199732578422,-3.5341084899910222,-3.5310150214358518,-3.527919798145537,-3.52482319045446,-3.521725490172623,-3.5186269278423072,-3.5155276860810676,-3.5124279099241615,-3.5093277148608495,-3.506227193094035,-3.5031264184278568,-3.5000254500932004,-3.496924335749123,-3.493823113843362,-3.4907218154732234,-3.487620465856082,-3.4845190854941595,-3.481417691099307,-3.478316296328982,-3.4752149123733322,-3.4721135484246157,-3.469012212053402,-3.4659109095107725,-3.462809645971634,-3.4597084257310766,-3.4566072523631988,-3.453506128849866,-3.4504050576853325,-3.4473040409614515,-3.444203080437216,-3.4411021775956545,-3.43800133369048,-3.4349005497844236,-3.431799826780801,-3.4286991654495673,-3.4255985664488757,-3.4224980303429464,-3.4193975576169127,-3.416297148689183,-3.413196803921766,-3.4100965236288974,-3.4069963080842767,-3.403896157527147,-3.400796072167417,-3.397696052189986,-3.394596097758402,-3.391496209017966,-3.3883963860983797,-3.3852966291159983,-3.382196938175765,-3.379097313372872,-3.375997754794197,-3.3728982625195454,-3.3697988366227367,-3.3666994771725562,-3.363600184233599,-3.360500957867022,-3.357401798131223,-3.354302705082457,-3.3512036787754145,-3.348104719263754,-3.3450058266006204,-3.3419070008391443,-3.3388082420329392,-3.3357095502366083,-3.332610925506256,-3.329512367900038,-3.3264138774787364,-3.3233154543063925,-3.3202170984509927,-3.317118809985236,-3.3140205889873884,-3.310922435542259,-3.3078243497423014,-3.3047263316888835,-3.3016283814937473,-3.2985304992807034,-3.2954326851876012,-3.2923349393686308,-3.28923726199702,-3.286139652996267,-3.283042112296659,-3.2799446398346452,-3.276847235552271,-3.2737498993966794,-3.270652631319656,-3.267555431277225,-3.2644582992292825,-3.261361235139271,-3.258264238973879,-3.2551673107027748,-3.252070450298364,-3.248973657735572,-3.2458769329916417,-3.242780276045955,-3.239683686879868,-3.2365871654765614,-3.2334907118209073,-3.2303943258993435,-3.227298007699763,-3.2242017572114077,-3.221105574424782,-3.218009459331563,-3.214913411924523,-3.211817432197465,-3.2087215201451547,-3.205625675763272,-3.2025298990483555,-3.1994341899977607,-3.196338548609628,-3.193242974882852,-3.190147468817061,-3.1870520304126004,-3.1839566596705358,-3.180861356592655,-3.177766121181495,-3.1746709534403754,-3.171575853373459,-3.168480820985832,-3.1653858562836237,-3.1622909592741535,-3.1591961299661424,-3.1561013683699852,-3.1530066744981062,-3.1499120483654326,-3.146817489990004,-3.143722999393784,-3.1406285766037083,-3.1375342216530715,-3.134439934583344,-3.1313457154465603,-3.12825156430847,-3.1251574812527,-3.1220634663862663,-3.118969519846894,-3.115875641812745,-3.1127818325154095,-3.1096880922572634,-3.1065944214347403,-3.103500820569607,-3.1004072903510917,-3.097313831692789,-3.0942204458097167,-3.0911271343229116,-3.088033899401797,-3.084940743958423,-3.081847671913188,-3.078754688559254,-3.075661801063592,-3.0725690191576462,-3.069476356091814,-3.066383829957852,-3.063291465525716,-3.060199296801447,-3.057107370598181,-3.0540157515342097,-3.050924529046023,-3.047833827253494,-3.044743818871897,-3.0416547448797213,-3.038566942392227,-3.035480884260727,-3.0323972354652637,-3.02931693361063,-3.0262413040881895,-3.0231722251873587,-3.0201123652949606,-3.0170655242626014,-3.014037125409234,-3.011034925354072,-3.0080700385138086,-3.0051584149563473,-3.0023229682411925,-2.99959662745833,-2.9970266858006718,-2.9946809293520382,-2.9926561272503065,-2.991089479761241,-2.9901734115378624
-3.5927858450698205,-3.591996179949354,-3.5906278079724476,-3.5888320359217922,-3.5867185674515243,-3.5843676439305145,-3.581838384795234,-3.5791746152704462,-3.576408994947227,-3.5735659757306255,-3.570663940819642,-3.5677167634604467,-3.564734950301516,-3.5617264847573193,-3.558697452134116,-3.5556525050002854,-3.5525952109815555,-3.549528313616161,-3.5464539286527677,-3.543373692229607,-3.5402888730626803,-3.5372004576270903,-3.534109215011303,-3.5310157464277037,-3.527920523108925,-3.5248239153893546,-3.5217262150790014,-3.5186276527201485,-3.5155284109303566,-3.512428634744883,-3.5093284396529913,-3.5062279178575873,-3.5031271431628097,-3.5000261747995456,-3.496925060426852,-3.493823838492467,-3.490722540093697,-3.48762119044792,-3.484519810057356,-3.4814184156338577,-3.478317020834881,-3.475215636850576,-3.4721142728732017,-3.4690129364733253,-3.465911633902029,-3.462810370334219,-3.4597091500649872,-3.456607976668431,-3.453506853126416,-3.4504057819331977,-3.4473047651806277,-3.4442038046277,-3.4411029017574424,-3.43800205782357,-3.434901273888813,-3.431800550856486,-3.4286998894965457,-3.425599290467146,-3.4224987543325045,-3.4193982815777537,-3.4162978726213042,-3.4131975278251634,-3.4100972475035682,-3.406997031930217,-3.4038968813443544,-3.4007967959558876,-3.397696775949718,-3.3945968214893916,-3.391496932720211,-3.3883971097718772,-3.385297352760746,-3.3821976617917584,-3.3790980369601087,-3.375998478352674,-3.3728989860492598,-3.3697995601236848,-3.366700200644735,-3.3636009076770055,-3.360501681281654,-3.357402521517076,-3.35430342843953,-3.3512044021037037,-3.348105442563256,-3.345006549871332,-3.341907724081062,-3.3388089652460615,-3.335710273420932,-3.3326116486617776,-3.329513091026754,-3.326414600576644,-3.3233161773754887,-3.3202178214912736,-3.3171195329966974,-3.3140213119700284,-3.3109231584960748,-3.3078250726672898,-3.3047270545850407,-3.301629104361071,-3.2985312221191907,-3.295433407997249,-3.292335662149436,-3.289237984748979,-3.2861403757193783,-3.283042834990919,-3.2799453625000505,-3.276847958188819,-3.273750622004367,-3.27065335389848,-3.2675561538271833,-3.2644590217503717,-3.2613619576314874,-3.2582649614372188,-3.255168033137236,-3.252071172703944,-3.248974380112267,-3.2458776553394477,-3.2427809983648688,-3.2396844091698864,-3.2365878877376817,-3.2334914340531267,-3.23039504810266,-3.2272987298741733,-3.2242024793569097,-3.221106296541372,-3.218010181419238,-3.21491413398328,-3.2118181542272994,-3.208722242146065,-3.2056263977352546,-3.2025306209914066,-3.1994349119118777,-3.196339270494808,-3.1932436967390934,-3.190148190644359,-3.187052752210952,-3.1839573814399373,-3.1808620783331043,-3.177766842892989,-3.174671675122912,-3.171576575027034,-3.168481542610444,-3.1653865778792674,-3.1622916808408266,-3.1591968515038427,-3.1561020898787095,-3.153007395977852,-3.1499127698161957,-3.146818211411782,-3.1437237207865727,-3.140629297967505,-3.1375349429878736,-3.1344406558891484,-3.1313464367233643,-3.128252285556269,-3.125158202471491,-3.122064187576047,-3.11897024100766,-3.115876362944494,-3.1127825536181386,-3.1096888133309704,-3.106595142479423,-3.103501541585261,-3.1004080113377137,-3.097314552650377,-3.094221166738267,-3.0911278552224215,-3.088034620272262,-3.0849414647998414,-3.081848392725558,-3.078755409342573,-3.0756625218178555,-3.072569739882852,-3.069477076787959,-3.066384550624933,-3.063292186163729,-3.060200017410389,-3.0571080911780504,-3.0540164720850047,-3.050925249567742,-3.047834547746135,-3.04474453933546,-3.0416554653142063,-3.0385676627976363,-3.035481604637068,-3.0323979558125465,-3.029317653928871,-3.0262420243774137,-3.0231729454476026,-3.0201130855262828,-3.017066244465089,-3.0140378455830183,-3.0110356454993497,-3.008070758630873,-3.0051591350456324,-3.0023236883033455,-2.9995973474943094,-2.9970274058118944,-2.9946816493405883,-2.9926568472192345,-2.99109019971497,-2.9901741314827186
-3.592786544977538,-3.591996879850743,-3.5906285078627587,-3.5888327357974172,-3.5867192673096957,-3.5843683437690945,-3.581839084612557,-3.579175315065212,-3.576409694718413,-3.5735666754774247,-3.5706646405414175,-3.5677174631566944,-3.5647356499718317,-3.561727184401383,-3.5586981517516727,-3.5556532045911284,-3.5525959105455205,-3.549529013153115,-3.546454628162602,-3.543374391712236,-3.5402895725180303,-3.5372011570551027,-3.534109914411931,-3.5310164458009066,-3.5279212224546708,-3.524824614707616,-3.5217269143697556,-3.518628351983376,-3.51552911016604,-3.512429333953009,-3.509329138833547,-3.5062286170105614,-3.5031278422881935,-3.500026873897329,-3.496925759497027,-3.493824537535029,-3.4907232391086396,-3.4876218894352373,-3.484520509017044,-3.4814191145659135,-3.4783177197393003,-3.4752163357273536,-3.4721149717223327,-3.4690136352948078,-3.4659123326958587,-3.462811069100392,-3.4597098488034983,-3.4566086753792784,-3.453507551809597,-3.450406480588708,-3.4473054638084646,-3.4442045032278603,-3.441103600329924,-3.438002756368369,-3.434901972405925,-3.4318012493459085,-3.4287005879582755,-3.4255999889011792,-3.4224994527388377,-3.419398979956384,-3.4162985709722298,-3.413198226148381,-3.410097945799075,-3.4069977301980097,-3.40389757958443,-3.400797494168244,-3.3976974741343517,-3.394597519646299,-3.391497630849388,-3.3883978078733206,-3.385298050834452,-3.3821983598377248,-3.3790987349783332,-3.375999176343155,-3.3728996840119945,-3.36980025805867,-3.3667008985519673,-3.363601605556482,-3.3605023791333717,-3.3574032193410326,-3.3543041262357214,-3.3512050998721277,-3.3481061403039103,-3.3450072475842134,-3.341908421766168,-3.338809662903388,-3.3357109710504758,-3.332612346263537,-3.329513788600727,-3.3264152981228277,-3.3233168748938784,-3.3202185189818674,-3.317120230459493,-3.3140220094050217,-3.3109238559032628,-3.3078257700466707,-3.304727751936612,-3.301629801684828,-3.2985319194151317,-3.2954341052653704,-3.292336359389735,-3.289238681961452,-3.286141072904021,-3.283043532147729,-3.279946059629024,-3.2768486552899536,-3.2737513190776597,-3.2706540509439277,-3.2675568508447816,-3.26445971874012,-3.2613626545933827,-3.25826565837126,-3.2551687300434193,-3.2520718695822666,-3.248975076962726,-3.2458783521620407,-3.242781695159592,-3.239685105936737,-3.2365885844766566,-3.233492130764223,-3.2303957447858744,-3.227299426529502,-3.224203175984349,-3.2211069931409186,-3.2180108779908885,-3.2149148305270323,-3.2118188507431515,-3.2087229386340135,-3.2056270941952967,-3.2025313174235395,-3.199435608316099,-3.1963399668711148,-3.1932443930874834,-3.1901488869648307,-3.1870534485035025,-3.183958077704563,-3.180862774569803,-3.177767539101756,-3.174672371303743,-3.1715772711799275,-3.168482238735396,-3.1653872739762767,-3.162292376909889,-3.1591975475449554,-3.1561027858918695,-3.1530080919630556,-3.1499134657734396,-3.1468189073410637,-3.14372441668789,-3.140629993840854,-3.137535638833251,-3.1344413517065512,-3.131347132512789,-3.1282529813177136,-3.125158898204953,-3.122064883281524,-3.1189709366851495,-3.115877058593994,-3.1127832492396466,-3.1096895089244825,-3.106595838044935,-3.103502237122772,-3.10040870684722,-3.0973152481318755,-3.0942218621917545,-3.091128550647895,-3.08803531566972,-3.08494216016928,-3.081849088066974,-3.0787561046559624,-3.0756632171032163,-3.072570435140182,-3.069477772017254,-3.0663852458261895,-3.063292881336946,-3.060200712555564,-3.057108786295181,-3.054017167174087,-3.050925944628775,-3.047835242779117,-3.044745234340391,-3.0416561602910868,-3.03856835774647,-3.0354822995578594,-3.0323986507053045,-3.02931834879361,-3.0262427192141583,-3.023173640256391,-3.0201137803071707,-3.0170669392181613,-3.0140385403084027,-3.0110363401972355,-3.0080714533015427,-3.005159829689506,-3.0023243829210466,-2.9995980420867623,-2.9970281003804633,-2.9946823438872845,-2.9926575417470005,-2.9910908942280727,-2.990174825987262
-3.5927872201524194,-3.591997555019518,-3.590629183020847,-3.5888334109413393,-3.586719942436781,-3.5843690188772794,-3.5818397597002365,-3.579175990131129,-3.5764103697615828,-3.5735673504970706,-3.5706653155369246,-3.5677181381275753,-3.5647363249177,-3.5617278593219295,-3.5586988266466504,-3.5556538794603387,-3.552596585388802,-3.549529687970339,-3.5464553029536647,-3.543375066477053,-3.540290247256533,-3.5372018317672347,-3.5341105890976436,-3.531017120460162,-3.527921897087437,-3.5248252893138665,-3.5217275889494677,-3.5186290265365323,-3.5155297846926246,-3.5124300084530087,-3.5093298133069504,-3.506229291457358,-3.503128516708375,-3.5000275482908885,-3.496926433863959,-3.4938252118753264,-3.4907239134222974,-3.4876225637222507,-3.4845211832774075,-3.4814197887996197,-3.4783183939463447,-3.475217009907732,-3.472115645876041,-3.4690143094218406,-3.4659130067962125,-3.462811743174064,-3.459710522850486,-3.456609349399578,-3.4535082258032044,-3.450407154555621,-3.4473061377486798,-3.444205177141375,-3.4411042742167353,-3.438003430228474,-3.4349026462393213,-3.4318019231525936,-3.4287012617382464,-3.4256006626544333,-3.4225001264653723,-3.4193996536561957,-3.4162992446453155,-3.4131988997947387,-3.4100986194187017,-3.4069984037909027,-3.4038982531505857,-3.400798167707661,-3.3976981476470263,-3.3945981931322287,-3.39149830430857,-3.3883984813057504,-3.3852987242401267,-3.382199033216642,-3.3790994083304895,-3.3759998496685477,-3.3729003573106207,-3.369800931330527,-3.366701571797053,-3.3636022787747937,-3.360503052324908,-3.3574038925057903,-3.354304799373697,-3.351205772983318,-3.3481068133883114,-3.345007920641822,-3.341909094796983,-3.338810335907407,-3.335711644027694,-3.332613019213952,-3.329514461524335,-3.3264159710196255,-3.3233175477638652,-3.3202191918250406,-3.317120903275849,-3.314022682194558,-3.310924528665977,-3.307826442782558,-3.30472842464567,-3.3016304743670544,-3.2985325920705226,-3.2954347778939246,-3.292337031991449,-3.289239354536323,-3.2861417454520474,-3.2830442046689075,-3.2799467321233524,-3.276849327757428,-3.2737519915182776,-3.2706547233576857,-3.267557523231678,-3.2644603911001515,-3.261363326926547,-3.258266330677553,-3.255169402322838,-3.252072541834807,-3.2489757491883853,-3.245879024360816,-3.2427823673314804,-3.239685778081735,-3.2365892565947623,-3.2334928028554333,-3.2303964168501857,-3.2273000985669125,-3.224203847994857,-3.2211076651245225,-3.218011549947585,-3.214915502456818,-3.2118195226460236,-3.208723610509969,-3.205627766044332,-3.202531989245653,-3.199436280111288,-3.196340638639377,-3.1932450648288153,-3.190149558679228,-3.1870541201909632,-3.1839587493650843,-3.1808634462033796,-3.1777682107083876,-3.1746730428834273,-3.1715779427326605,-3.168482910261175,-3.165387945475099,-3.162293048381752,-3.1591982189898564,-3.1561034573098055,-3.153008763354024,-3.149914137137438,-3.1468195786780893,-3.1437250879979395,-3.140630665123926,-3.1375363100893416,-3.134442022935659,-3.131347803714911,-3.128253652492847,-3.1251595693530945,-3.12206555440267,-3.1189716077792964,-3.115877729661139,-3.112783920279786,-3.1096901799376138,-3.106596509031057,-3.10350290808188,-3.1004093777793127,-3.0973159190369492,-3.094222533069807,-3.091129221498925,-3.088035986493724,-3.084942830966255,-3.0818497588369165,-3.0787567753988694,-3.075663887819085,-3.072571105829008,-3.0694784426790362,-3.0663859164609257,-3.0632935519446325,-3.060201383136198,-3.0571094568487607,-3.054017837700611,-3.0509266151282413,-3.0478359132515243,-3.0447459047857395,-3.041656830709378,-3.038569028137705,-3.0354829699220436,-3.032399321042447,-3.0293190191037267,-3.0262433894972722,-3.0231743105125375,-3.020114450536404,-3.0170676094205633,-3.0140392104840954,-3.011037010346401,-3.0080721234244527,-3.005160499786566,-3.002325052992857,-2.999598712134215,-2.997028770404876,-2.9946830138905973,-2.9926582117320533,-2.9910915641989813,-2.990175495949914
-3.5927878714679164,-3.591998206329126,-3.5906298343201466,-3.5888340622269745,-3.586720593706177,-3.5843696701284427,-3.5818404109316178,-3.579176641341518,-3.5764110209500277,-3.573568001662822,-3.5706659666793916,-3.5677187892462863,-3.5647369760122807,-3.561728510392082,-3.558699477692135,-3.5556545304809637,-3.5525972363844143,-3.5495303389408144,-3.5464559538989033,-3.5433757173969718,-3.5402908981510675,-3.5372024826363293,-3.534111239941255,-3.5310177712782527,-3.5279225478799763,-3.5248259400808304,-3.5217282396908334,-3.518629677252281,-3.5155304353827423,-3.5124306591174825,-3.5093304639457683,-3.50622994207051,-3.503129167295852,-3.5000281988526845,-3.496927084400066,-3.493825862385737,-3.4907245639070057,-3.487623214181251,-3.484521833710695,-3.4814204392071915,-3.478319044328197,-3.4752176602638616,-3.4721162962064445,-3.469014959726515,-3.4659136570751548,-3.46281239342727,-3.4597111730779524,-3.4566099996013007,-3.453508875979181,-3.450407804705848,-3.447306787873154,-3.4442058272400926,-3.441104924289693,-3.4380040802756695,-3.4349032962607517,-3.431802573148256,-3.428701911708138,-3.425601312598551,-3.422500776383713,-3.4194003035487586,-3.416299894512096,-3.413199549635735,-3.410099269233909,-3.40699905358032,-3.40389890291421,-3.400798817445489,-3.3976987973590558,-3.394598842818457,-3.3914989539689953,-3.3883991309403716,-3.385299373848942,-3.382199682799647,-3.3791000578876815,-3.3760004991999226,-3.3729010068161758,-3.3698015808102597,-3.3667022212509594,-3.3636029282028717,-3.3605037017271533,-3.3574045418822003,-3.3543054487242707,-3.3512064223080524,-3.3481074626872043,-3.345008569914871,-3.3419097440441834,-3.3388109851287564,-3.33571229322319,-3.3326136683835927,-3.329515110668117,-3.3264166201375462,-3.323318196855922,-3.3202198408912293,-3.3171215523161677,-3.3140233312090044,-3.310925177654547,-3.307827091745251,-3.3047290735824824,-3.301631123277984,-3.298533240955567,-3.2954354267530803,-3.292337680824713,-3.2892400033436937,-3.2861423942335195,-3.2830448534244794,-3.279947380853022,-3.2768499764611927,-3.2737526401961348,-3.2706553720096347,-3.2675581718577154,-3.264461039700273,-3.2613639755007493,-3.2582669792258327,-3.255170050845192,-3.252073190331233,-3.2489763976588817,-3.2458796728053803,-3.2427830157501107,-3.2396864264744285,-3.236589904961516,-3.2334934511962437,-3.23039706516505,-3.227300746855829,-3.2242044962578227,-3.2211083133615332,-3.2180121981586387,-3.2149161506419124,-3.2118201708051566,-3.208724258643137,-3.2056284141515325,-3.202532637326882,-3.1994369281665427,-3.1963412866686545,-3.193245712832113,-3.190150206656544,-3.1870547681422936,-3.183959397290427,-3.1808640941027337,-3.1777688585817487,-3.174673690730792,-3.171578590554026,-3.16848355805654,-3.1653885932444594,-3.162293696125106,-3.159198866707201,-3.1561041050011394,-3.1530094110193443,-3.1499147847767413,-3.1468202262913723,-3.143725735585199,-3.1406313126851577,-3.1375369576245435,-3.1344426704448276,-3.131348451198044,-3.1282542999499428,-3.1251602167841512,-3.1220662018076855,-3.118972255158269,-3.115878377014064,-3.112784567606662,-3.109690827238438,-3.1065971563058254,-3.1035035553305907,-3.100410025001963,-3.097316566233536,-3.0942231802403266,-3.0911298686433737,-3.088036633612099,-3.084943478058553,-3.0818504059031357,-3.0787574224390077,-3.0756645348331397,-3.072571752816977,-3.0694790896409176,-3.066386563396717,-3.0632941988543316,-3.0602020300198025,-3.057110103706268,-3.054018484532018,-3.050927261933547,-3.047836560030728,-3.044746551538839,-3.0416574774363747,-3.038569674838603,-3.035483616596848,-3.0323999676911657,-3.0293196657263746,-3.0262440360938707,-3.0231749570831217,-3.0201150970810247,-3.0170682559392996,-3.0140398569770643,-3.0110376568137798,-3.0080727698665033,-3.00516114620368,-3.0023256993856147,-2.9995993585034757,-2.997029416751912,-2.9946836602172793,-2.9926588580411195,-2.9910922104944033,-2.9901761422373707
-3.592788499766668,-3.5919988346221947,-3.5906304626032726,-3.588834690496917,-3.586721221960452,-3.58437029836513,-3.5818410391492237,-3.5791772695388744,-3.5764116491262175,-3.5735686298171223,-3.5706665948112284,-3.5677194173552063,-3.5647376040979233,-3.56172913845416,-3.5587001057304186,-3.5556551584952687,-3.5525978643745915,-3.5495309669067434,-3.5464565818404874,-3.5433763453141323,-3.5402915260437386,-3.5372031105044592,-3.5341118677848,-3.531018399097179,-3.5279231756742546,-3.524826567850435,-3.5217288674357454,-3.518630304972483,-3.5155310630782193,-3.5124312867882206,-3.5093310915917577,-3.5062305696917417,-3.5031297948923177,-3.500028826424375,-3.4969277119469755,-3.49382648990786,-3.4907251914043376,-3.487623841653787,-3.4845224611584307,-3.4814210666301215,-3.4783196717263163,-3.4752182876371664,-3.472116923554931,-3.4690155870501798,-3.465914284373994,-3.4628130207012813,-3.459711800327133,-3.456610626825648,-3.4535095031786915,-3.4504084318805193,-3.447307415022982,-3.4442064543650757,-3.4411055513898283,-3.4380047073509536,-3.434903923311182,-3.4318032001738286,-3.4287025387088494,-3.4256019395743973,-3.4225014033346923,-3.4194009304748683,-3.416300521413335,-3.4132001765120994,-3.410099896085398,-3.4069996804069302,-3.4038995297159396,-3.400799444222336,-3.397699424111016,-3.394599469545528,-3.3914995806711734,-3.388399757617654,-3.385300000501326,-3.3822003094271325,-3.379100684490265,-3.3760011257776017,-3.3729016333689485,-3.369802207338122,-3.3667028477539103,-3.3636035546809073,-3.3605043281802707,-3.3574051683103967,-3.3543060751275426,-3.351207048686398,-3.348108089040621,-3.345009196243356,-3.3419103703477346,-3.3388116114073716,-3.3357129194768675,-3.3326142946123274,-3.3295157368719073,-3.3264172463163892,-3.3233188230098145,-3.32022046702017,-3.3171221784201537,-3.314023957288033,-3.3109258037086167,-3.307827717774357,-3.3047296995866224,-3.3016317492571554,-3.2985338669097666,-3.295436052682305,-3.2923383067289618,-3.2892406292229635,-3.2861430200878083,-3.2830454792537846,-3.27994800665734,-3.276850602240522,-3.273753265950472,-3.270655997738976,-3.2675587975620575,-3.264461665379614,-3.2613646011550865,-3.258267604855165,-3.255170676449517,-3.2520738159105487,-3.248977023213184,-3.2458802983346655,-3.2427836412543765,-3.239687051953672,-3.236590530415735,-3.2334940766254356,-3.230397690569213,-3.2273013722349595,-3.2242051216119183,-3.2211089386905916,-3.218012823462656,-3.214916775920887,-3.211820796059085,-3.2087248838720175,-3.205629039355363,-3.20253326250566,-3.1994375533202652,-3.196341911797319,-3.1932463379357157,-3.1901508317350817,-3.1870553931957644,-3.1839600223188276,-3.1808647191060624,-3.177769483560003,-3.1746743156839696,-3.171579215482125,-3.1684841829595576,-3.1653892181223937,-3.1622943209779537,-3.1591994915349595,-3.156104729803806,-3.1530100357969157,-3.1499154095292154,-3.146820851018745,-3.143726360287469,-3.1406319373623233,-3.1375375822766025,-3.1344432950717773,-3.1313490757998825,-3.1282549245266664,-3.125160841335756,-3.1220668263341684,-3.1189728796596268,-3.1158790014902946,-3.112785192057761,-3.1096914516644025,-3.1065977807066543,-3.103504179706281,-3.1004106493525114,-3.09731719055894,-3.0942238045405834,-3.091130492918481,-3.088037257862055,-3.084944102283356,-3.0818510301027837,-3.078758046613498,-3.0756651589824697,-3.072572376941144,-3.0694797137399186,-3.0663871874705486,-3.0632948229029906,-3.0602026540432865,-3.0571107277045746,-3.054019108505147,-3.0509278858814963,-3.0478371839534963,-3.044747175436428,-3.0416581013087844,-3.0385702986858356,-3.0354842404189073,-3.0324005914880616,-3.029320289498119,-3.0262446598404864,-3.0231755808046414,-3.0201157207774996,-3.0170688796108056,-3.014040480623717,-3.011038280435748,-3.008073393464042,-3.005161769777164,-3.002326322935604,-2.9995999820307993,-2.9970300402577954,-2.994684283703528,-2.9926594815103744,-2.9910928339504954,-2.9901767656857796
-3.5927891058616175,-3.5919994407116627,-3.590631068683146,-3.5888352965640746,-3.5867218280124957,-3.5843709044002066,-3.5818416451658917,-3.5791778755360064,-3.576412255102929,-3.573569235772715,-3.5706672007451523,-3.5677200232670243,-3.5647382099872886,-3.561729744320794,-3.5587007115740996,-3.5556557643158175,-3.5525984701718643,-3.5495315726806256,-3.5464571875908844,-3.5433769510409676,-3.540292131746952,-3.5372037161839995,-3.5341124734406266,-3.5310190047292576,-3.527923781282556,-3.524827173434935,-3.5217294729964235,-3.518630910509324,-3.515531668591209,-3.5124318922773465,-3.5093316970570103,-3.506231175133111,-3.503130400309795,-3.500029431817953,-3.4969283173166468,-3.4938270952536192,-3.490725796726179,-3.4876244469517066,-3.4845230664324247,-3.481421671880186,-3.4783202769524473,-3.4752188928393606,-3.4721175287331856,-3.469016192204491,-3.465914889504359,-3.462813625807696,-3.459712405409595,-3.4566112318841533,-3.4535101082132384,-3.450409036891105,-3.4473080200096047,-3.4442070593277307,-3.441106156328513,-3.438005312265665,-3.434904528201917,-3.4318038050405857,-3.4287031435516258,-3.425602544393192,-3.4225020081295017,-3.4194015352456892,-3.416301126160164,-3.4132007812349343,-3.410100500784236,-3.4070002850817684,-3.4039001343667747,-3.400800048849165,-3.397700028713837,-3.3946000741243387,-3.391500185225971,-3.3884003621484364,-3.385300605008089,-3.3822009139098737,-3.379101288948983,-3.376001730212294,-3.3729022377796123,-3.369802811724755,-3.366703452116509,-3.3636041590194696,-3.3605049324947958,-3.357405772600882,-3.354306679393986,-3.3512076529287964,-3.348108693258972,-3.3450098004376563,-3.341910974517981,-3.338812215553561,-3.335713523598998,-3.3326148987103976,-3.3295163409459136,-3.326417850366331,-3.3233194270356883,-3.320221071021973,-3.317122782397883,-3.3140245612416868,-3.310926407638193,-3.307828321679853,-3.3047303034680358,-3.3016323531144836,-3.298534470743007,-3.2954366564914555,-3.2923389105140193,-3.2892412329839247,-3.2861436238246715,-3.283046082966546,-3.279948610345997,-3.276851205905071,-3.2737538695909114,-3.270656601355304,-3.267559401154272,-3.2644622689477116,-3.2613652046990653,-3.258268208375022,-3.25517127994525,-3.2520744193821542,-3.2489776266606607,-3.2458809017580106,-3.2427842446535866,-3.239687655328745,-3.236591133766668,-3.2334946799522277,-3.2303982938718603,-3.2273019755134595,-3.2242057248662683,-3.2211095419207894,-3.2180134266687,-3.2149173791027734,-3.2118213992168116,-3.208725487005581,-3.2056296424647606,-3.202533865590889,-3.1994381563813237,-3.196342514834204,-3.1932469409484248,-3.1901514347236137,-3.1870559961601166,-3.1839606252589974,-3.180865322022046,-3.177770086451799,-3.174674918551575,-3.1715798183255366,-3.1684847857787717,-3.165389820917408,-3.162294923748765,-3.1592000942815663,-3.156105332526206,-3.1530106384951075,-3.149916012203197,-3.1468214536685144,-3.143726962913023,-3.1406325399636583,-3.137538184853716,-3.1344438976246662,-3.1313496783285433,-3.1282555270310977,-3.1251614438159554,-3.122067428790133,-3.118973482091355,-3.115879603897783,-3.1127857944410082,-3.109692054023407,-3.1065983830414123,-3.1035047820167905,-3.1004112516387696,-3.0973177928209448,-3.0942244067783333,-3.0911310951319737,-3.0880378600512874,-3.0849447044483256,-3.081851632243487,-3.078758648729931,-3.0756657610746307,-3.072572979009031,-3.0694803157835278,-3.0663877894898786,-3.063295424898039,-3.060203256014051,-3.0571113296510535,-3.054019710427338,-3.0509284877793985,-3.047837785827109,-3.0447477772857496,-3.041658703133816,-3.0385709004865795,-3.035484842195369,-3.0324011932402484,-3.0293208912260448,-3.026245261544171,-3.0231761824841175,-3.020116322432816,-3.017069481242035,-3.0140410822309684,-3.0110388820191867,-3.008073995023911,-3.005162371313828,-3.0023269244496027,-2.9996005835229327,-2.9970306417292467,-2.9946848851560386,-2.9926600829464935,-2.991093435373918,-2.9901773671017904
-3.592789690536991,-3.5920000253817492,-3.5906316533439786,-3.588835881212639,-3.58672241264648,-3.5843714890178244,-3.5818422297657535,-3.579178460117025,-3.57641283966425,-3.573569820313666,-3.570667785265199,-3.567720607765745,-3.5647387944643456,-3.5617303287759206,-3.5587012960070834,-3.5556563487264863,-3.5525990545600803,-3.549532157046276,-3.5464577719338797,-3.5433775353612353,-3.540292716044433,-3.537204300458646,-3.5341130576923985,-3.531019588958121,-3.5279243654884835,-3.524827757617904,-3.5217300571564154,-3.5186314946463213,-3.5155322527051975,-3.512432476368314,-3.509332281124946,-3.506231759178006,-3.503130984331641,-3.500030015816744,-3.4969289012923768,-3.4938276792062823,-3.490726380655772,-3.487625030858224,-3.4845236503158628,-3.48142225574054,-3.4783208607897147,-3.475219476653538,-3.472118112524269,-3.469016775972477,-3.4659154732492437,-3.4628142095294776,-3.459712989108269,-3.4566118155597176,-3.453510691865689,-3.450409620520439,-3.44730860361582,-3.444207642910824,-3.4411067398884825,-3.438005895802508,-3.4349051117156324,-3.4318043885311695,-3.4287037270190766,-3.4256031278375056,-3.4225025915506766,-3.419402118643723,-3.416301709535054,-3.413201364586678,-3.4101010841128314,-3.407000868387212,-3.403900717649065,-3.4008006321082993,-3.397700611949813,-3.3946006573371528,-3.391500768415623,-3.388400945314922,-3.385301188151407,-3.3822014970300205,-3.3791018720459562,-3.3760023132860906,-3.3729028208302303,-3.3698033947521933,-3.3667040351207644,-3.363604742000541,-3.3605055154526786,-3.357406355535574,-3.3543072623054853,-3.3512082358171,-3.3481092761240774,-3.3450103832795612,-3.341911557336684,-3.3388127983490596,-3.3357141063712885,-3.3326154814594777,-3.3295169236717816,-3.326418433068983,-3.3233200097151228,-3.320221653678187,-3.3171233650308753,-3.3140251438514547,-3.3109269902247322,-3.307828904243163,-3.3047308860081124,-3.301632935631325,-3.298535053236612,-3.295437238961821,-3.2923394929611427,-3.2892418154078027,-3.286144206225302,-3.283046665343926,-3.2799491927001245,-3.2768517882359443,-3.273754451898527,-3.2706571836396585,-3.2675599834153637,-3.2644628511855385,-3.2613657869136254,-3.258268790566312,-3.2551718621132677,-3.2520750015268978,-3.2489782087821273,-3.245881483856198,-3.242784826728493,-3.239688237380368,-3.236591715795004,-3.2334952619572737,-3.2303988758536146,-3.22730255747192,-3.2242063068014333,-3.2211101238326556,-3.218014008557264,-3.2149179609680334,-3.2118219810587645,-3.208726068824225,-3.205630224260094,-3.2025344473629094,-3.199438738130028,-3.196343096559591,-3.1932475226504913,-3.1901520164023562,-3.187056577815533,-3.183961206891085,-3.180865903630803,-3.177770668037222,-3.1746755001136626,-3.171580399864286,-3.1684853672941813,-3.165390402409474,-3.162295505217487,-3.1592006757269404,-3.1561059139482284,-3.1530112198937763,-3.1499165935785096,-3.1468220350204694,-3.1437275442416173,-3.1406331212688903,-3.137538766135584,-3.1344444788831676,-3.1313502595636757,-3.1282561082428573,-3.1251620250043404,-3.122068009955142,-3.1189740632329834,-3.1158801850160294,-3.1127863755358702,-3.1096926350948797,-3.1065989640894944,-3.103505363041479,-3.100411832640063,-3.0973183737988412,-3.0942249877328303,-3.091131676063068,-3.0880384409589765,-3.084945285332608,-3.0818522131043604,-3.078759229567394,-3.0756663418886783,-3.072573559799662,-3.0694808965507403,-3.0663883702336703,-3.0632960056184073,-3.0602038367109934,-3.057111910324568,-3.054020291077424,-3.0509290684060533,-3.047838366430332,-3.044748357865539,-3.041659283690174,-3.0385714810195084,-3.035485422704873,-3.0324017737263356,-3.0293214716887276,-3.0262458419834704,-3.0231767629000634,-3.0201169028254564,-3.0170700616114403,-3.0140416625772444,-3.0110394623424908,-3.0080745753244793,-3.0051629515920113,-3.0023275047059212,-2.9996011637581588,-2.997031221944521,-2.99468546535304,-2.992660663127681,-2.9910940155428563,-2.9901779472635783
-3.592790254549367,-3.5920005893890252,-3.5906322173423275,-3.588836445199155,-3.5867229766189346,-3.584372052974492,-3.5818427937052917,-3.5791790240383845,-3.5764134035666073,-3.5735703841963726,-3.570668349127741,-3.5677211716077157,-3.564739358285422,-3.5617308925758437,-3.5587018597856455,-3.5556569124835224,-3.5525996182954573,-3.549532720759887,-3.546458335625638,-3.5433780990310693,-3.5402932796922846,-3.5372048640844675,-3.5341136212961506,-3.5310201525397713,-3.5279249290480066,-3.5248283211552778,-3.5217306206716215,-3.5186320581393447,-3.515532816176023,-3.512433039816931,-3.509332844551344,-3.506232322582179,-3.5031315477135823,-3.500030579176448,-3.496929464629837,-3.4938282425214933,-3.4907269439487267,-3.487625594128918,-3.4845242135642907,-3.4814228189666996,-3.478321423993603,-3.475220039835151,-3.4721186756836016,-3.4690173391095276,-3.46591603636401,-3.462814772621955,-3.4597135521784557,-3.4566123786076104,-3.453511254891285,-3.450410183523737,-3.4473091665968165,-3.444208205869518,-3.4411073028248707,-3.4380064587165884,-3.4349056746074016,-3.431804951400625,-3.4287042898662152,-3.425603690662326,-3.4225031543531768,-3.4194026814239,-3.416302272292906,-3.4132019273222025,-3.4101016468260252,-3.4070014310780734,-3.4039012803175916,-3.400801194754488,-3.397701174573662,-3.39460121993866,-3.3915013309947843,-3.3884015078717353,-3.385301750685871,-3.382202059542132,-3.3791024345357137,-3.376002875753491,-3.3729033832752715,-3.369803957174873,-3.366704597521081,-3.363605304378491,-3.360506077808261,-3.357406917868787,-3.3543078246163254,-3.351208798105566,-3.3481098383901657,-3.3450109455232693,-3.341912119558009,-3.338813360547998,-3.3357146685478396,-3.3326160436136383,-3.32951748580355,-3.326418995178357,-3.3233205718021,-3.3202222157427657,-3.317123927073052,-3.3140257058712264,-3.310927552222098,-3.3078294662181196,-3.3047314479606587,-3.3016334975614585,-3.2985356151443286,-3.2954378008471186,-3.2923400548240185,-3.2892423772482555,-3.286144768043328,-3.283047227139524,-3.279949754473292,-3.276852349986679,-3.2737550136268267,-3.2706577453455212,-3.2675605450987857,-3.2644634128465184,-3.2613663485521593,-3.2582693521823978,-3.255172423706903,-3.2520755630980807,-3.2489787703308552,-3.24588204538247,-3.2427853882323063,-3.2396887988617205,-3.2365922772538935,-3.2334958233936972,-3.23039943726757,-3.227303118863404,-3.224206868170444,-3.221110685179191,-3.2180145698813223,-3.2149185222696115,-3.2118225423378606,-3.2087266300808364,-3.2056307854942174,-3.2025350085745425,-3.1994392993191685,-3.1963436577262354,-3.1932480837946375,-3.190152577524002,-3.187057138914676,-3.1839617679677232,-3.180866464684934,-3.1777712290688434,-3.1746760611227716,-3.1715809608508807,-3.16848592825826,-3.165390963351035,-3.1622960661365274,-3.1592012366234585,-3.1561064748222223,-3.1530117807452434,-3.1499171544074467,-3.1468225958268743,-3.1437281050254873,-3.1406336820302236,-3.137539326874378,-3.134445039599421,-3.131350820257386,-3.1282566689140205,-3.1251625856529555,-3.1220685705812063,-3.1189746238364946,-3.1158807455969857,-3.1127869360942686,-3.1096931956307188,-3.1065995246027702,-3.10350592353219,-3.100412393108206,-3.0973189342444143,-3.0942255481558307,-3.0911322364634946,-3.0880390013368264,-3.084945845687877,-3.0818527734370464,-3.078759789877494,-3.075666902176192,-3.0725741200645866,-3.069481456793074,-3.0663889304534098,-3.063296565815552,-3.060204396885541,-3.0571124704765165,-3.054020851206771,-3.050929628512797,-3.047838926514471,-3.044748917927075,-3.041659843729106,-3.0385720410358372,-3.0354859826986043,-3.0324023336974775,-3.0293220316372933,-3.026246401909478,-3.023177322803544,-3.020117462706455,-3.017070621470025,-3.014042222413518,-3.011040022156605,-3.0080751351166626,-3.0051635113626016,-3.00232806445542,-2.9996017234873107,-2.9970317816544267,-2.9946860250453216,-2.9926612228047085,-2.991094575208068,-2.9901785069218927
-3.592790798628624,-3.5920011334633615,-3.590632761408052,-3.588836989253463,-3.586723520659674,-3.584372597,-3.5818433377142753,-3.579179568029831,-3.576413947539723,-3.5735709281505303,-3.5706688930624466,-3.5677217155225764,-3.5647399021801256,-3.56173143645014,-3.558702403639336,-3.5556574563164474,-3.5526001621074883,-3.5495332645509197,-3.5464588793955887,-3.5433786427798704,-3.5402938234198795,-3.537205407790812,-3.5341141649812067,-3.53102069620351,-3.527925472690401,-3.5248288647763055,-3.521731164271264,-3.518632601717588,-3.5155333597328555,-3.5124335833523426,-3.509333388065325,-3.506232866074719,-3.5031320911846753,-3.5000311226260874,-3.4969300080580172,-3.4938287859282093,-3.4907274873339746,-3.487626137492694,-3.4845247569065907,-3.4814233622875195,-3.4783219672929384,-3.475220583112998,-3.472119218939958,-3.4690178823443887,-3.4659165795773723,-3.4628153158138164,-3.459714095348814,-3.4566129217564643,-3.453511798018632,-3.4504107266295723,-3.44730970968114,-3.4442087489323265,-3.4411078458661626,-3.43800700173636,-3.434906217605651,-3.431805494377349,-3.4287048328214125,-3.425604233595994,-3.4225036972653125,-3.4194032243145007,-3.4163028151619703,-3.413202470169728,-3.41010218965201,-3.407001973882515,-3.4039018231004867,-3.4008017375158355,-3.39770171731346,-3.394601762656905,-3.391501873691475,-3.3884020505468695,-3.385302293339445,-3.382202602174145,-3.3791029771461627,-3.376003418342374,-3.372903925842585,-3.369804499720614,-3.366705140045248,-3.363605846881082,-3.3605066202892724,-3.357407460328217,-3.3543083670541716,-3.3512093405218257,-3.3481103807848376,-3.3450114878963517,-3.3419126619095003,-3.338813902877897,-3.3357152108561428,-3.3326165859003436,-3.329518028068655,-3.326419537421859,-3.3233211140239964,-3.3202227579430543,-3.31712446925173,-3.3140262480282914,-3.3109280943575476,-3.307830008331952,-3.304731990052872,-3.30163403963205,-3.298536157193297,-3.295438342874461,-3.2923405968297335,-3.2892429192323407,-3.286145310005781,-3.2830477690803423,-3.279950296392473,-3.27685289188422,-3.273755555502726,-3.2706582871997756,-3.2675610869313934,-3.2644639546574767,-3.261366890341467,-3.258269893950052,-3.255172965452902,-3.252076104822421,-3.248979312033535,-3.2458825870634858,-3.242785929891656,-3.2396893404994023,-3.2365928188699056,-3.233496364988037,-3.230399978840235,-3.227303660414392,-3.2242074096997526,-3.2211112266868187,-3.218015111367267,-3.21491906373387,-3.211823083780431,-3.2087271715017165,-3.205631326893406,-3.2025355499520365,-3.199439840674965,-3.196344199060333,-3.1932486251070333,-3.1901531188146945,-3.1870576801836634,-3.183962309215003,-3.1808670059105033,-3.1777717702726997,-3.174676602304912,-3.1715815020113034,-3.168486469396962,-3.1653915044680154,-3.162296607231784,-3.1592017776969885,-3.156107015874023,-3.1530123217753125,-3.149917695415782,-3.1468231368134734,-3.1437286459903477,-3.1406342229733424,-3.1375398677957524,-3.1344455804990483,-3.131351361135264,-3.1282572097701484,-3.1251631264873296,-3.1220691113938237,-3.1189751646273547,-3.115881286366086,-3.112787476841607,-3.1096937363562955,-3.106600065306584,-3.1035064642142376,-3.100412933768485,-3.097319474882922,-3.094226088772565,-3.091132777058452,-3.0880395419100055,-3.084946386239275,-3.0818533139666617,-3.0787603303853244,-3.0756674426622346,-3.0725746605288387,-3.0694819972355325,-3.066389470874073,-3.063297106214418,-3.060204937262608,-3.0571130108317823,-3.0540213915402337,-3.0509301688244554,-3.0478394668043247,-3.0447494581951227,-3.0416603839753478,-3.0385725812602766,-3.0354865229012455,-3.032402873878327,-3.0293225717963623,-3.026246942046787,-3.0231778629191206,-3.0201180028003436,-3.0170711615422916,-3.014042762464261,-3.0110405621859724,-3.0080756751248736,-3.005164051349982,-3.002328604422456,-2.9996022634347193,-2.997032321583269,-2.99468656495716,-2.9926617627018315,-2.991095115093793,-2.9901790468009652
-3.5927913234788638,-3.592001658308855,-3.5906332862452395,-3.588837514079638,-3.58672404547276,-3.5843731217983934,-3.581843862496728,-3.579180092795368,-3.5764144722875777,-3.5735714528800986,-3.570669417773251,-3.5677222402142394,-3.564740426852345,-3.561731961102676,-3.5587029282719964,-3.5556579809290763,-3.5526006866999613,-3.5495337891231373,-3.546459403947469,-3.5433791673113486,-3.540294347930904,-3.537205932281337,-3.5341146894511954,-3.531021220652933,-3.527925997119234,-3.5248293891845295,-3.521731688658861,-3.5186331260845423,-3.5155338840791557,-3.512434107677978,-3.509333912370287,-3.5062333903589993,-3.503132615448267,-3.5000316468689823,-3.496930532280211,-3.4938293101296973,-3.4907280115147525,-3.4876266616527567,-3.4845252810459333,-3.4814238864061395,-3.4783224913908337,-3.475221107190165,-3.472119742996395,-3.4690184063800924,-3.4659171035923406,-3.4628158398080466,-3.4597146193223027,-3.4566134457092086,-3.4535123219506287,-3.450411250540821,-3.447310233571636,-3.4442092728020675,-3.4411083697151446,-3.4380075255645814,-3.4349067414131094,-3.431806018164044,-3.42870535658734,-3.4256047573411514,-3.422504220989698,-3.419403748018112,-3.4163033388448047,-3.413202993831784,-3.4101027132932864,-3.4070024975030098,-3.403902346700198,-3.40080226109476,-3.3977022408715944,-3.394602286194249,-3.391502397208025,-3.3884025740426247,-3.3853028168144013,-3.3822031256283003,-3.379103500579515,-3.376003941754922,-3.3729044492343268,-3.369805023091548,-3.3667056633953716,-3.363606370210393,-3.360507143597769,-3.3574079836158965,-3.354308890321031,-3.3512098637678625,-3.34811090401005,-3.345012011100738,-3.3419131850930577,-3.3388144260406234,-3.335715733998036,-3.3326171090214016,-3.3295185511688743,-3.326420060501238,-3.3233216370825334,-3.320223280980746,-3.3171249922685755,-3.31402677102429,-3.3109286173326966,-3.307830531286249,-3.3047325129863143,-3.3016345625446353,-3.2985366800850224,-3.295438865745325,-3.2923411196797323,-3.289243442061473,-3.286145832814045,-3.2830482918677366,-3.2799508191589952,-3.2768534146298673,-3.2737560782274957,-3.270658809903666,-3.2675616096144022,-3.264464477319602,-3.2613674129827057,-3.2582704165704035,-3.255173488052362,-3.252076627400989,-3.2489798345912075,-3.245883109600261,-3.2427864524075316,-3.239689862994376,-3.236593341343975,-3.2334968874412,-3.2304005012724892,-3.2273041828257365,-3.224207932090183,-3.221111749056334,-3.218015633715864,-3.214919586061548,-3.211823606087187,-3.2087276937875484,-3.205631849158311,-3.2025360721960126,-3.1994403628980113,-3.196344721262447,-3.1932491472882134,-3.1901536409749376,-3.1870582023229663,-3.183962831333365,-3.1808675280079215,-3.1777722923491734,-3.174677124360439,-3.171582024045882,-3.16848699141059,-3.165392026460689,-3.1622971292034996,-3.1592022996477445,-3.156107537803818,-3.1530128436841443,-3.149918217303649,-3.1468236586803724,-3.143729167836277,-3.1406347447982994,-3.1375403895997347,-3.134446102282054,-3.1313518828972917,-3.1282577315111975,-3.125163648207397,-3.1220696330929063,-3.1189756863054496,-3.1158818080231905,-3.112787998477719,-3.109694257971412,-3.1066005869007025,-3.103506985787356,-3.1004134553206013,-3.0973199964140337,-3.0942266102826705,-3.0911332985475495,-3.088040063378094,-3.084946907686352,-3.0818538353927245,-3.078760851790371,-3.0756679640462625,-3.0725751818918456,-3.0694825185775167,-3.0663899921950333,-3.0632976275143515,-3.060205458541513,-3.0571135320896565,-3.0540219127770754,-3.0509306900402637,-3.047839987999099,-3.0447499793688637,-3.0416609051280554,-3.0385731023919536,-3.035487044011895,-3.032403394967955,-3.0293230928649817,-3.026247463094416,-3.023178383945787,-3.020118523806089,-3.0170716825271797,-3.014043283428387,-3.0110410831294785,-3.00807619604797,-3.005164572252984,-3.00232912530583,-2.999602784299159,-2.9970328424297996,-2.99468708578729,-2.992662283517767,-2.9910956358987337,-2.9901795675994864
-3.5927918297793835,-3.592002164604796,-3.590633792533168,-3.5888380203569445,-3.586724551737443,-3.5843736280489056,-3.5818443687318626,-3.5791805990141836,-3.5764149784893338,-3.573571959064213,-3.5706699239392643,-3.5677227463617847,-3.5647409329811324,-3.5617324672124733,-3.5587034343626183,-3.5556584870003762,-3.55260119275182,-3.549534295155457,-3.546459909960172,-3.5433796733043703,-3.540294853904191,-3.537206438234849,-3.5341151953848997,-3.5310217265667996,-3.527926503013239,-3.524829895058653,-3.521732194513087,-3.5186336319188576,-3.5155343898935465,-3.5124346134724336,-3.5093344181447983,-3.506233896113559,-3.503133121182868,-3.500032152583619,-3.4969310379748793,-3.493829815804391,-3.4907285171694684,-3.4876271672874912,-3.484525786660684,-3.4814243920009007,-3.478322996965602,-3.4752216127449373,-3.4721202485311675,-3.4690189118948633,-3.4659176090871067,-3.462816345282805,-3.459715124777052,-3.456613951143946,-3.453512827365353,-3.4504117559355283,-3.4473107389463236,-3.4442097781567336,-3.441108875049787,-3.4380080308791987,-3.4349072467076995,-3.431806523438603,-3.4287058618418667,-3.425605262575644,-3.4225047262041546,-3.4194042532125306,-3.416303844019183,-3.413203498986119,-3.410103218427575,-3.40700300261725,-3.4039028517943875,-3.4008027661688964,-3.397702745925676,-3.394602791228273,-3.3915029022219896,-3.388403079036528,-3.385303321788243,-3.382203630582077,-3.3791040055132244,-3.376004446668562,-3.3729049541278955,-3.3698055279650436,-3.366706168248792,-3.363606875043735,-3.360507648411031,-3.357408488409076,-3.354309395094126,-3.351210368520871,-3.3481114087429704,-3.3450125158135684,-3.341913689785795,-3.3388149307132657,-3.335716238650582,-3.332617613653849,-3.3295190557812218,-3.3264205650934833,-3.323322141654674,-3.320223785532781,-3.317125496800501,-3.314027275536103,-3.3109291218243952,-3.3078310357578316,-3.3047330174377785,-3.3016350669759795,-3.2985371844962446,-3.2954393701364224,-3.2923416240507026,-3.289243946412313,-3.2861463371447526,-3.2830487961783095,-3.2799513234494317,-3.2768539189001658,-3.2737565824776547,-3.2706593141336833,-3.2675621138242756,-3.26446498150933,-3.2613679171522865,-3.2582709207198337,-3.255173992181641,-3.252077131510114,-3.248980338680176,-3.245883613669071,-3.2427869564561815,-3.2396903670228623,-3.2365938453522958,-3.2334973914293537,-3.2304010052404744,-3.2273046867735493,-3.224208436017823,-3.221112252963798,-3.2180161376031506,-3.214920089928654,-3.2118241099341107,-3.208728197614288,-3.205632352964864,-3.202536575982377,-3.1994408666641854,-3.1963452250084288,-3.1932496510140007,-3.1901541446805286,-3.1870587060083597,-3.183963334998558,-3.1808680316529125,-3.1777727959739583,-3.1746776279650164,-3.1715825276302487,-3.1684874949747437,-3.1653925300046275,-3.162297632727222,-3.1592028031512482,-3.1561080412871,-3.1530133471472035,-3.149918720746482,-3.146824162102978,-3.1437296712386535,-3.1406352481804447,-3.1375408929616477,-3.134446605623732,-3.1313523862187322,-3.1282582348123977,-3.1251641514883555,-3.1220701363536216,-3.11897618954592,-3.1158823112434137,-3.1127885016776937,-3.109694761151135,-3.1066010900601717,-3.10350748892657,-3.100413958439558,-3.0973204995127315,-3.094227113361106,-3.09113380160572,-3.0880405664159962,-3.0849474107039847,-3.081854338390086,-3.0787613547674595,-3.0756684670030765,-3.0725756848283825,-3.0694830214937747,-3.0663904950910097,-3.063298130390044,-3.06020596139692,-3.057114034924777,-3.054022415591908,-3.050931192834807,-3.0478404907733507,-3.044750482122823,-3.0416614078617235,-3.0385736051053325,-3.0354875467049887,-3.032403897640772,-3.0293235955175315,-3.026247965726715,-3.0231788865578637,-3.020119026397983,-3.017072185098952,-3.0140437859801286,-3.0110415856613266,-3.00807669856013,-3.00516507474576,-3.0023296277796727,-2.999603286754737,-2.9970333448681,-2.994687588209768,-2.992662785926552,-2.991096138296913,-2.990180069991475
-3.592792318185478,-3.5920026530064737,-3.5906342809271146,-3.588838508740644,-3.5867250401089645,-3.584374116406754,-3.5818448570748784,-3.579181087341458,-3.576415466800154,-3.573572447358017,-3.5706704122156063,-3.567723234620312,-3.564741421221565,-3.561732955434587,-3.5587039225662336,-3.55565897518535,-3.5526016809180363,-3.5495347833028243,-3.5464603980886147,-3.5433801614138267,-3.5402953419946113,-3.5372069263061925,-3.5341156834371317,-3.531022214599894,-3.527926991027174,-3.5248303830534096,-3.521732682488648,-3.518634119875209,-3.515534877830677,-3.5124351013903343,-3.50933490604346,-3.506234383992976,-3.503133609043034,-3.500032640424528,-3.496931525796526,-3.493830303606771,-3.490729004952576,-3.4876276550513228,-3.4845262744052357,-3.4814248797261684,-3.478323484671583,-3.4752221004316297,-3.4721207361985678,-3.4690193995429697,-3.465918096715916,-3.462816832892316,-3.4597156123672606,-3.4566144387148494,-3.4535133149169486,-3.4504122434678153,-3.4473112264592998,-3.4442102656503963,-3.441109362524135,-3.4380085183342297,-3.4349077341434104,-3.431807010854992,-3.428706349238933,-3.425605749953385,-3.422505213562567,-3.4194047405516126,-3.416304331338932,-3.413203986286533,-3.4101037057086514,-3.407003489878987,-3.4039033390367823,-3.400803253391949,-3.3977032331293833,-3.3946032784126334,-3.3915033893870006,-3.3884035661821863,-3.3853038089145464,-3.382204117689025,-3.3791044926008147,-3.3760049337367923,-3.3729054411767634,-3.369806014994546,-3.3667066552589273,-3.3636073620345024,-3.360508135382428,-3.357408975361101,-3.3543098820267776,-3.351210855434146,-3.3481118956368663,-3.3450130026880838,-3.341914176640928,-3.3388154175490143,-3.335716725466944,-3.3326181004508233,-3.329519542558806,-3.3264210518516752,-3.323322628393472,-3.320224272252182,-3.317125983500504,-3.3140277622167056,-3.3109296084855946,-3.3078315223996255,-3.3047335040601653,-3.301635553578956,-3.29853767107981,-3.295439856700575,-3.292342110595441,-3.2892444329376356,-3.286146823650657,-3.2830492826647935,-3.2799518099164935,-3.276854405347803,-3.273757068905864,-3.2706598005424627,-3.2675626002136235,-3.264465467879243,-3.2613684035027624,-3.2582714070508714,-3.255174478493238,-3.252077617802269,-3.248980824952887,-3.2458840999223355,-3.242787442689997,-3.239690853237228,-3.2365943315472094,-3.2334978776048127,-3.2304014913964765,-3.2273051729100937,-3.2242089221349066,-3.2211127390614185,-3.2180166236813053,-3.214920575987342,-3.2118245959733307,-3.2087286836340376,-3.2056328389651414,-3.20253706196318,-3.1994413526255117,-3.196345710950274,-3.1932501369363635,-3.1901546305834065,-3.1870591918917506,-3.18396382086246,-3.1808685174973244,-3.1777732817988795,-3.1746781137704447,-3.1715830134161824,-3.16848798074118,-3.165393015751566,-3.16229811845466,-3.1592032888591834,-3.156108526975532,-3.153013832816129,-3.1499192063958987,-3.1468246477328834,-3.143730156849046,-3.140635733771322,-3.1375413785330073,-3.1344470911755717,-3.1313528717510497,-3.128258720325191,-3.125164636981622,-3.122070621827359,-3.118976675000126,-3.1158827966780875,-3.112788987092833,-3.109695246546738,-3.106601575436237,-3.103507974283094,-3.100414443776539,-3.097320984830167,-3.0942275986589944,-3.0911342868840586,-3.0880410516747836,-3.0849478959432206,-3.081854823609767,-3.0787618399675836,-3.075668952183641,-3.072576169989387,-3.069483506635217,-3.0663909802128875,-3.063298615492355,-3.060206446479662,-3.0571145199879486,-3.0540229006355077,-3.0509316778588333,-3.0478409757778038,-3.044750967107702,-3.0416618928270296,-3.038574090051067,-3.0354880316311563,-3.032404382547379,-3.029324080404589,-3.0262484505942395,-3.0231793714058797,-3.02011951122653,-3.0170726699080888,-3.014044270769944,-3.0110420704319525,-3.0080771833117628,-3.005165559478693,-3.0023301124943407,-2.9996037714517847,-2.9970338295484806,-2.9946880728748853,-2.99266327057846,-2.9910966229385885,-2.9901805546271767
-3.5927927893293266,-3.592003124146062,-3.590634752059246,-3.58883897986289,-3.586725511219462,-3.5843745875040636,-3.5818453281578773,-3.5791815584092714,-3.5764159378520937,-3.5735729183935403,-3.570670883234285,-3.5677237056218063,-3.564741892205604,-3.561733426400955,-3.558704393514757,-3.5556594461158912,-3.5526021518304853,-3.549535254197091,-3.5464608689646266,-3.5433806322715253,-3.540295812833948,-3.537207397127127,-3.534116154239632,-3.531022685383932,-3.5279274617927276,-3.5248308538004602,-3.5217331532171814,-3.5186345905852114,-3.51553534852214,-3.5124355720632465,-3.509335376697814,-3.5062348546287625,-3.503134079660247,-3.5000331110231633,-3.4969319963765773,-3.4938307741682357,-3.490729475495449,-3.4876281255756005,-3.484526744910916,-3.4814253502132484,-3.4783239551400578,-3.4752225708814968,-3.4721212066298253,-3.4690198699556145,-3.465918567109946,-3.462817303267728,-3.4597160827240527,-3.4566149090530183,-3.453513785236493,-3.4504127137687335,-3.44731169674159,-3.444210735914057,-3.441109832769163,-3.4380089885606218,-3.4349082043511645,-3.431807481044107,-3.428706819409405,-3.425606220105212,-3.422505683695748,-3.4194052106661457,-3.4163048014348156,-3.413204456363765,-3.4101041757672297,-3.407003959918909,-3.403903809058047,-3.400803723394552,-3.3977037031133235,-3.394603748377909,-3.391503859333611,-3.38840403611013,-3.3853042788238215,-3.382204587579629,-3.3791049624727454,-3.376005403590048,-3.372905911011342,-3.3698064848104465,-3.3667071250561476,-3.3636078318130402,-3.360508605142281,-3.357409445102267,-3.354310351749254,-3.3512113251379323,-3.3481123653219607,-3.3450134723544838,-3.3419146462886324,-3.3388158871780207,-3.3357171950772497,-3.332618570042425,-3.329520012131701,-3.326421521405862,-3.3233230979289483,-3.3202247417689463,-3.3171264529985547,-3.3140282316960405,-3.3109300779462125,-3.307831991841524,-3.3047339734833425,-3.301636022983411,-3.298538140465539,-3.295440326067576,-3.2923425799437123,-3.2892449022671753,-3.2861472929614637,-3.2830497519568644,-3.2799522791898266,-3.2768548746023973,-3.273757538141718,-3.2706602697595737,-3.2675630694119895,-3.264465937058861,-3.261368872663631,-3.2582718761929885,-3.255174947616602,-3.2520780869068773,-3.248981294038739,-3.2458845689894287,-3.2427879117383287,-3.239691322266796,-3.236594800558012,-3.2334983465968485,-3.2304019603697434,-3.227305641864589,-3.224209391070629,-3.2211132079783655,-3.2180170925794767,-3.2149210448667347,-3.211825064833943,-3.208729152475868,-3.205633307788187,-3.2025375307674397,-3.1994418214109834,-3.1963461797169566,-3.1932506056842542,-3.190155099312504,-3.1870596606020514,-3.1839642895539617,-3.180868986170025,-3.177773750452777,-3.1746785824055377,-3.1715834820324686,-3.1684884493386587,-3.1653934843302336,-3.1622985870145146,-3.159203757400223,-3.1561089954977537,-3.153014301319531,-3.149919674880481,-3.1468251161986434,-3.143730625295981,-3.1406362021994303,-3.1375418469422875,-3.1344475595660226,-3.1313533401226694,-3.1282591886779767,-3.125165105315572,-3.1220710901424726,-3.1189771432964006,-3.115883264955521,-3.1127894553514226,-3.1096957147864814,-3.1066020436571318,-3.103508442485139,-3.1004149119597324,-3.0973214529945072,-3.09422806680448,-3.091134755010688,-3.0880415197825544,-3.084948364032129,-3.081855291679811,-3.0787623080187605,-3.0756694202159505,-3.0725766380028263,-3.0694839746297844,-3.0663914481885817,-3.0632990834491745,-3.0602069144176047,-3.0571149879070116,-3.0540233685356903,-3.050932145740135,-3.047841443640223,-3.0447514349512397,-3.041662360651686,-3.038574557856843,-3.0354884994180558,-3.032404850315408,-3.0293245481537583,-3.0262489183245656,-3.0231798391173874,-3.0201199789192583,-3.017073137582095,-3.0140447384253135,-3.011042538068812,-3.008077650930302,-3.005166027079194,-3.0023305800772238,-2.9996042390176716,-2.997034297098292,-2.9946885404099737,-2.992663738100806,-2.9910970904510643,-2.990181022133891
-3.59279324382077,-3.592003578633394,-3.5906352065393836,-3.58883943433349,-3.586725965678729,-3.584375041950606,-3.581845782590617,-3.579182012827363,-3.576416392254874,-3.573573372780487,-3.5706713376049852,-3.5677241599759317,-3.5647423465428925,-3.5617338807211993,-3.5587048478177903,-3.5556599004015776,-3.5526026060987186,-3.5495357084477837,-3.5464613231977076,-3.543381086486938,-3.5402962670316467,-3.5372078513070733,-3.534116608401796,-3.531023139528288,-3.527927915919254,-3.524831307909139,-3.521733607307998,-3.518635044658152,-3.5155358025771926,-3.512436026100404,-3.5093358307170686,-3.506235308630109,-3.5031345336436788,-3.5000335649886747,-3.496932450324162,-3.4938312280978896,-3.4907299294071694,-3.487628579469383,-3.484527198786756,-3.481425804071144,-3.4783244089800074,-3.4752230247034968,-3.472121660433873,-3.4690203237417077,-3.465919020878082,-3.4628177570179037,-3.4597165364562668,-3.4566153627672698,-3.453514238932778,-3.450413167447049,-3.447312150401934,-3.4442111895564267,-3.4411102863935574,-3.43800944216704,-3.434908657939605,-3.431807934614567,-3.4287072729618835,-3.425606673639706,-3.422506137212256,-3.419405664164665,-3.4163052549153448,-3.4132049098263018,-3.410104629211772,-3.407004413345456,-3.4039042624665963,-3.4008041767851025,-3.3977041564858723,-3.3946042017324545,-3.391504312670151,-3.3884044894286616,-3.3853047321243435,-3.382205040862139,-3.379105415737242,-3.376005856836529,-3.372906364239805,-3.3698069380208895,-3.366707578248568,-3.3636082849874365,-3.3605090582986517,-3.3574098982406095,-3.3543108048695682,-3.3512117782402155,-3.348112818406211,-3.345013925420699,-3.3419150993368105,-3.33881634020816,-3.3357176480893482,-3.332619023036482,-3.3295204651077146,-3.326421974363831,-3.3233235508688708,-3.3202251946908197,-3.317126905902377,-3.31402868458181,-3.310930530813926,-3.30783244469118,-3.30473442631494,-3.3016364757969465,-3.298538593261011,-3.2954407788449838,-3.292343032703053,-3.289245355008447,-3.286147745684664,-3.2830502046619925,-3.2799527318768797,-3.276855327271372,-3.2737579907926126,-3.270660722392387,-3.26756352202672,-3.264466389655508,-3.2613693252421925,-3.258272328753462,-3.2551754001589845,-3.252078539431167,-3.248981746544933,-3.2458850214775268,-3.2427883642083293,-3.2396917747186973,-3.2365952529918114,-3.2334987990125446,-3.230402412767334,-3.2273060942440726,-3.224209843432004,-3.22111366032163,-3.218017544904628,-3.2149214971737714,-3.211825517122863,-3.208729604746668,-3.205633760040866,-3.2025379830019958,-3.1994422736274135,-3.1963466319152603,-3.1932510578644306,-3.1901555514745508,-3.1870601127459683,-3.183964741679746,-3.1808694382776745,-3.177774202542289,-3.1746790344769087,-3.1715839340856977,-3.1684889013737436,-3.1653939363471726,-3.1622990390133054,-3.1592042093808654,-3.156109447460245,-3.1530147532638697,-3.1499201268066646,-3.1468255681066712,-3.1437310771858518,-3.140636654071142,-3.137542298795836,-3.134448011401406,-3.1313537919398864,-3.128259640477026,-3.1251655570964525,-3.1220715419051817,-3.1189775950409357,-3.1158837166818794,-3.1127899070596023,-3.1096961664764815,-3.106602495328951,-3.1035088941387747,-3.1004153635951828,-3.09732190461177,-3.0942285184035523,-3.0911352065915687,-3.0880419713452407,-3.0849488155766203,-3.081855743206105,-3.0787627595268567,-3.0756698717058453,-3.072577089474519,-3.0694844260832723,-3.0663918996238633,-3.063299534866247,-3.060207365816468,-3.0571154392876645,-3.0540238198981307,-3.050932597084362,-3.0478418949662363,-3.0447518862590384,-3.0416628119412703,-3.038575009128215,-3.0354889506712186,-3.0324053015503685,-3.029324999370527,-3.0262493695231583,-3.0231802902978275,-3.0201204300815814,-3.0170735887263547,-3.014045189551593,-3.011042989177235,-3.0080781020210514,-3.0051664781525433,-3.0023310311335782,-2.9996046900576308,-2.9970347481227417,-2.9946889914202197,-2.99266418909876,-2.9910975414394985,-2.990181473116768
-3.592793682248146,-3.592004017056806,-3.590635644955857,-3.5888398727407647,-3.58672640407507,-3.5843754803346743,-3.5818462209613697,-3.5791824511839847,-3.5764168305967243,-3.5735738111070616,-3.5706717759158844,-3.5677245982708383,-3.5647427848215547,-3.5617343189834165,-3.558705286063403,-3.555660338630457,-3.5526030443107603,-3.5495361466429047,-3.54646176137584,-3.5433815246480274,-3.5402967051756487,-3.537208289433952,-3.534117046511521,-3.5310235776208345,-3.5279283539946014,-3.524831745967271,-3.5217340453488992,-3.518635482681811,-3.5155362405835984,-3.5124364640895473,-3.509336268688942,-3.5062357465847045,-3.5031349715809914,-3.5000340029086985,-3.496932888226895,-3.4938316659833264,-3.4907303672753045,-3.487629017320214,-3.4845276366202804,-3.4814262418873594,-3.4783248467789107,-3.4752234624850855,-3.4721220981981453,-3.4690207614886606,-3.4659194586077127,-3.462818194730211,-3.459716974151247,-3.4566158004449212,-3.4535146765930986,-3.450413605090036,-3.4473125880275854,-3.4442116271647416,-3.4411107239845333,-3.4380098797406746,-3.434909095495896,-3.4318083721535118,-3.428707710483481,-3.4256071111439557,-3.422506574699155,-3.419406101634212,-3.4163056923675366,-3.4132053472611363,-3.4101050666292485,-3.4070048507455724,-3.4039046998493494,-3.4008046141504917,-3.3977045938338963,-3.3946046390631124,-3.3915047499834405,-3.3884049267245815,-3.385305169402891,-3.3822054781233124,-3.3791058529810387,-3.376006294062947,-3.3729068014488433,-3.3698073752125453,-3.36670801542284,-3.3636087221443223,-3.360509495438149,-3.3574103353627174,-3.3543112419742833,-3.351212215327537,-3.3481132554761373,-3.3450143624732274,-3.3419155363719395,-3.3388167772258877,-3.3357180850896735,-3.3326194600194032,-3.3295209020732304,-3.3264224113119383,-3.323323987799567,-3.320225631604103,-3.3171273427982455,-3.3140291214602624,-3.310930967674961,-3.3078328815347953,-3.3047348631411326,-3.301636912605716,-3.2985390300523565,-3.2954412156189017,-3.2923434694595417,-3.289245791747505,-3.2861481824062895,-3.283050641366183,-3.279953168563634,-3.276855763940689,-3.27375842744449,-3.2706611590268233,-3.2675639586437133,-3.2644668262550565,-3.2613697618242945,-3.258272765318115,-3.2551758367061874,-3.252078975960918,-3.248982183057231,-3.245885457972369,-3.242788800685714,-3.2396922111786224,-3.236595689434275,-3.233499235437544,-3.230402849174868,-3.227306530634139,-3.2242102798046006,-3.221114096676755,-3.2180179812422804,-3.2149219334939496,-3.2118259534255644,-3.208730041031891,-3.2056341963086092,-3.2025384192522575,-3.1994427098601923,-3.196347068130553,-3.1932514940622347,-3.1901559876548653,-3.1870605489087915,-3.1839651778250766,-3.18086987440551,-3.177774638652627,-3.1746794705697488,-3.1715843701610367,-3.1684893374315797,-3.1653943723875035,-3.16229947503613,-3.1592046453861817,-3.156109883448052,-3.153015189234166,-3.1499205627594478,-3.14682600404194,-3.143731513103603,-3.1406370899713743,-3.137542734678549,-3.1344484472665974,-3.131354227787553,-3.1282600763071655,-3.125165992909062,-3.1220719777002612,-3.118978030818484,-3.115884152441895,-3.1127903428020836,-3.1096966022014243,-3.106602931036354,-3.1035093298286367,-3.100415799267502,-3.0973223402665453,-3.0942289540407817,-3.091135642211251,-3.088042406947373,-3.0849492511612016,-3.081856178773134,-3.07876319507633,-3.075670307237762,-3.0725775249888763,-3.0694848615800683,-3.066392335103097,-3.063299970327918,-3.060207801260573,-3.0571158747142024,-3.0540242553070995,-3.05093303247576,-3.0478423303400626,-3.044752321615293,-3.0416632472799545,-3.038575444449332,-3.03548938597477,-3.0324057368363615,-3.0293254346389693,-3.0262498047740647,-3.0231807255312217,-3.020120865297499,-3.01707402392485,-3.014045624732744,-3.011043424341161,-3.0080785371679295,-3.005166913282635,-3.002331466247273,-2.9996051251555085,-2.997035183205659,-2.9946894264894364,-2.9926646241561192,-2.991097976487672,-2.99018190815958
-3.592794105179011,-3.5920044399838473,-3.590636067876204,-3.588840295652238,-3.5867268269759984,-3.5843759032237648,-3.5818466438376158,-3.579182874046599,-3.57641725344509,-3.57357423394069,-3.5706721987343912,-3.5677250210739193,-3.5647432076089682,-3.5617347417549694,-3.5587057088189393,-3.5556607613698534,-3.5526034670339155,-3.549536569349738,-3.546462184066286,-3.543381947322032,-3.5402971278331687,-3.5372087120749525,-3.5341174691359734,-3.531024000228714,-3.5279287765858873,-3.524832168541946,-3.5217344679069518,-3.518635905223231,-3.515536663108376,-3.512436886597674,-3.5093366911804096,-3.506236169059508,-3.503135394039124,-3.500034425350156,-3.4969333106516722,-3.4938320883914193,-3.490730789666711,-3.4876294396949294,-3.484528058978301,-3.481426664228682,-3.478325269103532,-3.475223884793003,-3.4721225204893558,-3.469021183763162,-3.4659198808655036,-3.46281861697129,-3.459717396375612,-3.45661622265257,-3.4535150987840293,-3.450414027264246,-3.4473130101850726,-3.444212049305504,-3.4411111461085695,-3.438010301847983,-3.434909517586475,-3.4318087942273596,-3.4287081325405953,-3.4256075331843343,-3.422506996722796,-3.4194065236411135,-3.416306114357697,-3.4132057692345543,-3.410105488585921,-3.407005272685497,-3.403905121772526,-3.400805036056917,-3.3977050157235698,-3.3946050609360308,-3.3915051718396025,-3.3884053485639853,-3.385305591225536,-3.3822058999291964,-3.37910627477016,-3.376006715835305,-3.3729072232044355,-3.3698077969513696,-3.366708437144894,-3.3636091438496045,-3.3605099171266586,-3.3574107570344522,-3.354311663629242,-3.3512126369657165,-3.348113677097537,-3.3450147840778452,-3.3419159579597735,-3.338817198796936,-3.3357185066439334,-3.332619881556873,-3.329521323593908,-3.3264228328158225,-3.323324409286657,-3.320226053074398,-3.3171277642517434,-3.31402954289696,-3.3109313890948564,-3.3078333029378872,-3.3047352845274194,-3.301637333975195,-3.2985394514050257,-3.2954416369547603,-3.2923438907785885,-3.2892462130497373,-3.2861486036917062,-3.283051062634782,-3.2799535898154133,-3.276856185175647,-3.273758848662625,-3.270661580228133,-3.267564379828196,-3.2644672474227105,-3.2613701829751176,-3.2582731864521066,-3.2551762578233454,-3.2520793970612405,-3.248982604140716,-3.2458858790390153,-3.242789221735519,-3.239692632211584,-3.236596110450393,-3.2334996564368153,-3.230403270157291,-3.2273069515997124,-3.224210700753323,-3.221114517608625,-3.2180184021572944,-3.214922354392106,-3.211826374306861,-3.208730461896328,-3.205634617156184,-3.2025388400829677,-3.199443130674035,-3.1963474889275294,-3.1932519148423424,-3.190156408418101,-3.187060969655153,-3.183965598554563,-3.18087029511812,-3.1777750593483596,-3.174679891248601,-3.171584790823007,-3.1684897580766656,-3.165394793015705,-3.1622998956474464,-3.1592050659806103,-3.1561103040255896,-3.15301560979481,-3.149920983303198,-3.146826424568793,-3.1437319336135574,-3.140637510464428,-3.1375431551546997,-3.134448867725844,-3.1313546482298946,-3.1282604967326004,-3.125166413317589,-3.122072398091877,-3.1189784511931875,-3.115884572799685,-3.1127907631429585,-3.1096970225253844,-3.106603351343396,-3.1035097501187585,-3.100416219540701,-3.0973227605228186,-3.094229374280129,-3.0911360624336695,-3.0880428271528624,-3.0849496713497584,-3.0818565989447566,-3.078763615231018,-3.0756707273755137,-3.0725779451096904,-3.0694852816839435,-3.066392755190029,-3.0633003903979055,-3.0602082213136144,-3.057116294750297,-3.054024675326246,-3.0509334524779574,-3.0478427503253114,-3.0447527415835927,-3.0416636672313047,-3.0385758643837333,-3.035489805892227,-3.032406156736878,-3.029325854522556,-3.026250224640737,-3.0231811453810016,-3.0201212851304207,-3.0170744437409645,-3.0140460445321287,-3.01104384412393,-3.0080789569342525,-3.0051673330327664,-3.0023318859815884,-2.999605544874566,-2.9970356029102843,-2.9946898461808447,-2.9926650438360887,-2.991098396158781,-2.990182327825517
-3.5927945131608987,-3.5920048479620448,-3.5906364758479463,-3.588840703615422,-3.5867272349290085,-3.5843763111653537,-3.5818470517668133,-3.5791832819626457,-3.5764176613473904,-3.5735746418287757,-3.5706726066078898,-3.5677254289325373,-3.5647436154524716,-3.5617351495831713,-3.558706116631689,-3.5556611691670312,-3.5526038748154254,-3.549536977115502,-3.546462591816242,-3.543382355056129,-3.5402975355513657,-3.5372091197772146,-3.5341178768222727,-3.5310244078990283,-3.527929184240197,-3.524832576180237,-3.5217348755292077,-3.5186363128294396,-3.5155370706985285,-3.512437294171761,-3.5093370987384267,-3.5062365766014474,-3.503135801564981,-3.500034832859925,-3.4969337181453484,-3.493832495869,-3.490731197128193,-3.4876298471403113,-3.4845284664075797,-3.481427071641854,-3.4783256765005937,-3.475224292173953,-3.472122927854192,-3.4690215911118805,-3.4659202881981024,-3.4628190242877666,-3.459717803675964,-3.4566166299367955,-3.4535155060521276,-3.450414434516216,-3.4473134174209124,-3.444212456525211,-3.441111553312141,-3.438010709035417,-3.434909924757769,-3.431809201382513,-3.4287085396796058,-3.4256079403072004,-3.4225074038295156,-3.4194069307316854,-3.4163065214321198,-3.4132061762928254,-3.41010589562804,-3.4070056797114616,-3.4039055287823343,-3.4008054430505674,-3.3977054227010597,-3.3946054678973585,-3.3915055787847668,-3.388405755492984,-3.3853059981383655,-3.382206306825856,-3.3791066816506476,-3.37600712269962,-3.3729076300525764,-3.3698082037833363,-3.3667088439606845,-3.3636095506492176,-3.3605103239100917,-3.3574111638017037,-3.354312070380311,-3.351213043700602,-3.3481140838162355,-3.345015190780356,-3.3419163646460945,-3.3388176054670655,-3.33571891329787,-3.3326202881946134,-3.329521730215451,-3.3264232394211657,-3.3233248158757993,-3.3202264596473365,-3.3171281708084766,-3.314029949437487,-3.3109317956191773,-3.307833709445999,-3.304735691019321,-3.3016377404508837,-3.2985398578645,-3.295442043398019,-3.292344297205629,-3.2892466194605583,-3.2861490100863056,-3.283051469013158,-3.2799539961775634,-3.27685659152157,-3.2737592549923193,-3.2706619865415973,-3.267564786125429,-3.2644676537037096,-3.261370589239881,-3.258273592700632,-3.2551766640556314,-3.252079803277285,-3.248983010340518,-3.2458862852225727,-3.2427896279028308,-3.2396930383626477,-3.2365965165852066,-3.2335000625553785,-3.2304036762596025,-3.22730735768577,-3.224211106823124,-3.221114923662168,-3.218018808194578,-3.214922760413128,-3.2118267803116205,-3.2087308678848223,-3.2056350231284116,-3.2025392460389277,-3.199443536613727,-3.1963478948509487,-3.193252320749488,-3.1901568143089722,-3.187061375529748,-3.1839660044128792,-3.1808707009601562,-3.1777754651741135,-3.174680297058072,-3.1715851966161943,-3.168490163853567,-3.165395198776318,-3.1623003013917677,-3.1592054717086384,-3.1561107097373244,-3.153016015490249,-3.149921388982338,-3.146826830231634,-3.1437323392600978,-3.1406379160946667,-3.137543560768635,-3.1344492733234746,-3.1313550538112174,-3.1282609022976136,-3.1251668188662913,-3.122072803624267,-3.118978856709263,-3.115884978299445,-3.1127911686264014,-3.1096974279925074,-3.1066037567941973,-3.103510155553237,-3.1004166249588545,-3.0973231659246463,-3.094229779665628,-3.091136467802839,-3.0880432325057,-3.0849500766862628,-3.0818570042649265,-3.078764020534851,-3.075671132663008,-3.072578350380844,-3.0694856869387555,-3.0663931604284986,-3.063300795620031,-3.0602086265193944,-3.0571166999397295,-3.0540250804993305,-3.0509338576346936,-3.0478431554656966,-3.0447531467076274,-3.041664072338989,-3.038576269475069,-3.0354902109672164,-3.0324065617955283,-3.029326259564875,-3.0262506296667384,-3.0231815503907074,-3.0201216901238634,-3.017074848718194,-3.014046449493218,-3.01104424906899,-3.008079361863449,-3.005167737946343,-3.0023322908799095,-2.9996059497581697,-2.9970360077799665,-2.9946902510377784,-2.9926654486819886,-2.9910988009961352,-2.9901827326578814
-3.592794906721991,-3.592005241519578,-3.5906368693992503,-3.5888410971584683,-3.586727628462242,-3.584376704687571,-3.5818474452770785,-3.5791836754602273,-3.576418054831713,-3.5735750352993856,-3.5706730000644296,-3.567725822374722,-3.5647440088800755,-3.5617355429960122,-3.5587065100296247,-3.555661562549947,-3.5526042681832277,-3.5495373704681166,-3.546462985153609,-3.5433827483781988,-3.540297928858098,-3.537209513068577,-3.534118270098237,-3.5310248011595706,-3.5279295774853003,-3.5248329694098848,-3.5217352687433894,-3.518636706028142,-3.5155374638817425,-3.51243768733948,-3.5093374918906415,-3.506236969738154,-3.5031361946861734,-3.5000352259655982,-3.4969341112354972,-3.4938328889436225,-3.490731590187284,-3.4876302401838672,-3.4845288594355983,-3.481427464654333,-3.4783260694975326,-3.4752246851553488,-3.472123320820042,-3.469021984062184,-3.4659206811328573,-3.4628194172069704,-3.4597181965796153,-3.4566170228248914,-3.4535158989246657,-3.4504148273731947,-3.4473138102623286,-3.444212849351064,-3.4411119461224287,-3.438011101830138,-3.434910317536922,-3.4318095941460953,-3.4287089324276163,-3.4256083330396367,-3.4225077965463777,-3.4194073234329707,-3.4163069141178273,-3.4132065689629547,-3.4101062882825888,-3.4070060723504274,-3.4039059214057157,-3.400805835658363,-3.3977058152932678,-3.394605860473976,-3.3915059713457905,-3.388406148038414,-3.385306390668201,-3.3822066993400948,-3.379107074149289,-3.3760075151826605,-3.3729080225200154,-3.369808596235172,-3.366709236396915,-3.3636099430698403,-3.360510716315105,-3.357411556191106,-3.3543124627540997,-3.351213436058776,-3.3481144761587935,-3.3450155831072963,-3.3419167569574153,-3.338817997762765,-3.335719305577947,-3.3326206804590672,-3.32952212246428,-3.3264236316543694,-3.3233252080933755,-3.320226851849285,-3.317128562994794,-3.3140303416081727,-3.310932187774227,-3.3078341015854122,-3.304736083143095,-3.3016381325590185,-3.298540249956994,-3.2954424354748695,-3.292344689266835,-3.2892470115061188,-3.2861494021162185,-3.2830518610274213,-3.2799543881761757,-3.27685698350453,-3.273759646959624,-3.2706623784932463,-3.2675651780614188,-3.264468045624039,-3.261370981144549,-3.258273984589636,-3.2551770559289706,-3.2520801951349574,-3.2489834021825215,-3.2458866770489054,-3.2427900197134907,-3.239693430157635,-3.2365969083645187,-3.2335004543190142,-3.230404068007559,-3.227307749418047,-3.22421149853972,-3.221115315363081,-3.218019199879807,-3.214923152082671,-3.2118271719654756,-3.2087312595229873,-3.2056354147508856,-3.2025396376457085,-3.199443928204813,-3.196348286426338,-3.19325271230918,-3.190157205852964,-3.187061767058039,-3.1839663959254674,-3.1808710924570387,-3.1777758566552894,-3.1746806885235395,-3.1715855880659523,-3.1684905552876144,-3.1653955901946533,-3.16230069279439,-3.1592058630955457,-3.156111101108514,-3.1530164068457203,-3.1499217803220896,-3.146827221555663,-3.143732730568402,-3.1406383073872446,-3.137543952045485,-3.1344496645845936,-3.131355445056606,-3.12826129352727,-3.125167210080214,-3.1220731948224536,-3.1189792478917115,-3.1158853694661537,-3.1127915597773685,-3.109697819127731,-3.1066041479136763,-3.1035105466569703,-3.1004170160468414,-3.097323556996885,-3.094230170722116,-3.0911368588435746,-3.088043623530682,-3.0849504676954895,-3.0818573952583965,-3.078764411512562,-3.075671523624958,-3.0725787413270313,-3.069486077869178,-3.0663935513431553,-3.063301186518921,-3.060209017402516,-3.057117090807081,-3.0540254713509105,-3.0509342484705004,-3.047843546285731,-3.044753537511889,-3.0416644631274794,-3.03857666024779,-3.0354906017241716,-3.0324069525367214,-3.0293266502903156,-3.0262510203764386,-3.023181941084689,-3.020122080802158,-3.017075239380849,-3.0140468401403053,-3.0110446397006148,-3.008079752479769,-3.0051681285475955,-3.002332681466446,-2.9996063403305087,-2.9970363983388757,-2.994690641584388,-2.992665839217954,-2.9910991915238547,-2.9901831231807887
-3.5927952863718455,-3.5920056211659994,-3.5906372490396623,-3.5888414767909143,-3.5867280080852204,-3.5843770842999225,-3.5818478248779,-3.579184055048815,-3.576418434407511,-3.5735754148619576,-3.5706733796134293,-3.5677262019098754,-3.5647443884011643,-3.5617359225028635,-3.5587068895220995,-3.555661942027932,-3.552604647646633,-3.5495377499168694,-3.5464633645876518,-3.5433831277974845,-3.5402983082625856,-3.537209892458235,-3.5341186494730397,-3.531025180519498,-3.5279299568303344,-3.5248333487400103,-3.5217356480585917,-3.5186370853284146,-3.515537843167075,-3.5124380666098647,-3.5093378711460717,-3.5062373489786216,-3.5031365739116738,-3.5000356051761288,-3.4969344904310558,-3.4938332681242033,-3.490731969352885,-3.4876306193344844,-3.4845292385712296,-3.4814278437749757,-3.4783264486031835,-3.475225064246005,-3.4721236998957026,-3.4690223631228463,-3.4659210601785193,-3.462819796237629,-3.4597185755952684,-3.4566174018255387,-3.453516277910305,-3.4504152063438234,-3.447314189217947,-3.444213228291669,-3.4411123250480182,-3.4380114807407107,-3.4349106964324756,-3.43180997302663,-3.428709311293129,-3.4256087118901273,-3.422508175381843,-3.4194077022534097,-3.416307292923238,-3.4132069477533347,-3.4101066670579363,-3.4070064511107416,-3.4039063001509944,-3.400806214388605,-3.3977061940084723,-3.3946062391741423,-3.391506350030917,-3.3884065267084984,-3.3853067693232424,-3.382207077980091,-3.379107452774238,-3.3760078937925613,-3.372908401114866,-3.369808974814969,-3.3667096149616578,-3.3636103216195274,-3.3605110948497363,-3.3574119347106794,-3.354312841258614,-3.3512138145482298,-3.3481148546331836,-3.345015961566621,-3.3419171354016735,-3.3388183761919557,-3.3357196839920675,-3.3326210588581153,-3.3295225008482543,-3.326424010023268,-3.3233255864471967,-3.3202272301880265,-3.3171289413184564,-3.3140307199167536,-3.3109325660677267,-3.3078344798638284,-3.304736461406427,-3.3016385108072637,-3.29854062819015,-3.295442813692936,-3.2923450674698107,-3.2892473896940007,-3.286149780289006,-3.2830522391851122,-3.27995476631877,-3.276857361632024,-3.2737600250720176,-3.2706627565905366,-3.2675655561436043,-3.2644684236911177,-3.2613713591965188,-3.2582743626264956,-3.2551774339507187,-3.252080573141594,-3.248983780174044,-3.2458870550253116,-3.2427903976747796,-3.2396938081038047,-3.2365972862955683,-3.233500832234941,-3.230404445908362,-3.2273081273037225,-3.2242118764102674,-3.221115693218499,-3.2180195777200935,-3.2149235299078254,-3.211827549775495,-3.208731637317871,-3.205635792530632,-3.202540015410316,-3.19944430595428,-3.1963486641606638,-3.193253090028362,-3.190157583557002,-3.1870621447469305,-3.183966773599211,-3.180871470115634,-3.1777762342987352,-3.1746810661518343,-3.1715859656790926,-3.1684909328855992,-3.16539596777748,-3.162301070362057,-3.159206240648051,-3.156111478645857,-3.1530167843678996,-3.1499221578291032,-3.1468275990475107,-3.1437331080450823,-3.1406386848487555,-3.1375443294918255,-3.134450042015763,-3.131355822472601,-3.1282616709280906,-3.125167587465857,-3.122073572192918,-3.1189796252469955,-3.1158857468062546,-3.1127919371022843,-3.1096981964374604,-3.106604525208218,-3.1035109239363217,-3.1004173933110013,-3.0973239342458516,-3.0942305479558887,-3.091137236062151,-3.0880440007340604,-3.084950844883669,-3.081857772431375,-3.0787647886703398,-3.0756719007675337,-3.0725791184544033,-3.069486454981345,-3.0663939284401147,-3.0633015636006706,-3.060209394469055,-3.0571174678584088,-3.0540258483870257,-3.0509346254914016,-3.047843923291416,-3.0447539145023583,-3.0416648401027335,-3.03857703720783,-3.0354909786690003,-3.032407329466344,-3.0293270272047397,-3.026251397275678,-3.0231823179687636,-3.020122457671098,-3.0170756162347008,-3.0140472169791384,-3.011045016524532,-3.0080801292889237,-3.0051685053422146,-3.002333058246866,-2.9996067170972323,-2.997036775092643,-2.9946910183262903,-2.992666215949588,-2.991099568247536,-2.990183499899827
-3.5927956526020015,-3.5920059873928434,-3.5906376152607096,-3.588841843004277,-3.58672837428945,-3.584377450493899,-3.5818481910607525,-3.5791844212198614,-3.576418800566219,-3.5735757810079063,-3.5706737457462854,-3.567726568029374,-3.564744754507095,-3.561736288595059,-3.5587072556004244,-3.5556623080922796,-3.552605013696917,-3.5495381159530206,-3.5464637306096125,-3.5433834938052087,-3.540298674256037,-3.537210258437383,-3.5341190154378586,-3.5310255464699676,-3.5279303227664363,-3.5248337146617303,-3.52173601396592,-3.5186374512213394,-3.515538209045589,-3.51243843247396,-3.509338236995742,-3.5062377148138624,-3.5031369397324803,-3.500035970982494,-3.4969348562229774,-3.4938336339016773,-3.490732335115909,-3.4876309850830545,-3.484529604305342,-3.4814282094946285,-3.478326814308374,-3.4752254299367316,-3.4721240655719625,-3.469022728784638,-3.4659214258258406,-3.4628201618704795,-3.459718941213645,-3.456617767429439,-3.453516643499728,-3.4504155719187675,-3.4473145547784108,-3.4442135938376506,-3.4411126905795166,-3.4380118462577243,-3.4349110619350034,-3.4318103385146697,-3.428709676766679,-3.425609077349185,-3.422508540826407,-3.4194080676834786,-3.41630765833881,-3.413207313154409,-3.41010703244451,-3.4070068164828142,-3.4039066655085652,-3.4008065797316718,-3.397706559337033,-3.3946066044881946,-3.3915067153304608,-3.3884068919935304,-3.385307134593762,-3.3822074432360965,-3.379107818015728,-3.3760082590195344,-3.3729087663273205,-3.3698093400129046,-3.3667099801450724,-3.3636106867884195,-3.3605114600041044,-3.357412299850521,-3.3543132063839276,-3.351214179659013,-3.3481152197294364,-3.345016326648342,-3.3419175004688606,-3.338818741244607,-3.3357200490301824,-3.332621423881693,-3.329522865857293,-3.3264243750177656,-3.3233259514271527,-3.320227595153439,-3.3171293062693232,-3.314031084853073,-3.310932930989496,-3.307834844771046,-3.304736826299091,-3.301638875685373,-3.298540993053704,-3.295443178541932,-3.292345432304247,-3.2892477545138776,-3.2861501450943207,-3.283052603975864,-3.2799551310949564,-3.2768577263936436,-3.2737603898190692,-3.270663121323019,-3.2675659208615153,-3.2644687883944563,-3.2613717238852837,-3.258274727300686,-3.2551777986103327,-3.252080937786628,-3.248984144804498,-3.2458874196411833,-3.2427907622760683,-3.239694172690508,-3.236597650867685,-3.23350119679247,-3.2304048104513012,-3.2273084918320714,-3.224212240924025,-3.221116057717663,-3.2180199422046627,-3.2149238943777982,-3.21182791423087,-3.2087320017586456,-3.2056361569568046,-3.2025403798218854,-3.1994446703512445,-3.196349028543022,-3.1932534543961113,-3.190157947910141,-3.187062509085458,-3.183967137923126,-3.1808718344249343,-3.177776598593419,-3.1746814304319,-3.17158632994454,-3.168491297136427,-3.165396332013687,-3.162301434583641,-3.159206604855011,-3.156111842838192,-3.153017148545606,-3.1499225219921807,-3.1468279631959564,-3.1437334721788948,-3.1406390489679334,-3.1375446935963676,-3.1344504061056675,-3.1313561865478663,-3.128262034988714,-3.125167951511838,-3.122073936224255,-3.118979989263688,-3.1158861108083005,-3.1127923010896823,-3.1096985604102088,-3.1066048891663156,-3.103511287879768,-3.1004177572397937,-3.0973242981599873,-3.0942309118553677,-3.0911375999469715,-3.088044364604223,-3.0849512087391706,-3.0818581362722135,-3.078765152496512,-3.075672264579039,-3.072579482251241,-3.0694868187635134,-3.0663942922076135,-3.063301927353498,-3.06020975820721,-3.057117831581889,-3.0540262120958297,-3.0509349891855293,-3.047844286970867,-3.044754278167132,-3.0416652037528302,-3.0385774008432507,-3.035491342289748,-3.032407693072424,-3.0293273907961593,-3.026251760852451,-3.0231826815309093,-3.0201228212186457,-3.0170759797676943,-3.0140475804976443,-3.01104538002865,-3.008080492778801,-3.005168868818071,-3.0023334217090283,-2.999607080546183,-2.997037138529097,-2.9946913817512995,-2.992666579364692,-2.9910999316549667,-2.9901838633027786
-3.5927960058866795,-3.5920063406743274,-3.5906379685366017,-3.5888421962727564,-3.58672872754912,-3.5843778037436804,-3.5818485442998047,-3.5791847744475267,-3.576419153781982,-3.573576134211359,-3.570674098937107,-3.567726921207309,-3.564745107671942,-3.5617366417466565,-3.558707608738643,-3.5556626612170157,-3.552605366808087,-3.5495384690505554,-3.5464640836934564,-3.543383846875319,-3.5402990273123778,-3.5372106114799235,-3.534119368466575,-3.531025899484841,-3.527930675767451,-3.524834067648872,-3.5217363669391766,-3.5186378041807003,-3.515538561991045,-3.5124387854055037,-3.509338589913367,-3.5062380677175646,-3.503137292622255,-3.5000363238583394,-3.4969352090848878,-3.4938339867496504,-3.490732687949941,-3.4876313379031436,-3.4845299571114867,-3.481428562286826,-3.4783271670866225,-3.475225782701029,-3.4721244183223057,-3.469023081521025,-3.4659217785482697,-3.462820514578948,-3.4597192939081536,-3.456618120109985,-3.4535169961663086,-3.4504159245713817,-3.447314907417055,-3.444213946462323,-3.4411130431902173,-3.4380121988544508,-3.434911414517755,-3.4318106910834434,-3.4287100293214743,-3.4256094298900006,-3.422508893353242,-3.4194084201963313,-3.4163080108376778,-3.413207665639291,-3.4101073849154053,-3.40700716893972,-3.40390701795148,-3.400806932160595,-3.3977069117519636,-3.3946069568891315,-3.3915070677174013,-3.3884072443664737,-3.385307486952705,-3.382207795581039,-3.379108170346669,-3.3760086113364727,-3.372909118630254,-3.3698096923018324,-3.3667103324199923,-3.3636110390493306,-3.360511812251004,-3.357412652083409,-3.354313558602803,-3.3512145318638735,-3.3481155719202804,-3.345016678825167,-3.3419178526316657,-3.33881909339339,-3.335720401164942,-3.332621776002427,-3.329523217964,-3.3264247271104455,-3.323326303505802,-3.3202279472180574,-3.317129658319909,-3.3140314368896244,-3.3109332830120124,-3.3078351967795268,-3.304737178293534,-3.3016392276657776,-3.298541345020068,-3.2954435304942544,-3.2923457842425257,-3.2892481064381096,-3.2861504970045052,-3.2830529558720003,-3.2799554829770425,-3.2768580782616787,-3.273760741673051,-3.2706634731629465,-3.267566272687388,-3.2644691402062724,-3.2613720756830413,-3.2582750790843833,-3.2551781503799675,-3.2520812895422,-3.2489844965460044,-3.245887771368624,-3.2427911139894405,-3.2396945243898108,-3.2365980025529164,-3.233501548463629,-3.2304051621083865,-3.227308843475081,-3.224212592552958,-3.2211164093325184,-3.2180202938054383,-3.2149242459644927,-3.2118282658034825,-3.208732353317175,-3.205636508501248,-3.2025407313522405,-3.199445021867511,-3.1963493800451976,-3.1932538058841957,-3.1901582993841333,-3.1870628605453555,-3.183967489368927,-3.180872185856638,-3.1777769500110242,-3.174681781835406,-3.1715866813339444,-3.1684916485117265,-3.165396683374881,-3.162301785930728,-3.1592069561879894,-3.1561121941570596,-3.153017499850364,-3.149922873282826,-3.1468283144724887,-3.143733823441313,-3.140639400216235,-3.1375450448305515,-3.1344507573257316,-3.13135653775381,-3.128262386180536,-3.125168302689536,-3.122074287387827,-3.1189803404131324,-3.1158864619436173,-3.11279265221087,-3.1096989115172664,-3.106605240259241,-3.103511638958559,-3.1004181083044484,-3.0973246492105058,-3.094231262891747,-3.0911379509692103,-3.088044715612319,-3.0849515597331245,-3.081858487252023,-3.078765503462177,-3.075672615530557,-3.07257983318861,-3.069487169686732,-3.0663946431166784,-3.0633022782484094,-3.0602101090879663,-3.0571181824484897,-3.054026562948273,-3.0509353400238135,-3.047844637794993,-3.044754628977098,-3.0416655545486373,-3.0385777516249,-3.035491693057243,-3.032408043825768,-3.0293277415353614,-3.026252111577523,-3.0231830322418705,-3.020123171915524,-3.0170763304505326,-3.0140479311665067,-3.011045730683633,-3.008080843420047,-3.0051692194457913,-3.002333772323538,-2.999607431147949,-2.9970374891188087,-2.9946917323299718,-2.9926669299338107,-2.9911002822166854,-2.9901842138601773
-3.5927963466833024,-3.592006681467867,-3.5906383093247465,-3.5888425370537513,-3.586729068321618,-3.5843781445066396,-3.5818488850524144,-3.5791851151891527,-3.576419494512126,-3.57357647492963,-3.570674439643194,-3.5677272619009677,-3.564745448352974,-3.561736982414905,-3.558707949393983,-3.5556630018593474,-3.5526057074373307,-3.5495388096666467,-3.546464424296343,-3.543384187464957,-3.5402993678887325,-3.5372109520429675,-3.5341197090162857,-3.531026240021198,-3.5279310162904376,-3.5248344081584766,-3.5217367074353874,-3.5186381446635075,-3.5155389024604418,-3.5124391258614827,-3.5093389303559226,-3.5062384081466917,-3.5031376330379493,-3.500036664260596,-3.496935549473704,-3.493834327125021,-3.490733028311864,-3.487631678251617,-3.484530297446507,-3.4814289026083913,-3.4783275073947313,-3.4752261229956787,-3.472124758603494,-3.4690234217887492,-3.465922118802528,-3.4628208548197392,-3.459719634135475,-3.4566184603238352,-3.453517336366687,-3.4504162647582874,-3.4473152475904874,-3.4442142866222807,-3.441113383336697,-3.4380125389874516,-3.434911754637274,-3.4318110311894805,-3.4287103694140275,-3.4256097699690677,-3.4225092334188205,-3.41940876024842,-3.416308350876276,-3.413208005664397,-3.4101077249270175,-3.407007508937838,-3.4039073579361023,-3.4008072721317193,-3.3977072517095888,-3.3946072968332563,-3.3915074076480254,-3.388407584283596,-3.3853078268563244,-3.3822081354711537,-3.3791085102232765,-3.3760089511995703,-3.3729094584798407,-3.3698100321379063,-3.3667106722425526,-3.3636113788583755,-3.3605121520465326,-3.35741299186542,-3.3543138983712946,-3.351214871618845,-3.3481159116617305,-3.345017018553095,-3.3419181923460695,-3.338819433094269,-3.3357207408522944,-3.332622115676252,-3.329523557624296,-3.326425066757211,-3.3233266431390347,-3.3202282868377546,-3.3171299979260698,-3.314031776482248,-3.3109336225910972,-3.307835536345071,-3.304737517845537,-3.3016395672042367,-3.2985416845449818,-3.295443870005622,-3.2923461237403457,-3.289248445922381,-3.2861508364752265,-3.28305329532917,-3.279955822420659,-3.2768584176917406,-3.273761081089557,-3.2706638125658953,-3.267566612076779,-3.264469479582104,-3.2613724150453116,-3.2582754184330907,-3.2551784897151106,-3.2520816288637775,-3.248984835854016,-3.2458881106630684,-3.2427914532703155,-3.2396948636571143,-3.2365983418066464,-3.2335018877037838,-3.2304055013349644,-3.2273091826880815,-3.2242129317523776,-3.221116748518356,-3.2180206329776935,-3.214924585123164,-3.211828604948568,-3.2087326924486734,-3.2056368476191595,-3.202541070456564,-3.199445360958244,-3.19634971912234,-3.193254144947747,-3.1901586384340903,-3.1870631995817167,-3.1839678283916917,-3.1808725248658036,-3.177777289006589,-3.174682120817368,-3.1715870203023027,-3.1684919874664805,-3.1653970223160286,-3.162302124858269,-3.159207295101922,-3.1561125330573834,-3.1530178387370764,-3.149923212155926,-3.1468286533319745,-3.1437341622871826,-3.1406397390484875,-3.1375453836491842,-3.134451096130743,-3.1313568765451985,-3.1282627249583,-3.1251686414536755,-3.1220746261383407,-3.118980679150019,-3.115886800666874,-3.1127929909204948,-3.1096992502132585,-3.1066055789415996,-3.103511977627282,-3.100418446959535,-3.097324987851955,-3.0942316015195575,-3.091138289583381,-3.0880450542128477,-3.084951898320009,-3.081858825825263,-3.07876584202177,-3.0756729540765018,-3.072580171720904,-3.0694875082053747,-3.066394981621671,-3.0633026167397492,-3.0602104475656513,-3.0571185209125185,-3.054026901398646,-3.0509356784605304,-3.0478449762180517,-3.0447549673865,-3.041665892944382,-3.0385780900069888,-3.035492031425678,-3.0324083821805554,-3.029328079876509,-3.026252449905041,-3.0231833705557754,-3.0201235102158446,-3.0170766687373094,-3.014048269439801,-3.011046068943536,-3.0080811816666975,-3.0051695576793938,-3.002334110544396,-2.9996077693565124,-2.997037827315742,-2.9946920705162543,-2.9926672681108752,-2.99110062038661,-2.990184552025935
-3.592796675433183,-3.5920070102147754,-3.5906386380664523,-3.5888428657885587,-3.5867293970482286,-3.584378473224047,-3.5818492137598366,-3.5791854438859785,-3.576419823197875,-3.573576803603924,-3.570674768305735,-3.567727590551517,-3.564745776991344,-3.5617373110409445,-3.5587082780075727,-3.5556633304603897,-3.5526060360257485,-3.5495391382423778,-3.5464647528593374,-3.543384516015173,-3.540299696426137,-3.537211280567532,-3.5341200375279875,-3.531026568520017,-3.5279313447763605,-3.52483473663149,-3.5217370358954803,-3.5186384731106717,-3.515539230894669,-3.5124394542827666,-3.509339258764256,-3.50623873654207,-3.503137961420369,-3.500036992630053,-3.4969358778301936,-3.4938346554685418,-3.4907333566424126,-3.48763200656919,-3.484530625751102,-3.4814292309000066,-3.478327835673363,-3.475226451261325,-3.4721250868561544,-3.469023750028423,-3.4659224470292145,-3.4628211830334354,-3.4597199623361794,-3.456618788511546,-3.4535176645414034,-3.450416592920006,-3.447315575739208,-3.4442146147580015,-3.4411137114594164,-3.438012867097168,-3.434912082733986,-3.431811359273187,-3.428710697484726,-3.425610098026757,-3.422509561463501,-3.419409088280089,-3.4163086788949326,-3.413208333670039,-3.410108052919645,-3.407007836917449,-3.403907685902694,-3.400807600085291,-3.3977075796501386,-3.394607624760783,-3.391507735562527,-3.388407912185073,-3.385308154744774,-3.382208463346574,-3.3791088380856653,-3.376009279048927,-3.372909786316164,-3.3698103599611953,-3.366711000052806,-3.3636117066555924,-3.360512479830712,-3.3574133196365596,-3.354314226129393,-3.3512151993639,-3.3481162393937405,-3.345017346272059,-3.3419185200519865,-3.3388197607871373,-3.3357210685321133,-3.3326224433430194,-3.3295238852780114,-3.3264253943978717,-3.323326970766641,-3.3202286144523057,-3.317130325527564,-3.3140321040706837,-3.3109339501664734,-3.307835863907386,-3.304737845394789,-3.301639894740425,-3.298542012068105,-3.295444197515678,-3.292346451237334,-3.2892487734063005,-3.2861511639460748,-3.283053622786945,-3.2799561498653587,-3.276858745123364,-3.2737614085081033,-3.2706641399713616,-3.2675669394691633,-3.2644698069614067,-3.2613727424115315,-3.2582757457862273,-3.255178817055163,-3.2520819561907435,-3.248985163167893,-3.245888437963855,-3.242791780558011,-3.2396951909317173,-3.2365986690681563,-3.2335022149521992,-3.230405828570284,-3.2273095099103037,-3.224213258961501,-3.221117075714379,-3.218020960160615,-3.2149249122929815,-3.211828932105281,-3.208733019592281,-3.205637174749661,-3.2025413975739574,-3.199445688062528,-3.1963500462135124,-3.193254472025805,-3.1901589654990348,-3.1870635266335463,-3.183968155430405,-3.1808728518914,-3.1777776160190663,-3.174682447816725,-3.1715873472885368,-3.16849231443959,-3.1653973492760126,-3.162302451805125,-3.159207622035649,-3.1561128599779797,-3.153018165644541,-3.1499235390502585,-3.1468289802131726,-3.1437344891552463,-3.140640065903415,-3.137545710490974,-3.134451422959394,-3.13135720336071,-3.128263051760671,-3.1251689682429036,-3.1220749529144243,-3.1189810059129566,-3.115887127416664,-3.112793317657137,-3.1096995769367513,-3.106605905651941,-3.1035123043244712,-3.1004187736435718,-3.097325314522837,-3.0942319281772828,-3.091138616227948,-3.088045380844256,-3.084952224938256,-3.081859152430347,-3.07876616861369,-3.075673280655256,-3.072580498286491,-3.069487834757794,-3.0663953081609208,-3.0633029432658287,-3.0602107740785605,-3.057118847412256,-3.05402722788521,-3.0509360049339196,-3.0478453026782657,-3.044755293833538,-3.041666219378244,-3.038578416427677,-3.0354923578331943,-3.0324087085749043,-3.0293284062576973,-3.0262527762730804,-3.023183696910685,-3.0201238365576506,-3.0170769950660516,-3.0140485957555394,-3.0110463952463586,-3.0080815079567356,-3.005169883956845,-3.002334436809553,-2.999608095609809,-2.9970381535578206,-2.99469239674806,-2.9926675943337906,-2.9911009466026393,-2.990184878237944
-3.592796992562021,-3.5920073273407453,-3.590638955187405,-3.5888431829028606,-3.5867297141546235,-3.5843787903215643,-3.581849530847722,-3.5791857609636435,-3.576420140264856,-3.573577120659855,-3.570675085350327,-3.5677279075845405,-3.564746094012618,-3.561737628050326,-3.5587085950049446,-3.5556636474456598,-3.55260635299884,-3.54953945520323,-3.546465069807901,-3.5433848329514097,-3.5403000133500133,-3.5372115974790224,-3.5341203544270705,-3.531026885406674,-3.5279316616505745,-3.5248350534932484,-3.5217373527447724,-3.518638789947489,-3.5155395477190043,-3.512439771094616,-3.5093395755636148,-3.506239053328933,-3.503138278194731,-3.50003730939191,-3.4969361945795434,-3.4938349722053803,-3.490733673366737,-3.4876323232809994,-3.4845309424503936,-3.481429547586777,-3.4783281523476113,-3.475226767923049,-3.472125403505353,-3.4690240666650927,-3.4659227636533525,-3.4628214996450417,-3.459720278935252,-3.4566191050980852,-3.453517981115406,-3.450416909481471,-3.4473158922881333,-3.4442149312943866,-3.4411140279832595,-3.438013183608468,-3.434912399232742,-3.431811675759397,-3.428711013958389,-3.4256104144878723,-3.4225098779120664,-3.419409404716103,-3.416308995318393,-3.4132086500809447,-3.4101083693179945,-3.407008153303241,-3.403908002275928,-3.4008079164459644,-3.39770789599825,-3.39460794109633,-3.391508051885509,-3.3884082284954884,-3.3853084710426216,-3.382208779631854,-3.379109154358377,-3.3760095953090694,-3.3729101025637354,-3.3698106761961935,-3.3667113162752305,-3.363612022865441,-3.3605127960279826,-3.357413635821252,-3.354314542301505,-3.351215515523431,-3.3481165555406887,-3.3450176624064234,-3.3419188361737664,-3.3388200768963316,-3.3357213846287204,-3.332622759427038,-3.329524201349439,-3.3264257104567077,-3.3233272868128845,-3.3202289304859556,-3.3171306415486193,-3.3140324200791427,-3.310934266162334,-3.307836179890647,-3.304738161365448,-3.301640210698481,-3.2985423280135566,-3.295444513448524,-3.2923467671575724,-3.2892490893139303,-3.2861514798410956,-3.283053938669356,-3.2799564657351588,-3.276859060980553,-3.2737617243526786,-3.2706644558033213,-3.267567255288506,-3.2644701227681296,-3.261373058205634,-3.258276061567708,-3.25517913282402,-3.2520822719469757,-3.2489854789115,-3.2458887536948358,-3.2427920962763643,-3.2396955066374415,-3.2365989847612493,-3.2335025306326597,-3.230406144238111,-3.227309825565496,-3.2242135746040574,-3.2211173913442988,-3.2180212757778954,-3.2149252278976217,-3.21182924769728,-3.2087333351716367,-3.205637490316372,-3.2025417131280216,-3.1994460036039447,-3.196350361742281,-3.193254787541925,-3.1901592810025035,-3.187063842124363,-3.183968470908568,-3.1808731673569075,-3.177777931471918,-3.1746827632569192,-3.171587662716074,-3.16849262985447,-3.1653976646782334,-3.1623027671946846,-3.1592079374125457,-3.1561131753422105,-3.1530184809961046,-3.1499238543891535,-3.1468292955393977,-3.1437348044687994,-3.1406403812042947,-3.1375460257791796,-3.134451738234924,-3.1313575186235636,-3.128263367010846,-3.1251692834804,-3.1220752681392407,-3.1189813211250907,-3.115887442616116,-3.1127936328439056,-3.1096998921108354,-3.106606220813339,-3.1035126194731815,-3.1004190887795917,-3.0973256296461664,-3.09423224328792,-3.091138931325893,-3.088045695929506,-3.0849525400108107,-3.0818594674902053,-3.07876648366085,-3.0756735956897163,-3.072580813308252,-3.069488149766853,-3.0663956231572764,-3.0633032582494786,-3.0602110890495036,-3.057119162370492,-3.054027542830738,-3.0509363198667394,-3.047845617598376,-3.0447556087409393,-3.041666534272937,-3.0385787313096624,-3.035492672702475,-3.032409023431484,-3.0293287211015834,-3.0262530911042833,-3.023184011729221,-3.0201241513635444,-3.017077309859343,-3.0140489105362853,-3.011046710014646,-3.0080818227126924,-3.005170198700662,-3.0023347515415115,-2.9996084103303273,-2.9970384682675166,-2.9946927114478457,-2.992667909024999,-2.9911012612872034,-2.99018519291863
-3.5927972984804986,-3.5920076332564554,-3.590639261098271,-3.588843488807307,-3.58673002005144,-3.584379096209817,-3.5818498367266853,-3.5791860668327473,-3.5764204461236546,-3.573577426507996,-3.570675391187531,-3.5677282134105863,-3.5647463998273303,-3.5617379338535637,-3.5587089007965966,-3.5556639532256367,-3.5526066587670697,-3.549539760959653,-3.54646537555247,-3.543385138684085,-3.540300319070765,-3.537211903187825,-3.5341206601239032,-3.5310271910915207,-3.527931967323423,-3.524835359154085,-3.5217376583935875,-3.518639095584275,-3.515539853343752,-3.512440076707318,-3.5093398811642667,-3.506239358917529,-3.5031385837712667,-3.5000376149563834,-3.496936500131951,-3.4938352777457187,-3.4907339788950034,-3.4876326287971904,-3.4845312479545076,-3.481429853078812,-3.478328457827565,-3.4752270733909207,-3.47212570896114,-3.469024372108795,-3.4659230690849685,-3.4628218050645683,-3.459720584342689,-3.456619410493429,-3.453518286498656,-3.4504172148526258,-3.4473161976471904,-3.4442152366413454,-3.4411143333181196,-3.438013488931228,-3.4349127045434016,-3.4318119810579533,-3.428711319244841,-3.425610719762218,-3.4225101831743046,-3.4194097099662337,-3.4163093005564145,-3.4132089553068563,-3.4101086745317932,-3.407008458504926,-3.4039083074654983,-3.4008082216234197,-3.397708201163588,-3.394608246249552,-3.3915083570266127,-3.388408533624471,-3.3853087761594836,-3.3822090847365924,-3.3791094594509903,-3.376009900389556,-3.372910407632095,-3.369810981252425,-3.366711621319332,-3.3636123278974113,-3.3605131010478204,-3.357413940828956,-3.354314847297074,-3.351215820506864,-3.348116860511985,-3.34501796736558,-3.3419191411207825,-3.3388203818312063,-3.3357216895514514,-3.332623064337626,-3.329524506247883,-3.3264260153430065,-3.323327591687036,-3.320229235347958,-3.3171309463984704,-3.314032724916842,-3.310934570987881,-3.30783648470404,-3.3047384661666865,-3.301640515487563,-3.2985426327904803,-3.2954448182132885,-3.292347071910177,-3.289249394054373,-3.2861517845693746,-3.28305424338547,-3.279956770439107,-3.2768593656723324,-3.2737620290322886,-3.270664760470762,-3.2675675599437763,-3.264470427411228,-3.2613733628365584,-3.2582763661864567,-3.2551794374305913,-3.252082576541369,-3.248985783493714,-3.2458890582648685,-3.242792400834215,-3.239695811183109,-3.236599289294733,-3.2335028351539585,-3.2304064487472233,-3.22731013006242,-3.224213879088792,-3.2211176958168424,-3.2180215802382475,-3.2149255323457813,-3.211829552133245,-3.208733639595406,-3.2056377947279433,-3.2025420175273958,-3.1994463079911197,-3.196350666117255,-3.1932550919046965,-3.1901595853530704,-3.187064146462725,-3.1839687752347228,-3.180873471670855,-3.1777782357736557,-3.1746830675464452,-3.171587966993387,-3.1684929341195684,-3.1653979689311162,-3.1623030714353506,-3.159208241640995,-3.1561134795584436,-3.1530187852001204,-3.14992415858095,-3.146829599718975,-3.1437351086361556,-3.1406406853594286,-3.1375463299220896,-3.1344520423656084,-3.1313578227420193,-3.128263671117073,-3.125169587574396,-3.1220755722210045,-3.118981625194622,-3.115887746673414,-3.112793936888968,-3.10970019614366,-3.1066065248339254,-3.103512923481529,-3.1004193927757,-3.0973259336300325,-3.094232547259544,-3.091139235285272,-3.088045999876639,-3.0849528439456955,-3.0818597714128417,-3.078766787571237,-3.0756738995878523,-3.0725811171941357,-3.0694884536404827,-3.0663959270186507,-3.0633035620985978,-3.060211392886366,-3.0571194661950964,-3.0540278466430837,-3.0509366236668245,-3.0478459213862013,-3.044755912516504,-3.0416668380362415,-3.0385790350607076,-3.0354929764412644,-3.032409327158021,-3.0293290248158744,-3.0262533948063393,-3.0231843154190576,-3.020124455041188,-3.017077613524829,-3.0140492141896704,-3.0110470136560115,-3.008082126342163,-3.00517050231842,-3.00233505514783,-2.999608713925609,-2.99703877185236,-2.9946930150231292,-2.992668212592009,-2.991101564847805,-2.9901854964754904
-3.5927975935847676,-3.5920079283580573,-3.5906395561952036,-3.5888437838980476,-3.586730315134824,-3.584379391284942,-3.581850131792848,-3.579186361889399,-3.576420741170364,-3.5735777215444244,-3.5706756862134097,-3.5677285084257035,-3.5647466948315145,-3.5617382288466795,-3.5587091957785355,-3.5556642481963117,-3.552606953726411,-3.5495400559076073,-3.5464656704889914,-3.5433854336091364,-3.540300613984317,-3.5372121980898514,-3.5341209550143833,-3.531027485970438,-3.5279322621907636,-3.524835654009838,-3.5217379532377433,-3.5186393904168245,-3.5155401481646886,-3.512440371516636,-3.509340175961961,-3.506239653703595,-3.5031388785457005,-3.50003790971918,-3.496936794883108,-3.493835572485234,-3.4907342736228752,-3.487632923513416,-3.484531542659085,-3.481430147771738,-3.4783287525088387,-3.4752273680605397,-3.4721260036191013,-3.4690246667550966,-3.4659233637196083,-3.462822099687545,-3.4597208789540006,-3.4566197050930754,-3.4535185810866356,-3.4504175094289384,-3.4473164922118356,-3.4442155311943212,-3.4411146278594242,-3.4380137834608595,-3.4349129990613583,-3.431812275564236,-3.4287116137394484,-3.4256110142451486,-3.4225104776455555,-3.4194100044258033,-3.4163095950043023,-3.413209249743061,-3.4101089689563144,-3.407008752917762,-3.403908601866648,-3.400808516012882,-3.3977084955413615,-3.394608540615635,-3.3915086513810047,-3.388408827967171,-3.3853090704904893,-3.3822093790559036,-3.3791097537586063,-3.3760101946854744,-3.3729107019163154,-3.369811275524945,-3.3667119155801513,-3.3636126221465275,-3.360513395285233,-3.3574142350546636,-3.354315141511075,-3.3512161147091573,-3.34811715470257,-3.345018261544457,-3.341919435287948,-3.3388206759866597,-3.335721983695193,-3.332623358469652,-3.329524800368194,-3.3264263094516,-3.323327885783911,-3.320229529433113,-3.3171312404719044,-3.3140330189785536,-3.310934865037869,-3.3078367787423035,-3.3047387601932243,-3.301640809502374,-3.298542926793562,-3.2954451122046393,-3.292347365889795,-3.289249688022258,-3.286152078525527,-3.2830545373298876,-3.2799570643717892,-3.276859659593278,-3.2737623229414976,-3.2706650543682327,-3.2675678538295068,-3.2644707212852166,-3.2613736566988045,-3.258276660036959,-3.2551797312693482,-3.252082870368379,-3.2489860773089747,-3.2458893520683794,-3.242792694625975,-3.2396961049631168,-3.236599583062987,-3.233503128910457,-3.230406742491966,-3.227310423795405,-3.224214172810018,-3.2211179895263076,-3.218021873935951,-3.2149258260317217,-3.2118298458074213,-3.2087339332578164,-3.205638088378587,-3.2025423111662725,-3.199446601618229,-3.1963509597325945,-3.1932553855082655,-3.1901598789448675,-3.187064440042749,-3.183969068802973,-3.180873765227329,-3.1777785293183523,-3.1746833610793637,-3.171588260514525,-3.1684932276289253,-3.1653982624286905,-3.1623033649211427,-3.1592085351150034,-3.156113773020666,-3.153019078650555,-3.149924452019595,-3.146829893145829,-3.1437354020512185,-3.140640978762699,-3.1375466233135674,-3.134452335745293,-3.1313581161099098,-3.1282639644731662,-3.1251698809186914,-3.1220758655535015,-3.1189819185153196,-3.1158880399823086,-3.112794230186059,-3.1097004894289477,-3.1066068181074074,-3.103513216743204,-3.1004196860255657,-3.097326226868088,-3.0942328404857884,-3.091139528499704,-3.0880462930792576,-3.0849531371365004,-3.081860064591831,-3.07876708073841,-3.0756741927432096,-3.072581410337675,-3.0694887467722025,-3.0663962201385506,-3.0633038552066756,-3.0602116859826203,-3.057119759279526,-3.054028139715687,-3.050936916727602,-3.047846214435152,-3.0447562055536284,-3.0416671310615393,-3.03857932807418,-3.0354932694429135,-3.0324096201478508,-3.029329317793892,-3.026253687772554,-3.0231846083734855,-3.020124747983851,-3.0170779064557642,-3.0140495071089313,-3.011047306563678,-3.0080824192383537,-3.0051707952033118,-3.0023353480216852,-2.999609006788819,-2.9970390647054996,-2.994693307867046,-2.9926685054279436,-2.991101857677557,-2.9901857893016346
-3.592797878257048,-3.5920082130277637,-3.590639840860404,-3.588844068557276,-3.586730599786952,-3.5843796759290996,-3.5818504164283587,-3.5791866465157343,-3.5764210257871083,-3.573578006151251,-3.5706759708100586,-3.5677287930119697,-3.5647469794072353,-3.561738513411724,-3.5587094803327988,-3.55566453273971,-3.5526072382588776,-3.5495403404290857,-3.546465954999439,-3.543385718108519,-3.540300898472604,-3.537212482567021,-3.5341212394804145,-3.5310277704253155,-3.527932546634472,-3.5248359384423664,-3.5217382376590827,-3.5186396748269653,-3.5155404325636255,-3.512440655904362,-3.5093404603384726,-3.5062399380688882,-3.503139162899773,-3.5000381940620295,-3.4969370792147307,-3.4938358568056276,-3.490734557932036,-3.487633207811341,-3.4845318269457715,-3.481430432047185,-3.4783290367730446,-3.4752276523135017,-3.472126287860819,-3.469024950985568,-3.465923647938834,-3.4628223838955234,-3.4597211631507303,-3.4566199892785545,-3.453518865260863,-3.450417793591911,-3.447316776363553,-3.444215815334781,-3.4411149119886253,-3.4380140675788007,-3.4349132831680382,-3.431812559659654,-3.428711897823603,-3.425611298318039,-3.4225107617071817,-3.4194102884761635,-3.4163098790433946,-3.4132095337708845,-3.4101092529728687,-3.407009036923046,-3.403908885860659,-3.4008087999956187,-3.3977087795128225,-3.3946088245758186,-3.3915089353299104,-3.388409111904797,-3.3853093544168353,-3.3822096629709675,-3.3791100376623877,-3.3760104785779728,-3.372910985797528,-3.369811559394871,-3.3667121994387887,-3.3636129059938766,-3.3605136791212926,-3.3574145188794318,-3.3543154253245517,-3.351216398511341,-3.348117438493458,-3.3450185453240486,-3.341919719056243,-3.338820959743656,-3.335722267440888,-3.3326236422040463,-3.3295250840912844,-3.3264265931633865,-3.323328169484392,-3.320229813122287,-3.3171315241497714,-3.3140333026451114,-3.3109351486931153,-3.3078370623862376,-3.304739043825846,-3.301641093123682,-3.298543210403557,-3.295445395803319,-3.29234764947716,-3.2892499715983057,-3.2861523620902555,-3.2830548208832964,-3.2799573479138764,-3.2768599431240424,-3.273762606460937,-3.2706653378763457,-3.267568137326293,-3.264471004770675,-3.2613739401729336,-3.2582769434997574,-3.2551800147208154,-3.252083153808514,-3.2489863607377774,-3.245889635485848,-3.242792978032107,-3.239696388357912,-3.236599866446445,-3.2335034122825768,-3.230407025852746,-3.227310707144845,-3.2242144561481174,-3.2211182728530634,-3.2180221572513625,-3.214926109335787,-3.21183012910014,-3.2087342165391877,-3.2056383716486105,-3.2025425944249455,-3.1994468848655497,-3.1963512429685617,-3.193255668732878,-3.190160162158124,-3.187064723244647,-3.183969351993513,-3.1808740484065092,-3.177778812486173,-3.174683644235823,-3.1715885436596225,-3.16849351076266,-3.1653985455510605,-3.162303648032146,-3.1592088182146383,-3.156114056108931,-3.1530193617274493,-3.1499247350851185,-3.146830176199981,-3.1437356850939957,-3.1406412617941006,-3.1375469063335912,-3.1344526187539383,-3.1313583991071763,-3.1282642474590534,-3.1251701638931975,-3.122076148516625,-3.1189822014670603,-3.1158883229226655,-3.1127945131150314,-3.109700772346533,-3.106607101013605,-3.103513499638012,-3.100419968908984,-3.0973265097401153,-3.0942331233464233,-3.0911398113489454,-3.088046575917103,-3.0849534199629494,-3.081860347406882,-3.0787673635420623,-3.075674475535461,-3.072581693118525,-3.06948902954165,-3.066396502896594,-3.0633041379533146,-3.0602119687178537,-3.057120042003352,-3.0540284224281065,-3.050937199428613,-3.0478464971247536,-3.04475648823182,-3.041667413728322,-3.0385796107295557,-3.035493552086884,-3.03240990278042,-3.0293296004150663,-3.026253970382344,-3.0231848909719057,-3.0201250305709246,-3.0170781890315252,-3.0140497896734297,-3.011047589116992,-3.008082701780597,-3.0051710777346563,-3.002335630542385,-2.999609289299249,-2.997039347206216,-2.9946935903588665,-2.9926687879120655,-2.991102140155715,-2.990186071776311
-3.5927981528659894,-3.5920084876342218,-3.5906401154625165,-3.5888443431536268,-3.5867308743764577,-3.584379950510919,-3.581850691001838,-3.579186921080363,-3.5764213003424836,-3.573578280697056,-3.5706762453460454,-3.5677290675379396,-3.5647472539230307,-3.5617387879172204,-3.5587097548278974,-3.5556648072243298,-3.5526075127329517,-3.5495406148925626,-3.546466229452276,-3.5433859925506814,-3.540301172904063,-3.5372127569877536,-3.534121513890403,-3.5310280448245437,-3.5279328210229273,-3.524836212820038,-3.5217385120259617,-3.518639949183046,-3.5155407069089013,-3.512440930238828,-3.5093407346621226,-3.506240212381718,-3.5031394372017775,-3.500038468353205,-3.4969373534950736,-3.493836131075135,-3.490734832190706,-3.487633482059172,-3.484532101182764,-3.4814307062733367,-3.478329310988353,-3.4752279265179657,-3.4721265620544375,-3.4690252251683398,-3.4659239221107554,-3.4628226580565946,-3.459721437300949,-3.456620263417919,-3.453519139389371,-3.4504180677095615,-3.4473170504703434,-3.4442160894307117,-3.4411151860736955,-3.4380143416530093,-3.434913557231383,-3.4318128337121334,-3.428712171865216,-3.425611572348783,-3.4225110357270565,-3.4194105624851687,-3.4163101530415303,-3.413209807758148,-3.4101095269492596,-3.4070093108885624,-3.4039091598153006,-3.4008090739393846,-3.397709053445713,-3.3946090984978325,-3.3915092092410455,-3.3884093858050526,-3.3853096283062096,-3.3822099368494603,-3.3791103115299963,-3.376010752434696,-3.372911259643364,-3.3698118332298184,-3.3667124732628477,-3.363613179807045,-3.360513952923568,-3.357414792670814,-3.3543156991050402,-3.351216672280935,-3.348117712252157,-3.345018819071851,-3.3419199927931476,-3.3388212334696616,-3.3357225411559948,-3.332623915908252,-3.3295253577845876,-3.326426866845786,-3.3233284431558867,-3.320230086782876,-3.317131797799453,-3.3140335762838853,-3.310935422320981,-3.307837336003194,-3.3047393174318906,-3.301641366718814,-3.2985434839877747,-3.295445669376622,-3.2923479230395465,-3.289250245149775,-3.286152635630806,-3.2830550944129273,-3.2799576214325863,-3.2768602166318304,-3.273762879957802,-3.2706656113622863,-3.267568410801308,-3.2644712782347636,-3.261374213626094,-3.258277216941989,-3.255180288152118,-3.252083427228885,-3.2489866341472156,-3.2458899088843522,-3.242793251419678,-3.2396966617345475,-3.236600139812143,-3.233503685637336,-3.2304072991965658,-3.2273109804777236,-3.224214729470053,-3.2211185461640572,-3.2180224305514127,-3.2149263826248937,-3.2118304023783013,-3.208734489806403,-3.2056386449048766,-3.2025428676702616,-3.199447158099914,-3.196351516191975,-3.193255941945339,-3.1901604353596316,-3.187064996435201,-3.1839696251731104,-3.18087432157515,-3.1777790856438544,-3.1746839173825445,-3.171588816795382,-3.168493783887456,-3.1653988186648934,-3.162303921135014,-3.159209091306541,-3.156114329189868,-3.1530196347974186,-3.1499250081441184,-3.1468304492480086,-3.143735958131051,-3.140641534820182,-3.137547179348698,-3.1344528917580705,-3.131358672100332,-3.128264520441231,-3.125170436864397,-3.1220764214768444,-3.118982474416298,-3.1158885958609215,-3.112794786042303,-3.1097010452628195,-3.1066073739189064,-3.103513772532327,-3.1004202417923112,-3.0973267826124533,-3.09423339620777,-3.0911400841993006,-3.0880468487564676,-3.0849536927913204,-3.081860620224259,-3.0787676363484433,-3.075674748330845,-3.072581965902911,-3.0694893023150365,-3.0663967756589803,-3.0633044107046996,-3.060212241458237,-3.0571203147327326,-3.0540286951464832,-3.050937472135986,-3.0478467698211236,-3.044756760917186,-3.0416676864026844,-3.038579883392914,-3.0354938247392393,-3.032410175421777,-3.02932987304543,-3.0262542430017243,-3.0231851635803166,-3.0201253031683892,-3.017078461618077,-3.014050062249119,-3.0110478616818925,-3.00808297433482,-3.005171350278365,-3.002335903075824,-2.9996095618227803,-2.997039619720375,-2.9946938628644437,-2.9926690604102157,-2.9911024126481136,-2.9901863442653505
-3.592798417767259,-3.5920087525330957,-3.5906403803571973,-3.588844608042748,-3.5867311392589714,-3.584380215386017,-3.5818509558688896,-3.579187185938877,-3.5764215651920743,-3.5735785455374183,-3.570676510176937,-3.5677293323591694,-3.564747518734446,-3.5617390527187003,-3.5587100196193426,-3.5556650720056626,-3.552607777504111,-3.5495408796534984,-3.5464664942029467,-3.5433862572910546,-3.5403014376341133,-3.5372130217074575,-3.5341217785997414,-3.531028309523502,-3.5279330857114934,-3.5248364774982024,-3.5217387766937147,-3.51864021384038,-3.5155409715558092,-3.512441194875304,-3.509340999288163,-3.5062404769973194,-3.5031397018069375,-3.5000387329479206,-3.4969376180793423,-3.493836395648954,-3.4907350967540727,-3.4876337466120857,-3.4845323657252205,-3.4814309708053353,-3.4783295755098917,-3.475228191029043,-3.4721268265550513,-3.4690254896584882,-3.465924186590437,-3.4628229225258074,-3.459721701759691,-3.4566205278661886,-3.453519403827168,-3.4504183321368873,-3.447317314887196,-3.444216353837089,-3.441115450469597,-3.438014606038433,-3.4349138216063286,-3.431813098076599,-3.4287124362192,-3.4256118366922856,-3.4225113000600755,-3.4194108268077033,-3.416310417353579,-3.413210072059711,-3.4101097912403344,-3.4070095751691483,-3.4039094240853967,-3.40080933819899,-3.3977093176948254,-3.394609362736451,-3.3915094734691693,-3.3884096500226812,-3.3853098925133414,-3.3822102010460924,-3.3791105757161284,-3.3760110166103274,-3.3729115238084937,-3.369812097384447,-3.3667127374069734,-3.3636134439406677,-3.3605142170466875,-3.357415056783428,-3.3543159632071475,-3.351216936372534,-3.348117976333247,-3.3450190831424296,-3.3419202568532134,-3.3388214975192136,-3.335722805195031,-3.332624179936771,-3.329525621802589,-3.326427130853268,-3.3233287071528492,-3.3202303507693185,-3.317132061775374,-3.3140338402492837,-3.310935686275856,-3.307837599947544,-3.304739581365715,-3.301641630642113,-3.2985437479005455,-3.295445933278864,-3.292348186931258,-3.2892505090309547,-3.286152899501453,-3.283055358273039,-3.2799578852821627,-3.27686048047087,-3.273763143786304,-3.2706658751802498,-3.267568674608732,-3.264471542031647,-3.261374477412437,-3.25827748071779,-3.2551805519173747,-3.2520836909835986,-3.248986897891384,-3.2458901726179747,-3.2427935151427527,-3.2396969254470735,-3.236600403514119,-3.2335039493287607,-3.230407562877437,-3.227311244148041,-3.224214993129816,-3.221118809813264,-3.2180226941900627,-3.214926646252985,-3.2118306659958336,-3.208734753413374,-3.2056389085012857,-3.2025431312561077,-3.1994474216751967,-3.1963517797566925,-3.1932562054994893,-3.1901606989032145,-3.187065259968215,-3.1839698886955548,-3.1808745850870235,-3.1777793491451574,-3.174684180873276,-3.17158908027554,-3.168494047357039,-3.1653990821239004,-3.1623041845834448,-3.1592093547443927,-3.1561145926171403,-3.15301989821411,-3.149925271550228,-3.146830712643535,-3.1437362215159936,-3.140641798194541,-3.137547442712472,-3.1344531551112578,-3.131358935442931,-3.1282647837732416,-3.125170700185817,-3.122076684787674,-3.1189827377165344,-3.1158888591505627,-3.112795049321349,-3.10970130853127,-3.1066076371767593,-3.1035140357795825,-3.1004205050289664,-3.0973270458385076,-3.0942336594232227,-3.09114034740415,-3.0880471119507127,-3.08495395597496,-3.0818608833972916,-3.0787678995108685,-3.075675011482662,-3.072582229044118,-3.0694895654456342,-3.0663970387789674,-3.0633046738140743,-3.0602125045569974,-3.057120577820879,-3.0540289582240137,-3.0509377352028992,-3.0478470328774185,-3.044757023962864,-3.0416679494377448,-3.038580146417359,-3.035494087753072,-3.0324104384250004,-3.0293301360380496,-3.0262545059837507,-3.023185426551764,-3.020125566129278,-3.0170787245684374,-3.014050325189,-3.0110481246113654,-3.008083237253991,-3.0051716131873945,-3.0023361659749472,-2.9996098247123486,-2.9970398826009057,-2.9946941257366966,-2.992669323275304,-2.9911026755076517,-2.99018660712165
-3.592798673303938,-3.592009008067463,-3.590640635887521,-3.5888448635677106,-3.586731394777561,-3.5843804708974534,-3.5818512113725656,-3.579187441434315,-3.576421820678902,-3.573578801015342,-3.570676765645725,-3.5677295878186372,-3.564747774184448,-3.561739308159119,-3.558710275050085,-3.5556653274266536,-3.5526080329152916,-3.549541135054818,-3.5464667495943667,-3.543386512672541,-3.540301693005639,-3.5372132770690023,-3.5341220339512884,-3.5310285648650366,-3.5279333410430027,-3.5248367328196757,-3.5217390320051445,-3.518640469141759,-3.515541226847133,-3.512441450156568,-3.5093412545593625,-3.5062407322584503,-3.503139957057995,-3.5000389881889014,-3.496937873310244,-3.4938366508697754,-3.4907353519648114,-3.4876340018127387,-3.4845326209157856,-3.4814312259858102,-3.4783298306802757,-3.4752284461893352,-3.47212708170525,-3.4690257447985915,-3.4659244417204444,-3.4628231776457183,-3.4597219568695055,-3.456620782965905,-3.4535196589167847,-3.4504185872164013,-3.4473175699566063,-3.4442166088963946,-3.441115705518796,-3.4380148610775256,-3.4349140766353132,-3.4318133530954738,-3.428712691227965,-3.4256120916909403,-3.422511555048619,-3.419411081786133,-3.416310672321894,-3.4132103270179095,-3.4101100461884153,-3.4070098301071106,-3.4039096790132386,-3.40080959311671,-3.397709572602424,-3.394609617633926,-3.391509728356519,-3.3884099048999046,-3.3853101473804377,-3.382210455903061,-3.3791108305629693,-3.3760112714470387,-3.372911778635076,-3.3698123522008987,-3.366712992213292,-3.363613698736853,-3.3605144718327367,-3.3574153115593415,-3.3543162179729236,-3.3512171911281716,-3.348118231078744,-3.3450193378777855,-3.3419205115784285,-3.338821752234287,-3.335723059899961,-3.332624434631558,-3.3295258764872315,-3.3264273855277646,-3.3233289618171984,-3.3202306054235184,-3.3171323164194244,-3.314034094883184,-3.3109359408996055,-3.307837854561142,-3.3047398359691607,-3.301641885235402,-3.298544002483679,-3.2954461878518404,-3.2923484414940756,-3.2892507635836132,-3.286153154043951,-3.2830556128053763,-3.2799581398043376,-3.2768607349828813,-3.2737633982881515,-3.2706661296719313,-3.2675689290902463,-3.264471796502993,-3.2613747318736133,-3.2582777351687957,-3.25518080635821,-3.252083945414261,-3.248987152311873,-3.2458904270282884,-3.2427937695428906,-3.2396971798370346,-3.2366006578939026,-3.2335042036983657,-3.230407817236862,-3.227311498497285,-3.2242152474688783,-3.2211190641421434,-3.2180229485087577,-3.2149269005614958,-3.211830920294158,-3.2087350077015127,-3.205639162779237,-3.2025433855238705,-3.199447675932769,-3.1963520340040734,-3.1932564597366784,-3.19016095313021,-3.1870655141850155,-3.1839701429021594,-3.1808748392834296,-3.177779603331363,-3.1746844350492793,-3.1715893344413426,-3.168494301512641,-3.1653993362693003,-3.1623044387186403,-3.1592096088693844,-3.1561148467319247,-3.153020152318687,-3.1499255256445977,-3.146830966727698,-3.143736475589948,-3.140642052258286,-3.137547696766006,-3.134453409154579,-3.1313591894760386,-3.1282650377961345,-3.1251709541984933,-3.122076938790132,-3.118982991708774,-3.1158891131325843,-3.1127953032931517,-3.109701562492852,-3.106607891128119,-3.103514289720718,-3.100420758959878,-3.0973272997591947,-3.094233913333684,-3.0911406013043843,-3.0880473658407177,-3.0849542098547365,-3.081861137266838,-3.078768153370183,-3.0756752653317427,-3.072582482882965,-3.0694898192742452,-3.066397292597341,-3.06330492762221,-3.0602127583548953,-3.057120831608537,-3.0540292120014314,-3.0509379889700767,-3.0478472866343544,-3.044757277709558,-3.0416682031741984,-3.0385804001435717,-3.0354943414690454,-3.0324106921307385,-3.0293303897335586,-3.0262547596690386,-3.023185680226844,-3.0201258197941714,-3.017078978223176,-3.014050578833629,-3.0110483782459556,-3.0080834908786462,-3.0051718668022662,-3.002336419580265,-2.9996100783084483,-2.9970401361882857,-2.9946943793160914,-2.992669576847788,-2.9911029290747826,-2.9901868606856556
-3.5927989198070125,-3.592009254568308,-3.5906408823844638,-3.588845110059482,-3.5867316412631873,-3.5843807173761797,-3.581851457843806,-3.579187687897611,-3.5764220671338935,-3.573579047461744,-3.570677012083314,-3.567729834247234,-3.5647480206039117,-3.561739554569336,-3.558710521450965,-3.5556655738181244,-3.552608279297294,-3.5495413814273067,-3.546466995957303,-3.543386759025895,-3.540301939349386,-3.537213523403122,-3.534122280275763,-3.5310288111798513,-3.5279335873481465,-3.524836979115139,-3.5217392782909203,-3.5186407154178423,-3.5155414731135166,-3.512441696413246,-3.50934150080633,-3.506240978495703,-3.5031402032855294,-3.5000392344067155,-3.4969381195183367,-3.4938368970681433,-3.4907355981534534,-3.4876342479916524,-3.4845328670849707,-3.4814314721452644,-3.4783300768299967,-3.475228692329321,-3.472127327835499,-3.469025990919104,-3.465924687831218,-3.462823423746751,-3.459722202960796,-3.456621029047453,-3.4535199049885903,-3.4504188332784627,-3.4473178160089226,-3.4442168549389636,-3.4411159515516165,-3.4380151071005955,-3.4349143226486327,-3.4318135990990424,-3.42871293722178,-3.425612337675,-3.4225118010229227,-3.4194113277506792,-3.4163109182766815,-3.4132105729629383,-3.410110292123684,-3.4070100760326176,-3.4039099249289837,-3.400809839022692,-3.397709818498641,-3.3946098635203783,-3.3915099742332058,-3.3884101507668243,-3.3853103932375896,-3.382210701750445,-3.3791110764005836,-3.3760115172748817,-3.3729120244531456,-3.3698125980091946,-3.366713238011813,-3.363613944525599,-3.360514717611707,-3.3574155573285345,-3.3543164637323386,-3.3512174368778083,-3.3481184768186014,-3.3450195836078622,-3.341920757298723,-3.3388219979447973,-3.3357233056006867,-3.3326246803224975,-3.3295261221683847,-3.326427631199131,-3.3233292074787766,-3.3202308510753085,-3.3171325620614245,-3.3140343405153923,-3.3109361865220204,-3.307838100173762,-3.304740081571985,-3.301642130828431,-3.298544248066912,-3.295446433425276,-3.292348687057713,-3.289251009137451,-3.2861533995879872,-3.283055858339611,-3.2799583853287695,-3.276860980497509,-3.273763643792973,-3.2706663751669467,-3.2675691745754545,-3.2644720419783932,-3.2613749773392042,-3.258277980624576,-3.2551810518041777,-3.2520841908504146,-3.2489873977382127,-3.245890672444814,-3.2427940149496,-3.239697425233927,-3.2366009032809764,-3.233504449075621,-3.230408062604299,-3.227311743854902,-3.2242154928166733,-3.2211193094801156,-3.2180231938369053,-3.214927145879817,-3.2118311656026517,-3.2087352530001776,-3.205639408068073,-3.2025436308028756,-3.1994479212019438,-3.1963522792634165,-3.193256704986189,-3.1901611983698874,-3.1870657594148595,-3.1839703881221673,-3.180875084493602,-3.1777798485316984,-3.174684680239778,-3.1715895796220033,-3.168494546683463,-3.1653995814302816,-3.1623046838697797,-3.1592098540106797,-3.1561150918633754,-3.153020397440292,-3.149925770756356,-3.146831211829608,-3.1437367206820084,-3.1406422973404955,-3.1375479418383643,-3.134453654217084,-3.1313594345286906,-3.1282652828389326,-3.125171199231437,-3.1220771838132206,-3.118983236722006,-3.115889358135959,-3.1127955482866674,-3.1097018074765077,-3.1066081361019133,-3.1035145346846496,-3.1004210039139464,-3.0973275447033983,-3.0942341582680224,-3.091140846228855,-3.0880476107553214,-3.084954454759471,-3.0818613821617027,-3.078768398255178,-3.075675510206867,-3.0725827277482156,-3.069490064129622,-3.066397537442843,-3.0633051724578366,-3.0602130031806456,-3.0571210764244108,-3.0540294568074273,-3.0509382337661934,-3.0478475314205937,-3.0447575224859187,-3.041668447940681,-3.0385806449001778,-3.0354945862157763,-3.032410936867597,-3.0293306344605493,-3.0262550043861696,-3.0231859249341286,-3.020126064491629,-3.017079222910837,-3.014050823511539,-3.01104862291418,-3.008083735537284,-3.0051721114514662,-3.002336664220245,-2.999610322939535,-2.99704038081096,-2.994694623931061,-2.9926698214560905,-2.9911031736779212,-2.9901871052857794
-3.592799157595757,-3.5920094923549026,-3.590641120167294,-3.5888453478373217,-3.5867318790350966,-3.584380955141433,-3.5818516956018387,-3.5791879256479806,-3.5764223048762522,-3.573579285195818,-3.570677249808886,-3.567730071964132,-3.5647482583119974,-3.5617397922685017,-3.5587107591411242,-3.555665811499207,-3.552608516969244,-3.5495416190900797,-3.5464672336108616,-3.5433869966702094,-3.5403021769844325,-3.5372137610288803,-3.534122517892218,-3.5310290487869893,-3.527933824945957,-3.524837216703613,-3.521739515870049,-3.5186409529876173,-3.5155417106739324,-3.512441933964299,-3.5093417383480174,-3.506241216028022,-3.5031404408084774,-3.5000394719202905,-3.4969383570225334,-3.493837134562959,-3.490735835638886,-3.4876344854677,-3.4845331045516312,-3.4814317096025373,-3.4783303142778808,-3.4752289297678147,-3.4721275652646013,-3.469026228338813,-3.4659249252415334,-3.4628236611476715,-3.459722440352319,-3.456621266429577,-3.4535201423613127,-3.4504190706417837,-3.447318053362841,-3.44421709228348,-3.4411161888867285,-3.438015344426303,-3.434914559964933,-3.4318138364059343,-3.4287131745192636,-3.4256125749630737,-3.4225120383015857,-3.419411565019931,-3.416311155536521,-3.413210810213364,-3.4101105293646947,-3.4070103132642124,-3.403910162151162,-3.400810076235452,-3.397710055701982,-3.394610100714299,-3.391510211417705,-3.3884103879419007,-3.3853106304032425,-3.382210938906675,-3.3791113135473876,-3.376011754412261,-3.3729122615811,-3.3698128351277217,-3.3667134751209127,-3.3636141816252674,-3.3605149547019435,-3.3574157944093392,-3.3543167008037105,-3.351217673939745,-3.3481187138711035,-3.3450198206509287,-3.3419209943323533,-3.338822234968991,-3.335723542615443,-3.332624917327815,-3.3295263591642628,-3.3264278681855686,-3.323329444455773,-3.320231088042862,-3.3171327990195345,-3.3140345774640574,-3.3109364234612393,-3.307838337103534,-3.3047403184923083,-3.3016423677393045,-3.298544484968334,-3.2954466703172454,-3.2923489239402297,-3.289251246010513,-3.2861536364515946,-3.2830560951937615,-3.279958622173462,-3.2768612173327427,-3.2737638806187475,-3.270666611983261,-3.267569411382307,-3.264472278775783,-3.261375214127131,-3.2582782174030385,-3.2551812885731755,-3.2520844276099474,-3.2489876344882784,-3.245890909185411,-3.2427942516807287,-3.2396976619555864,-3.2366011399931662,-3.23350468577834,-3.2304082992975447,-3.227311980538674,-3.224215729490971,-3.2211195461449376,-3.218023430492252,-3.2149273825256874,-3.211831402239045,-3.2087354896270908,-3.205639644685506,-3.2025438674108275,-3.1994481578004126,-3.1963525158524018,-3.193256941565689,-3.1901614349399017,-3.187065995975387,-3.1839706246732087,-3.180875321035157,-3.1777800850637656,-3.174684916762356,-3.171589816135089,-3.1684947831870542,-3.1653998179243783,-3.1623049203543827,-3.159210090485787,-3.1561153283289873,-3.153020633896407,-3.1499260072029722,-3.146831448266724,-3.143736957109624,-3.14064253375861,-3.137548178246976,-3.1344538906161943,-3.131359670918296,-3.1282655192190316,-3.1251714356020304,-3.122077420174307,-3.1189834730735844,-3.115889594478026,-3.112795784619223,-3.10970204379955,-3.106608372415443,-3.1035147709886655,-3.100421240208447,-3.0973277809883824,-3.0942343945434887,-3.091141082494805,-3.0880478470117527,-3.084954691006383,-3.081861618399094,-3.0787686344830463,-3.0756757464252127,-3.0725829639570383,-3.0694903003289205,-3.066397773632616,-3.0633054086380826,-3.0602132393513637,-3.0571213125856,-3.054029692959087,-3.0509384699083237,-3.047847767553194,-3.044757758608989,-3.0416686840542213,-3.038580881004189,-3.0354948223102607,-3.032411172952558,-3.0293308705359925,-3.026255240452103,-3.023186160990566,-3.0201263005385894,-3.0170794589483485,-3.014051059539644,-3.011048858932943,-3.008083971546801,-3.00517234745188,-3.0023369002117666,-2.9996105589224777,-2.9970406167857893,-2.994694859898461,-2.99267005741706,-2.9911034096339097,-2.9901873412388604
-3.5927993869781605,-3.5920097217352325,-3.590641349543994,-3.5888455772092107,-3.586732108401268,-3.5843811845011824,-3.58185192495462,-3.579188154993368,-3.5764225342139113,-3.5735795145254863,-3.5706774791303544,-3.5677303012772357,-3.5647484876166047,-3.561740021564508,-3.558710988428445,-3.5556660407777745,-3.5526087462390046,-3.5495418483509877,-3.546467462862883,-3.5433872259133143,-3.5403024062185975,-3.5372139902540853,-3.5341227471084466,-3.53102927799423,-3.527934054144199,-3.524837445892846,-3.5217397450502643,-3.5186411821588104,-3.5155419398360994,-3.512442163117435,-3.5093419674921176,-3.506241445163083,-3.5031406699344956,-3.5000397010372626,-3.4969385861304585,-3.4938373636618354,-3.4907360647287122,-3.4876347145484736,-3.484533333623349,-3.481431938665196,-3.478330543331481,-3.4752291588123545,-3.4721277943000795,-3.469026457365228,-3.465925154258884,-3.4628238901559563,-3.4597226693515384,-3.4566214954197294,-3.453520371342398,-3.4504192996138,-3.447318282325788,-3.444217321237357,-3.4411164178315343,-3.438015573362036,-3.434914788891593,-3.4318140653235205,-3.428713403427775,-3.425612803862508,-3.422512267191941,-3.419411793901207,-3.4163113844087176,-3.4132110390764794,-3.410110758218728,-3.4070105421091643,-3.4039103909870314,-3.400810305062239,-3.3977102845196847,-3.394610329522916,-3.3915104402172354,-3.3884106167323442,-3.3853108591845973,-3.3822111676789377,-3.3791115423105604,-3.376011983166342,-3.372912490326088,-3.3698130638636155,-3.36671370384771,-3.363614410342969,-3.3605151834105493,-3.357416023108847,-3.3543169294941193,-3.3512179026210545,-3.3481189425433113,-3.345020049314035,-3.341921222986356,-3.338822463613889,-3.335723771251235,-3.3326251459545,-3.3295265877818396,-3.3264280967940363,-3.323329673055131,-3.3202313166331097,-3.3171330276006707,-3.3140348060360814,-3.31093665202415,-3.3078385656573306,-3.30474054703699,-3.3016425962748714,-3.2985447134947847,-3.2954468988345798,-3.292349152448445,-3.289251474509609,-3.2861538649415705,-3.2830563236746166,-3.2799588506451958,-3.276861445795354,-3.2737641090722347,-3.270666840427623,-3.267569639817544,-3.264472507201894,-3.2613754425441135,-3.258278445810892,-3.255181516971899,-3.25208465599954,-3.2489878628687396,-3.24589113755674,-3.242794480042923,-3.239697890308646,-3.2366013683370904,-3.2335049141131273,-3.230408527623195,-3.2273122088551855,-3.2242159577983425,-3.221119774443169,-3.2180236587813416,-3.214927610805634,-3.211831630509848,-3.208735717888751,-3.2056398729380207,-3.2025440956541966,-3.1994483860346348,-3.1963527440774766,-3.193257169781615,-3.1901616631466765,-3.18706622417301,-3.1839708528616786,-3.1808755492144725,-3.1777803132339266,-3.174685144923362,-3.171590044286939,-3.168495011329748,-3.165400046057914,-3.162305148478759,-3.159210318601004,-3.1561155564350427,-3.1530208619933004,-3.1499262352907036,-3.146831676345292,-3.1437371851790283,-3.1406427618188495,-3.1375484062980497,-3.1344541186581,-3.131359898951034,-3.1282657472426,-3.125171663616426,-3.12207764817953,-3.118983701069633,-3.1158898224649016,-3.1127960125969243,-3.1097022717680773,-3.1066086003747944,-3.1035149989388393,-3.1004214681494426,-3.0973280089201998,-3.094234622466127,-3.0911413104082617,-3.0880480749160264,-3.0849549189014733,-3.081861846285,-3.078768862359767,-3.0756759742927464,-3.0725831918153848,-3.0694905281780787,-3.066398001472586,-3.0633056364688636,-3.0602134671729546,-3.057121540398001,-3.0540299207622983,-3.0509386977023443,-3.0478479953380218,-3.044757986384624,-3.0416689118206635,-3.0385811087614405,-3.035495050058322,-3.0324114006914322,-3.0293310982656854,-3.026255468172623,-3.023186388701924,-3.020126528240802,-3.0170796866414453,-3.0140512872236656,-3.0110490866079522,-3.00808419921289,-3.0051725751091856,-3.0023371278604944,-2.999610786562931,-2.997040844418414,-2.9946950875239158,-2.9926702850363105,-2.9911036372483544,-2.9901875688504997
-3.5927996082513656,-3.5920099430064365,-3.590641570811695,-3.5888457984722693,-3.586732329658809,-3.58438140575253,-3.581852146199248,-3.579188376230864,-3.576422755443952,-3.5735797357478156,-3.5706777003447727,-3.5677305224835827,-3.564748708814755,-3.5617402427543596,-3.5587112096099167,-3.5556662619508,-3.552608967403532,-3.549542069506975,-3.546467684010296,-3.5433874470521265,-3.540302627348786,-3.5372142113756326,-3.5341229682213373,-3.5310294990984517,-3.5279342752397405,-3.5248376669796984,-3.521739966128422,-3.5186414032282656,-3.515542160896847,-3.5124423841694705,-3.5093421885354372,-3.506241666197684,-3.503140890960374,-3.500039922054416,-3.4969388071388834,-3.493837584661531,-3.4907362857196746,-3.487634935530704,-3.484533554596846,-3.4814321596299598,-3.478330764287507,-3.475229379759641,-3.4721280152386256,-3.4690266782950316,-3.465925375179943,-3.46282411106827,-3.4597228902551067,-3.4566217163145523,-3.4535205922284726,-3.4504195204911263,-3.4473185031943654,-3.444217542097183,-3.4411166386826086,-3.4380157942043565,-3.4349150097251586,-3.4318142861483314,-3.4287136242438305,-3.425613024669809,-3.4225124879904865,-3.419412014690996,-3.4163116051897475,-3.41321125984875,-3.4101109789822392,-3.4070107628639135,-3.4039106117330187,-3.4008105257994625,-3.3977105052481438,-3.39461055024261,-3.391510660928163,-3.388410837434504,-3.3853110798779893,-3.3822113883635616,-3.379111762986414,-3.3760122038334237,-3.3729127109843966,-3.3698132845131514,-3.3667139244884727,-3.3636146309749573,-3.360515404033763,-3.357416243723285,-3.3543171500997797,-3.3512181232179366,-3.348119163131415,-3.3450202698933595,-3.3419214435569002,-3.338822684175652,-3.3357239918042154,-3.3326253664986973,-3.329526808317252,-3.326428317320663,-3.3233298935729705,-3.3202315371421616,-3.317133248100934,-3.3140350265275558,-3.310936872506835,-3.3078387861312244,-3.304740767502092,-3.3016428167311793,-3.2985449339422974,-3.2954471192732964,-3.2923493728783653,-3.2892516949307313,-3.286154085353895,-3.2830565440781414,-3.2799590710399205,-3.2768616661812793,-3.273764329449359,-3.2706670607959456,-3.267569860177063,-3.2644727275526084,-3.261375662886023,-3.2582786661439953,-3.255181737296196,-3.2520848763150294,-3.2489880831754188,-3.2458913578546094,-3.2427947003319813,-3.239698110588891,-3.2366015886085213,-3.2335051343757435,-3.2304087478769956,-3.2273124291001705,-3.2242161780345104,-3.2211199946705196,-3.218023878999873,-3.214927831015346,-3.2118318507107397,-3.208735938080821,-3.205640093121269,-3.202544315828623,-3.199448606200238,-3.196352964234254,-3.1932573899295673,-3.190161883285804,-3.18706644430331,-3.1839710729831503,-3.1808757693271144,-3.1777805333377374,-3.1746853650183398,-3.171590264373084,-3.168495231407059,-3.1654002661263902,-3.1623053685383993,-3.1592105386518083,-3.1561157764770096,-3.1530210820264295,-3.1499264553149926,-3.1468318963607413,-3.143737405185636,-3.140642981816615,-3.1375486262869723,-3.1344543386381782,-3.131360118922267,-3.1282659672049875,-3.125171883569968,-3.1220778681242245,-3.118983921005481,-3.1158900423918996,-3.112796232515073,-3.109702491677374,-3.1066088202752367,-3.1035152188304282,-3.1004216880321773,-3.0973282287940798,-3.094234842331151,-3.091141530264429,-3.088048294763337,-3.084955138739926,-3.081862066114595,-3.0787690821805036,-3.0756761941046236,-3.0725834116184,-3.0694907479722326,-3.0663982212578764,-3.063305856245289,-3.0602136869405134,-3.0571217601566922,-3.0540301405121206,-3.0509389174432977,-3.047848215070107,-3.0447582061078418,-3.0416691315350146,-3.0385813284669245,-3.0354952697549415,-3.03241162037919,-3.0293313179445858,-3.026255687842673,-3.0231866083631354,-3.0201267478931935,-3.017079906285043,-3.014051506858511,-3.0110493062341046,-3.0080844188304394,-3.0051727947182645,-3.0023373474613,-2.999611006155754,-2.997041064003686,-2.9946953071022744,-2.9926705046086846,-2.991103856816093,-2.990187788415533
-3.5927998217019765,-3.5920101564551166,-3.590641784256997,-3.588846011913091,-3.586732543094306,-3.5843816191820514,-3.5818523596222867,-3.5791885896470244,-3.576422968852922,-3.5735799491493507,-3.570677913738677,-3.567730735869704,-3.564748922192968,-3.561740456124566,-3.558711422972038,-3.555666475304777,-3.5526091807493128,-3.5495422828445187,-3.54646789733957,-3.543387660373103,-3.5403028406614427,-3.537214424679951,-3.5341231815173035,-3.531029712386054,-3.5279344885189694,-3.524837880250547,-3.521740179390882,-3.5186416164823315,-3.515542374142512,-3.5124425974067304,-3.5093424017642882,-3.506241879418122,-3.5031411041723985,-3.5000401352580237,-3.496939020334073,-3.493837797848299,-3.4907364988980207,-3.487635148700624,-3.4845337677583395,-3.4814323727830243,-3.478330977432142,-3.475229592895847,-3.4721282283664014,-3.469026891414377,-3.465925588290857,-3.4628243241707515,-3.459723103349153,-3.456621929400163,-3.4535208053056476,-3.450419733559863,-3.447318716254661,-3.4442177551490363,-3.44111685172602,-3.4380160072393253,-3.4349152227516835,-3.431814499166411,-3.428713837253464,-3.425613237670995,-3.422512700983224,-3.419412227675285,-3.416311818165587,-3.4132114728161387,-3.410111191941177,-3.4070109758144,-3.4039108246750525,-3.4008107387330426,-3.3977107181732693,-3.3946107631592795,-3.3915108738363755,-3.3884110503342595,-3.385311292769286,-3.3822116012463987,-3.379111975860791,-3.37601241669934,-3.3729129238418527,-3.369813497362145,-3.3667141373290033,-3.363614843807025,-3.3605156168573656,-3.3574164565384224,-3.3543173629064507,-3.351218336016139,-3.3481193759211485,-3.3450204826746224,-3.3419216563296925,-3.3388228969399725,-3.335724204560065,-3.332625579246074,-3.3295270210561547,-3.3264285300510914,-3.3233301062949234,-3.3202317498556364,-3.3171334608059304,-3.3140352392240726,-3.310937085194872,-3.30783899881078,-3.304740980173166,-3.301643029393771,-3.2985451465964064,-3.295447331918921,-3.2923495855155047,-3.289251907559386,-3.286154297974064,-3.2830567566898243,-3.2799592836431155,-3.2768618787759847,-3.2737645420355745,-3.27066727337367,-3.2675700727462953,-3.264472940113347,-3.2613758754382673,-3.2582788786877455,-3.255181949831449,-3.2520850888417843,-3.2489882956936764,-3.245891570364368,-3.242794912833241,-3.23969832308165,-3.236601801092779,-3.2335053468514987,-3.230408960344248,-3.227312641558918,-3.224216390484753,-3.2211202071122558,-3.218024091433102,-3.214928043440067,-3.2118320631269515,-3.208736150488523,-3.20564030552046,-3.202544528219301,-3.1994488185824026,-3.1963531766079054,-3.1932576022947035,-3.1901620956424237,-3.187066656651414,-3.183971285322738,-3.1808759816581844,-3.17778074566029,-3.174685577332373,-3.171590476678597,-3.1684954437040505,-3.165400478414859,-3.1623055808183453,-3.1592107509232297,-3.1561159887399075,-3.1530212942808022,-3.1499266675608393,-3.1468321085980606,-3.143737617414427,-3.1406431940368766,-3.1375488384987036,-3.134454550841379,-3.131360331116937,-3.1282661793911255,-3.1251720957475735,-3.1220780802932957,-3.1189841331660166,-3.1158902545438996,-3.1127964446585352,-3.109702703812299,-3.106609032401624,-3.1035154309482755,-3.1004219001414834,-3.0973284408948434,-3.094235054423371,-3.091141742348105,-3.088048506838469,-3.084955350806513,-3.081862278172636,-3.0787692942299976,-3.0756764061455697,-3.072583623650798,-3.06949095999608,-3.066398433273173,-3.063306068252035,-3.060213898938709,-3.057121972146336,-3.0540303524932115,-3.0509391294158354,-3.047848427034091,-3.0447584180632714,-3.0416693434818893,-3.0385815404052456,-3.035495481684711,-3.03241183230041,-3.0293315298572616,-3.0262558997468125,-3.0231868202587497,-3.0201269597803004,-3.0170801181636677,-3.0140517187286915,-3.0110495180958994,-3.0080846306839333,-3.005173006563586,-3.0023375592986397,-2.9996112179853935,-2.997041275826043,-2.994695518917961,-2.9926707164185986,-2.991104068621536,-2.9901880002183656
-3.5928000276064953,-3.5920103623577746,-3.590641990156396,-3.588846217808171,-3.5867327489842524,-3.584381825066236,-3.5818525655002187,-3.5791887955183204,-3.576423174717281,-3.5735801550065354,-3.570678119588499,-3.567730941712015,-3.564749128027651,-3.5617406619515264,-3.5587116287912006,-3.5556666811160786,-3.5526093865527053,-3.5495424886399642,-3.5464681031270366,-3.543387866152566,-3.540303046432881,-3.5372146304433474,-3.5341233872726447,-3.531029918133328,-3.5279346942581666,-3.5248380859816595,-3.521740385113903,-3.518641822197255,-3.5155425798493334,-3.5124428031054453,-3.509342607454893,-3.506242085100614,-3.503141309846774,-3.5000403409242793,-3.4969392259922065,-3.4938380034983085,-3.4907367045399056,-3.4876353543343837,-3.4845339733839715,-3.481432578400528,-3.478331183041515,-3.475229798497088,-3.472128433959509,-3.469027096999349,-3.4659257938676933,-3.4628245297394495,-3.4597233089097132,-3.456622134952583,-3.4535210108499275,-3.4504199390960015,-3.447318921782658,-3.444217960668892,-3.441117057237732,-3.4380162127428937,-3.434915428247109,-3.431814704653692,-3.4287140427325986,-3.4256134431419833,-3.422512906446064,-3.4194124331299762,-3.4163120236121287,-3.41321167825453,-3.410111397371416,-3.407011181236485,-3.4039110300889823,-3.400810944138817,-3.3977109235708873,-3.394610968548742,-3.3915110792176804,-3.3884112557074064,-3.3853114981342745,-3.382211806603229,-3.3791121812094613,-3.37601262203985,-3.3729131291742,-3.3698137026863284,-3.366714342645023,-3.363615049114878,-3.3605158221570517,-3.3574166618299395,-3.3543175681897988,-3.3512185412913182,-3.3481195811881563,-3.345020687933459,-3.3419218615803574,-3.338823102182465,-3.335724409794383,-3.3326257844722176,-3.3295272262741236,-3.326428735260885,-3.32333031149654,-3.3202319550490755,-3.317133665991191,-3.314035444401155,-3.310937290363775,-3.3078392039715037,-3.3047411853257085,-3.3016432345381315,-3.298545351732584,-3.2954475370469147,-3.292349790635314,-3.289252112671009,-3.286154503077498,-3.2830569617850687,-3.27995948873017,-3.276862083854848,-3.2737647471062465,-3.2706674784361507,-3.2675702778005844,-3.264473145159444,-3.261376080476172,-3.258279083717455,-3.255182154852964,-3.252085293855103,-3.248988500698798,-3.245891775361292,-3.242795117821965,-3.2396985280621746,-3.2366020060651026,-3.233505551815621,-3.2304091653001676,-3.227312846506635,-3.2242165954242665,-3.2211204120435637,-3.218024296356205,-3.2149282483549637,-3.211832268033641,-3.2087363553870043,-3.205640510410732,-3.202544733101363,-3.1994490234562543,-3.196353381473545,-3.193257807152131,-3.1901623004916386,-3.187066861492414,-3.1839714901555216,-3.1808761864827506,-3.1777809504766386,-3.1746857821405037,-3.171590681478509,-3.168495648495743,-3.1654006831983326,-3.162305785593598,-3.1592109556902606,-3.1561161934987148,-3.153021499031386,-3.1499268723031975,-3.146832313332193,-3.143737822140334,-3.140643398754556,-3.137549043208154,-3.134454755542599,-3.131360535809926,-3.1282663840758826,-3.1251723004240977,-3.1220782849615873,-3.118984337826075,-3.1158904591957235,-3.112796649302123,-3.10970290844765,-3.106609237028739,-3.1035156355671543,-3.1004221047521248,-3.097328645497246,-3.0942352590175344,-3.0911419469340284,-3.0880487114161497,-3.08495555537595,-3.0818624827338277,-3.0787694987829437,-3.07567661069027,-3.072583828187252,-3.0694911645242855,-3.0663986377931294,-3.0633062727637412,-3.0602141034421644,-3.0571221766415406,-3.0540305569801647,-3.050939333894536,-3.0478486315045386,-3.044758622525466,-3.0416695479358324,-3.038581744850938,-3.0354956861221543,-3.0324120367296072,-3.029331734278217,-3.0262561041595326,-3.023187024663246,-3.02012716417659,-3.017080322551775,-3.014051923108653,-3.0110497224677704,-3.008084835047798,-3.0051732109195686,-3.0023377636469224,-2.999611422326249,-2.9970414801598726,-2.9946957232453557,-2.9926709207404243,-2.9911042729390482,-2.9901882045333594
-3.5928002262316516,-3.592010560981134,-3.5906421887766133,-3.5888464164242215,-3.586732947595351,-3.5843820236717736,-3.5818527640997226,-3.5791889941114214,-3.5764233733036903,-3.573580353586024,-3.570678318160888,-3.5677311402771603,-3.5647493265854386,-3.5617408605018657,-3.5587118273340193,-3.555666879651318,-3.5526095850803188,-3.549542687159913,-3.5464683016392886,-3.5433880646570963,-3.5403032449296696,-3.5372148289323793,-3.5341235857539046,-3.531030116606805,-3.5279348927238523,-3.5248382844395447,-3.5217405835639823,-3.5186420206395232,-3.515542778283786,-3.512443001532077,-3.509342805873699,-3.5062422835115914,-3.5031415082499198,-3.500040539319592,-3.496939424379684,-3.4938382018779492,-3.490736902911707,-3.487635552698345,-3.484534171740092,-3.4814327767488056,-3.4783313813819494,-3.4752299968296785,-3.472128632284254,-3.4690272953162493,-3.4659259921767474,-3.4628247280406566,-3.459723507203072,-3.456622333238092,-3.4535212091275844,-3.450420137365805,-3.447319120044608,-3.4442181589229866,-3.441117255483971,-3.4380164109812763,-3.434915626477632,-3.4318149028763556,-3.4287142409474027,-3.4256136413489267,-3.4225131046451467,-3.4194126313211974,-3.4163122217954887,-3.4132118764300268,-3.4101115955390497,-3.407011379396256,-3.4039112282408883,-3.4008111422828575,-3.3977111217070624,-3.3946111666770484,-3.391511277338119,-3.3884114538199746,-3.3853116962389707,-3.382212004700051,-3.37911237929841,-3.3760128201209243,-3.372913327247399,-3.369813900751653,-3.366714540702472,-3.3636152471644505,-3.360516020198746,-3.357416859863755,-3.3543177662157357,-3.3512187393093757,-3.3481197791983344,-3.345020885935756,-3.3419220595747725,-3.338823300168997,-3.335724607773032,-3.3326259824429814,-3.3295274242370017,-3.326428933215875,-3.3233305094436427,-3.3202321529882903,-3.317133863922517,-3.314035642324591,-3.3109374882793197,-3.307839401879156,-3.304741383225468,-3.301643432429997,-3.2985455496165543,-3.2954477349229894,-3.2923499885034926,-3.2892523105312903,-3.2861547009298824,-3.2830571596295557,-3.2799596865667584,-3.2768622816835378,-3.273764944927036,-3.270667676249039,-3.26757047560557,-3.264473342956527,-3.2613762782653493,-3.2582792814987274,-3.25518235262633,-3.252085491620563,-3.2489886984563507,-3.245891973110936,-3.2427953155637006,-3.2396987257960013,-3.236602203791019,-3.2335057495336264,-3.2304093630102613,-3.227313044208815,-3.2242167931185324,-3.2211206097299154,-3.218024494034641,-3.2149284460254823,-3.211832465696242,-3.208736553041687,-3.2056407080574956,-3.2025449307402063,-3.199449221087177,-3.1963535790965456,-3.193258004767209,-3.190162498098793,-3.187067059091644,-3.1839716877468263,-3.1808763840661296,-3.1777811480520906,-3.1746859797080282,-3.171590879038106,-3.16849584604741,-3.1654008807420686,-3.1623059831294027,-3.159211153218133,-3.1561163910186547,-3.1530216965433917,-3.14992706980727,-3.146832510828332,-3.1437380196285365,-3.140643596234821,-3.137549240680482,-3.1344549530069887,-3.131360733266376,-3.1282665815243935,-3.125172497864667,-3.1220784823942145,-3.1189845352507595,-3.1158906566124656,-3.112796846710922,-3.1097031058485047,-3.106609434421648,-3.1035158329521173,-3.1004223021291404,-3.0973288428663137,-3.0942354563786534,-3.0911421442871982,-3.08804890876137,-3.0849557527132188,-3.0818626800631446,-3.0787696961043074,-3.0756768080036796,-3.0725840254927066,-3.0694913618217856,-3.066398835082674,-3.063306470045329,-3.0602143007157947,-3.057122373907212,-3.0540307542378775,-3.050939531144289,-3.0478488287463317,-3.044758819759298,-3.0416697451617036,-3.0385819420688494,-3.0354958833321075,-3.032412233931605,-3.0293319314722633,-3.0262563013456343,-3.0231872218414146,-3.020127361346841,-3.0170805197141326,-3.014052120263153,-3.011049919614466,-3.0080850321867705,-3.005173408050936,-3.002337960770861,-2.9996116194430216,-2.997041677269867,-2.9946959203491432,-2.99267111783884,-2.9911044700333025,-2.9901884016251845
-3.5928004178347486,-3.5920107525824974,-3.590642380374943,-3.588846608018531,-3.586733139184882,-3.584382215255939,-3.5818529556780674,-3.5791891856835907,-3.576423564869404,-3.573580545145062,-3.5706785097130767,-3.5677313318223605,-3.5647495181235405,-3.561741052032781,-3.558712018857677,-3.5556670711676626,-3.552609776589304,-3.5495428786615033,-3.5464684931334554,-3.5433882561438144,-3.5403034364089203,-3.5372150204041453,-3.5341237772181744,-3.531030308063566,-3.5279350841730945,-3.5248384758812628,-3.5217407749981686,-3.5186422120661724,-3.515542969702894,-3.51244319294364,-3.509342997277715,-3.5062424749080563,-3.503141699638831,-3.50004073070095,-3.4969396157534858,-3.4938383932441943,-3.490737094270393,-3.48763574404947,-3.4845343630836547,-3.481432968084806,-3.478331572710387,-3.47523018815055,-3.4721288235975574,-3.4690274866219837,-3.465926183474911,-3.462824919331249,-3.45972369848609,-3.4566225245135365,-3.453521400395454,-3.4504203286261004,-3.4473193112973277,-3.4442183501681303,-3.441117446721538,-3.4380166022112655,-3.4349158177000425,-3.4318150940911862,-3.4287144321546523,-3.4256138325485948,-3.4225132958372333,-3.4194128225057,-3.4163124129724065,-3.4132120675993605,-3.410111786700797,-3.4070115705504147,-3.4039114193874593,-3.4008113334218395,-3.3977113128384535,-3.3946113578008488,-3.391511468454328,-3.3884116449285933,-3.3853118873399985,-3.3822121957934876,-3.3791125703842524,-3.3760130111991713,-3.37291351831805,-3.369814091814706,-3.3667147317579262,-3.3636154382123062,-3.3605162112390037,-3.357417050896414,-3.3543179572407946,-3.351218930326833,-3.3481199702081894,-3.3450210769380084,-3.3419222505694206,-3.3388234911560404,-3.33572479875247,-3.3326261734148144,-3.3295276152012283,-3.3264291241724955,-3.3233307003926553,-3.320232343929695,-3.317134054856312,-3.3140358332507747,-3.3109376791978913,-3.3078395927901156,-3.3047415741288138,-3.3016436233257287,-3.298545740504671,-3.2954479258034914,-3.292350179376378,-3.289252501396559,-3.2861548917875325,-3.283057350479587,-3.2799598774091696,-3.276862472518328,-3.2737651357542052,-3.2706678670685863,-3.2675706664174946,-3.2644735337608273,-3.261376469062025,-3.2582794722877773,-3.255182543407754,-3.2520856823943594,-3.2489888892225185,-3.245892163869475,-3.2427955063146103,-3.2396989165392807,-3.2366023945266673,-3.233505940261643,-3.2304095537306443,-3.227313234921565,-3.224216983823649,-3.221120800427397,-3.2180246847244867,-3.214928636707692,-3.211832656370814,-3.2087367437086205,-3.2056408987167897,-3.202545121391861,-3.1994494117311905,-3.196353769732918,-3.1932581953959374,-3.1901626887198766,-3.1870672497050827,-3.1839718783526196,-3.1808765746642766,-3.177781338642591,-3.1746861702908817,-3.1715910696133114,-3.168496036614968,-3.165401071301978,-3.1623061736816616,-3.159211343762742,-3.156116581555612,-3.1530218870726965,-3.1499272603289197,-3.146832701342326,-3.1437382101348756,-3.1406437867335044,-3.137549431171509,-3.1344551434903596,-3.1313609237420885,-3.1282667719924464,-3.12517268832506,-3.122078672846947,-3.1189847256958307,-3.1158908470498736,-3.112797037140666,-3.109703296270584,-3.106609624836062,-3.1035160233588654,-3.100422492528222,-3.097329033257729,-3.094235646762401,-3.0911423346632767,-3.0880490991297784,-3.0849559430739566,-3.081862870416211,-3.0787698864497024,-3.0756769983414007,-3.0725842158227534,-3.0694915521441577,-3.066399025397371,-3.0633066603523504,-3.0602144910151394,-3.05712256419888,-3.054030944521868,-3.050939721420601,-3.047849019014965,-3.0447590100202526,-3.0416699354149803,-3.0385821323144473,-3.035496073570028,-3.0324124241618513,-3.0293321216948392,-3.026256491560548,-3.0231874120486744,-3.0201275515464623,-3.017080709906139,-3.014052310447581,-3.0110501097913676,-3.0080852223562213,-3.0051735982130507,-3.002338150925812,-2.999611809591061,-2.9970418674113692,-2.9946961104846586,-2.992671307969174,-2.9911046601596225,-2.9901885917491615
-3.5928006026639854,-3.5920109374100626,-3.590642565199582,-3.588846792839292,-3.5867333240010337,-3.5843824000669184,-3.5818531404834357,-3.5791893704830025,-3.5764237496625886,-3.5735807299318068,-3.5706786944932123,-3.567731516595754,-3.5647497028900856,-3.5617412367923933,-3.5587122036102903,-3.555667255913222,-3.552609961327766,-3.549543063392833,-3.5464686778576238,-3.543388440860799,-3.540303621118702,-3.537215205106708,-3.534123961913505,-3.5310304927516545,-3.527935268853932,-3.5248386605548427,-3.521740959664487,-3.5186423967252227,-3.5155431543546705,-3.51244337758814,-3.5093431819149354,-3.5062426595379947,-3.503141884261485,-3.5000409153163154,-3.496939800361562,-3.4938385778449788,-3.4907372788638837,-3.487635928635665,-3.484534547662553,-3.4814331526564057,-3.4783317572746855,-3.475230372707547,-3.472129008147253,-3.469027671164375,-3.4659263680099976,-3.4628251038590308,-3.459723883006567,-3.4566227090267074,-3.4535215849013188,-3.450420513124658,-3.447319495788578,-3.4442185346520735,-3.441117631198173,-3.43801678668059,-3.4349160021620575,-3.431815278545889,-3.428714616602043,-3.425614016988672,-3.4225134802699966,-3.4194130069311486,-3.4163125973905384,-3.413212252010175,-3.4101119711042935,-3.4070117549465935,-3.403911603776318,-3.400811517803377,-3.39771149721267,-3.394611542167744,-3.3915116528139007,-3.388411829280842,-3.385312071684923,-3.3822123801310866,-3.379112754714525,-3.3760131955221184,-3.37291370263367,-3.369814276123,-3.3667149160588923,-3.3636156225059444,-3.3605163955253117,-3.357417235175392,-3.3543181415124415,-3.351219114591148,-3.3481201544651715,-3.3450212611876564,-3.3419224348117336,-3.3388236753910174,-3.335724982980109,-3.3326263576351156,-3.3295277994141914,-3.326429308378119,-3.3233308845909395,-3.3202325281206386,-3.3171342390399152,-3.3140360174270356,-3.3109378633668087,-3.3078397769516887,-3.3047417582830425,-3.3016438074726127,-3.29854592464421,-3.295448109935684,-3.2923503635012237,-3.289252685514057,-3.286155075897682,-3.2830575345823867,-3.279960061504619,-3.2768626566064265,-3.27376531983495,-3.270668051141977,-3.2675708504835312,-3.26447371781951,-3.261376653113353,-3.2582796563317507,-3.255182727444371,-3.25208586642362,-3.2489890732444215,-3.2458923478840194,-3.242795690321795,-3.239699100539104,-3.236602578519129,-3.2335061242467416,-3.230409737708379,-3.227313418891935,-3.224217167786653,-3.221120984383035,-3.218024868672758,-3.2149288206485958,-3.21183284030435,-3.2087369276347877,-3.205641082635587,-3.2025453053032877,-3.1994495956352464,-3.1963539536296035,-3.193258379285253,-3.1901628726018205,-3.1870674335796543,-3.183972062219817,-3.1808767585241,-3.1777815224950374,-3.1746863541359502,-3.1715912534510013,-3.168496220445278,-3.165401255124908,-3.1623063574972123,-3.15921152757091,-3.1561167653563977,-3.1530220708661,-3.149927444114942,-3.1468328851209644,-3.14373839390613,-3.1406439704973748,-3.137549614927994,-3.1344553272394577,-3.1313611074837997,-3.1282669557267697,-3.125172872051995,-3.1220788565664934,-3.118984909407986,-3.115891030754638,-3.1127972208380386,-3.1097034799605643,-3.106609808518648,-3.103516207034055,-3.1004226761960156,-3.097329216918124,-3.0942358304153985,-3.091142518308876,-3.088049282767978,-3.0849561267047565,-3.0818630540396095,-3.078770070065699,-3.0756771819499966,-3.0725843994239472,-3.0694917357379485,-3.066399208983758,-3.0633068439313327,-3.0602146745867165,-3.0571227477630503,-3.054031128078632,-3.050939904969958,-3.0478492025569146,-3.044759193554796,-3.0416701189421174,-3.03858231583418,-3.0354962570823565,-3.0324126076667777,-3.0293323051923684,-3.026256675050684,-3.0231875955314282,-3.020127735021849,-3.0170808933741813,-3.014052493908312,-3.011050293244837,-3.0080854058025026,-3.0051737816522555,-3.002338334358105,-2.999611993016686,-2.9970420508306868,-2.9946962938981994,-2.9926714913777155,-2.991104843564293,-2.990188775151572
-3.592800780958803,-3.5920111157032677,-3.5906427434899655,-3.588846971125933,-3.5867335022832303,-3.584382578344125,-3.581853318755228,-3.5791895487490484,-3.5764239279226273,-3.573580908185634,-3.5706788727406655,-3.5677316948367053,-3.564749881124433,-3.5617414150200544,-3.5587123818311994,-3.555667434127326,-3.5526101395350254,-3.5495432415932116,-3.546468856051095,-3.54338861904734,-3.5403037992982935,-3.537215383279337,-3.5341241400791574,-3.531030670910321,-3.527935447005605,-3.524838838699513,-3.5217411378021475,-3.51864257485587,-3.5155433324783023,-3.5124435557047535,-3.509343360024526,-3.5062428376405603,-3.5031420623570244,-3.500041093404826,-3.4969399784430415,-3.4938387559194237,-3.4907374569312934,-3.4876361066960375,-3.484534725715887,-3.4814333307026986,-3.4783319353139386,-3.4752305507397585,-3.472129186172423,-3.4690278491825044,-3.4659265460210844,-3.462825281863074,-3.4597240610035658,-3.456622887016661,-3.453521762884225,-3.4504206911005166,-3.447319673757386,-3.444218712613829,-3.441117809152875,-3.4380169646282392,-3.4349161801026526,-3.4318154564794305,-3.4287147945285286,-3.4256141949081016,-3.42251365818237,-3.419413184836465,-3.4163127752887967,-3.413212429901374,-3.410112148988433,-3.4070119328236723,-3.403911781646336,-3.4008116956663335,-3.3977116750685634,-3.3946117200165746,-3.3915118306556677,-3.388412007115544,-3.385312249512559,-3.382212557951657,-3.3791129325280305,-3.376013373328556,-3.3729138804330403,-3.369814453915301,-3.366715093844124,-3.3636158002841046,-3.360516573296401,-3.3574174129394088,-3.354318319269385,-3.3512192923410185,-3.348120332207968,-3.345021438923378,-3.3419226125403805,-3.3388238531125887,-3.335725160694605,-3.3326265353425333,-3.3295279771145307,-3.32642948607138,-3.3233310622771213,-3.3202327057997403,-3.3171344167119345,-3.3140361950919726,-3.3109380410246625,-3.307839954602459,-3.304741935926728,-3.3016439851092128,-3.2985461022737232,-3.2954482875581093,-3.2923505411165603,-3.2892528631223046,-3.2861552534988405,-3.2830577121764555,-3.279960239091598,-3.276862834186315,-3.2737654974077484,-3.2706682287076827,-3.2675710280421426,-3.264473895371025,-3.2613768306577717,-3.2582798338690724,-3.2551829049745953,-3.252086043946746,-3.24898925076045,-3.2458925253929496,-3.2427958678236255,-3.2396992780338345,-3.2366027560067585,-3.233506301727269,-3.2304099151818053,-3.227313596358258,-3.2242173452458722,-3.221121161835149,-3.218025046117766,-3.214928998086497,-3.2118330177351444,-3.208737105058474,-3.205641260052166,-3.2025454827127566,-3.1994497730376046,-3.1963541310248487,-3.1932585566733844,-3.1901630499828384,-3.187067610953558,-3.1839722395866077,-3.180876935883776,-3.177781699847599,-3.174686531481396,-3.1715914307893303,-3.1684963977764897,-3.1654014324490016,-3.1623065348141863,-3.1592117048807653,-3.1561169426591333,-3.1530222481617143,-3.149927621403433,-3.1468330624023313,-3.1437385711803723,-3.140644147764491,-3.1375497921879836,-3.1344555044923212,-3.131361284729538,-3.128267132965382,-3.125173049283481,-3.1220790337908504,-3.1189850866252136,-3.1158912079647347,-3.1127973980410046,-3.1097036571563987,-3.106609985707351,-3.1035163842156264,-3.1004228533704534,-3.097329394085428,-3.094236007575566,-3.0911426954619063,-3.088049459913871,-3.0849563038435117,-3.0818632311712277,-3.078770247190179,-3.075677359067337,-3.0725845765341475,-3.0694919128410074,-3.066399386079675,-3.063307021020108,-3.060214851668349,-3.05712292483754,-3.0540313051459766,-3.050940082030159,-3.0478493796099704,-3.0447593706007052,-3.0416702959808797,-3.0385824928657965,-3.03549643410683,-3.0324127846841096,-3.0293324822025625,-3.026256852053748,-3.0231877725273706,-3.020127912010683,-3.0170810703559283,-3.0140526708830047,-3.0110504702125236,-3.008085582763256,-3.005173958606184,-3.0023385113053656,-2.9996121699575147,-2.997042227765431,-2.9946964708273716,-2.9926716683020653,-2.991105020484907,-2.990188952070006
-3.5928009529502014,-3.592011287693112,-3.5906429154770887,-3.588847143109449,-3.5867336742624563,-3.5843827503185355,-3.5818534907244133,-3.579189720712689,-3.576424099880475,-3.573581080137489,-3.5706790446863717,-3.567731866776138,-3.5647500530574923,-3.5617415869466624,-3.5587125537512936,-3.555667606040857,-3.55261031144195,-3.549543413493498,-3.546469027944717,-3.543388790934277,-3.5403039711785276,-3.5372155551528537,-3.534124311945946,-3.5310308427703703,-3.527935618858907,-3.524839010546062,-3.5217413096419365,-3.518642746688894,-3.515543504304557,-3.5124437275242353,-3.509343531837232,-3.506243009446488,-3.503142234156171,-3.500041265197191,-3.4969401502286233,-3.4938389276982216,-3.490737628703305,-3.487636278461262,-3.4845348974743224,-3.4814335024543444,-3.4783321070587925,-3.4752307224778196,-3.4721293579036896,-3.469028020906975,-3.4659267177387596,-3.4628254535739527,-3.4597242327076465,-3.456623058713942,-3.4535219345747072,-3.4504208627841986,-3.4473198454342686,-3.444218884283911,-3.4411179808161565,-3.438017136284719,-3.4349163517523302,-3.4318156281223042,-3.428714966164598,-3.425614366537365,-3.4225138298048248,-3.419413356452112,-3.4163129468976354,-3.413212601503403,-3.410112320583652,-3.4070121044120807,-3.403911953227933,-3.4008118672411194,-3.3977118466365375,-3.394611891577735,-3.391512002210015,-3.388412178663077,-3.3853124210532783,-3.3822127294855613,-3.3791131040551186,-3.3760135448488273,-3.3729140519464926,-3.369814625421933,-3.366715265343936,-3.3636159717770964,-3.3605167447825712,-3.357417584418757,-3.3543184907419095,-3.3512194638067188,-3.348120503666843,-3.345021610375428,-3.3419227839856047,-3.338824024550987,-3.335725332126176,-3.332626706767278,-3.329528148532447,-3.3264296574824663,-3.323331233681377,-3.320232877197164,-3.3171345881025283,-3.3140363664757357,-3.3109382124015942,-3.307840125972558,-3.304742107289994,-3.301644156465644,-3.29854627362332,-3.2954484589008706,-3.2923507124524862,-3.2892530344513933,-3.2861554248210907,-3.2830578834918667,-3.279960410400169,-3.2768630054880443,-3.273765668702636,-3.2706683999957282,-3.2675711993233456,-3.2644740666453855,-3.2613770019252883,-3.258280005129744,-3.2551830762284206,-3.2520862151937244,-3.248989422000581,-3.245892696626232,-3.242796039050059,-3.239699449253419,-3.236602927219493,-3.2335064729331533,-3.230410086380837,-3.227313767550438,-3.2242175164311995,-3.221121333013623,-3.2180252172893864,-3.214929169251263,-3.2118331888930545,-3.2087372762095274,-3.2056414311963612,-3.2025456538500943,-3.1994499441680833,-3.1963543021484684,-3.193258727790144,-3.190163221092737,-3.1870677820565954,-3.1839724106827827,-3.1808771069730883,-3.177781870930048,-3.174686702556981,-3.171591601858049,-3.1684965688383424,-3.1654016035039874,-3.1623067058623047,-3.159211875922015,-3.156117113693513,-3.1530224191892238,-3.149927792424073,-3.1468332334161024,-3.143738742187272,-3.14064431876452,-3.13754996318114,-3.1344556754786037,-3.1313614557089453,-3.1282673039379136,-3.125173220249135,-3.1220792047496273,-3.1189852575771133,-3.1158913789097564,-3.112797568979147,-3.1097038280876617,-3.106610156631733,-3.103516555133127,-3.1004230242810715,-3.097329564989164,-3.0942361784724195,-3.0911428663518765,-3.0880496307969567,-3.0849564747197125,-3.081863402040542,-3.078770418052606,-3.075677529922876,-3.0725847473827983,-3.0694920836827695,-3.066399556914547,-3.0633071918480894,-3.0602150224894387,-3.0571230956517366,-3.0540314759532805,-3.05094025283057,-3.0478495504034884,-3.044759541387331,-3.0416704667606127,-3.0385826636386373,-3.03549660487278,-3.032412955443172,-3.0293326529547406,-3.0262570227990464,-3.0231879432657993,-3.0201280827422567,-3.017081241080668,-3.0140528416009413,-3.011050640923704,-3.008085753467749,-3.005174129304091,-3.0023386819968407,-2.9996123406427846,-2.9970423984448322,-2.9946966415013985,-2.9926718389714404,-2.991105191150679,-2.9901891227336743
-3.5928011188609674,-3.5920114536023773,-3.590643081383728,-3.5888473090126065,-3.586733840161478,-3.5843829162129137,-3.5818536566137533,-3.5791898865966822,-3.5764242657588787,-3.5735812460101135,-3.5706792105530645,-3.56773203263678,-3.5647502189119895,-3.5617417527949384,-3.5587127195932866,-3.555667771876518,-3.5526104772712386,-3.5495435793163836,-3.5464691937611734,-3.543388956744284,-3.5403041369820705,-3.537215720949917,-3.5341244777365173,-3.5310310085544403,-3.527935784636468,-3.5248391763171067,-3.521741475406462,-3.5186429124468956,-3.5155436700560303,-3.5124438932691766,-3.509343697575639,-3.506243175178357,-3.5031423998815003,-3.5000414309159766,-3.4969403159408645,-3.493839093403918,-3.4907377944024556,-3.487636444153864,-3.484535063160374,-3.4814336681338456,-3.4783322727317416,-3.4752308881442167,-3.4721295235635328,-3.4690281865602635,-3.465926883385492,-3.4628256192141285,-3.4597243983412667,-3.4566232243410058,-3.453522100195212,-3.4504210283981434,-3.4473200110416524,-3.4442190498847336,-3.4411181464104157,-3.438017301872414,-3.4349165173334604,-3.4318157936968694,-3.4287151317325977,-3.4256145320987996,-3.4225139953596946,-3.419413522000415,-3.4163131124393713,-3.413212767038572,-3.4101124861122525,-3.407012269934113,-3.403912118743398,-3.400812032750015,-3.3977120121388626,-3.3946120570734886,-3.391512167699196,-3.3884123441456846,-3.3853125865293103,-3.382212894955018,-3.3791132695179993,-3.376013710305131,-3.37291421739622,-3.369814790865084,-3.3667154307805083,-3.3636161372070896,-3.360516910205985,-3.35741774983559,-3.3543186561521625,-3.3512196292103904,-3.348120669063934,-3.345021775765936,-3.341922949369528,-3.338824189928325,-3.3357254974969277,-3.3326268721314425,-3.329528313890025,-3.3264298228334566,-3.3233313990257782,-3.3202330425349773,-3.3171347534337516,-3.3140365318003693,-3.310938377719637,-3.307840291284009,-3.304742272594854,-3.301644321763911,-3.298546438914993,-3.2954486241859495,-3.2923508777309687,-3.289253199723279,-3.2861555900863793,-3.2830580487505574,-3.2799605756522605,-3.2768631707335363,-3.2737658339415274,-3.2706685652280187,-3.2675713645490356,-3.264474231864473,-3.261377167137774,-3.2582801703356266,-3.2551832414276998,-3.2520863803864004,-3.248989587186652,-3.2458928618056975,-3.242796204222919,-3.239699614419673,-3.23660309237914,-3.233506638086192,-3.230410251527268,-3.22731393269026,-3.224217681564411,-3.2211214981402243,-3.218025382409376,-3.2149293343646397,-3.2118333539998174,-3.208737441309677,-3.205641596289896,-3.202545818937013,-3.199450109248385,-3.1963544672221533,-3.1932588928572105,-3.190163386153186,-3.1870679471104255,-3.1839725757299933,-3.1808772720136784,-3.177782035964016,-3.1746868675843265,-3.171591766878773,-3.1684967338524443,-3.165401768511466,-3.1623068708631594,-3.1592120409162447,-3.1561172786811174,-3.153022584170202,-3.149927957398424,-3.146833398383825,-3.1437389071483657,-3.1406444837189835,-3.1375501281289724,-3.1344558404198044,-3.131361620643513,-3.1282674688658476,-3.125173385170435,-3.122079369664292,-3.118985422485142,-3.11589154381115,-3.112797733873905,-3.1097039929757826,-3.106610321513217,-3.1035167200079723,-3.100423189149279,-3.0973297298507316,-3.0942363433273465,-3.0911430312001618,-3.088049795638601,-3.084956639554715,-3.0818635668689023,-3.078770582874323,-3.0756776947379483,-3.0725849121912256,-3.069492248484552,-3.0663997217096837,-3.0633073566365794,-3.0602151872712806,-3.0571232604269314,-3.0540316407218264,-3.050940417592466,-3.047849715158735,-3.0447597061359284,-3.0416706315025617,-3.0385828283739382,-3.0354967696014334,-3.032413120165181,-3.0293328176701078,-3.0262571875077784,-3.0231881079679046,-3.0201282474377478,-3.017081405769565,-3.0140530062832744,-3.011050805599518,-3.008085918137112,-3.0051742939671025,-3.002338846653648,-2.999612505293607,-2.997042563089993,-2.994696806141374,-2.9926720036069296,-2.9911053557826928,-2.990189287363659
-3.592801278906068,-3.5920116136460316,-3.590643241424849,-3.5888474690503696,-3.5867340001952486,-3.5843830762422035,-3.5818538166381813,-3.579190046615951,-3.576424425772754,-3.5735814060184112,-3.570679370555639,-3.567732192633515,-3.564750378902792,-3.5617419127797363,-3.5587128795720226,-3.5556679318491464,-3.552610637237723,-3.5495437392766926,-3.546469353715283,-3.543389116692172,-3.5403042969237193,-3.537215880885314,-3.5341246376656525,-3.5310311684773064,-3.5279359445530574,-3.5248393362274135,-3.5217416353104785,-3.518643072344617,-3.515543829947452,-3.512444053154297,-3.509343857454455,-3.506243335050866,-3.5031425597476997,-3.500041590775866,-3.4969404757944407,-3.4938392532511804,-3.4907379542434027,-3.4876366039884954,-3.48453522298869,-3.4814338279558448,-3.478332432547423,-3.4752310479535784,-3.4721296833665747,-3.4690283463569833,-3.4659270431758897,-3.4628257789982015,-3.459724558119014,-3.4566233841124268,-3.453522259960307,-3.450421188156912,-3.447320170794093,-3.444219209630844,-3.4411183061501975,-3.4380174616058663,-3.4349166770605817,-3.43181595341766,-3.4287152914470576,-3.4256146918069272,-3.422514155061488,-3.419413681695874,-3.4163132721284946,-3.413212926721359,-3.4101126457887028,-3.407012429604225,-3.4039122784071703,-3.4008121924074484,-3.397712171789956,-3.394612216718241,-3.391512327337608,-3.3884125037777566,-3.3853127461550407,-3.3822130545744047,-3.379113429131042,-3.3760138699118296,-3.3729143769965737,-3.369814950459092,-3.3667155903681705,-3.363616296788405,-3.3605170697809523,-3.357417909404209,-3.3543188157144326,-3.351219788766311,-3.348120828613503,-3.3450219353091537,-3.3419231089063954,-3.338824349458841,-3.3357256570210922,-3.3326270316492543,-3.329528473401483,-3.3264299823385612,-3.323331558524529,-3.3202332020273726,-3.3171349129197907,-3.3140366912800503,-3.3109385371929605,-3.3078404507509735,-3.3047424320554573,-3.3016444812181542,-3.2985465983628752,-3.29544878362747,-3.292351037166128,-3.289253359152077,-3.2861557495088154,-3.28305820816663,-3.2799607350619695,-3.2768633301368806,-3.2737659933385053,-3.2706687246186306,-3.2675715239332797,-3.2644743912423495,-3.261377326509282,-3.2582803297007654,-3.255183400786468,-3.252086539738797,-3.248989746532676,-3.245893021145348,-3.242796363556195,-3.2396997737465743,-3.2366032516996652,-3.2335067974003415,-3.230410410835041,-3.2273140919916554,-3.2242178408594286,-3.221121657428863,-3.218025541691636,-3.2149294936405206,-3.211833513269318,-3.2087376005727966,-3.2056417555466346,-3.202545978187371,-3.199450268492361,-3.196354626459746,-3.193259052088421,-3.1901635453780113,-3.1870681063288653,-3.183972734942046,-3.180877431219343,-3.177782195163293,-3.1746870267772156,-3.171591926065274,-3.1684968930325557,-3.165401927685187,-3.16230703003049,-3.1592122000771847,-3.1561174378356673,-3.153022743318362,-3.149928116540192,-3.1468335575191997,-3.1437390662773463,-3.14064464284157,-3.137550287245164,-3.1344559995295995,-3.131361779746911,-3.1282676279628476,-3.1251735442610373,-3.1220795287484964,-3.118985581562948,-3.1158917028825557,-3.1127978929389095,-3.109704152034386,-3.1066104805654176,-3.10351687905377,-3.100423348188673,-3.097329888883722,-3.0942365023539327,-3.091143190220343,-3.0880499546523756,-3.0849567985620823,-3.081863725869861,-3.078770741868873,-3.075677853726088,-3.0725850711729543,-3.069492407459869,-3.066399880678589,-3.0633075155990723,-3.060215346227361,-3.0571234193765986,-3.0540317996650805,-3.050940576529307,-3.0478498740891613,-3.0447598650599406,-3.0416707904201603,-3.0385829872851247,-3.035496928506208,-3.032413279063546,-3.029332976562068,-3.0262573463933373,-3.0231882668470713,-3.020128406310536,-3.0170815646359936,-3.0140531651433724,-3.0110509644533288,-3.0080860769846995,-3.005174452808562,-3.002339005489122,-2.9996126641233065,-2.9970427219142306,-2.9946969649606094,-2.9926721624218358,-2.9911055145942456,-2.990189446173255
-3.5928014332928435,-3.5920117680314103,-3.590643395807784,-3.5888476234300644,-3.586734154571094,-3.5843832306137284,-3.5818539710050166,-3.5791902009778105,-3.576424580129411,-3.573581560369688,-3.5706795249013963,-3.5677323469736426,-3.564750533237203,-3.5617420671083586,-3.5587130338948008,-3.5556680861660337,-3.5526107915486826,-3.5495438935816934,-3.546469508014299,-3.543389270985186,-3.540304451210716,-3.5372160351662805,-3.534124791940579,-3.5310313227461836,-3.5279360988158768,-3.524839490484168,-3.5217417895611645,-3.5186432265892305,-3.5155439841859892,-3.512444207386754,-3.50934401168083,-3.5062434892711583,-3.503142713961907,-3.500041744983986,-3.4969406299964727,-3.4938394074471217,-3.4907381084332516,-3.487636758172251,-3.484535377166351,-3.481433982127409,-3.47833258671289,-3.4752312021129472,-3.472129837519844,-3.4690285005041526,-3.4659271973169576,-3.462825933133169,-3.4597247122478803,-3.456623538235191,-3.453522414076969,-3.4504213422674708,-3.4473203248985484,-3.444219363729197,-3.4411184602424454,-3.4380176156920093,-3.434916831140619,-3.4318161074915894,-3.428715445514878,-3.4256148458686386,-3.42251430911709,-3.4194138357453663,-3.4163134261718766,-3.4132130807586303,-3.410112799819862,-3.407012583629272,-3.4039124324261034,-3.4008123464202664,-3.3977123257966593,-3.394612370718829,-3.3915124813320787,-3.3884126577661093,-3.3853129001372757,-3.3822132085505205,-3.379113583101037,-3.3760140238757046,-3.3729145309543282,-3.369815104410726,-3.3667157443136833,-3.363616450727796,-3.3605172237142216,-3.3574180633313553,-3.3543189696354547,-3.351219942681209,-3.3481209825222766,-3.3450220892118017,-3.3419232628029163,-3.3388245033492336,-3.3357258109053562,-3.3326271855273895,-3.329528627273488,-3.326430136204435,-3.3233317123842707,-3.3202333558809816,-3.3171350667672663,-3.3140368451213926,-3.3109386910281677,-3.307840604580046,-3.3047425858783948,-3.3016446350349566,-3.2985467521735417,-3.2954489374319995,-3.2923511909645207,-3.2892535129443314,-3.2861559032949303,-3.2830583619466056,-3.2799608888358054,-3.2768634839045765,-3.273766147100061,-3.270668878374044,-3.267571677682551,-3.2644745449854784,-3.261377480246267,-3.2582804834316055,-3.255183554511163,-3.2520866934573456,-3.2489899002450784,-3.245893174851604,-3.242796517256304,-3.2396999274405345,-3.2366034053874766,-3.2335069510820027,-3.2304105645105516,-3.2273142456610144,-3.2242179945226357,-3.221121811085918,-3.2180256953425377,-3.214929647285268,-3.2118336669079115,-3.2087377542052353,-3.2056419091729187,-3.2025461318074986,-3.199450422106334,-3.196354780067564,-3.193259205690082,-3.190163698973516,-3.1870682599182123,-3.183972888525235,-3.1808775847963733,-3.177782348734163,-3.174687180341924,-3.17159207962382,-3.1684970465849376,-3.165402081231405,-3.1623071835705425,-3.159212353611072,-3.156117591363388,-3.1530228968399143,-3.149928270055576,-3.1468337110284144,-3.1437392197803913,-3.140644796338444,-3.137550440735868,-3.1344561530141317,-3.131361933225272,-3.1282677814350377,-3.125173697727055,-3.122079682208341,-3.1189857350166195,-3.115891856330053,-3.112798046380232,-3.1097043054695317,-3.106610633994386,-3.103517032476561,-3.1004235016052872,-3.0973300422941583,-3.0942366557581904,-3.0911433436184224,-3.088050108044276,-3.0849569519478024,-3.0818638792493998,-3.07877089524223,-3.0756780070932646,-3.0725852245339493,-3.0694925608146812,-3.0664000340272177,-3.063307668941516,-3.060215499563621,-3.0571235727066735,-3.0540319529889683,-3.0509407298470084,-3.0478500274006772,-3.044760018365269,-3.0416709437193012,-3.038583140578078,-3.035497081792975,-3.032413432344129,-3.029333129836469,-3.0262574996615643,-3.023188420109132,-3.0201285595664427,-3.017081717885765,-3.0140533183870364,-3.0110511176909265,-3.0080862302162936,-3.005174606034246,-3.0023391587090336,-2.999612817337649,-2.9970428751233054,-2.9946971181648605,-2.9926723156219115,-2.991105667791087,-2.9901895993682084
-3.59280158222131,-3.5920119169585303,-3.5906435447325475,-3.588847772351705,-3.5867343034890222,-3.5843833795274858,-3.581854119914252,-3.5791903498822473,-3.5764247290288314,-3.57358170926392,-3.570679673790304,-3.5677324958571175,-3.564750682115159,-3.5617422159807286,-3.5587131827615277,-3.5556682350270745,-3.552610940404003,-3.5495440424312674,-3.546469656858105,-3.5433894198232037,-3.5403046000429295,-3.537216183992677,-3.5341249407611484,-3.531031471560916,-3.5279362476247664,-3.5248396392872094,-3.521741938358353,-3.51864337538056,-3.515544132971458,-3.5124443561663594,-3.509344160454568,-3.506243638039027,-3.503142862723904,-3.5000418937401094,-3.4969407787467217,-3.4938395561914937,-3.490738257171747,-3.487636906904868,-3.4845355258930875,-3.4814341308482657,-3.4783327354278657,-3.475231350822041,-3.472129986223055,-3.469028649201481,-3.4659273460084017,-3.462826081818729,-3.459724860927554,-3.45662368690898,-3.453522562744872,-3.4504214909294872,-3.4473204735546767,-3.4442195123794352,-3.441118608886793,-3.438017764330465,-3.434916979773183,-3.4318162561182612,-3.428715594135658,-3.4256149944835244,-3.4225144577260815,-3.4194139843484637,-3.4163135747690796,-3.4132132293499375,-3.4101129484052732,-3.4070127322087855,-3.4039125809997195,-3.4008124949879845,-3.397712474358479,-3.3946125192747503,-3.3915126298821,-3.3884128063102303,-3.385313048675497,-3.382213357082842,-3.3791137316274584,-3.376014172396224,-3.3729146794689444,-3.369815252919438,-3.3667158928164898,-3.3636165992246974,-3.3605173722052157,-3.3574182118164426,-3.354319118114634,-3.3512200911544796,-3.348121130989638,-3.3450222376732532,-3.3419234112584566,-3.338824651798863,-3.335725959349073,-3.332627333965193,-3.3295287757053784,-3.326430284630412,-3.3233318608043336,-3.320233504295131,-3.3171352151755014,-3.314036993523713,-3.310938839424573,-3.307840752970536,-3.304742734262968,-3.301644783413612,-3.298546900546278,-3.2954490857988166,-3.292351339325417,-3.2892536612993073,-3.2861560516439847,-3.283058510289737,-3.2799610371730137,-3.2768636322358606,-3.2737662954254207,-3.2706690266934793,-3.2675718259960607,-3.264474693293061,-3.261377628547923,-3.258280631727335,-3.2551837028009656,-3.252086841741221,-3.2489900485230256,-3.2458933231236227,-3.2427966655223925,-3.239700075700692,-3.2366035536417033,-3.233507099330298,-3.230410712752915,-3.227314393897445,-3.2242181427531325,-3.221121959310479,-3.218025843561163,-3.2149297954979565,-3.2118338151146624,-3.2087379024060487,-3.205642057367793,-3.202546279996434,-3.1994505702893288,-3.196354928244617,-3.1932593538611935,-3.190163847138685,-3.187068408077438,-3.1839730366785166,-3.1808777329437103,-3.177782496875556,-3.174687328477373,-3.1715922277533233,-3.168497194708496,-3.1654022293490174,-3.1623073316822086,-3.1592125017167905,-3.156117739463158,-3.1530230449337355,-3.1499284181434484,-3.146833859110337,-3.1437393678563654,-3.1406449444084688,-3.1375505887999426,-3.134456301072257,-3.131362081277446,-3.1282679294812588,-3.125173845767323,-3.1220798302426553,-3.1189858830449784,-3.1158920043524563,-3.1127981943966785,-3.1097044534800213,-3.1066107819989197,-3.1035171804751376,-3.1004236495979036,-3.0973301902808146,-3.094236803738886,-3.0911434915931566,-3.088050256013048,-3.0849570999106124,-3.081864027206247,-3.0787710431931137,-3.0756781550381844,-3.072585372472905,-3.0694927087476715,-3.0664001819542417,-3.063307816862574,-3.0602156474787114,-3.0571237206157953,-3.054032100892123,-3.0509408777441935,-3.0478501752918934,-3.044760166250517,-3.041671091598581,-3.0385832884513913,-3.035497229660323,-3.0324135802055134,-3.0293332776918933,-3.0262576475110334,-3.0231885679526527,-3.020128707404026,-3.01708186571743,-3.01405346621281,-3.0110512655108495,-3.0080863780304257,-3.0051747538426765,-3.0023393065118955,-2.999612965135139,-2.997043022915713,-2.9946972659526128,-2.9926724634056354,-2.9911058155716916,-2.990189747146992
-3.5928017258844323,-3.5920120606203536,-3.5906436883920962,-3.5888479160082376,-3.586734447141971,-3.5843835231764136,-3.581854263558816,-3.5791904935221814,-3.576424872663926,-3.5735818528940104,-3.5706798174152587,-3.567732639476833,-3.5647508257295533,-3.561742359589734,-3.5587133263650923,-3.555668378625156,-3.5526110839965677,-3.549544186018286,-3.5464698004395556,-3.5433895633990695,-3.540304743613194,-3.537216327557329,-3.534125084320177,-3.5310316151143146,-3.5279363911725277,-3.5248397828293276,-3.5217420818948235,-3.5186435189113814,-3.515544276496627,-3.512444499685873,-3.509344303968425,-3.506243781547224,-3.5031430062264395,-3.500042037236982,-3.4969409222379277,-3.493839699677034,-3.490738400651619,-3.4876370503790706,-3.48453566936162,-3.4814342743111264,-3.4783328788850536,-3.475231494273555,-3.472130129668895,-3.469028792641646,-3.4659274894428918,-3.462826225247542,-3.4597250043506897,-3.456623830326436,-3.453522706156648,-3.450421634335582,-3.447320616955089,-3.4442196557741656,-3.441118752275841,-3.43801790771383,-3.4349171231508637,-3.4318163994902586,-3.4287157375019706,-3.425615137844152,-3.4225146010810232,-3.4194141276977184,-3.4163137181126464,-3.4132133726878155,-3.4101130917374634,-3.4070128755352878,-3.403912724320533,-3.400812638303108,-3.397712617667912,-3.394612662578492,-3.3915127731801507,-3.388412949602588,-3.38531319196216,-3.382213500363811,-3.3791138749027327,-3.3760143156658025,-3.3729148227328274,-3.3698153961776245,-3.36671603606898,-3.3636167424714896,-3.3605175154463107,-3.357418355051839,-3.354319261344331,-3.351220234378477,-3.3481212742079345,-3.3450223808858492,-3.341923554465351,-3.338824795000056,-3.3357261025445646,-3.332627477154983,-3.329528918889466,-3.326430427808796,-3.3233320039770136,-3.3202336474621057,-3.31713535833677,-3.3140371366792745,-3.310938982574427,-3.30784089611468,-3.3047428774014027,-3.301644926546337,-3.298547043673293,-3.295449228920121,-3.2923514824410103,-3.2892538044091886,-3.2861561947481546,-3.2830586533881956,-3.279961180265759,-3.2768637753228926,-3.2737664385067387,-3.270669169769083,-3.26757196906595,-3.2644748363572362,-3.2613777716063823,-3.2582807747800775,-3.25518384584799,-3.252086984782527,-3.2489901915586112,-3.245893466153488,-3.2427968085465366,-3.239700218719114,-3.2366036966544027,-3.233507242337275,-3.230410855754168,-3.227314536892974,-3.2242182857429382,-3.221122102294561,-3.21802598653952,-3.214929938470589,-3.2118339580815687,-3.208738045367229,-3.2056422003232465,-3.2025464229461615,-3.199450713233328,-3.1963550711828868,-3.193259496793733,-3.1901639900654937,-3.187068550998516,-3.183973179593864,-3.1808778758533274,-3.1777826397794406,-3.1746874713755253,-3.171592370645742,-3.168497337595179,-3.165402372229964,-3.162307474557418,-3.1592126445862627,-3.1561178823268925,-3.1530231877917307,-3.1499285609957037,-3.1468340019568526,-3.1437395106971393,-3.1406450872435014,-3.1375507316292333,-3.1344564438958056,-3.131362224095252,-3.128268072293321,-3.1251739885736405,-3.122079973043228,-3.1189860258398063,-3.1158921471415386,-3.112798337180015,-3.109704596257611,-3.106610924770761,-3.1035173232412303,-3.100423792358249,-3.097330333035411,-3.094236946487733,-3.091143634336254,-3.0880503987503953,-3.0849572426422083,-3.081864169932092,-3.0787711859132068,-3.0756782977525234,-3.072585515181489,-3.0694928514505007,-3.066400324651316,-3.0633079595538915,-3.060215790164272,-3.0571238632956006,-3.0540322435661715,-3.050941020412485,-3.0478503179544263,-3.044760308907291,-3.041671234249597,-3.0385834310966486,-3.035497372299824,-3.0324137228392596,-3.029333420319888,-3.026257790133281,-3.023188710569162,-3.020128850014809,-3.0170820083225034,-3.0140536088122,-3.0110514081045947,-3.008086520618585,-3.0051748964253364,-3.0023394490891833,-2.9996131077072454,-2.9970431654829186,-2.994697408515331,-2.9926726059644686,-2.9911059581275152,-2.990189889701059
-3.592801864468308,-3.592012199202976,-3.5906438269725256,-3.5888480545857613,-3.58673458571604,-3.5843836617466036,-3.581854402124798,-3.579190632083696,-3.5764250112207714,-3.573581991446028,-3.570679955962322,-3.5677327780188413,-3.564750964266426,-3.5617424981214096,-3.558713464891519,-3.555668517146293,-3.5526112225123825,-3.5495443245287532,-3.5464699389446532,-3.5433897018987794,-3.5403048821075043,-3.5372164660462273,-3.534125222803655,-3.5310317535923637,-3.5279365296451406,-3.524839921296499,-3.5217422203565487,-3.5186436573676567,-3.515544414947448,-3.5124446381312353,-3.5093444424083264,-3.506243919981662,-3.503143144655414,-3.5000421756604907,-3.4969410606559705,-3.493839838089608,-3.4907385390587238,-3.487637188780706,-3.4845358077577853,-3.4814344127018204,-3.4783330172702764,-3.4752316326533053,-3.472130268043172,-3.469028931010449,-3.46592762780622,-3.462826363605395,-3.4597251427030664,-3.4566239686733358,-3.4535228444980692,-3.4504217726715245,-3.447320755285554,-3.444219794099152,-3.441118890595348,-3.4380180460278567,-3.4349172614594083,-3.4318165377933196,-3.428715875799549,-3.4256152761362473,-3.422514739367635,-3.419414265978846,-3.4163138563882884,-3.4132135109579727,-3.410113230002134,-3.4070130137944714,-3.4039128625742276,-3.400812776551314,-3.3977127559106277,-3.394612800815718,-3.3915129114118856,-3.3884130878288325,-3.3853133301829135,-3.3822136385790715,-3.3791140131125004,-3.376014453870077,-3.3729149609316074,-3.3698155343709093,-3.3667161742567693,-3.3636168806537827,-3.360517653623107,-3.357418493223139,-3.354319399510134,-3.351220372538782,-3.3481214123627416,-3.3450225190351572,-3.3419236926091602,-3.3388249331383646,-3.335726240677373,-3.3326276152822905,-3.329529057011271,-3.3264305659250994,-3.323332142087814,-3.3202337855674027,-3.3171354964365634,-3.3140372747735625,-3.3109391206632086,-3.3078410341979567,-3.304743015479173,-3.3016450646185995,-3.2985471817400485,-3.2954493669813685,-3.2923516204967482,-3.2892539424594167,-3.286156332792872,-3.2830587914274014,-3.279961318299454,-3.276863913351075,-3.2737665765294075,-3.270669307786238,-3.2675721070775903,-3.264474974363361,-3.2613779096069915,-3.25828091277517,-3.255183983837567,-3.252087122766587,-3.248990329537156,-3.2458936041265147,-3.2427969465140456,-3.239700356681105,-3.236603834610875,-3.233507380288227,-3.2304109936996004,-3.227314674832886,-3.2242184236773275,-3.2211222402234276,-3.218026124462864,-3.2149300763884106,-3.2118340959938685,-3.208738183274004,-3.2056423382244965,-3.2025465608418844,-3.1994508511235242,-3.196355209067556,-3.193259634672874,-3.1901641279391058,-3.187068688866598,-3.1839733174564158,-3.1808780137103474,-3.17778277763093,-3.174687609221483,-3.1715925084861682,-3.168497475430074,-3.165402510059327,-3.162307612381248,-3.1592127824045595,-3.1561180201396537,-3.153023325598957,-3.1499286987973947,-3.1468341397530075,-3.1437396484877578,-3.1406452250285826,-3.137550869408776,-3.1344565816698093,-3.1313623618637156,-3.1282682100562447,-3.1251741263310238,-3.12208011079507,-3.1189861635861065,-3.1158922848822965,-3.1127984749152313,-3.109704733987286,-3.1066110624948937,-3.1035174609598193,-3.1004239300712912,-3.097330470742907,-3.0942370841896816,-3.091143772032655,-3.088050536441248,-3.084957380327512,-3.081864307611846,-3.0787713235874117,-3.075678435421179,-3.0725856528445945,-3.069492989108055,-3.066400462303318,-3.063308097200342,-3.0602159278051713,-3.057124000930946,-3.0540323811959635,-3.050941158036724,-3.047850455573113,-3.0447604465204248,-3.0416713718571766,-3.0385835686986757,-3.035497509896299,-3.0324138604301845,-3.029333557905266,-3.026257927713117,-3.0231888481434637,-3.0201289875835875,-3.017082145885774,-3.0140537463699877,-3.0110515456569376,-3.008086658165538,-3.005175033966983,-3.002339586625646,-2.999613245238707,-2.99704330300965,-2.994697546037731,-2.992672743483121,-2.9911060956432647,-2.990190027215114
-3.5928019981525297,-3.5920123328859885,-3.590643960653422,-3.588848188263853,-3.586734719390798,-3.5843837954176196,-3.581854535791753,-3.5791907657463415,-3.576425144878913,-3.5735821250995112,-3.5706800896110273,-3.5677329116626706,-3.564751097905303,-3.5617426317552727,-3.5587135985203187,-3.5556686507699915,-3.5526113561309467,-3.5495444581421576,-3.5464700725528777,-3.543389835501807,-3.540305015705322,-3.5372165996388234,-3.5341253563910198,-3.53103188717449,-3.527936663222024,-3.5248400548681342,-3.5217423539229307,-3.518643790928782,-3.5155445485033128,-3.512444771681837,-3.5093445759536626,-3.5062440535217307,-3.503143278190213,-3.5000423091900186,-3.496941194180226,-3.49383997160859,-3.4907386725724305,-3.487637322289136,-3.484535941260938,-3.481434546199694,-3.47833315076287,-3.4752317661406193,-3.4721304015252046,-3.4690290644871995,-3.4659277612776878,-3.4628264970715796,-3.4597252761639683,-3.4566241021289525,-3.4535229779484005,-3.4504219061165693,-3.4473208887253115,-3.4442199275336227,-3.441119024024531,-3.4380181794517513,-3.434917394878015,-3.4318166712066382,-3.428716009207577,-3.4256154095389837,-3.422514872765079,-3.4194143993709964,-3.416313989775147,-3.4132136443395384,-3.4101133633784064,-3.4070131471654492,-3.4039129959399124,-3.400812909911704,-3.3977128892657236,-3.394612934165519,-3.391513044756391,-3.3884132211680402,-3.3853134635168236,-3.382213771907684,-3.3791141464358154,-3.3760145871880933,-3.372915094244324,-3.369815667678326,-3.3667163075588857,-3.363617013950598,-3.360517786914621,-3.3574186265093506,-3.3543195327910436,-3.351220505814389,-3.3481215456330458,-3.345022652300158,-3.341923825868857,-3.3388250663927557,-3.3357263739264575,-3.3326277485260674,-3.32952919024974,-3.3264306991582595,-3.323332275315666,-3.3202339187899446,-3.317135629653795,-3.3140374079854835,-3.3109392538698192,-3.3078411673992556,-3.3047431486751604,-3.3016451978092753,-3.2985473149254125,-3.2954495001614195,-3.292351753671486,-3.2892540756288406,-3.286156465956981,-3.283058924586195,-3.2799614514529316,-3.2768640464992367,-3.2737667096722527,-3.270669440923765,-3.267572240209798,-3.264475107490249,-3.26137804272856,-3.2582810458914193,-3.2551841169484943,-3.2520872558721923,-3.2489904626374373,-3.2458937372214725,-3.2427970796036796,-3.239700489765415,-3.23660396768986,-3.233507513361887,-3.2304111267679336,-3.2273148078958926,-3.224218556735008,-3.221122373275781,-3.2180262575098904,-3.2149302094301078,-3.2118342290302357,-3.208738316305041,-3.205642471250203,-3.202546693862261,-3.1994509841385708,-3.196355342077272,-3.193259767677259,-3.19016426093816,-3.1870688218603203,-3.183973450444806,-3.180878146693405,-3.1777829106086535,-3.1746877421938717,-3.171592641453221,-3.16849760839179,-3.165402643015706,-3.162307745332289,-3.1592129153502615,-3.1561181530800173,-3.1530234585339807,-3.1499288317270784,-3.1468342726773506,-3.1437397814067594,-3.140645357942242,-3.137551002317094,-3.134456714572784,-3.1313624947613476,-3.128268342948533,-3.1251742592179674,-3.122080243676668,-3.118986296462358,-3.1158924177532024,-3.1127986077807894,-3.1097048668474963,-3.1066111953497546,-3.1035175938093316,-3.1004240629154554,-3.0973306035817223,-3.094237217023148,-3.09114390486077,-3.0880506692640113,-3.084957513144923,-3.0818644404239044,-3.078771456394115,-3.075678568222528,-3.0725857856405896,-3.0694931218986956,-3.066400595088604,-3.0633082299802727,-3.060216060579745,-3.057124133700162,-3.0540325139598217,-3.0509412907952242,-3.0478505883262548,-3.044760579268208,-3.041671504599603,-3.0385837014357446,-3.0354976426280125,-3.032413993156544,-3.0293336906262747,-3.0262580604287788,-3.023188980853786,-3.0201291202885803,-3.0170822785854554,-3.0140538790643814,-3.0110516783460795,-3.008086790849482,-3.0051751666458073,-3.0023397192994716,-2.9996133779077105,-2.9970434356740916,-2.994697678697995,-2.992672876139769,-2.991106228297112,-2.990190159867326
-3.592802127110271,-3.592012461842564,-3.590644089607958,-3.588848317215683,-3.5867348483394137,-3.5843839243626254,-3.5818546647328433,-3.579190894683277,-3.576425273811504,-3.57358225402761,-3.570680218534516,-3.567733040581458,-3.564751226819314,-3.561742760664447,-3.558713727424611,-3.5556687796693613,-3.552611485025364,-3.549544587031598,-3.5464702014373204,-3.543389964381236,-3.5403051445797242,-3.5372167285081884,-3.5341254852553377,-3.531032016033754,-3.5279367920762272,-3.5248401837172727,-3.5217424827670016,-3.5186439197677797,-3.515544677337236,-3.5124449005106824,-3.509344704777429,-3.5062441823404162,-3.5031434070038157,-3.5000424379985366,-3.496941322983658,-3.4938401004069366,-3.4907388013656906,-3.4876374510773083,-3.4845360700440198,-3.4814346749776854,-3.4783332795357693,-3.4752318949084264,-3.4721305302879184,-3.4690291932448187,-3.465927890030211,-3.4628266258190066,-3.4597254049062975,-3.456624230866184,-3.4535231066805343,-3.450422034843606,-3.4473210174472495,-3.4442200562504612,-3.44111915273627,-3.43801830815839,-3.434917523579553,-3.431816799903073,-3.428716137898909,-3.4256155382252134,-3.422515001446206,-3.4194145280470196,-3.416314118446066,-3.4132137730053524,-3.410113492039114,-3.4070132758210505,-3.4039131245904057,-3.400813038557089,-3.3977130179059993,-3.3946130628006848,-3.391513173386448,-3.388413349792989,-3.385313592136664,-3.3822139005224146,-3.3791142750454344,-3.3760147157926004,-3.37291522284372,-3.3698157962726096,-3.3667164361480566,-3.3636171425346557,-3.3605179154935643,-3.3574187550831787,-3.3543196613597566,-3.3512206343779862,-3.348121674191526,-3.3450227808535207,-3.341923954417102,-3.3388251949358834,-3.3357265024644667,-3.3326278770589575,-3.329529318777511,-3.3264308276809094,-3.323332403833194,-3.320234047302351,-3.317135758161079,-3.3140375364876453,-3.3109393823668576,-3.3078412958911705,-3.304743277161951,-3.301645326290941,-3.2985474434019517,-3.295449628632833,-3.2923518821377726,-3.2892542040899997,-3.2861565944130127,-3.283059053037099,-3.2799615798987074,-3.2768641749398837,-3.27376683810777,-3.270669569354153,-3.2675723686350566,-3.2644752359103775,-3.261378171143557,-3.2582811743012847,-3.255184245353228,-3.252087384271792,-3.2489905910319035,-3.2458938656108036,-3.2427972079878757,-3.2397006181444756,-3.2366040960637847,-3.2335076417306747,-3.2304112551315836,-3.227314936254405,-3.224218685088382,-3.2211225016240155,-3.218026385852984,-3.214930337768061,-3.2118343573630486,-3.208738444632714,-3.2056425995727347,-3.2025468221796505,-3.199451112450817,-3.1963554703843746,-3.1932598959792173,-3.1901643892349725,-3.187068950151987,-3.183973578731325,-3.1808782749747775,-3.1777830388848787,-3.1746878704649495,-3.1715927697191515,-3.168497736652573,-3.16540277127134,-3.1623078735827743,-3.159213043595598,-3.1561182813202047,-3.1530235867690184,-3.149928959956966,-3.146834400902088,-3.1437399096263454,-3.1406454861566764,-3.137551130526375,-3.134456842776912,-3.1313626229603218,-3.128268471142352,-3.1251743874066316,-3.122080371860177,-3.1189864246407115,-3.115892545926399,-3.1127987359488287,-3.109704995010376,-3.1066113235074764,-3.103517721961894,-3.100424191062858,-3.0973307317239644,-3.094237345160228,-3.0911440329926876,-3.0880507973907663,-3.0849576412665147,-3.0818645685403334,-3.078771584505381,-3.0756786963286293,-3.072585913741525,-3.0694932499944643,-3.0664007231792065,-3.063308358065709,-3.060216188660014,-3.057124261775264,-3.054032642029756,-3.05094141885999,-3.047850716385851,-3.0447607073226357,-3.0416716326488626,-3.038583829479837,-3.0354977706669377,-3.032414121190304,-3.029333818654872,-3.0262581884522195,-3.0231891088720744,-3.0201292483017297,-3.01708240659348,-3.014054007067305,-3.011051806343938,-3.0080869188423263,-3.0051752946337165,-3.0023398472825598,-2.9996135058861473,-2.9970435636481296,-2.994697806668004,-2.9926730041062917,-2.991106356260933,-2.99019028782957
-3.5928022515086626,-3.5920125862398287,-3.5906442140032517,-3.5888484416083664,-3.5867349727289954,-3.5843840487487246,-3.581854789115164,-3.5791910190615885,-3.5764253981856244,-3.5735823783973943,-3.5706803428998497,-3.567733164942251,-3.564751351175496,-3.5617428850159625,-3.5587138517714134,-3.555668904011416,-3.5526116093626428,-3.549544711364076,-3.5464703257649783,-3.543390088704059,-3.5403052688976975,-3.537216852821303,-3.534125609563586,-3.531032140337128,-3.527936916374721,-3.5248403080108814,-3.5217426070557205,-3.518644044051607,-3.5155448016161683,-3.5124450247847183,-3.509344829046565,-3.5062443066046507,-3.503143531263146,-3.500042562252962,-3.496941447233177,-3.4938402246515445,-3.490738925605388,-3.4876375753120934,-3.4845361942738937,-3.481434799202648,-3.4783334037558205,-3.475232019123564,-3.472130654498143,-3.46902931745013,-3.465928014230609,-3.4628267500144885,-3.459725529096863,-3.456624355051833,-3.453523230861266,-3.4504221590194186,-3.447321141618144,-3.444220180416437,-3.4411192768973264,-3.4380184323145273,-3.43491764773077,-3.4318169240493703,-3.428716262040285,-3.425615662361667,-3.4225151255777355,-3.419414652173625,-3.4163142425677457,-3.4132138971221067,-3.410113616150943,-3.407013399927955,-3.403913248692385,-3.400813162654143,-3.3977131419981275,-3.394613186887886,-3.3915132974687197,-3.3884134738703304,-3.3853137162090734,-3.3822140245898926,-3.3791143991079813,-3.3760148398502174,-3.372915346896406,-3.3698159203203653,-3.3667165601908797,-3.3636172665725455,-3.36051803952652,-3.357418879111201,-3.354319785382845,-3.3512207583961398,-3.348121798204744,-3.345022904861803,-3.341924078420447,-3.338825318934291,-3.335726626457936,-3.332628001047488,-3.3295294427611024,-3.326430951659562,-3.3233325278069072,-3.3202341712711236,-3.3171358821249113,-3.3140376604465365,-3.310939506320808,-3.307841419840179,-3.3047434011060166,-3.3016454502300627,-3.2985475673361293,-3.2954497525620643,-3.292352006062059,-3.2892543280093403,-3.2861567183274065,-3.283059176946545,-3.279961703803205,-3.2768642988394334,-3.2737669620023717,-3.270669693243805,-3.2675724925197587,-3.2644753597901293,-3.2613782950183574,-3.2582812981711324,-3.2551843692181235,-3.252087508131737,-3.2489907148868964,-3.2458939894608445,-3.242797331832964,-3.2397007419846107,-3.2366042198989664,-3.233507765560902,-3.230411378956856,-3.2273150600747216,-3.2242188089037414,-3.221122625434418,-3.2180265096584293,-3.2149304615685486,-3.211834481158577,-3.2087385684232825,-3.205642723358342,-3.2025469459602967,-3.1994512362265017,-3.1963555941550976,-3.1932600197449785,-3.1901645129957714,-3.187069073907823,-3.183973702482198,-3.180878398720687,-3.1777831626258237,-3.174687994200929,-3.1715928934501663,-3.1684978603786225,-3.1654028949924253,-3.1623079972988943,-3.1592131673067505,-3.1561184050263886,-3.1530237104702334,-3.1499290836532112,-3.146834524593362,-3.143740033312649,-3.140645609838008,-3.1375512542027337,-3.134456966448297,-3.1313627466267335,-3.128268594803791,-3.125174511063097,-3.1220804955116686,-3.118986548287228,-3.115892669567939,-3.112798859585393,-3.1097051186419646,-3.106611447134088,-3.103517845583528,-3.100424314679515,-3.0973308553356436,-3.0942374687669294,-3.091144156594412,-3.0880509209875124,-3.084957764858282,-3.081864692127121,-3.078771708087188,-3.075678819905456,-3.0725860373133704,-3.0694933735613286,-3.066400846741088,-3.0633084816226064,-3.0602163122119275,-3.0571243853221928,-3.0540327655717,-3.0509415423969486,-3.047850839917824,-3.044760830849623,-3.0416717561708637,-3.0385839529968526,-3.0354978941789694,-3.032414244697353,-3.0293339421569416,-3.026258311949314,-3.0231892323642016,-3.0201293717888973,-3.0170825300757045,-3.0140541305446082,-3.011051929816352,-3.0080870423099024,-3.0051754180965293,-3.0023399707407217,-2.9996136293398212,-2.997043687097557,-2.9946979301135435,-2.9926731275484664,-2.9911064797005023,-2.990190411267618
-3.5928023715088395,-3.5920127062389215,-3.5906443340004457,-3.5888485616030414,-3.586735092720677,-3.5843841687370475,-3.5818549090998424,-3.579191139042398,-3.57642551816239,-3.573582498369979,-3.5706804628681446,-3.5677332849061694,-3.56475147113497,-3.5617430049709373,-3.558713971721846,-3.5556690239572695,-3.5526117293038872,-3.5495448313006897,-3.546470445696943,-3.5433902086313593,-3.540305388820323,-3.5372169727392424,-3.5341257294768313,-3.5310322602456723,-3.527937036278559,-3.524840427910008,-3.521742726950131,-3.5186441639412975,-3.515544921501137,-3.5124451446649614,-3.5093449489220805,-3.5062444264754364,-3.503143651129201,-3.5000426821142847,-3.496941567089767,-3.4938403445034014,-3.4907390454525102,-3.48763769515448,-3.4845363141115433,-3.48143491903556,-3.4783335235839927,-3.475232138946997,-3.4721307743168346,-3.4690294372640795,-3.465928134039816,-3.462826869818953,-3.459725648896585,-3.4566244748468127,-3.4535233506515026,-3.4504222788049113,-3.447321261398892,-3.444220300192439,-3.441119396668582,-3.4380185520810356,-3.434917767492531,-3.4318170438063835,-3.4287163817925497,-3.4256157821091833,-3.422515245320503,-3.419414771911644,-3.416314362301015,-3.4132140168506244,-3.4101137358747096,-3.407013519646969,-3.403913368406647,-3.4008132823636537,-3.3977132617028847,-3.3946133065878894,-3.3915134171639703,-3.388413593560828,-3.3853138358948183,-3.382214144270883,-3.3791145187842164,-3.376014959521696,-3.372915466563126,-3.3698160399823265,-3.3667166798480825,-3.3636173862249894,-3.360518159174205,-3.357418998754125,-3.354319905021007,-3.35122087802954,-3.348121917833382,-3.3450230244856787,-3.3419241980395595,-3.3388254385486404,-3.335726746067522,-3.332628120652311,-3.329529562361161,-3.326431071254856,-3.3233326473974354,-3.320234290856886,-3.317136001705907,-3.314037780022766,-3.31093962589227,-3.307841539406873,-3.3047435206679427,-3.301645569787221,-3.2985476868885186,-3.2954498721096854,-3.2923521256049106,-3.2892544475474215,-3.2861568378607173,-3.2830592964750855,-3.279961823326973,-3.2768644183584277,-3.2737670815165925,-3.2706698127532516,-3.2675726120244297,-3.264475479290024,-3.2613784145134765,-3.2582814176614754,-3.2551844887036907,-3.2520876276125272,-3.2489908343629095,-3.2458941089320805,-3.2427974512994218,-3.2397008614462894,-3.2366043393558654,-3.2335078850130214,-3.230411498404196,-3.227315179517281,-3.2242189283415197,-3.2211227448674142,-3.2180266290866424,-3.2149305809919784,-3.2118346005772227,-3.208738687837143,-3.205642842767419,-3.202547065364589,-3.1994513556260094,-3.1963557135498184,-3.1932601391349125,-3.1901646323809185,-3.1870691932881834,-3.1839738218577702,-3.1808785180914687,-3.1777832819918155,-3.1746881135621314,-3.171593012806578,-3.168497979730242,-3.1654030143392524,-3.1623081166409284,-3.159213286643993,-3.1561185243588383,-3.15302382979789,-3.1499292029760744,-3.1468346439114327,-3.1437401526259254,-3.14064572914649,-3.1375513735064215,-3.13445708574719,-3.1313628659208304,-3.128268714093092,-3.1251746303476016,-3.1220806147913756,-3.1189866675621367,-3.1158927888380497,-3.112798978850704,-3.109705237902475,-3.1066115663897977,-3.103517964834438,-3.1004244339256233,-3.097330974576949,-3.0942375880034327,-3.091144275826111,-3.088051040214408,-3.084957884080374,-3.081864811344408,-3.0787718272996707,-3.075678939113133,-3.0725861565162407,-3.069493492759392,-3.0664009659343434,-3.0633086008110544,-3.060216431395568,-3.0571245045010276,-3.0540328847457268,-3.050941661566167,-3.0478509590822345,-3.044760950009226,-3.0416718753256586,-3.0385840721468393,-3.035498013324149,-3.0324143638377277,-3.029334061292514,-3.026258431080087,-3.0231893514901813,-3.020129490910094,-3.017082649192132,-3.014054249656288,-3.011052048923317,-3.008087161412201,-3.0051755371942335,-3.002340089833938,-2.999613748428708,-2.9970438061823494,-2.9946980491945854,-2.9926732466262633,-2.991106598775785,-2.9901905303414336
-3.592802487266313,-3.5920128219953478,-3.5906444497550414,-3.588848677355211,-3.586735208469961,-3.5843842844830913,-3.581855024842371,-3.5791912547811955,-3.5764256338972875,-3.5735826141008435,-3.5706805785948705,-3.567733400628674,-3.5647515868531854,-3.561743120684811,-3.5587140874313348,-3.555669139662339,-3.5526118450045105,-3.5495449469968445,-3.5464705613886114,-3.543390324318528,-3.5403055045029803,-3.5372170884173784,-3.5341258451504385,-3.531032375914745,-3.5279371519430898,-3.5248405435699923,-3.5217428426055664,-3.51864427959218,-3.515545037147463,-3.51244526030673,-3.50934506455929,-3.506244542108085,-3.503143766757287,-3.500042797737807,-3.496941682708722,-3.49384046011779,-3.490739161062331,-3.4876378107597326,-3.484536429712226,-3.481435034631672,-3.4783336391755335,-3.4752322545339656,-3.4721308898992307,-3.469029552841903,-3.4659282496130657,-3.4628269853876286,-3.4597257644606856,-3.4566245904063373,-3.4535234662064513,-3.450422394355284,-3.4473213769446875,-3.444220415733657,-3.441119512205222,-3.4380186676130964,-3.4349178830200127,-3.4318171593292854,-3.428716497310871,-3.425615897622923,-3.4225153608296632,-3.4194148874162225,-3.4163144778010115,-3.4132141323460403,-3.4101138513655433,-3.40701363513322,-3.403913483888313,-3.4008133978407336,-3.3977133771753802,-3.394613422055799,-3.3915135326272927,-3.3884137090195634,-3.385313951348966,-3.3822142597204428,-3.379114634229187,-3.3760150749620776,-3.3729155819989196,-3.3698161554135306,-3.366716795274696,-3.3636175016470133,-3.3605182745916387,-3.3574191141669685,-3.354320020429259,-3.3512209934332,-3.3481220332324493,-3.345023139880152,-3.341924313429439,-3.338825553933925,-3.335726861448212,-3.3326282360284054,-3.3295296777326597,-3.326431186621758,-3.323332762759741,-3.3202344062145945,-3.3171361170590172,-3.3140378953712766,-3.3109397412361816,-3.307841654746186,-3.3047436360026565,-3.3016456851173346,-3.2985478022140327,-3.295449987430599,-3.292352240921223,-3.289254562859132,-3.2861569531678256,-3.2830594117775904,-3.2799619386248753,-3.2768645336517266,-3.2737671968052866,-3.270669928037341,-3.2675727273039152,-3.2644755945649044,-3.2613785297837516,-3.258281532927145,-3.2551846039647523,-3.2520877428689805,-3.248990949614753,-3.2458942241793136,-3.242797566542044,-3.2397009766843006,-3.2366044545892647,-3.233508000241809,-3.2304116136283705,-3.227315294736843,-3.2242190435564697,-3.221122860077752,-3.2180267442923673,-3.2149306961930892,-3.2118347157737195,-3.208738803029026,-3.2056429579546872,-3.202547180547241,-3.1994514708040445,-3.1963558287232385,-3.1932602543037167,-3.190164747545107,-3.1870693084477546,-3.183973937012724,-3.1808786332418046,-3.1777833971375338,-3.17468822870323,-3.171593127943055,-3.1684980948620973,-3.165403129466484,-3.162308231763537,-3.159213401761978,-3.1561186394722007,-3.1530239449066295,-3.14992931808019,-3.1468347590109222,-3.1437402677207893,-3.140645844236728,-3.1375514885920333,-3.1344572008281752,-3.131362980997189,-3.1282688291648237,-3.1251747454147054,-3.1220807298538515,-3.1189867826199844,-3.1158929038912677,-3.112799093899292,-3.1097053529464325,-3.1066116814291247,-3.103518079869133,-3.1004245489556865,-3.0973310896023807,-3.094237703024231,-3.091144390842276,-3.0880511552259393,-3.0849579990872704,-3.0818649263466686,-3.078771942297295,-3.075679054106122,-3.0725862715045946,-3.06949360774311,-3.0664010809134257,-3.0633087157854995,-3.060216546365376,-3.057124619466197,-3.0540329997062567,-3.050941776522059,-3.047851074033488,-3.0447610649558396,-3.0416719902676324,-3.038584187084173,-3.0354981282568443,-3.032414478765786,-3.029334176215937,-3.02625854599888,-3.023189466404351,-3.0201296058196494,-3.017082764097087,-3.0140543645566646,-3.0110521638191465,-3.00808727630353,-3.0051756520811317,-3.002340204716506,-2.9996138633071006,-2.997043921056792,-2.99469816406541,-2.992673361493956,-2.991106713641052,-2.990190645205285
-3.5928025989310552,-3.5920129336590803,-3.590644561417004,-3.5888487890148286,-3.586735320126793,-3.584384396136798,-3.581855136492688,-3.579191366427915,-3.576425745540247,-3.5735827257399126,-3.5706806902299477,-3.5677335122596783,-3.5647516984800545,-3.561743232307492,-3.5587141990497866,-3.55566925127653,-3.552611956614415,-3.549545058602441,-3.5464706729898823,-3.543390435915458,-3.540305616095557,-3.5372172000055926,-3.5341259567342824,-3.531032487494213,-3.5279372635181785,-3.524840655140697,-3.521742954171882,-3.5186443911541034,-3.515545148704991,-3.5124453718598603,-3.5093451761080208,-3.5062446536524146,-3.503143878297214,-3.5000429092733305,-3.4969417942398415,-3.493840571644503,-3.4907392725846362,-3.4876379222776297,-3.4845365412257148,-3.4814351461407527,-3.478333750680206,-3.475232366034229,-3.472131001395085,-3.4690296643333474,-3.4659283611000995,-3.4628270968702513,-3.4597258759388962,-3.4566247018801346,-3.4535235776758335,-3.45042250582025,-3.4473214884052377,-3.4442205271897914,-3.441119623656941,-3.4380187790604,-3.4349179944629,-3.4318172707677563,-3.4287166087449252,-3.42561600905256,-3.4225154722548807,-3.41941499883702,-3.41631458921739,-3.413214243757998,-3.4101139627730808,-3.407013746536336,-3.403913595287008,-3.400813509235005,-3.397713488565228,-3.3946135334412233,-3.3915136440082936,-3.3884138203961394,-3.3853140627211173,-3.382214371088169,-3.3791147455924873,-3.376015186320951,-3.3729156933533653,-3.3698162667635487,-3.3667169066202867,-3.3636176129881754,-3.360518385928372,-3.3574192254992723,-3.3543201317571336,-3.3512211047566454,-3.3481221445514655,-3.3450232511947386,-3.341924424739596,-3.3388256652396517,-3.335726972749507,-3.332628347325268,-3.3295297890250883,-3.3264312979097532,-3.3233328740433024,-3.320234517493722,-3.3171362283337102,-3.314038006641534,-3.310939852502002,-3.3078417660075687,-3.304743747259601,-3.3016457963698413,-3.2985479134621003,-3.2954500986742277,-3.2923523521604126,-3.2892546740938826,-3.2861570643981355,-3.2830595230034594,-3.2799620498463025,-3.2768646448687115,-3.2737673080178293,-3.270670039245441,-3.2675728385075717,-3.2644757057641174,-3.26137864097852,-3.258281644117468,-3.2551847151506306,-3.2520878540504143,-3.248991060791743,-3.2458943353518594,-3.2427976777101444,-3.239701087847955,-3.236604565748473,-3.2335081113965707,-3.230411724778685,-3.2273154058827087,-3.224219154697886,-3.221122971214719,-3.218026855424884,-3.2149308073211555,-3.2118348268973347,-3.2087389141481886,-3.205643069069398,-3.2025472916574986,-3.1994515819098495,-3.1963559398245898,-3.1932603654006138,-3.1901648586375475,-3.1870694195357387,-3.183974048096251,-3.180878744320876,-3.1777835082121473,-3.1746883397733856,-3.1715932390087533,-3.1684982059233384,-3.165403240523268,-3.1623083428158636,-3.1592135128098464,-3.156118750515611,-3.153024055945581,-3.1499294291146813,-3.1468348700409536,-3.14374037874636,-3.1406459552578365,-3.137551599608679,-3.134457311840358,-3.131363092004907,-3.128268940168076,-3.125174856413493,-3.1220808408481737,-3.1189868936098404,-3.1158930148766593,-3.1127992048802176,-3.109705463922893,-3.1066117924011185,-3.1035181908366605,-3.100424659918746,-3.097331200560972,-3.094237813978355,-3.0911445017919323,-3.088051266171126,-3.084958110027987,-3.0818650372829146,-3.0787720532290703,-3.075679165033425,-3.072586382427425,-3.0694937186614686,-3.0664011918273113,-3.0633088266949122,-3.0602166572703147,-3.05712473036666,-3.0540331106022456,-3.0509418874135723,-3.047851184920525,-3.0447611758384,-3.0416721011457173,-3.0385842979577835,-3.0354982391259804,-3.03241458963045,-3.0293342870761317,-3.026258656854608,-3.0231895772556183,-3.020129716666465,-3.017082874939465,-3.014054475394625,-3.011052274652719,-3.00808738713276,-3.005175762906086,-3.002340315537285,-2.999613974123851,-2.997044031869732,-2.9946982748748603,-2.992673472300386,-2.991106824445143,-2.9901907560080105
-3.5928027066477743,-3.592013041374826,-3.5906446691310454,-3.58884889672661,-3.586735427835889,-3.5843845038428777,-3.581855244195494,-3.5791914741272484,-3.57642585323595,-3.5735828334318622,-3.5706807979180466,-3.567733619943849,-3.564751806160234,-3.5617433399836322,-3.5587143067218485,-3.555669358944482,-3.5526120642782297,-3.5495451662620985,-3.546470780645367,-3.543390543566755,-3.540305723742655,-3.537217307648483,-3.534126064372959,-3.5310325951286683,-3.5279373711484068,-3.5248407627666953,-3.5217430617936474,-3.518644498771633,-3.515545256318282,-3.51244547946891,-3.5093452837128263,-3.5062447612529755,-3.5031439858935296,-3.5000430168653978,-3.496941901827661,-3.4938406792280747,-3.4907393801639586,-3.4876380298527025,-3.484536648796538,-3.481435253707323,-3.4783338582425225,-3.475232473592291,-3.4721311089488918,-3.4690297718828984,-3.465928468645393,-3.462827204411287,-3.4597259834756735,-3.456624809412654,-3.4535236852040962,-3.4504226133442555,-3.4473215959249845,-3.444220634705279,-3.4411197311681674,-3.438018886567366,-3.434918101965604,-3.4318173782661976,-3.428716716239103,-3.425616116542475,-3.4225155797405327,-3.419415106318409,-3.416314696694515,-3.4132143512308577,-3.410114070241674,-3.4070138540006636,-3.40391370274707,-3.4008136166908023,-3.3977135960167595,-3.3946136408884886,-3.391513751451292,-3.38841392783487,-3.3853141701555796,-3.382214478518363,-3.3791148530184145,-3.3760152937426104,-3.3729158007707554,-3.369816374176668,-3.3667170140291347,-3.3636177203927518,-3.360518493328676,-3.3574193328953035,-3.354320239148891,-3.3512212121441283,-3.3481222519346736,-3.3450233585736715,-3.3419245321142528,-3.338825772610032,-3.335727080115611,-3.332628454687096,-3.3295298963826414,-3.3264314052630297,-3.323332981392302,-3.320234624838444,-3.317136335674154,-3.3140381139777007,-3.310939959833891,-3.307841873335179,-3.3047438545829317,-3.3016459036888923,-3.2985480207768703,-3.295450205984715,-3.2923524594666165,-3.289254781395803,-3.2861571716957725,-3.283059630296813,-3.279962157135373,-3.276864752153498,-3.273767415298331,-3.2706701465216583,-3.267572945779504,-3.2644758130317637,-3.2613787482418792,-3.25828175137654,-3.2551848224054147,-3.2520879613009095,-3.2489911680379486,-3.2458944425937752,-3.2427977849477707,-3.2397011950812913,-3.2366046729775193,-3.233508218621326,-3.2304118319991497,-3.2273155130988824,-3.224219261909768,-3.2211230784223077,-3.2180269626281794,-3.2149309145201577,-3.211834934092043,-3.208739021338603,-3.2056431762555175,-3.2025473988393234,-3.199451689087378,-3.196356046997822,-3.193260472569549,-3.190164965802187,-3.1870695266960816,-3.183974155252297,-3.1808788514726243,-3.177783615359598,-3.174688446916538,-3.1715933461476076,-3.1684983130578934,-3.165403347653523,-3.1623084499418175,-3.1592136199314984,-3.15611885763296,-3.1530241630586278,-3.149929536223426,-3.146834977145396,-3.1437404858464992,-3.1406460623536727,-3.137551706700212,-3.1344574189275862,-3.1313631990878306,-3.1282690472466945,-3.125174963487804,-3.1220809479181764,-3.1189870006755362,-3.1158931219380452,-3.1127993119372954,-3.1097055709756605,-3.1066118994495766,-3.1035182978808082,-3.100424766958584,-3.097331307596499,-3.09423792100957,-3.091144608818835,-3.088051373193716,-3.0849582170462653,-3.0818651442968807,-3.078772160238723,-3.075679272038764,-3.07258648942845,-3.0694938256581774,-3.0664012988197045,-3.06330893368299,-3.0602167642540765,-3.0571248373461053,-3.054033217577374,-3.0509419943843836,-3.0478512918870195,-3.0447612828005783,-3.0416722081035794,-3.03858440491133,-3.0354983460752116,-3.0324146965753664,-3.029334394016736,-3.026258763790904,-3.0231896841876122,-3.0201298235941656,-3.0170829818628846,-3.0140545823137823,-3.0110523815676444,-3.008087494043497,-3.0051758698126987,-3.0023404224398695,-2.999614081022549,-2.9970441387647537,-2.9946983817665163,-2.9926735791891295,-2.9911069313316307,-2.99019086289318
-3.592802810556025,-3.5920131452821367,-3.5906447730367126,-3.588849000630099,-3.5867355317367866,-3.5843846077408665,-3.5818553480903277,-3.579191578018734,-3.5764259571239365,-3.57358293731623,-3.5706809017987,-3.5677337238207123,-3.5647519100332468,-3.561743443852746,-3.5587144105870263,-3.555669462805693,-3.5526121681354503,-3.5495452701153094,-3.546470884494551,-3.5433906474119,-3.540305827583752,-3.5372174114855217,-3.5341261682059306,-3.531032698957568,-3.5279374749732293,-3.5248408665874367,-3.521743165610305,-3.5186446025842053,-3.515545360126767,-3.5124455832733057,-3.5093453875131306,-3.506244865049186,-3.503144089685645,-3.5000431206534173,-3.496942005611582,-3.493840783007897,-3.490739483939681,-3.4876381336243223,-3.484536752564054,-3.4814353574707364,-3.4783339620018316,-3.475232577347496,-3.472131212699992,-3.469029875629892,-3.4659285723882824,-3.4628273081500707,-3.4597260872103512,-3.4566249131432243,-3.453523788930558,-3.4504227170666084,-3.447321699643229,-3.444220738419414,-3.4411198348781933,-3.4380189902732816,-3.4349182056674104,-3.4318174819638947,-3.4287168199326903,-3.425616220231951,-3.4225156834258983,-3.419415209999664,-3.4163148003716572,-3.413214454903887,-3.410114173910591,-3.407013957665467,-3.4039138064077594,-3.4008137203473767,-3.397713699669217,-3.3946137445368305,-3.3915138550955173,-3.3884140314749778,-3.3853142737915687,-3.3822145821502327,-3.379114956646164,-3.376015397366239,-3.372915904390263,-3.369816477792054,-3.3667171176404,-3.3636178239998955,-3.360518596931698,-3.357419436494204,-3.35432034274367,-3.351221315734784,-3.3481223555212067,-3.3450234621560813,-3.341924635692539,-3.3388258761841954,-3.335727183685651,-3.332628558253011,-3.329529999944431,-3.326431508820694,-3.3233330849458405,-3.3202347283878564,-3.3171364392194405,-3.314038217518859,-3.310940063370921,-3.30784197686808,-3.304743958111704,-3.3016460072135354,-3.2985481242973846,-3.295450309501101,-3.2923525629788735,-3.289254884903929,-3.2861572751997676,-3.2830597337966765,-3.2799622606311036,-3.276864855645096,-3.2737675187857964,-3.27067025000499,-3.267573049258701,-3.264475916506827,-3.2613788517128084,-3.258281854843334,-3.2551849258680736,-3.2520880647594317,-3.2489912714923337,-3.2458945460440227,-3.24279788839388,-3.2397012985232623,-3.2366047764153514,-3.2335083220550183,-3.230411935428702,-3.227315616524294,-3.2242193653310394,-3.221123181839439,-3.21802706604117,-3.2149310179290067,-3.21183503749675,-3.2087391247391674,-3.2056432796519374,-3.202547502231599,-3.19945179247551,-3.19635615038181,-3.1932605759493917,-3.1901650691778847,-3.1870696300676338,-3.1839742586197035,-3.1808789548358836,-3.1777837187187106,-3.174688550271504,-3.1715934494984257,-3.168498416404564,-3.1654034509960467,-3.162308553280194,-3.1592137232657276,-3.156118960963041,-3.1530242663845587,-3.149929639545206,-3.146835080463024,-3.143740589159975,-3.140646165662996,-3.1375518100053816,-3.1344575222286033,-3.1313633023846945,-3.1282691505394036,-3.125175066776359,-3.1220810512025774,-3.118987103955782,-3.1158932252141347,-3.1127994152092278,-3.109705674243436,-3.1066120027131947,-3.1035184011402683,-3.1004248702138857,-3.0973314108476426,-3.0942380242565553,-3.091144712061661,-3.0880514764323834,-3.084958320280773,-3.081865247527228,-3.0787722634649097,-3.075679375260789,-3.0725865926463127,-3.069493928871879,-3.066401402029244,-3.063309036888367,-3.0602168674552908,-3.057124940543157,-3.054033320770263,-3.0509420975731083,-3.0478513950715804,-3.044761385980976,-3.0416723112798136,-3.0385845080834004,-3.0354984492431196,-3.0324147997391133,-3.0293344971763236,-3.026258866946337,-3.023189787338895,-3.0201299267413066,-3.017083085005897,-3.0140546854526846,-3.011052484702465,-3.008087597174277,-3.005175972939501,-3.002340525562786,-2.9996141841417177,-2.997044241880377,-2.994698484878892,-2.9926736822986935,-2.9911070344390174,-2.9901909659992962
-3.592802910790465,-3.5920132455156706,-3.5906448732686593,-3.588849100859941,-3.586735631964129,-3.584384707965403,-3.5818554483118206,-3.5791916782369966,-3.5764260573388214,-3.573583037527622,-3.570681002006509,-3.567733824024866,-3.564752010233687,-3.5617435440494276,-3.5587145107799114,-3.5556695629947526,-3.552612268320661,-3.5495453702966513,-3.5464709846720086,-3.5433907475854616,-3.5403059277534057,-3.537217511651262,-3.534126268367749,-3.5310327991154584,-3.527937575127188,-3.52484096673746,-3.5217432657563887,-3.5186447027263457,-3.5155454602649607,-3.5124456834075515,-3.5093454876434276,-3.5062449651755325,-3.50314418980804,-3.500043220771861,-3.496942105726073,-3.493840883118433,-3.490739584046262,-3.487638233726947,-3.484536852662721,-3.481435457565444,-3.478334062092581,-3.4752326774342874,-3.4721313127828246,-3.469029975708765,-3.4659286724631944,-3.462827408221022,-3.4597261872773415,-3.4566250132062533,-3.4535238889896256,-3.450422817121715,-3.447321799694374,-3.4442208384665958,-3.4411199349214106,-3.4380190903125336,-3.434918305702697,-3.431817581995215,-3.4287169199600456,-3.425616320255341,-3.4225157834453213,-3.4194153100151192,-3.416314900383145,-3.4132145549114075,-3.4101142739141426,-3.4070140576650494,-3.403913906403373,-3.400813820339021,-3.397713799656892,-3.3946138445205327,-3.3915139550752467,-3.388414131450735,-3.3853143737633533,-3.382214682118045,-3.3791150566100034,-3.376015497326105,-3.3729160043461563,-3.369816577743976,-3.366717217588348,-3.36361792394387,-3.360518696871697,-3.3574195364302275,-3.354320442675718,-3.3512214156628564,-3.348122455445302,-3.345023562076199,-3.3419247356086803,-3.3388259760963583,-3.335727283593835,-3.332628658157216,-3.329530099844657,-3.3264316087169408,-3.323333184838107,-3.320234828276142,-3.3171365391037444,-3.3140383173991816,-3.3109401632472615,-3.307842076740438,-3.3047440579800793,-3.3016461070779264,-3.298548224157791,-3.295450409357521,-3.2923526628313082,-3.2892549847523793,-3.286157375044233,-3.283059833637156,-3.2799623604675965,-3.2768649554776017,-3.273767618614315,-3.270670349829521,-3.267573149079244,-3.264476016323381,-3.2613789515253737,-3.25828195465191,-3.25518502567266,-3.2520881645600292,-3.2489913712889407,-3.245894645836639,-3.2427979881825055,-3.2397013983078966,-3.2366048761959942,-3.2335084218316688,-3.2304120352013594,-3.227315716292958,-3.224219465095709,-3.221123281600113,-3.218027165797849,-3.2149311176816897,-3.2118351372454375,-3.2087392244838595,-3.205643379392635,-3.202547601968301,-3.1994518922082165,-3.1963562501105196,-3.193260675674106,-3.190165168898601,-3.1870697297843513,-3.1839743583324216,-3.180879054544602,-3.177783818423429,-3.174688649972221,-3.1715935491951406,-3.168498516097276,-3.165403550684754,-3.162308652964897,-3.1592138229464255,-3.1561190606397336,-3.153024366057247,-3.1499297392138903,-3.146835180127704,-3.1437406888206505,-3.140646265319666,-3.1375519096580464,-3.134457621877262,-3.1313634020293457,-3.1282692501800478,-3.1251751664129963,-3.122081150835207,-3.1189872035844037,-3.1158933248387504,-3.112799514829836,-3.109705773860036,-3.1066121023257858,-3.1035185007488493,-3.1004249698184556,-3.0973315104482015,-3.0942381238531027,-3.0911448116541975,-3.088051576020908,-3.0849584198652855,-3.0818653471077284,-3.0787723630413986,-3.075679474833265,-3.0725866922147755,-3.069494028436327,-3.0664015015896764,-3.063309136444783,-3.0602169670076895,-3.0571250400915386,-3.054033420314626,-3.050942197113455,-3.04785149460791,-3.0447614855132876,-3.041672410808108,-3.038584607607678,-3.0354985487633814,-3.032414899255361,-3.0293345966885603,-3.0262589664545643,-3.0231898868431184,-3.0201300262415343,-3.0170831845021406,-3.0140547849449635,-3.0110525841908062,-3.008087696658721,-3.0051760724201078,-3.002340625039645,-2.999614283614962,-2.997044341350202,-2.994698584345586,-2.992673781762677,-2.9911071339009014,-2.990191065459955
-3.592803007480956,-3.592013342205287,-3.5906449699567453,-3.5888491975459993,-3.5867357286477772,-3.5843848046463447,-3.581855544989825,-3.5791917749118833,-3.5764261540104494,-3.5735831341958804,-3.570681098671309,-3.5677339206861376,-3.5647521068913757,-3.5617436407034893,-3.558714607430311,-3.555669659641462,-3.552612364963658,-3.5495454669359168,-3.546471081307528,-3.5433908442172237,-3.5403060243813997,-3.5372176082754794,-3.5341263649881856,-3.5310328957321073,-3.527937671740045,-3.5248410633465204,-3.5217433623616485,-3.5186447993278027,-3.515545556862613,-3.512445780001396,-3.5093455842334635,-3.5062450617617595,-3.503144286390455,-3.500043317350462,-3.496942202300861,-3.493840979689407,-3.4907396806134208,-3.4876383302902925,-3.484536949222252,-3.481435554121159,-3.4783341586444787,-3.475232773982366,-3.4721314093270834,-3.4690300722492053,-3.465928768999815,-3.4628275047538226,-3.4597262838063214,-3.4566251097314113,-3.4535239855109614,-3.4504229136392275,-3.4473218962080625,-3.444220934976461,-3.4411200314274524,-3.438019186814752,-3.434918402201091,-3.431817678489785,-3.4287170164507894,-3.4256164167422583,-3.4225158799284103,-3.419415406494381,-3.4163149968585804,-3.413214651383015,-3.410114370381921,-3.4070141541289987,-3.403914002863492,-3.400813916795311,-3.3977138961093525,-3.394613940969165,-3.3915140515200495,-3.3884142278917078,-3.3853144702004956,-3.3822147785513557,-3.3791151530394816,-3.3760155937517515,-3.3729161007679704,-3.3698166741619557,-3.366717314002494,-3.3636180203541812,-3.360518793278174,-3.3574196328328703,-3.354320539074525,-3.3512215120578284,-3.3481225518364384,-3.345023658463499,-3.3419248319921424,-3.3388260724759826,-3.335727379969622,-3.332628754529165,-3.329530196212767,-3.32643170508121,-3.323333281198536,-3.3202349246327296,-3.3171366354564906,-3.3140384137480856,-3.3109402595923236,-3.307842173081657,-3.3047441543174543,-3.3016462034114586,-3.2985483204874804,-3.2954505056833687,-3.292352759153313,-3.2892550810705394,-3.286157471358548,-3.2830599299476257,-3.279962456774221,-3.276865051780381,-3.2737677149132467,-3.2706704461246057,-3.267573245370481,-3.2644761126107698,-3.261379047808914,-3.2582820509316024,-3.255185121948504,-3.2520882608320245,-3.248991467557089,-3.245894742100939,-3.2427980844429563,-3.2397014945644966,-3.236604972448743,-3.233508518080566,-3.2304121314464047,-3.2273158125341515,-3.22421956133305,-3.221123377833602,-3.218027262027485,-3.2149312139074726,-3.2118352334673657,-3.208739320701932,-3.2056434756068515,-3.202547698178662,-3.199451988414721,-3.1963563463131677,-3.1932607718728963,-3.1901652650935337,-3.1870698259754273,-3.1839744545196407,-3.180879150727964,-3.177783914602932,-3.174688746147865,-3.171593645366926,-3.1684986122652017,-3.1654036468488207,-3.162308749125103,-3.1592139191027715,-3.156119156792218,-3.15302446220587,-3.1499298353586496,-3.1468352762686007,-3.143740784957684,-3.1406463614528364,-3.137552005787353,-3.1344577180027042,-3.131363498150924,-3.128269346297761,-3.1251752625268443,-3.12208124694519,-3.1189872996905206,-3.1158934209409996,-3.112799610928217,-3.1097058699545497,-3.106612198416431,-3.103518596835626,-3.1004250659013644,-3.0973316065272414,-3.0942382199282723,-3.0911449077254964,-3.0880516720883358,-3.0849585159288413,-3.081865443167412,-3.078772459097209,-3.075679570885203,-3.0725867882628406,-3.069494124480519,-3.0664015976299956,-3.063309232481229,-3.060217063040262,-3.057125136120237,-3.0540335163394516,-3.0509422931344052,-3.047851590624984,-3.0447615815264863,-3.0416725068174313,-3.038584703613127,-3.035498644764956,-3.032414995253063,-3.0293346926823905,-3.0262590624445265,-3.023189982829218,-3.020130122223779,-3.0170832804805428,-3.0140548809195407,-3.0110526801615842,-3.0080877926257394,-3.0051761683834233,-3.002340720999345,-2.999614379571173,-2.9970444373031135,-2.994698680295475,-2.992673877709952,-2.9911072298461505,-2.990191161404021
-3.5928031007528123,-3.5920134354762996,-3.5906450632262823,-3.5888492908135787,-3.586735821913031,-3.5843848979089876,-3.581855638249635,-3.5791918681686874,-3.576426247264112,-3.5735832274462935,-3.5706811919183896,-3.567734013929818,-3.5647522001316028,-3.56174373394022,-3.5587147006635105,-3.5556697528711023,-3.5526124581897163,-3.549545560158375,-3.5464711745263715,-3.5433909374324393,-3.540306117592979,-3.5372177014834145,-3.5341264581924694,-3.531032988932736,-3.5279377649370147,-3.524841156539827,-3.5217434555512908,-3.5186448925137768,-3.5155456500449174,-3.5124458731800283,-3.5093456774084215,-3.5062451549330413,-3.5031443795580604,-3.50004341051439,-3.496942295461109,-3.4938410728459752,-3.490739773766309,-3.4876384234394995,-3.4845370423677764,-3.481435647263002,-3.478334251782639,-3.4752328671168424,-3.4721315024578754,-3.4690301653763123,-3.4659288621232363,-3.4628275978735577,-3.4597263769223705,-3.456625202843775,-3.453524078619638,-3.4504230067442165,-3.4473219893093634,-3.4442210280740726,-3.441120124521375,-3.4380192799049842,-3.434918495287632,-3.4318177715726335,-3.428717109529946,-3.4256165098177234,-3.4225159730001846,-3.4194154995624637,-3.4163150899229695,-3.413214744443711,-3.410114463438924,-3.407014247182308,-3.403914095913107,-3.4008140098412305,-3.3977139891515775,-3.3946140340076947,-3.391514144554884,-3.388414320922846,-3.385314563227938,-3.382214871575101,-3.3791152460595297,-3.376015686768102,-3.372916193780623,-3.3698167671709114,-3.366717407007752,-3.36361811335574,-3.3605188862760342,-3.357419725827031,-3.354320632064987,-3.35122160504459,-3.3481226448194996,-3.3450237514428602,-3.341924924967803,-3.3388261654479425,-3.33572747293788,-3.3326288474937202,-3.329530289173619,-3.3264317980383593,-3.3233333741519813,-3.3202350175824717,-3.3171367284025286,-3.3140385066904194,-3.3109403525309533,-3.307842266016583,-3.3047442472486757,-3.3016462963389746,-3.2985484134112895,-3.2954505986034697,-3.2923528520697047,-3.2892551739832228,-3.286157564267522,-3.28306002285289,-3.279962549675776,-3.2768651446782258,-3.2737678078073817,-3.27067053901503,-3.2675733382571943,-3.264476205493772,-3.2613791406882036,-3.258282143807179,-3.2551852148203677,-3.2520883537001746,-3.2489915604215245,-3.2458948349616596,-3.2427981772999623,-3.239701587417789,-3.23660506529832,-3.2335086109264286,-3.230412224288552,-3.227315905372583,-3.224219654167766,-3.221123470664602,-3.218027354854768,-3.2149313067310383,-3.211835326287215,-3.2087394135180642,-3.205643568419266,-3.2025477909873583,-3.199452081219697,-3.196356439114423,-3.19326086467043,-3.1901653578873463,-3.1870699187655176,-3.1839745473060095,-3.18087924351061,-3.1777840073818546,-3.1746888389230645,-3.1715937381384025,-3.168498705032955,-3.1654037396128496,-3.1623088418854066,-3.159214011859349,-3.15611924954507,-3.1530245549549947,-3.1499299281040485,-3.146835369010273,-3.1437408776956293,-3.140646454187055,-3.1375520985178436,-3.1344578107294665,-3.131363590873958,-3.128269439017067,-3.125175355242422,-3.122081339657038,-3.1189873923986395,-3.1158935136453896,-3.112799703628877,-3.1097059626514785,-3.106612291109629,-3.103518689525092,-3.1004251585870977,-3.0973316992092417,-3.09423831260654,-3.091145000400031,-3.088051764759138,-3.0849586085959104,-3.081865535830748,-3.078772551756811,-3.07567966354107,-3.0725868809149723,-3.069494217128916,-3.0664016902746574,-3.063309325122154,-3.06021715567745,-3.057125228753687,-3.054033608969163,-3.0509423857603792,-3.047851683247221,-3.0447616741449863,-3.041672599432193,-3.038584796224151,-3.0354987373722433,-3.032415087856614,-3.029334785282208,-3.0262591550406146,-3.0231900754215806,-3.020130214812424,-3.0170833730654807,-3.01405497350079,-3.0110527727391694,-3.0080878851996977,-3.0051762609538106,-3.002340813566243,-2.9996144721347062,-2.9970445298634636,-2.9946987728529106,-2.992673970264865,-2.99110732239911,-2.9901912539558406
-3.592803190726881,-3.592013525449554,-3.5906451531981114,-3.588849380783519,-3.5867359118807265,-3.584384987874165,-3.5818557282120804,-3.5791919581282343,-3.5764263372206275,-3.5735833173996743,-3.570681281868551,-3.5677341038766968,-3.5647522900751465,-3.5617438238803873,-3.558714790600269,-3.5556698428044258,-3.5526125481195847,-3.549545650084772,-3.5464712644492833,-3.543391027351855,-3.5403062075088894,-3.5372177913958116,-3.534126548101346,-3.531033078838088,-3.5279378548388363,-3.524841246438115,-3.521743545446041,-3.5186449824049872,-3.5155457399325867,-3.5124459630641556,-3.509345767289004,-3.5062452448100787,-3.503144469431552,-3.5000435003843346,-3.496942385327506,-3.4938411627088226,-3.490739863625606,-3.487638513295245,-3.484537132219972,-3.4814357371116444,-3.4783343416277286,-3.4752329569583797,-3.472131592295859,-3.4690302552107415,-3.4659289519541105,-3.462827687700876,-3.4597264667461327,-3.45662529266398,-3.453524168436286,-3.450423096557307,-3.447322079118896,-3.4442211178800477,-3.441120214323792,-3.438019369703843,-3.434918585082933,-3.4318178613643755,-3.428717199318129,-3.4256165996023467,-3.4225160627812476,-3.419415589339965,-3.4163151796969093,-3.413214834214089,-3.4101145532057395,-3.4070143369455614,-3.4039141856727975,-3.4008140995973584,-3.3977140789041407,-3.3946141237566936,-3.391514234300319,-3.388414410664717,-3.385314652966243,-3.3822149613098413,-3.379115335790705,-3.376015776495712,-3.3729162835046664,-3.369816856891387,-3.36671749672466,-3.363618203069081,-3.3605189759858076,-3.357419815533236,-3.3543207217676225,-3.351221694743656,-3.348122734514996,-3.3450238411347857,-3.3419250146561574,-3.338826255132725,-3.33572756261909,-3.3326289371713576,-3.3295303788476835,-3.326431887708851,-3.3233334638189,-3.3202351072458165,-3.3171368180622998,-3.3140385963466166,-3.3109404421835755,-3.3078423556656302,-3.304744336894149,-3.301646385980873,-3.298548503049612,-3.295450688238217,-3.2923529417008766,-3.289255263610818,-3.2861576538915416,-3.283060112473333,-3.2799626392926413,-3.2768652342915123,-3.273767897417089,-3.2706706286211573,-3.267573427859742,-3.2644762950927393,-3.2613792302835907,-3.2582822333989854,-3.255185304408592,-3.2520884432848174,-3.2489916500025857,-3.245894924539139,-3.242798266873858,-3.2397016769881,-3.236605154865047,-3.2335087004895704,-3.2304123138481096,-3.2273159949285555,-3.224219743720153,-3.221123560213404,-3.2180274443999846,-3.2149313962726693,-3.211835415825259,-3.208739503052521,-3.205643657950134,-3.2025478805146377,-3.199452170743388,-3.196356528634525,-3.193260954186943,-3.1901654474002688,-3.1870700082748504,-3.183974636811752,-3.180879333012761,-3.1777840968804156,-3.174688928418035,-3.1715938276297813,-3.1684987945207435,-3.1654038290970465,-3.1623089313660127,-3.1592141013363633,-3.1561193390184923,-3.153024644424825,-3.1499300175702856,-3.146835458472917,-3.143740967154679,-3.1406465436425104,-3.1375521879697037,-3.1344579001777304,-3.131363680318625,-3.128269528458137,-3.1251754446798934,-3.122081429090911,-3.118987481828913,-3.115893603072064,-3.112799793051953,-3.109706052070955,-3.106612380525506,-3.1035187789373695,-3.1004252479957755,-3.097331788614319,-3.0942384020080165,-3.0911450897979056,-3.0880518541534094,-3.084958697986579,-3.0818656252178127,-3.078772641140272,-3.075679752920927,-3.072586970291225,-3.069494306501563,-3.0664017796436993,-3.063309414487592,-3.0602172450392837,-3.0571253181119173,-3.0540336983237886,-3.0509424751114,-3.047851772594637,-3.0447617634887965,-3.0416726887723984,-3.038584885560751,-3.035498826705239,-3.0324151771860066,-3.0293348746080007,-3.026259244362809,-3.023190164740183,-3.02013030412744,-3.017083462376922,-3.0140550628086715,-3.011052862043516,-3.0080879745005453,-3.0051763502512134,-3.0023409028602828,-2.9996145614255,-2.997044619151187,-2.9946988621378225,-2.992674059547344,-2.9911074116797045,-2.9901913432353346
-3.5928032775197454,-3.592013612241634,-3.59064523998882,-3.588849467572408,-3.586735998667453,-3.5843850746584627,-3.581855814993742,-3.579192044907096,-3.5764264239965646,-3.5735834041725876,-3.570681368638362,-3.5677341906433426,-3.5647523768385767,-3.5617439106405624,-3.558714877357156,-3.5556699295579994,-3.5526126348698237,-3.549545736831661,-3.54647135119281,-3.543391114092008,-3.54030629424566,-3.537217878129192,-3.5341266348313307,-3.53103316556467,-3.5279379415620142,-3.524841333157885,-3.521743632162401,-3.518645069117935,-3.5155458266421196,-3.5124460497702716,-3.509345853991702,-3.5062453315093567,-3.5031445561274075,-3.500043587076766,-3.4969424720165123,-3.4938412493944035,-3.490739950307759,-3.4876385999739705,-3.4845372188952695,-3.4814358237835146,-3.47833442829617,-3.4752330436233922,-3.4721316789574432,-3.4690303418688977,-3.4659290386088384,-3.4628277743521756,-3.4597265533940034,-3.4566253793084214,-3.4535242550772978,-3.4504231831948875,-3.4473221657530453,-3.4442212045107645,-3.4411203009510767,-3.4380194563276962,-3.4349186717033526,-3.431817947981363,-3.428717285931682,-3.4256166862124644,-3.4225161493879304,-3.419415675943213,-3.416315266296722,-3.4132149208104665,-3.4101146397986817,-3.407014423535068,-3.403914272258868,-3.4008141861799914,-3.397714165483337,-3.394614210332452,-3.3915143208726386,-3.388414497233598,-3.3853147395316867,-3.382215047871846,-3.37911542234927,-3.376015863050836,-3.3729163700563496,-3.369816943439629,-3.3667175832694602,-3.363618289610439,-3.360519062523723,-3.3574199020677082,-3.3543208082986506,-3.3512217812712395,-3.3481228210391345,-3.3450239276554794,-3.3419251011734064,-3.33882634164653,-3.3357276491294496,-3.3326290236782725,-3.3295304653511537,-3.326431974208875,-3.3233335503154784,-3.3202351937389496,-3.3171369045519863,-3.3140386828328565,-3.310940528666369,-3.307842442144976,-3.304744423370045,-3.3016464724533185,-3.298548589518608,-3.2954507747037627,-3.2923530281629723,-3.2892553500694635,-3.286157740346735,-3.2830601989250745,-3.2799627257409303,-3.2768653207363494,-3.2737679838584737,-3.27067071505909,-3.2675735142942215,-3.264476381523765,-3.2613793167111633,-3.2582823198231043,-3.255185390829257,-3.252088529702028,-3.2489917364163405,-3.2458950109494373,-3.2427983532807008,-3.2397017633914875,-3.2366052412649786,-3.2335087868860466,-3.230412400241128,-3.2273160813181163,-3.224219830106254,-3.221123646596045,-3.2180275307791657,-3.21493148264839,-3.21183550219752,-3.208739589421321,-3.205643744315474,-3.2025479668765167,-3.1994522571018065,-3.196356614989482,-3.1932610405384385,-3.1901655337483037,-3.1870700946194237,-3.1839747231528626,-3.1808794193504104,-3.1777841832146017,-3.1746890147487568,-3.171593913957039,-3.1684988808445347,-3.1654039154173725,-3.1623090176828734,-3.1592141876497584,-3.1561194253284217,-3.153024730731287,-3.1499301038732805,-3.146835544772444,-3.143741053450738,-3.1406466299351004,-3.137552274258825,-3.134457986463383,-3.1313637666008085,-3.128269614736851,-3.1251755309551386,-3.122081515362687,-3.1189875680972183,-3.115893689336898,-3.112799879313315,-3.1097061383288453,-3.106612466779924,-3.1035188651883154,-3.100425334243248,-3.0973318748583183,-3.0942384882485423,-3.0911451760349573,-3.088051940386987,-3.084958784216682,-3.0818657114444408,-3.078772727363424,-3.0756798391406033,-3.072587056507426,-3.069494392714288,-3.066401865852947,-3.0633095006933617,-3.0602173312415757,-3.057125404310731,-3.054033784519125,-3.050942561303258,-3.047851858783017,-3.044761849673698,-3.0416727749538217,-3.0385849717386972,-3.035498912879708,-3.032415263357,-3.02933496077552,-3.026259330526858,-3.023190250900765,-3.020130390284563,-3.017083548530596,-3.0140551489589122,-3.0110529481903474,-3.008088060644002,-3.005176436391348,-3.0023409889971706,-2.999614647559256,-2.997044705281981,-2.994698948265903,-2.9926741456730768,-2.9911074978036183,-2.9901914293581875
-3.592803361243882,-3.5920136959650146,-3.590645323710875,-3.5888495512927068,-3.586736082385664,-3.58438515837433,-3.581855898707066,-3.579192128617722,-3.5764265077043698,-3.5735834878774746,-3.5706814523402555,-3.5677342743421825,-3.5647524605343155,-3.5617439943331606,-3.558714961046583,-3.5556700132442307,-3.5526127185528407,-3.549545820511447,-3.5464714348693507,-3.5433911977652937,-3.540306377915682,-3.5372179617959447,-3.534126718494809,-3.531033249224869,-3.5279380252189285,-3.524841416811511,-3.521743715812735,-3.5186451527649756,-3.5155459102858657,-3.5124461334107204,-3.509345937628853,-3.506245415143207,-3.503144639757957,-3.5000436707040143,-3.4969425556404587,-3.4938413330150473,-3.4907400339251025,-3.487638683588012,-3.4845373025060074,-3.4814359073909484,-3.478334511900299,-3.4752331272242145,-3.4721317625549584,-3.4690304254631044,-3.465929122199736,-3.4628278579397636,-3.4597266369782806,-3.456625462889388,-3.4535243386549532,-3.4504232667692327,-3.4473222493240803,-3.4442212880784893,-3.4411203845154894,-3.4380195398887965,-3.4349187552611413,-3.4318180315358386,-3.428717369482846,-3.425616769760317,-3.4225162329324705,-3.41941575948444,-3.416315349834636,-3.413215004345066,-3.410114723329968,-3.4070145070630393,-3.4039143557835243,-3.400814269701332,-3.3977142490013605,-3.394614293847158,-3.391514404384027,-3.3884145807416686,-3.3853148230364383,-3.3822151313732784,-3.379115505847384,-3.3760159465456305,-3.3729164535478247,-3.3698170269277843,-3.3667176667542957,-3.363618373091955,-3.3605191460019186,-3.357419985542582,-3.354320891770203,-3.3512218647394705,-3.348122904504044,-3.3450240111170673,-3.341925184631671,-3.338826425101471,-3.3357277325810677,-3.332629107126567,-3.3295305487961238,-3.326432057650521,-3.323333633753799,-3.320235277173944,-3.3171369879836545,-3.3140387662611985,-3.310940612091384,-3.307842525566665,-3.304744506788408,-3.3016465558683556,-3.2985486729303197,-3.295450858112147,-3.292353111568029,-3.2892554334711916,-3.286157823745134,-3.283060282320143,-3.2799628091326696,-3.2768654041247594,-3.273768067243554,-3.2706707984408387,-3.26757359767264,-3.2644764648988533,-3.261379400082921,-3.25828240319153,-3.2551854741943504,-3.252088613063788,-3.248991819774767,-3.2458950943045304,-3.2427984366324605,-3.2397018467399126,-3.2366053246100694,-3.233508870227803,-3.230412483579551,-3.2273161646532054,-3.2242199134380094,-3.2211237299244653,-3.2180276141042503,-3.214931565970138,-3.2118355855159306,-3.208739672736396,-3.2056438276272115,-3.2025480501849164,-3.199452340406867,-3.1963566982912037,-3.1932611238368205,-3.190165617043345,-3.187070177911124,-3.1839748064412206,-3.1808795026354257,-3.1777842664962743,-3.1746890980270863,-3.1715939972320255,-3.1684989641161794,-3.1654039986856746,-3.162309100947831,-3.1592142709113715,-3.1561195085866895,-3.15302481398621,-3.1499301871248577,-3.146835628020676,-3.143741136695625,-3.140646713176642,-3.137552357497021,-3.1344580696982343,-3.1313638498323133,-3.12826969796501,-3.12517561417995,-3.1220815985841504,-3.1189876513153343,-3.115893772551665,-3.112799962524733,-3.1097062215369147,-3.1066125499846438,-3.1035189483896857,-3.100425417441269,-3.0973319580529894,-3.094238571439863,-3.0911452592229285,-3.088052023571607,-3.0849588673979516,-3.08186579462236,-3.0787728105379926,-3.0756799223118207,-3.0725871396752913,-3.0694944758788005,-3.066401949014107,-3.0633095838511673,-3.060217414396026,-3.057125487461827,-3.0540338676668655,-3.050942644447643,-3.047851941924046,-3.044761932811371,-3.0416728580881403,-3.038585054869661,-3.035498996007317,-3.0324153464812555,-3.029335043896423,-3.0262594136444116,-3.0231903340149744,-3.0201304733954344,-3.017083631638139,-3.014055232063142,-3.011053031291287,-3.008088143741686,-3.005176519485826,-3.0023410720885186,-2.9996147306475844,-2.997044788367453,-2.9946990313487594,-2.992674228753668,-2.9911075808824563,-2.990191512436002
-3.592803442007775,-3.5920137767281766,-3.590645404472758,-3.5888496320528938,-3.5867361631438364,-3.584385239130241,-3.5818559794605247,-3.579192209368579,-3.5764265884525064,-3.573583568622799,-3.570681533082694,-3.567734355081675,-3.564752541270816,-3.561744075066633,-3.558715041776998,-3.555670093971565,-3.5526127992770733,-3.549545901232563,-3.546471515587338,-3.5433912784801422,-3.5403064586273834,-3.5372180425044912,-3.534126799200194,-3.5310333299270895,-3.527938105917981,-3.5248414975073934,-3.5217437965054446,-3.518645233454511,-3.515545990972223,-3.5124462140938992,-3.5093460183088503,-3.506245495820023,-3.50314472043159,-3.5000437513744633,-3.496942636307722,-3.4938414136791236,-3.4907401145859898,-3.48763876424571,-3.4845373831605153,-3.481435988042267,-3.478334592548429,-3.475233207869155,-3.472131843196709,-3.469030506101664,-3.465929202835105,-3.4628279385719423,-3.4597267176072686,-3.4566255435151843,-3.453524419277558,-3.450423347388645,-3.447322329940299,-3.444221368691515,-3.441120465125321,-3.4380196204954347,-3.4349188358645852,-3.4318181121360882,-3.4287174500799,-3.4256168503541735,-3.4225163135231305,-3.4194158400719026,-3.4163154304189014,-3.4132150849261342,-3.4101148039078373,-3.4070145876377103,-3.403914436354997,-3.400814350269606,-3.3977143295664365,-3.394614374409035,-3.391514484942705,-3.3884146612971473,-3.385314903588717,-3.3822152119223574,-3.379115586393261,-3.376016027088307,-3.3729165340872997,-3.3698171074640566,-3.3667177472873653,-3.3636184536218208,-3.36051922652858,-3.3574200660660405,-3.354320972290459,-3.3512219452565226,-3.3481229850178917,-3.3450240916277103,-3.3419252651391096,-3.3388265056057036,-3.335727813082094,-3.332629187624387,-3.329530629290736,-3.3264321381419264,-3.3233337142419974,-3.3202353576589347,-3.3171370684654375,-3.3140388467397726,-3.310940692566748,-3.307842606038819,-3.304744587257352,-3.301646636334089,-3.298548753392841,-3.2954509385714577,-3.2923531920241293,-3.2892555139240818,-3.286157904194815,-3.2830603627666144,-3.2799628895759305,-3.276865484564809,-3.2737681476803924,-3.270670878874466,-3.2675736781030547,-3.2644765453260542,-3.2613794805069074,-3.2582824836123017,-3.255185554611907,-3.2520886934781297,-3.248991900185893,-3.24589517471244,-3.242798517037153,-3.2397019271413883,-3.236605405008329,-3.2335089506228445,-3.230412563971374,-3.227316245041809,-3.2242199938233944,-3.2211238103066324,-3.218027694483199,-3.2149316463458675,-3.2118356658884406,-3.2087397531056854,-3.2056439079932804,-3.202548130547765,-3.1994524207664967,-3.1963567786476137,-3.1932612041900104,-3.1901656973933137,-3.187070258257871,-3.1839748867847466,-3.180879582975729,-3.1777843468333558,-3.1746891783609454,-3.1715940775626605,-3.1684990444435908,-3.165404079009861,-3.162309181268793,-3.159214351229109,-3.1561195889012024,-3.153024894297497,-3.1499302674329197,-3.1468357083255105,-3.143741216997232,-3.1406467934750197,-3.137552437792171,-3.1344581499901545,-3.131363930121006,-3.1282697782504743,-3.1251756944621865,-3.1220816788631582,-3.1189877315911136,-3.1158938528242164,-3.112800042794055,-3.1097063018030076,-3.106612630247507,-3.103519028649318,-3.1004254976976693,-3.097332038306156,-3.094238651689797,-3.0911453394696284,-3.0880521038150737,-3.0849589476381833,-3.081865874859356,-3.078772890771753,-3.0756800025423465,-3.0725872199025814,-3.0694945561028555,-3.066402029234926,-3.063309664068751,-3.0602174946103746,-3.05712556767294,-3.054033947874742,-3.0509427246522822,-3.0478520221254484,-3.044762013009537,-3.0416729382830683,-3.038585135061351,-3.035499076195771,-3.032415426666475,-3.0293351240784094,-3.0262594938231686,-3.023190414190506,-3.0201305535677476,-3.017083711807244,-3.0140553122290528,-3.011053111454024,-3.008088223901282,-3.00517659964233,-3.002341152242002,-2.999614810798154,-2.9970448685152666,-2.9946991114940498,-2.992674308896775,-2.991107661023871,-2.9901915925764286
-3.592803519916093,-3.592013854635789,-3.5906454823791365,-3.588849709957638,-3.5867362410466375,-3.5843853170308617,-3.58185605735878,-3.579192287264324,-3.5764266663456272,-3.5735836465132054,-3.570681610970315,-3.5677344329664544,-3.5647526191527086,-3.561744152945603,-3.5587151196530176,-3.5556701718446106,-3.5526128771471273,-3.549545979099609,-3.546471593451364,-3.5433913563411386,-3.5403065364853434,-3.5372181203594093,-3.534126877052066,-3.5310334077759116,-3.527938183763747,-3.5248415753501,-3.5217438743450886,-3.5186453112910883,-3.515546068805734,-3.5124462919243435,-3.509346096136227,-3.50624557364433,-3.5031447982528268,-3.500043829192629,-3.496942714122817,-3.493841491491147,-3.49074019239494,-3.4876388420515863,-3.4845374609633177,-3.481436065841994,-3.478334670345079,-3.475233285662729,-3.4721319209872052,-3.469030583889082,-3.465929280619444,-3.4628280163532024,-3.459726795385449,-3.4566256212902844,-3.453524497049577,-3.4504234251575836,-3.447322407706157,-3.444221446454292,-3.4411205428850176,-3.438019698252049,-3.4349189136181173,-3.431818189886538,-3.428717527827267,-3.4256169280984587,-3.4225163912643324,-3.419415917810022,-3.4163155081539367,-3.413215162658084,-3.410114881636702,-3.407014665363489,-3.40391451407769,-3.400814427989213,-3.397714407282957,-3.3946144521224695,-3.391514562653052,-3.388414739004406,-3.3853149812928875,-3.3822152896234394,-3.379115664091256,-3.3760161047832127,-3.3729166117791167,-3.369817185152786,-3.3667178249730054,-3.3636185313043723,-3.360519304208043,-3.3574201437424134,-3.354321049963741,-3.3512220229267147,-3.3481230626849934,-3.345024169291721,-3.3419253428000295,-3.338826583263533,-3.3357278907368317,-3.332629265276032,-3.3295307069392885,-3.326432215787385,-3.3233337918843615,-3.3202354352982053,-3.317137146101614,-3.3140389243728556,-3.310940770196736,-3.3078426836657115,-3.3047446648811483,-3.3016467139547894,-3.298548831010445,-3.295451016185965,-3.292353269635539,-3.2892555915323944,-3.2861579818000295,-3.2830604403687316,-3.2799629671749493,-3.2768655621607286,-3.2737682252732125,-3.270670956464188,-3.2675737556896767,-3.264476622909577,-3.26137955808733,-3.2582825611896236,-3.2551856321861274,-3.252088771049248,-3.2489919777539096,-3.245895252277355,-3.2427985945989657,-3.239702004700098,-3.2366054825639345,-3.2335090281753467,-3.2304126415207732,-3.2273163225881056,-3.2242200713665867,-3.22112388784672,-3.218027772020182,-3.214931723879747,-3.211835743419216,-3.2087398306333568,-3.205643985517847,-3.2025482080692256,-3.1994524982848485,-3.196356856162857,-3.193261281702145,-3.190165774902339,-3.187070335763787,-3.1839749642875534,-3.180879660475428,-3.1777844243299453,-3.1746892558544255,-3.1715941550530315,-3.168499121930852,-3.165404156494013,-3.162309258749835,-3.15921442870704,-3.156119666376022,-3.1530249717692054,-3.1499303449015157,-3.1468357857909948,-3.1437412944596033,-3.1406468709342787,-3.1375525152483164,-3.1344582274431865,-3.131364007570924,-3.128269855697276,-3.125175771905872,-3.1220817563037286,-3.118987809028568,-3.1158939302585553,-3.112800120225279,-3.109706379231115,-3.106612707672497,-3.103519106071191,-3.1004255751164242,-3.097332115721794,-3.0942387291023166,-3.09114541687903,-3.0880521812213573,-3.084959025041349,-3.0818659522594043,-3.0787729681686833,-3.075680079936157,-3.0725872972932717,-3.0694946334904256,-3.066402106619375,-3.0633097414500794,-3.060217571988581,-3.0571256450480235,-3.054034025246703,-3.0509428020211216,-3.047852099491165,-3.0447620903721306,-3.041673015642539,-3.0385852124177,-3.035499153549,-3.0324155040165843,-3.0293352014254014,-3.026259571167044,-3.0231904915312695,-3.0201306309054052,-3.017083789141805,-3.0140553895605313,-3.011053188782443,-3.0080883012266715,-3.0051766769647372,-3.0023412295614955,-2.999614888114837,-2.9970449458292916,-2.99469918880564,-2.9926743862062577,-2.9911077383317206,-2.990191669883324
-3.592803595069796,-3.592013929788813,-3.5906455575309724,-3.588849785107898,-3.5867363161950254,-3.5843853921771465,-3.5818561325027827,-3.5791923624059034,-3.576426741484674,-3.5735837216496327,-3.5706816861040553,-3.567734508097453,-3.564752694280923,-3.5617442280709986,-3.558715194775567,-3.5556702469642922,-3.5526129522639236,-3.5495460542135064,-3.5464716685623507,-3.543391431449205,-3.540306611590481,-3.5372181954616106,-3.534126952151326,-3.531033482872224,-3.5279382588571098,-3.5248416504405102,-3.5217439494325458,-3.518645386375591,-3.515546143887279,-3.5124463670029287,-3.5093461712118508,-3.506245648716991,-3.5031448733225243,-3.5000439042593627,-3.496942789186585,-3.493841566551951,-3.4907402674527797,-3.4876389171064615,-3.484537536015225,-3.4814361408909344,-3.4783347453910523,-3.475233360705733,-3.472131996027241,-3.46903065892615,-3.4659293556535435,-3.4628280913843312,-3.4597268704136077,-3.456625696315473,-3.453524572071796,-3.450423500176832,-3.447322482722435,-3.4442215214675973,-3.4411206178953497,-3.4380197732594078,-3.4349189886225022,-3.431818264887948,-3.428717602825703,-3.4256170030939193,-3.422516466256817,-3.419415992799531,-3.41631558314047,-3.413215237641643,-3.410114956617286,-3.407014740341098,-3.4039145890523224,-3.4008145029608694,-3.397714482251638,-3.3946145270881734,-3.39151463761578,-3.3884148139641574,-3.3853150562496626,-3.3822153645772377,-3.379115739042075,-3.376016179731054,-3.3729166867239795,-3.3698172600946696,-3.36671789991191,-3.363618606240297,-3.3605193791409866,-3.357420218672378,-3.3543211248907245,-3.351222097850717,-3.348123137606012,-3.345024244209757,-3.341925417715081,-3.3388266581756008,-3.335727965645917,-3.332629340182134,-3.3295307818424074,-3.3264322906875194,-3.323333866781511,-3.3202355101923695,-3.3171372209927936,-3.3140389992610495,-3.3109408450819457,-3.307842758547936,-3.3047447397603875,-3.301646788831042,-3.2985489058837123,-3.2954510910562456,-3.292353344502833,-3.2892556663967003,-3.286158056661347,-3.2830605152270604,-3.2799630420302885,-3.2768656370130786,-3.2737683001225735,-3.2706710313105574,-3.2675738305330557,-3.264476697749965,-3.2613796329247267,-3.25828263602403,-3.255185707017543,-3.2520888458776716,-3.248992052579341,-3.2458953270997943,-3.2427986694184123,-3.239702079516553,-3.2366055573773975,-3.2335091029858165,-3.2304127163282486,-3.227316397392586,-3.2242201461680726,-3.221123962645211,-3.2180278468156778,-3.214931798672246,-3.2118358182087188,-3.2087399054198618,-3.205644060301354,-3.2025482828497345,-3.1994525730623606,-3.196356930937372,-3.1932613564736627,-3.1901658496708594,-3.1870704105293095,-3.183975039050077,-3.1808797352349525,-3.1777844990864703,-3.1746893306079507,-3.171594229803557,-3.1684991966783773,-3.1654042312385378,-3.162309333491359,-3.1592145034455634,-3.156119741111544,-3.153025046501725,-3.149930419631033,-3.14683586051751,-3.1437413691831173,-3.1406469456547907,-3.1375525899658254,-3.134458302157692,-3.131364082282426,-3.128269930405774,-3.1251758466113664,-3.1220818310062186,-3.1189878837280536,-3.1158940049550337,-3.1128001949187505,-3.109706453921579,-3.106612782359954,-3.10351918075564,-3.100425649797868,-3.097332190400231,-3.094238803777746,-3.091145491551451,-3.0880522558907693,-3.084959099707752,-3.0818660269227975,-3.0787730428290665,-3.0756801545935306,-3.072587371947636,-3.06949470814178,-3.066402181267719,-3.0633098160954115,-3.0602176466309023,-3.0571257196873343,-3.0540340998830025,-3.0509428766544087,-3.0478521741214397,-3.0447621649993932,-3.04167309026679,-3.0385852870389405,-3.035499228167229,-3.0324155786318023,-3.0293352760376098,-3.0262596457762463,-3.023190566137469,-3.020130705508608,-3.0170838637420205,-3.0140554641577735,-3.011053263376731,-3.008088375818036,-3.005176751553223,-3.002341304147171,-2.9996149626978013,-2.9970450204096903,-2.9946992633836893,-2.992674460782274,-2.9911078129061637,-2.9901917444568498
-3.5928036675662707,-3.592014002284632,-3.590645630025642,-3.588849857601046,-3.586736388686365,-3.584385464666456,-3.5818562049898905,-3.5791924348906745,-3.5764268139670023,-3.5735837941294344,-3.570681758581264,-3.567734580572018,-3.564752766752802,-3.5617443005401586,-3.5587152672419813,-3.5556703194279398,-3.5526130247247876,-3.5495461266715718,-3.546471741017608,-3.543391503901645,-3.540306684040096,-3.537218267908394,-3.5341270245952714,-3.5310335553133276,-3.5279383312953683,-3.5248417228759217,-3.5217440218651075,-3.518645458805302,-3.5155462163141378,-3.5124464394269324,-3.5093462436329985,-3.5062457211352824,-3.503144945737957,-3.500043976671936,-3.4969428615962985,-3.493841638958803,-3.4907403398567713,-3.4876389895075914,-3.4845376084134947,-3.4814362132863432,-3.478334817783599,-3.4752334330954184,-3.472132068414064,-3.46903073131011,-3.4659294280346398,-3.4628281637625635,-3.4597269427889756,-3.4566257686879753,-3.453524644441431,-3.4504235725436,-3.447322555086335,-3.44422159382863,-3.441120690253516,-3.438019845614707,-3.434919060974934,-3.4318183372375133,-3.4287176751724004,-3.4256170754377497,-3.42251653859778,-3.4194160651376246,-3.4163156554756937,-3.4132153099739964,-3.4101150289467688,-3.4070148126677107,-3.403914661376064,-3.4008145752817396,-3.3977145545696352,-3.394614599403299,-3.3915147099280323,-3.388414886273537,-3.385315128556168,-3.3822154368808692,-3.379115811342834,-3.3760162520289385,-3.37291675901899,-3.3698173323868055,-3.366717972201172,-3.363618678526683,-3.3605194514244974,-3.3574202909530113,-3.354321197168482,-3.3512221701255984,-3.3481232098780187,-3.345024316478888,-3.3419254899813366,-3.3388267304389783,-3.335728037906416,-3.332629412439755,-3.32953085409715,-3.326432362939384,-3.3233339390304977,-3.3202355824384777,-3.3171372932360224,-3.3140390715013988,-3.310940917319415,-3.3078428307825245,-3.3047448119920957,-3.3016468610598695,-3.298548978109657,-3.295451163279308,-3.292353416723013,-3.2892557386139973,-3.2861581288757606,-3.28306058743859,-3.2799631142389343,-3.2768657092188405,-3.2737683723254514,-3.2706711035105522,-3.2675739027301667,-3.264476769944191,-3.261379705116068,-3.2582827082124854,-3.2551857792031127,-3.2520889180603563,-3.24899212475914,-3.2458953992767063,-3.242798741592438,-3.239702151687691,-3.236605629545648,-3.233509175151179,-3.2304127884907237,-3.2273164695521728,-3.2242202183247706,-3.22112403479902,-3.2180279189665972,-3.214931870820276,-3.211835890353858,-3.2087399775621117,-3.2056441324407143,-3.2025483549862046,-3.1994526451959397,-3.19635700306806,-3.19326142860146,-3.1901659217957667,-3.1870704826513263,-3.1839751111692025,-3.180879807351186,-3.1777845711998114,-3.174689402718399,-3.171594301911111,-3.168499268783037,-3.165404303340303,-3.16230940559023,-3.159214575541539,-3.156119813204623,-3.1530251185919087,-3.1499304917183206,-3.146835932601901,-3.143741441264611,-3.140647017733387,-3.137552662041525,-3.1344583742304946,-3.1313641543523296,-3.1282700024727803,-3.125175918675473,-3.122081903067425,-3.1189879557863596,-3.1158940770104397,-3.1128002669712567,-3.109706525971186,-3.1066128544066616,-3.103519252799449,-3.1004257218387763,-3.0973322624382384,-3.094238875812853,-3.0911455635836584,-3.088052327920076,-3.0849591717341567,-3.0818660989463003,-3.078773114849667,-3.0756802266112286,-3.0725874439624303,-3.0694947801536703,-3.066402253276707,-3.0633098881014966,-3.060217718634083,-3.0571257916876093,-3.0540341718803723,-3.050942948648873,-3.0478522461129987,-3.044762236988047,-3.041673162252538,-3.038585359021783,-3.035499300147166,-3.0324156506088347,-3.0293353480117395,-3.0262597177474757,-3.0231906381058025,-3.0201307774740527,-3.0170839357045844,-3.0140555361174695,-3.0110533353335787,-3.008088447772066,-3.005176823504479,-3.0023413760957163,-2.9996150346437322,-2.997045092353148,-2.994699335324882,-2.9926745327215065,-2.9911078848438777,-2.9901918163936774
-3.592803737499457,-3.5920140722171863,-3.5906456999570917,-3.5888499275310304,-3.586736458614605,-3.584385534592739,-3.581856274914048,-3.5791925048125766,-3.576426883886547,-3.5735838640465425,-3.570681828495873,-3.5677346504840766,-3.56475283666227,-3.561744370447004,-3.558715337146178,-3.555670389329466,-3.5526130946236267,-3.549546196567712,-3.5464718109110374,-3.5433915737923543,-3.540306753928079,-3.5372183377936457,-3.534127094477788,-3.5310336251931047,-3.527938401172403,-3.5248417927502103,-3.5217440917366467,-3.5186455286740888,-3.5155462861801707,-3.5124465092902124,-3.5093463134935257,-3.5062457909930544,-3.503145015592972,-3.5000440465241938,-3.4969429314457985,-3.4938417088055447,-3.4907404097007526,-3.4876390593488122,-3.4845376782519546,-3.481436283122039,-3.4783348876165316,-3.4752335029255876,-3.4721321382414705,-3.4690308011347524,-3.4659294978565183,-3.462828233581679,-3.4597270126053274,-3.4566258385015636,-3.4535247142522563,-3.450423642351662,-3.447322624891633,-3.444221663631164,-3.4411207600532854,-3.43801991541171,-3.43491913076917,-3.431818407028982,-3.4287177449611024,-3.4256171452236845,-3.422516608380947,-3.419416134918024,-3.416315725253326,-3.41321537974886,-3.4101150987188635,-3.4070148824370348,-3.4039147311426183,-3.400814645045524,-3.39771462433065,-3.394614669161543,-3.3915147796835057,-3.3884149560262387,-3.385315198306099,-3.3822155066280297,-3.379115881087222,-3.3760163217705546,-3.3729168287578335,-3.369817402122877,-3.3667180419344698,-3.363618748257209,-3.36051952115225,-3.35742036067799,-3.3543212668906865,-3.351222239845028,-3.348123279594674,-3.345024386192767,-3.3419255596924398,-3.3388268001473067,-3.3357281076119683,-3.3326294821425306,-3.3295309237971495,-3.326432432636607,-3.323334008724944,-3.320235652130147,-3.3171373629249143,-3.314039141187513,-3.310940987002751,-3.3078429004630827,-3.3047448816698752,-3.3016469307348704,-3.2985490477818797,-3.295451232948752,-3.292353486389677,-3.2892558082778818,-3.2861581985368646,-3.2830606570969136,-3.2799631838944774,-3.2768657788716022,-3.273768441975432,-3.27067117315775,-3.2675739723745822,-3.2644768395858246,-3.2613797747549182,-3.258282777848553,-3.255185848836397,-3.252088987690857,-3.2489921943868576,-3.245895468901641,-3.242798811214589,-3.2397022213070574,-3.2366056991622285,-3.2335092447649743,-3.230412858101732,-3.2273165391603955,-3.2242202879302067,-3.221124104401669,-3.2180279885664596,-3.214931940417351,-3.2118359599481456,-3.208740047153612,-3.2056442020294265,-3.202548424572128,-3.199452714779073,-3.196357072648403,-3.193261498179013,-3.190165991370528,-3.1870705522232963,-3.183975180738383,-3.1808798769175755,-3.1777846407634103,-3.1746894722792063,-3.1715943714691273,-3.1684993383382616,-3.165404372892736,-3.1623094751398706,-3.1592146450883876,-3.1561198827486803,-3.1530251881331735,-3.1499305612567925,-3.1468360021375794,-3.1437415107974958,-3.140647087263478,-3.137552731568822,-3.1344584437549967,-3.1313642238740376,-3.1282700719916927,-3.1251759881915895,-3.122081972580746,-3.118988025296884,-3.1158941465181687,-3.112800336476189,-3.109706595473321,-3.106612923905999,-3.1035193222959885,-3.1004257913325173,-3.097332331929182,-3.0942389453009977,-3.091145633069003,-3.08805239740262,-3.0849592412139,-3.081866168423243,-3.078773184323808,-3.0756802960825684,-3.0725875134309693,-3.069494849619408,-3.066402322739642,-3.0633099575616294,-3.0602177880914136,-3.0571258611421372,-3.0540342413320976,-3.0509430180977968,-3.047852315559121,-3.044762306431367,-3.041673231693056,-3.038585428459497,-3.035499369582077,-3.032415720040945,-3.029335417441051,-3.0262597871739914,-3.0231907075295252,-3.0201308468949875,-3.01708400512274,-3.0140556055328593,-3.011053404746221,-3.0080885171819887,-3.0051768929117237,-3.0023414455003463,-2.999615104045838,-2.997045161752867,-2.994699404722415,-2.9926746021171473,-2.991107954238053,-2.990191885786996
-3.592803804959976,-3.5920141396770955,-3.590645767415933,-3.5888499949884545,-3.586736526070346,-3.58438560204659,-3.58185634236585,-3.579192572262206,-3.576426951333906,-3.573583931491554,-3.5706818959384736,-3.567734717924218,-3.5647529040999135,-3.5617444378821186,-3.5587154045787384,-3.5556704567594535,-3.552613162051024,-3.5495462639925046,-3.546471878333216,-3.543391641211911,-3.5403068213450064,-3.5372184052079376,-3.5341271618894403,-3.5310336926021137,-3.527938468578765,-3.5248418601539235,-3.521744159137709,-3.518645596072499,-3.5155463535759277,-3.5124465766833137,-3.50934638088397,-3.506245858380841,-3.503145082978101,-3.5000441139066627,-3.496942998825607,-3.49384177618269,-3.4907404770752346,-3.48763912672063,-3.4845377456211093,-3.4814363504885306,-3.478334954980359,-3.47523357028675,-3.472132205599967,-3.469030868490584,-3.465929565209685,-3.4628283009321805,-3.4597270799531628,-3.4566259058467335,-3.453524781594759,-3.450423709691497,-3.4473226922287994,-3.4442217309656615,-3.4411208273851135,-3.438019982740871,-3.434919198095664,-3.431818474352808,-3.4287178122822595,-3.4256172125421718,-3.4225166756967638,-3.419416202231171,-3.416315792563803,-3.4132154470566674,-3.4101151660240006,-3.407014949739502,-3.4039147984424147,-3.400814712342649,-3.3977146916251026,-3.394614736453323,-3.3915148469726137,-3.388415023312675,-3.3853152655898615,-3.382215573909117,-3.3791159483656354,-3.3760163890462938,-3.3729168960308975,-3.3698174693932654,-3.366718109202183,-3.363618815522246,-3.3605195884146113,-3.3574204279376754,-3.3543213341476954,-3.351222307099361,-3.3481233468463296,-3.3450244534417464,-3.341925626938743,-3.338826867390933,-3.335728174852918,-3.3326295493808034,-3.3295309910327444,-3.326432499869523,-3.3233340759551813,-3.3202357193577043,-3.3171374301497916,-3.3140392084097097,-3.3109410542222677,-3.3078429676799184,-3.30474494888403,-3.301646997946344,-3.298549114990672,-3.2954513001548627,-3.2923535535931054,-3.2892558754786276,-3.286158265734928,-3.2830607242922945,-3.2799632510871755,-3.276865846061617,-3.273768509162763,-3.270671240342397,-3.2675740395565445,-3.2644769067651023,-3.2613798419315123,-3.2582828450224626,-3.2551859160076217,-3.252089054859396,-3.248992261552709,-3.245895536064805,-3.242798878375065,-3.239702288464846,-3.2366057663173304,-3.233509311917389,-3.2304129252514597,-3.227316606307435,-3.224220355074559,-3.221124171543333,-3.2180280557054335,-3.214932007553635,-3.2118360270817403,-3.2087401142845153,-3.2056442691576397,-3.2025484916976517,-3.199452781901907,-3.1963571397685473,-3.193261565296466,-3.190166058485291,-3.187070619335368,-3.183975247847762,-3.180879944024262,-3.177784707867404,-3.174689539380509,-3.171594438567739,-3.168499405434181,-3.1654044399859624,-3.1623095422304037,-3.159214712176227,-3.1561199498338253,-3.153025255215624,-3.1499306283365494,-3.1468360692146415,-3.1437415778718623,-3.140647154335149,-3.137552798637796,-3.1344585108212737,-3.1313642909376176,-3.128270139052576,-3.1251760552497765,-3.1220820396362363,-3.118988092349678,-3.1158942135682652,-3.112800403523588,-3.1097066625180214,-3.106612990948,-3.1035193893352893,-3.100425858369118,-3.097332398963082,-3.094239012332198,-3.091145700097504,-3.0880524644284217,-3.0849593082370017,-3.081866235443643,-3.078773251341508,-3.0756803630975664,-3.072587580443266,-3.0694949166290018,-3.0664023897465333,-3.0633100245658182,-3.0602178550929007,-3.0571259281409224,-3.054034308328181,-3.0509430850911765,-3.0478523825497965,-3.044762373419339,-3.0416732986783246,-3.0385854954420632,-3.035499436561941,-3.032415787018107,-3.0293354844155123,-3.026259854145754,-3.0231907744985937,-3.020130913861367,-3.0170840720864396,-3.0140556724938903,-3.0110534717046025,-3.008088584137748,-3.0051769598649,-3.0023415124510002,-2.9996151709940584,-2.997045228698786,-2.994699471666226,-2.992674669059134,-2.991108021178626,-2.9901919527267444
-3.5928038700352607,-3.5920142047517922,-3.590645832489599,-3.5888500600607562,-3.5867365911410274,-3.584385667115452,-3.5818564074327366,-3.5791926373269956,-3.576427016396502,-3.5735839965518807,-3.5706819609964726,-3.567734782979842,-3.5647529691531266,-3.5617445029328914,-3.5587154696270473,-3.5556705218052786,-3.552613227094351,-3.5495463290333205,-3.5464719433715106,-3.543391706247676,-3.540306886378234,-3.5372184702386233,-3.5341272269175805,-3.531033757627704,-3.5279385336018043,-3.5248419251744076,-3.5217442241556376,-3.5186456610878687,-3.5155464185887357,-3.512446641693559,-3.5093464458916497,-3.506245923385955,-3.5031451479806486,-3.500044178906643,-3.4969430638230197,-3.4938418411775345,-3.490740542067512,-3.4876391917103398,-3.4845378106082494,-3.481436415473102,-3.4783350199623615,-3.4752336352661826,-3.47213227057683,-3.4690309334648766,-3.4659296301814067,-3.46282836590133,-3.459727144919741,-3.45662597081074,-3.453524846556194,-3.4504237746503583,-3.447322757185088,-3.4442217959193773,-3.4411208923362557,-3.438020047689438,-3.434919263041656,-3.431818539296225,-3.428717877223101,-3.425617277480438,-3.4225167406324566,-3.419416267164289,-3.4163158574943444,-3.4132155119846326,-3.4101152309493887,-3.4070150146623126,-3.403914863362648,-3.400814777260304,-3.3977147565401804,-3.394614801365822,-3.3915149118825334,-3.388415088220016,-3.3853153304946235,-3.3822156388113003,-3.3791160132652394,-3.376016453943319,-3.3729169609253438,-3.369817534285131,-3.36671817409147,-3.3636188804089535,-3.3605196532987383,-3.357420492819222,-3.354321399026661,-3.351222371975745,-3.3481234117201315,-3.3450245183129663,-3.341925691807379,-3.3388269322569863,-3.335728239716388,-3.33262961424169,-3.329531055891047,-3.326432564725242,-3.3233341408083157,-3.320235784208254,-3.3171374949977563,-3.3140392732550894,-3.310941119065062,-3.3078430325201267,-3.3047450137216523,-3.3016470627813805,-3.298549179823122,-3.2954513649847264,-3.2923536184203823,-3.2892559403033177,-3.2861583305570314,-3.283060789111811,-3.2799633159041037,-3.2768659108759572,-3.273768573974514,-3.2706713051515597,-3.267574104363118,-3.264476971569086,-3.2613799067329055,-3.2582829098212653,-3.2551859808038346,-3.2520891196530193,-3.248992326343742,-3.2458956008532476,-3.2427989431609174,-3.239702353248107,-3.2366058310979997,-3.2335093766954666,-3.230412990026945,-3.227316671080328,-3.224220419844858,-3.221124236311039,-3.218028120470547,-3.214932072316156,-3.2118360918416675,-3.2087401790418486,-3.2056443339123795,-3.2025485564497966,-3.1994528466514573,-3.1963572045155018,-3.1932616300408254,-3.1901661232270544,-3.187070684074535,-3.183975312584332,-3.1808800087582343,-3.1777847725987787,-3.1746896041092856,-3.1715945032939166,-3.16849947015776,-3.165404504706942,-3.1623096069487846,-3.15921477689201,-3.15612001454701,-3.1530253199262104,-3.149930693044536,-3.1468361339200284,-3.14374164257465,-3.140647219035337,-3.137552863335384,-3.1344585755162613,-3.1313643556300033,-3.128270203742361,-3.12517611993696,-3.1220821043208185,-3.118988157031657,-3.1158942782476413,-3.112800468200361,-3.109706727192192,-3.106613055619568,-3.1035194540042546,-3.100425923035481,-3.097332463626841,-3.0942390769933517,-3.091145764756052,-3.0880525290843646,-3.0849593728903395,-3.081866300094376,-3.078773315989635,-3.0756804277430874,-3.07258764508618,-3.06949498126931,-3.066402454384235,-3.0633100892009133,-3.060217919725389,-3.0571259927708034,-3.0540343729554538,-3.0509431497158417,-3.0478524471718536,-3.044762438038787,-3.041673363295164,-3.038585560056295,-3.035499501173566,-3.032415851627126,-3.0293355490219263,-3.0262599187495653,-3.023190839099806,-3.0201309784599855,-3.017084136682471,-3.014055737087347,-3.0110535362955027,-3.0080886487261167,-3.0051770244507776,-3.0023415770344437,-2.999615235575154,-2.9970452932776603,-2.9946995362430666,-2.992674733634216,-2.9911080857523453,-2.990192017299668
-3.592803932809634,-3.5920142675255975,-3.590645895262412,-3.5888501228322522,-3.586736653910957,-3.584385729883624,-3.581856470199003,-3.5791927000912387,-3.576427079158631,-3.5735840593118238,-3.5706820237541725,-3.567734845735253,-3.5647530319062106,-3.56174456568362,-3.5587155323753983,-3.555670584551234,-3.552613289837895,-3.549546391774443,-3.5464720061102004,-3.543391768983926,-3.540306949112038,-3.537218532969974,-3.534127289646474,-3.5310338203541383,-3.5279385963257752,-3.5248419878959134,-3.5217442868746756,-3.5186457238044375,-3.515546481302834,-3.5124467044051855,-3.5093465086008044,-3.5062459860926367,-3.503145210684857,-3.5000442416083786,-3.49694312652228,-3.49384190387432,-3.4907406047618212,-3.487639254402173,-3.484537873297606,-3.4814364781599805,-3.478335082646762,-3.4752336979481036,-3.4721323332562712,-3.469030996141837,-3.4659296928558874,-3.4628284285733306,-3.45972720758926,-3.4566260334777765,-3.4535249092207483,-3.450423837312432,-3.4473228198446795,-3.4442218585764866,-3.441120954990883,-3.4380201103415833,-3.434919325691318,-3.431818601943404,-3.4287179398677963,-3.42561734012265,-3.422516803272183,-3.4194163298015305,-3.416315920129102,-3.4132155746169053,-3.410115293579177,-3.407015077289616,-3.403914925987465,-3.4008148398826354,-3.397714819160025,-3.394614863983181,-3.391514974497405,-3.388415150832399,-3.3853153931045195,-3.382215701418708,-3.3791160758701593,-3.37601651654575,-3.3729170235252863,-3.369817596882586,-3.366718236686434,-3.3636189430014274,-3.3605197158887217,-3.357420555406716,-3.3543214616116654,-3.351222434558258,-3.348123474300154,-3.345024580890497,-3.3419257543824195,-3.3388269948295353,-3.335728302286445,-3.3326296768092547,-3.329531118456119,-3.3264326272878217,-3.3233342033684035,-3.320235846765849,-3.317137557552857,-3.3140393358076965,-3.310941181615175,-3.307843095067746,-3.3047450762667774,-3.301647125324011,-3.2985492423632583,-3.295451427522367,-3.292353680955528,-3.2892560028359674,-3.286158393087185,-3.2830608516394677,-3.2799633784292648,-3.276865973398622,-3.273768636494682,-3.27067136766923,-3.26757416687829,-3.2644770340817604,-3.261379969243081,-3.258282972328942,-3.2551860433090125,-3.2520891821556974,-3.248992388843921,-3.245895663350927,-3.242799005656097,-3.2397024157407874,-3.2366058935881803,-3.233509439183146,-3.230413052512124,-3.227316733563006,-3.2242204823250367,-3.2211242987887165,-3.2180281829457233,-3.2149321347888304,-3.21183615431184,-3.2087402415095183,-3.2056443963775445,-3.202548618912458,-3.1994529091116157,-3.1963572669731573,-3.1932616924959767,-3.1901661856797006,-3.1870707465246757,-3.183975375031967,-3.1808800712033647,-3.177784835041405,-3.174689666549406,-3.171594565731531,-3.1684995325928673,-3.165404567139543,-3.1623096693788777,-3.1592148393195942,-3.1561200769720856,-3.153025382348778,-3.1499307554645952,-3.14683619633758,-3.1437417049896927,-3.1406472814478708,-3.1375529257454087,-3.134458637923778,-3.1313644180350115,-3.12827026614486,-3.12517618233695,-3.1220821667182985,-3.118988219426628,-3.115894340640103,-3.1128005305903135,-3.1097067895796346,-3.1066131180044994,-3.1035195163866742,-3.1004259854153884,-3.097332526004237,-3.094239139368236,-3.091145827128424,-3.088052591454223,-3.0849594352576863,-3.08186636245921,-3.078773378351956,-3.0756804901028953,-3.072587707443474,-3.06949504362409,-3.0664025167365008,-3.0633101515506636,-3.060217982072623,-3.0571260551155213,-3.0540344352976563,-3.050943212055529,-3.0478525095090254,-3.0447625003734444,-3.0416734256273066,-3.038585622385923,-3.0354995635006796,-3.0324159139517266,-3.029335611344015,-3.0262599810691437,-3.0231909014168763,-3.020131040774552,-3.0170841989945423,-3.014055799396935,-3.0110535986026234,-3.008088711030796,-3.0051770867530525,-3.0023416393343703,-2.9996152978728166,-2.9970453555731815,-2.994699598536627,-2.992674795926079,-2.991108148042894,-2.9901920795894497
-3.592803993364464,-3.5920143280798795,-3.590645955815735,-3.588850183384303,-3.5867367144614963,-3.584385790432467,-3.581856530746006,-3.579192760636289,-3.5764271397016407,-3.5735841198527214,-3.5706820842929043,-3.567734906271776,-3.5647530924404913,-3.5617446262156296,-3.5587155929051137,-3.5556706450786377,-3.5526133503629738,-3.5495464522971862,-3.5464720666305984,-3.54339182950197,-3.5403070096277234,-3.537218593483297,-3.534127350157428,-3.5310338808627195,-3.5279386568319815,-3.524842048399742,-3.521744347376123,-3.518645784303503,-3.515546541799516,-3.512446764899483,-3.5093465690927164,-3.506246046582162,-3.5031452711719946,-3.500044302093127,-3.4969431870046392,-3.4938419643542904,-3.490740665239402,-3.487639314877362,-3.484537933770405,-3.4814365386303887,-3.4783351431147786,-3.4752337584137307,-3.4721323937195065,-3.46903105660268,-3.4659297533143367,-3.4628284890293854,-3.4597272680429216,-3.4566260939290445,-3.4535249696696217,-3.4504238977589106,-3.447322880288765,-3.4442219190181786,-3.4411210154301806,-3.438020170778486,-3.4349193861258245,-3.431818662375514,-3.4287180002975104,-3.4256174005499673,-3.422516863697104,-3.4194163902240544,-3.4163159805492276,-3.413215635034633,-3.4101153539945064,-3.407015137702547,-3.4039149863979987,-3.4008149002907717,-3.3977148795657635,-3.3946149243865222,-3.3915150348983487,-3.388415211230945,-3.385315453500666,-3.3822157618124566,-3.379116136261508,-3.376016576934699,-3.3729170839118345,-3.3698176572667324,-3.3667182970681795,-3.3636190033807702,-3.360519776265664,-3.357420615781255,-3.354321521983802,-3.351222494927993,-3.3481235346674865,-3.345024641255427,-3.3419258147449464,-3.3388270551896584,-3.3357283626441636,-3.3326297371645692,-3.3295311788090287,-3.3264326876383272,-3.3233342637165033,-3.320235907111544,-3.3171376178961474,-3.3140393961485812,-3.3109412419536546,-3.3078431554038206,-3.304745136600446,-3.301647185655274,-3.2985493026921135,-3.2954514878488146,-3.292353741279568,-3.2892560631575996,-3.286158453406409,-3.2830609119562832,-3.279963438743671,-3.27686603371062,-3.2737686968042716,-3.2706714279764117,-3.2675742271830646,-3.2644770943841266,-3.2613800295430395,-3.2582830326264918,-3.2551861036041525,-3.252089242448428,-3.248992449134242,-3.245895723638838,-3.2427990659415977,-3.239702476023877,-3.236605953868857,-3.2335094994614106,-3.230413112787975,-3.2273167938364438,-3.2242205425960595,-3.221124359057325,-3.2180282432119176,-3.21493219505261,-3.211836214573205,-3.208740301768468,-3.2056444566340803,-3.202548679166579,-3.1994529693633216,-3.1963573272224477,-3.1932617527428517,-3.190166245924161,-3.1870708067667217,-3.1839754352715985,-3.1808801314405812,-3.1777848952762047,-3.174689726781789,-3.1715946259614975,-3.168499592820418,-3.1654046273646763,-3.1623097296015943,-3.1592148995398937,-3.1561201371899674,-3.1530254425642417,-3.149930815677641,-3.146836256548206,-3.1437417651978996,-3.1406473416536578,-3.1375529859487754,-3.1344586981247238,-3.1313644782335364,-3.1282703263409637,-3.1251762425306318,-3.1220822269095576,-3.118988279615465,-3.1158944008265173,-3.112800590774304,-3.109706849761202,-3.106613178183645,-3.1035195765633983,-3.100426045589689,-3.0973325861761136,-3.0942391995376886,-3.0911458872954523,-3.088052651618827,-3.084959495419865,-3.0818664226189645,-3.0787734385092858,-3.075680550257799,-3.0725877675959525,-3.0694951037741434,-3.0664025768841285,-3.0633102116958653,-3.0602180422153986,-3.057126115255871,-3.0540344954355785,-3.050943272191023,-3.0478525696420915,-3.044762560504084,-3.0416734857555197,-3.0385856825117097,-3.0354996236240406,-3.0324159740726615,-3.0293356714625257,-3.0262600411852323,-3.0231909615305477,-3.0201311008858114,-3.017084259103396,-3.014055859503393,-3.011053658706702,-3.008088771132521,-3.0051771468524597,-3.0023416994315135,-2.999615357967775,-2.9970454156660726,-2.994699658627625,-2.9926748560154373,-2.9911082081309823,-2.990192139676797
-3.592804051778195,-3.592014386493083,-3.590646014228013,-3.588850241795357,-3.5867367728710944,-3.58438584884043,-3.581856589152194,-3.579192819040594,-3.576427198103977,-3.5735841782530238,-3.570682142691119,-3.5677349646678604,-3.564753150834411,-3.5617446846073575,-3.5587156512946296,-3.555670703465923,-3.552613408748014,-3.549546510679971,-3.54647212501112,-3.543391887880221,-3.540307068003697,-3.537218651856988,-3.5341274085288337,-3.5310339392318366,-3.527938715198806,-3.524842106764272,-3.5217444057383585,-3.518645842663442,-3.515546600157157,-3.512446823254824,-3.509346627445756,-3.5062461049329006,-3.503145329520431,-3.500044360439261,-3.496943245348471,-3.493842022695818,-3.4907407235786256,-3.487639373214282,-3.484537992105019,-3.4814365969626975,-3.478335201444781,-3.4752338167414254,-3.472132452044894,-3.4690311149257607,-3.4659298116351103,-3.462828547347853,-3.459727326359081,-3.456626152242896,-3.453525027981165,-3.4504239560681453,-3.4473229385956903,-3.4442219773227936,-3.4411210737324853,-3.4380202290784805,-3.4349194444235085,-3.4318187206708863,-3.428718058590571,-3.4256174588407164,-3.4225169219855425,-3.419416448510181,-3.4163160388330427,-3.4132156933161353,-3.4101154122736967,-3.4070151959794246,-3.403915044672562,-3.400814958563021,-3.397714937835699,-3.394614982654142,-3.3915150931636537,-3.388415269493934,-3.3853155117613407,-3.382215820070817,-3.3791161945175543,-3.3760166351884306,-3.3729171421632502,-3.3698177155158326,-3.3667183553149633,-3.363619061625238,-3.3605198345078144,-3.3574206740210886,-3.3543215802213178,-3.3512225531631907,-3.348123592900366,-3.3450246994859887,-3.34192587297319,-3.3388271134155834,-3.335728420867771,-3.332629795385858,-3.3295312370279992,-3.3264327458549783,-3.3233343219308358,-3.320235965323557,-3.317137676105841,-3.3140394543559544,-3.310941300158707,-3.3078432136065516,-3.304745194800856,-3.301647243853362,-3.2985493608878795,-3.2954515460422593,-3.292353799470689,-3.289256121346398,-3.2861585115928844,-3.283060970140436,-3.279963496925501,-3.2768660918901262,-3.2737687549814543,-3.2706714861512705,-3.2675742853556,-3.264477152554338,-3.261380087710926,-3.258283090792054,-3.25518616176739,-3.25208930060934,-3.2489925072928285,-3.2458957817950993,-3.2427991240955327,-3.2397025341754864,-3.236606012018141,-3.2335095576083677,-3.2304131709326054,-3.2273168519787463,-3.2242206007360337,-3.2211244171949702,-3.2180283013472337,-3.2149322531855975,-3.211836272703864,-3.208740359896799,-3.2056445147600825,-3.202548737290252,-3.199453027484666,-3.1963573853414626,-3.1932618108595365,-3.1901663040385158,-3.187070864878746,-3.1839754933812916,-3.1808801895479433,-3.1777849533812357,-3.174689784884488,-3.1715946840618634,-3.168499650918451,-3.165404685460377,-3.162309787694962,-3.159214957630929,-3.1561201952786715,-3.1530255006506125,-3.1499308737616776,-3.146836314629909,-3.1437418232772685,-3.140647399730692,-3.1375530440234765,-3.1344587561970916,-3.1313645363035705,-3.1282703844086632,-3.1251763005959976,-3.1220822849725884,-3.1189883376761607,-3.115894458884877,-3.112800648830328,-3.109706907814889,-3.106613236234996,-3.103519634612412,-3.1004261036363663,-3.0973326442204545,-3.094239257579692,-3.0911459453351187,-3.0880527096561563,-3.0849595534548557,-3.081866480651616,-3.0787734965395974,-3.075680608285772,-3.0725878256215857,-3.0694951617974358,-3.0664026349050797,-3.0633102697144765,-3.0602181002316695,-3.0571261732698014,-3.0540345534471687,-3.050943330200272,-3.0478526276490006,-3.044762618508651,-3.0416735437577453,-3.038585740511595,-3.035499681621586,-3.032416032067868,-3.0293357294553935,-3.0262600991757633,-3.023191019518744,-3.0201311588716777,-3.0170843170869404,-3.0140559174846264,-3.01105371668564,-3.008088829109186,-3.0051772048268877,-3.002341757403756,-2.9996154159379103,-2.997045473634215,-2.9946997165939417,-2.992674913980175,-2.9911082660944968,-2.990192197639597
-3.5928041081265545,-3.592014442840932,-3.5906460705749703,-3.5888502981411303,-3.586736829215462,-3.5843859051832205,-3.581856645493274,-3.579192875379858,-3.576427254441343,-3.573584234588425,-3.5706821990245037,-3.567735020999188,-3.564753207163649,-3.5617447409344822,-3.55871570761962,-3.5556707597887627,-3.55261346506869,-3.549546566998471,-3.5464721813274367,-3.543391944194347,-3.540307124315627,-3.5372187081667184,-3.5341274648363594,-3.5310339955371552,-3.5279387715019155,-3.5248421630651694,-3.52174446203704,-3.5186458989599068,-3.5155466564514044,-3.5124468795468533,-3.509346683735567,-3.5062461612204925,-3.5031453858058024,-3.5000444167224107,-3.4969433016293987,-3.493842078974524,-3.490740779855108,-3.48763942948854,-3.4845380483770527,-3.4814366532325063,-3.478335257712365,-3.475233873006784,-3.472132508308027,-3.469031171186668,-3.46592986789379,-3.462828603604305,-3.4597273826133046,-3.4566262084948907,-3.453525084230932,-3.450424012315685,-3.447322994841001,-3.444222033565876,-3.4411211299733386,-3.4380202853171036,-3.434919500659903,-3.431818776905052,-3.428718114822507,-3.4256175150704227,-3.422516978213018,-3.419416504735426,-3.4163160950560574,-3.41321574953692,-3.4101154684922497,-3.4070152521957464,-3.403915100886654,-3.400815014774881,-3.3977149940453266,-3.394615038861539,-3.3915151493688187,-3.388415325696868,-3.3853155679620412,-3.382215876269283,-3.3791162507137855,-3.3760166913824277,-3.372917198355014,-3.3698177717053626,-3.3667184115022595,-3.3636191178103,-3.360519890690642,-3.357420730201682,-3.3543216363996766,-3.3512226093393136,-3.348123649074253,-3.3450247556576396,-3.3419259291426036,-3.33882716958276,-3.3357284770327102,-3.3326298515485604,-3.329531293188465,-3.3264328020132057,-3.323334378086825,-3.3202360214773092,-3.3171377322573563,-3.314039510505233,-3.3109413563057477,-3.307843269751354,-3.304745250943419,-3.301647299993686,-3.298549417025965,-3.2954516021781046,-3.292353855604295,-3.2892561774777636,-3.2861585677220098,-3.28306102626732,-3.2799635530501443,-3.276866148012528,-3.273768811101614,-3.270671542269187,-3.2675743414712732,-3.2644772086677682,-3.261380143822114,-3.2582831469009994,-3.2551862178740922,-3.2520893567137987,-3.248992563395044,-3.2458958378950697,-3.242799180193259,-3.2397025902709675,-3.2366060681113775,-3.2335096136993604,-3.2304132270213546,-3.227316908065252,-3.2242206568202967,-3.2211244732769897,-3.218028357427009,-3.214932309263129,-3.2118363287791505,-3.208740415969841,-3.205644570830878,-3.2025487933588015,-3.1994530835509667,-3.196357441405515,-3.1932618669213415,-3.1901663600980723,-3.1870709209360553,-3.1839755494363526,-3.180880245600755,-3.1777850094317994,-3.174689840932804,-3.1715947401079316,-3.1684997069622707,-3.165404741501948,-3.162309843734283,-3.1592150136679984,-3.156120251313489,-3.1530255566831786,-3.1499309297919917,-3.1468363706579705,-3.1437418793030774,-3.14064745575425,-3.137553100044782,-3.1344588122161436,-3.13136459232037,-3.12827044042321,-3.125176356608291,-3.12208234098263,-3.1189883936839484,-3.115894514890411,-3.112800704833608,-3.109706963815915,-3.106613292233766,-3.1035196906089264,-3.100426159630626,-3.0973327002124598,-3.0942393135694437,-3.0911460013226155,-3.088052765641398,-3.0849596094378415,-3.0818665366323454,-3.078773552518071,-3.0756806642619887,-3.0725878815955454,-3.069495217769138,-3.0664026908745248,-3.063310325681663,-3.0602181561965978,-3.057126229232471,-3.0540346094075805,-3.0509433861584268,-3.047852683604897,-3.0447626744622895,-3.0416735997091258,-3.038585796460717,-3.0354997375684505,-3.032416088012477,-3.029335785397748,-3.026260155115865,-3.023191075456596,-3.0201312148072836,-3.0170843730203076,-3.014055973415765,-3.011053772614566,-3.0080888850359226,-3.0051772607514677,-3.0023418133262303,-2.9996154718583523,-2.997045529552734,-2.9946997725107,-2.992674969895409,-2.991108322008551,-2.990192253552962
-3.592804162482531,-3.592014497196417,-3.5906461249295956,-3.5888503524946156,-3.5867368835675935,-3.584385959533831,-3.581856699842234,-3.579192929727068,-3.5764273087867227,-3.5735842889319125,-3.570682253366049,-3.5677350753387524,-3.564753261501201,-3.561744795269997,-3.5587157619530774,-3.555670814120148,-3.5526135193979895,-3.5495466213256743,-3.546472235652534,-3.5433919985173317,-3.5403071786364917,-3.537218762485459,-3.5341275191529733,-3.5310340498516375,-3.527938825814264,-3.524842217375382,-3.5217445163451173,-3.518645953265846,-3.5155467107552045,-3.5124469338485134,-3.5093467380350867,-3.506246215517869,-3.5031454401010356,-3.5000444710155016,-3.4969433559203464,-3.493842133263328,-3.490740834141768,-3.4876394837730547,-3.4845381026594207,-3.4814367075127266,-3.4783353119904383,-3.4752339272827095,-3.4721325625818054,-3.4690312254582985,-3.4659299221632742,-3.4628286578716416,-3.4597274368784943,-3.4566262627579327,-3.453525138491825,-3.4504240665744286,-3.4473230490975966,-3.444222087820322,-3.441121184225635,-3.4380203395672515,-3.4349195549079017,-3.431818831150901,-3.4287181690662054,-3.4256175693119695,-3.422517032452413,-3.4194165589726686,-3.4163161492911476,-3.4132158037698583,-3.4101155227230358,-3.407015306424378,-3.4039151551131317,-3.400815068999205,-3.397715048267498,-3.3946150930815566,-3.391515203586683,-3.388415379912579,-3.3853156221755993,-3.3822159304806876,-3.379116304923037,-3.3760167455895242,-3.3729172525599562,-3.3698178259081506,-3.3667184657028937,-3.3636191720087787,-3.360519944886965,-3.35742078439585,-3.354321690591688,-3.351222663529169,-3.3481237032619524,-3.345024809843183,-3.3419259833259916,-3.3388272237639924,-3.3357285312117866,-3.3326299057254785,-3.3295313473632255,-3.3264328561858094,-3.3233344322572695,-3.3202360756455938,-3.3171377864234803,-3.3140395646691965,-3.3109414104675516,-3.3078433239109977,-3.3047453051009024,-3.3016473541490083,-3.2985494711791272,-3.2954516563291074,-3.2923539097531385,-3.289256231624447,-3.2861586218665324,-3.2830610804096825,-3.279963607190345,-3.2768662021505675,-3.273768865237492,-3.270671596402903,-3.2675743956028263,-3.2644772627971586,-3.2613801979493413,-3.2582832010260625,-3.2551862719969917,-3.252089410834535,-3.2489926175136157,-3.2458958920114775,-3.242799234307503,-3.2397026443830477,-3.236606122221293,-3.233509667807111,-3.230413281126939,-3.2273169621686693,-3.2242207109215464,-3.221124527376073,-3.2180284115239255,-3.214932363357878,-3.211836382871732,-3.208740470060255,-3.2056446249191253,-3.2025488474448807,-3.199453137634879,-3.19635749548726,-3.193261921000918,-3.1901664141754806,-3.187070975011294,-3.183975603509423,-3.1808802996716565,-3.1777850635005307,-3.1746898949993656,-3.1715947941723233,-3.168499761024492,-3.1654047955619995,-3.1623098977921646,-3.1592150677237103,-3.1561203053670295,-3.1530256107345482,-3.149930983841192,-3.1468364247050005,-3.1437419333479353,-3.1406475097969353,-3.1375531540852943,-3.1344588662544832,-3.1313646463565368,-3.1282704944572037,-3.125176410640112,-3.122082395012277,-3.1189884477114225,-3.115894568915712,-3.1128007588567352,-3.109707017836868,-3.106613346252545,-3.103519744625532,-3.100426213645057,-3.0973327542247153,-3.094239367579524,-3.091146055330521,-3.0880528196471277,-3.0849596634413956,-3.0818665906337235,-3.078773606517273,-3.075680718259015,-3.0725879355903953,-3.069495271761812,-3.0664027448650217,-3.0633103796699825,-3.060218210182739,-3.057126283216433,-3.054034663389363,-3.0509434401380306,-3.0478527375823212,-3.044762728437535,-3.0416736536821927,-3.0385858504316046,-3.035499791537159,-3.032416141979007,-3.029335839362102,-3.0262602090780453,-3.0231911294166047,-3.0201312687651254,-3.0170844269759884,-3.014056027369296,-3.0110538265659614,-3.0080889389852046,-3.005177314698669,-3.0023418672713995,-2.99961552580156,-2.9970455834940872,-2.9946998264503555,-2.9926750238335953,-2.9911083759455988,-2.990192307489346
-3.592804214916618,-3.5920145496300306,-3.590646177362378,-3.5888504049262977,-3.5867369359979664,-3.5843860119627333,-3.5818567522695424,-3.579192982152684,-3.576427361210571,-3.5735843413539317,-3.570682305786193,-3.5677351277569844,-3.5647533139174916,-3.56174484768432,-3.558715814365415,-3.5556708665304844,-3.552613571806313,-3.5495466737319736,-3.5464722880568007,-3.5433920509195596,-3.540307231036677,-3.537218814883597,-3.53412757154906,-3.5310341022456715,-3.5279388782062417,-3.5248422697653017,-3.5217445687329754,-3.5186460056516418,-3.515546763138937,-3.512446986230181,-3.5093467904146878,-3.506246267895405,-3.503145492476505,-3.5000445233889015,-3.4969434082916764,-3.4938421856325883,-3.490740886508959,-3.4876395361381762,-3.4845381550224728,-3.4814367598737097,-3.4783353643493515,-3.4752339796395537,-3.4721326149365788,-3.469031277811001,-3.4659299745139047,-3.4628287102201996,-3.45972748922498,-3.4566263151023464,-3.4535251908341653,-3.4504241189146945,-3.4473231014357872,-3.444222140156439,-3.441121236559677,-3.4380203918992183,-3.434919607237793,-3.4318188834787184,-3.428718221391949,-3.4256176216356407,-3.4225170847740105,-3.419416611292192,-3.416316201608596,-3.413215856085231,-3.410115575036332,-3.4070153587356,-3.4039152074222785,-3.400815121306277,-3.3977151005724937,-3.3946151453844764,-3.3915152558875263,-3.388415432211346,-3.3853156744722885,-3.382215982775298,-3.3791163572155685,-3.376016797879978,-3.3729173048483316,-3.369817878194447,-3.3667185179871097,-3.363619224290916,-3.3605199971670228,-3.357420836673827,-3.354321742867585,-3.3512227158029857,-3.3481237555336882,-3.345024862112837,-3.341926035593563,-3.3388272760294817,-3.335728583475194,-3.3326299579868053,-3.3295313996224705,-3.326432908442972,-3.32333448451235,-3.3202361278985917,-3.317137838674396,-3.3140396169180297,-3.3109414627143003,-3.307843376155663,-3.304745357343484,-3.301647406389507,-3.2985495234175413,-3.295451708565437,-3.2923539619873825,-3.289256283856606,-3.2861586740966064,-3.2830611326376706,-3.2799636594162473,-3.276866254374384,-3.273768917459223,-3.2706716486225487,-3.2675744478203863,-3.264477315012632,-3.261380250162728,-3.2582832532373622,-3.255186324206205,-3.2520894630416612,-3.2489926697186555,-3.245895944214431,-3.2427992865083684,-3.2397026965818254,-3.236606174417983,-3.2335097200017118,-3.2304133333194516,-3.2273170143590937,-3.2242207631098823,-3.22112457956232,-3.2180284637080834,-3.214932415539946,-3.2118364350517106,-3.208740522238143,-3.2056446770949214,-3.2025488996185865,-3.1994531898064946,-3.1963575476567843,-3.1932619731683514,-3.1901664663408225,-3.187071027174544,-3.183975655670581,-3.180880351830723,-3.177785115657506,-3.1746899471542487,-3.1715948463251147,-3.16849981317519,-3.165404847710603,-3.1623099499386744,-3.1592151198681258,-3.156120357509352,-3.1530256628747755,-3.149931035979323,-3.146836476841037,-3.1437419854818787,-3.140647561928785,-3.1375532062150495,-3.134458918382144,-3.131364698482102,-3.1282705465806737,-3.1251764627614853,-3.1220824471315534,-3.1189884998286015,-3.115894621030793,-3.112800810969718,-3.1097070699477536,-3.1066133983613327,-3.103519796732221,-3.1004262657496464,-3.097332806327205,-3.094239419679913,-3.0911461074288096,-3.0880528717433173,-3.0849597155354855,-3.0818666427257138,-3.078773658607162,-3.0756807703468025,-3.0725879876760827,-3.069495323845399,-3.0664027969465084,-3.0633104317493696,-3.0602182622600256,-3.05712633529162,-3.05403471546245,-3.0509434922090164,-3.0478527896512064,-3.0447627805043185,-3.0416737057468746,-3.0385859024941864,-3.0354998435976412,-3.032416194037389,-3.029335891418385,-3.0262602611322316,-3.023191181468697,-3.020131320815129,-3.0170844790239078,-3.0140560794151403,-3.011053878609745,-3.0080889910269484,-3.0051773667384047,-3.0023419193091736,-2.999615577837443,-2.9970456355281816,-2.9946998784828116,-2.9926750758646334,-2.9911084279755378,-2.9901923595186437
-3.592804265496739,-3.5920146002096933,-3.590646227941241,-3.5888504555040988,-3.5867369865745076,-3.5843860625378614,-3.581856802843135,-3.579193032724647,-3.5764274117808306,-3.573584391922431,-3.570682356352885,-3.567735178321831,-3.564753364480464,-3.5617448982453954,-3.558715864924573,-3.55567091708771,-3.5526136223615947,-3.549546724285304,-3.546472338608172,-3.5433921014689647,-3.540307281584111,-3.5372188654290557,-3.53412762209254,-3.5310341527871696,-3.527938928745756,-3.524842320302829,-3.5217446192685142,-3.518646056185191,-3.5155468136704946,-3.512447036759746,-3.509346840942259,-3.5062463184209816,-3.5031455430000866,-3.5000445739104893,-3.496943458811269,-3.493842236150184,-3.4907409370245577,-3.4876395866517793,-3.484538205534079,-3.4814368103833173,-3.478335414856961,-3.475234030145165,-3.4721326654401916,-3.4690313283126155,-3.4659300250135203,-3.462828760717817,-3.4597275397205993,-3.456626365595967,-3.4535252413257873,-3.4504241694043185,-3.447323151923413,-3.4442221906420643,-3.4411212870433037,-3.438020442380845,-3.43491965771742,-3.431818933956345,-3.4287182718675746,-3.4256176721092637,-3.4225171352456303,-3.41941666176181,-3.4163162520762116,-3.4132159065508447,-3.4101156254999436,-3.407015409197208,-3.4039152578818825,-3.400815171763878,-3.397715151028091,-3.3946151958380697,-3.3915153063391155,-3.388415482660929,-3.3853157249198667,-3.3822160332208715,-3.3791164076591365,-3.3760168483215396,-3.372917355287887,-3.3698179286319956,-3.3667185684226526,-3.3636192747244533,-3.360520047598554,-3.357420887103352,-3.354321793295103,-3.3512227662284966,-3.3481238059571927,-3.3450249125343348,-3.341926086013054,-3.338827326446965,-3.3357286338906684,-3.332630008400272,-3.329531450033928,-3.326432958852421,-3.323334534919792,-3.320236178304025,-3.3171378890778196,-3.314039667319443,-3.3109415131137054,-3.307843426553059,-3.304745407738872,-3.3016474567828857,-3.298549573808911,-3.2954517589547963,-3.292354012374732,-3.289256334241945,-3.2861587244799346,-3.283061183018988,-3.279963709795554,-3.276866304751678,-3.2737689678345037,-3.270671698995817,-3.2675744981916415,-3.264477365381875,-3.261380300529958,-3.25828330360258,-3.2551863745694094,-3.2520895134028525,-3.248992720077833,-3.2458959945715944,-3.242799336863518,-3.2397027469349617,-3.2366062247691048,-3.2335097703508193,-3.2304133836665434,-3.2273170647041702,-3.224220813452944,-3.221124629903366,-3.2180285140471137,-3.2149324658769602,-3.2118364853867076,-3.2087405725711227,-3.2056447274258857,-3.2025489499475333,-3.199453240133424,-3.196357597981696,-3.193262023491245,-3.190166516661699,-3.1870710774934032,-3.1839757059874234,-3.1808804021455472,-3.1777851659703105,-3.174689997465034,-3.1715948966338803,-3.168499863481937,-3.1654048980153306,-3.1623100002413818,-3.1592151701688125,-3.1561204078080167,-3.153025713171419,-3.1499310862739462,-3.1468365271336376,-3.1437420357724575,-3.1406476122173417,-3.1375532565015845,-3.1344589686666575,-3.1313647487645944,-3.1282705968611446,-3.1251765130399343,-3.1220824974079813,-3.118988550103008,-3.1158946713031774,-3.11280086124008,-3.1097071202160924,-3.1066134486276487,-3.1035198469965137,-3.1004263160119168,-3.097332856587452,-3.0942394699381364,-3.0911461576850083,-3.08805292199749,-3.0849597657876333,-3.081866692975837,-3.0787737088552607,-3.0756808205928765,-3.072588037920131,-3.069495374087421,-3.0664028471865032,-3.0633104819873362,-3.060218312495966,-3.057126385525533,-3.054034765694336,-3.0509435424388758,-3.0478528398790385,-3.044762830730124,-3.0416737559706535,-3.0385859527159385,-3.0354998938173665,-3.0324162442550886,-3.0293359416340597,-3.026260311345883,-3.023191231680328,-3.0201313710247435,-3.0170845292315134,-3.0140561296207453,-3.011053928813364,-3.008089041228601,-3.0051774169381216,-3.0023419695069995,-2.9996156280334447,-2.9970456857224566,-2.994699928675504,-2.992675126055957,-2.9911084781658017,-2.9901924097082886
-3.5928043142884194,-3.592014649000933,-3.5906462767317087,-3.588850504293545,-3.586737035362737,-3.5843861113247235,-3.5818568516285145,-3.5791930815084534,-3.5764274605629924,-3.573584440702893,-3.570682405131603,-3.56773522709877,-3.564753413255596,-3.561744947018698,-3.5587159136960285,-3.5556709658573045,-3.552613671129316,-3.5495467730511416,-3.5464723873721176,-3.5433921502310137,-3.5403073303442585,-3.5372189141872976,-3.5341276708488722,-3.53103420154159,-3.527938977498263,-3.5248423690534216,-3.5217446680171904,-3.5186461049319493,-3.5155468624153348,-3.5124470855026675,-3.50934688968326,-3.506246367160061,-3.503145591737244,-3.5000446226457225,-3.4969435075445774,-3.4938422848815676,-3.490740985754015,-3.487639635379309,-3.484538254259682,-3.4814368591069957,-3.4783354635787136,-3.4752340788649914,-3.472132714158092,-3.4690313770285894,-3.4659300737275682,-3.462828809429937,-3.45972758843079,-3.456626414304229,-3.4535252900321223,-3.4504242181087252,-3.4473232006258905,-3.4442222393426127,-3.4411213357419212,-3.438020491077532,-3.4349197064121753,-3.431818982649168,-3.4287183205584664,-3.425617720798224,-3.4225171839326602,-3.4194167104469084,-3.4163163007593793,-3.4132159552320807,-3.410115674179248,-3.4070154578745804,-3.403915306557323,-3.400815220437385,-3.3977151996996646,-3.3946152445077096,-3.391515355006822,-3.388415531326704,-3.3853157735837094,-3.382216081882782,-3.379116456319114,-3.3760168969795843,-3.3729174039439975,-3.3698179772861736,-3.366718617074896,-3.363619323374762,-3.360520096246929,-3.3574209357497917,-3.3543218419396084,-3.351222814871067,-3.3481238545978274,-3.3450249611730336,-3.341926134649817,-3.338827375081792,-3.3357286825235595,-3.332630057031225,-3.3295314986629445,-3.3264330074795,-3.323334583544932,-3.320236226927228,-3.317137937699086,-3.314039715938774,-3.310941561731098,-3.3078434751685126,-3.3047454563523857,-3.301647505394459,-3.2985496224185447,-3.2954518075624906,-3.2923540609804864,-3.2892563828457595,-3.286158773081809,-3.283061231618921,-3.279963758393546,-3.276866353347731,-3.2737690164286173,-3.2706717475879903,-3.267574546781874,-3.2644774139701664,-3.261380349116308,-3.258283352186987,-3.2551864231518746,-3.2520895619833747,-3.248992768656412,-3.24589604314823,-3.2427993854382104,-3.239702795507709,-3.236606273339908,-3.233509818919679,-3.2304134322334597,-3.2273171132691423,-3.224220862015971,-3.2211246784644487,-3.2180285626062517,-3.2149325144341536,-3.211836533941957,-3.208740621124428,-3.2056447759772464,-3.2025489984969497,-3.199453288680895,-3.1963576465272214,-3.1932620720348246,-3.19016656520333,-3.1870711260330875,-3.183975754525158,-3.1808804506813337,-3.1777852145041487,-3.174690045996923,-3.1715949451638203,-3.1684999120099278,-3.165404946541372,-3.1623100487654754,-3.159215218690959,-3.156120456328216,-3.1530257616896713,-3.1499311347902506,-3.1468365756479955,-3.1437420842848667,-3.1406476607278013,-3.137553305010095,-3.134459017173218,-3.1313647972692045,-3.1282706453638034,-3.125176561540643,-3.1220825459067383,-3.1189885985998136,-3.115894719798032,-3.1128009097329823,-3.1097071687070423,-3.1066134971166464,-3.1035198954835583,-3.100426364497008,-3.0973329050705902,-3.094239518419321,-3.0911462061642405,-3.088052970474769,-3.084959814262959,-3.0818667414492085,-3.0787737573266787,-3.075680869062341,-3.0725880863876407,-3.0694954225529765,-3.066402895650106,-3.063310530448987,-3.060218360955663,-3.0571264339832767,-3.054034814150125,-3.05094359089271,-3.0478528883309184,-3.044762879180049,-3.041673804418623,-3.0385860011619537,-3.035499942261427,-3.0324162926971945,-3.029335990074212,-3.026260359784083,-3.0231912801165794,-3.0201314194590494,-3.017084577663881,-3.014056178051183,-3.0110539772418847,-3.0080890896552237,-3.005177465362876,-3.00234201792993,-2.9996156764546154,-2.997045734141963,-2.994699977093487,-2.9926751744726197,-2.991108526581441,-2.9901924581233317
-3.592804361354944,-3.5920146960670314,-3.590646323797062,-3.5888505513579094,-3.5867370824259273,-3.584386158386597,-3.581856898688959,-3.5791931285673826,-3.576427507620337,-3.573584487758597,-3.5706824521856224,-3.567735274151071,-3.5647534603061524,-3.5617449940674883,-3.558715960743036,-3.5556710129025144,-3.5526137181727178,-3.549546820092725,-3.5464724344118768,-3.543392197268943,-3.540307377380352,-3.537218961221552,-3.534127717881284,-3.531034248572157,-3.527939024526982,-3.524842416080291,-3.5217447150422094,-3.518646151955116,-3.515546909436648,-3.512447132522127,-3.509346936700866,-3.5062464141758127,-3.503145638751141,-3.5000446696577647,-3.4969435545547647,-3.4938423318898986,-3.4907410327604884,-3.487639682383926,-3.4845383012624414,-3.4814369061078962,-3.4783355105777547,-3.4752341258621713,-3.4721327611534116,-3.469031424022049,-3.465930120719167,-3.4628288564196765,-3.4597276354186706,-3.456626461290249,-3.4535253370162806,-3.4504242650910215,-3.447323247606325,-3.4442222863211853,-3.441121382718633,-3.438020538052383,-3.4349197533851656,-3.4318190296202977,-3.4287183675277353,-3.4256177677656305,-3.4225172308982046,-3.4194167574105903,-3.4163163477211977,-3.4132160021920352,-3.4101157211373394,-3.407015504830809,-3.4039153535116875,-3.4008152673898855,-3.3977152466503022,-3.394615291456483,-3.3915154019537304,-3.3884155782717467,-3.385315820526887,-3.382216128824095,-3.379116503258563,-3.3760169439171683,-3.3729174508797164,-3.369818024220026,-3.366718664006883,-3.363619370304883,-3.360520143175184,-3.3574209826761807,-3.3543218888641313,-3.3512228617937234,-3.3481239015186173,-3.345025008091956,-3.341926181566871,-3.338827421996978,-3.3357287294368767,-3.3326301039426744,-3.3295315455725256,-3.3264330543872136,-3.3233346304507774,-3.320236273831204,-3.3171379846011915,-3.3140397628390077,-3.3109416086294616,-3.3078435220650064,-3.3047455032470086,-3.301647552287211,-3.298549669309425,-3.2954518544515,-3.2923541078676255,-3.2892564297310276,-3.286158819965206,-3.283061278500447,-3.2799638052732005,-3.276866400225512,-3.273769063304524,-3.2706717944620234,-3.2675745936540337,-3.2644774608404528,-3.261380395984721,-3.2582833990535276,-3.255186470016541,-3.2520896088461675,-3.248992815517331,-3.245896090007274,-3.2427994322953793,-3.2397028423630028,-3.236606320193327,-3.233509865771223,-3.2304134790831296,-3.2273171601169377,-3.224220908861891,-3.221124725308492,-3.218028609448419,-3.2149325612744453,-3.2118365807803726,-3.2087406679609676,-3.205644822811909,-3.202549045329736,-3.199453335511805,-3.1963576933562554,-3.193262118861982,-3.190166612028611,-3.187071172856491,-3.183975801346684,-3.1808804975009815,-3.1777852613219193,-3.1746900928128157,-3.171594991977835,-3.1684999588220646,-3.165404993351631,-3.1623100955738552,-3.159215265497459,-3.1561205031328363,-3.1530258084924125,-3.149931181591112,-3.146836622446977,-3.1437421310819684,-3.1406477075230232,-3.1375533518034366,-3.134459063964678,-3.131364844058784,-3.128270692151501,-3.125176608326459,-3.1220825926906732,-3.118988645381866,-3.115894766578202,-3.112800956511271,-3.109707215483448,-3.106613543891169,-3.1035199422561974,-3.1004264112677626,-3.097332951839461,-3.0942395651863093,-3.0911462529293448,-3.0880530172379888,-3.084959861024293,-3.081866788208658,-3.0787738040842427,-3.075680915818019,-3.072588133141434,-3.0694954693048846,-3.066402942400128,-3.0633105771971225,-3.060218407701912,-3.0571264807276393,-3.0540348608926013,-3.0509436376332997,-3.047852935069621,-3.0447629259168654,-3.0416738511535537,-3.0385860478949978,-3.0354999889925858,-3.032416339426469,-3.029336036801604,-3.0262604065095933,-3.0231913268402097,-3.0201314661808047,-3.0170846243837652,-3.0140562247692055,-3.0110540239580574,-3.008089136369567,-3.0051775120754174,-3.0023420646407106,-2.9996157231636977,-2.997045780849439,-2.9947000237994916,-2.9926752211773517,-2.9911085732851883,-2.9901925048265037
-3.5928044067572595,-3.5920147414689367,-3.5906463691982493,-3.5888505967581446,-3.5867371278250313,-3.584386203784431,-3.5818569440854144,-3.579193173962374,-3.576427553013798,-3.573584533150477,-3.570682497575881,-3.5677353195396755,-3.5647535056930764,-3.56174503945271,-3.558716006126538,-3.5556710582842848,-3.5526137635527446,-3.5495468654710014,-3.5464724797883944,-3.5433922426436952,-3.5403074227533353,-3.5372190065927622,-3.5341277632507184,-3.5310342939398125,-3.5279390698928563,-3.5248424614443827,-3.5217447604045162,-3.5186461973156375,-3.5155469547953824,-3.5124471778790722,-3.5093469820560217,-3.5062464595291782,-3.5031456841027158,-3.500044715007549,-3.4969435999027585,-3.4938423772361005,-3.4907410781048998,-3.487639727726545,-3.4845383466032693,-3.4814369514469323,-3.4783355559149998,-3.4752341711976262,-3.4721328064870756,-3.46903146935392,-3.4659301660492443,-3.462828901747959,-3.459727680745158,-3.4566265066149415,-3.453525382339178,-3.450424310412124,-3.447323292925632,-3.444222331638696,-3.4411214280343465,-3.4380205833663,-3.434919798697287,-3.431819074930622,-3.4287184128362638,-3.425617813072363,-3.42251727620314,-3.4194168027137284,-3.4163163930225378,-3.413216047491577,-3.4101157664350823,-3.407015550126754,-3.4039153988058346,-3.4008153126822345,-3.397715291940852,-3.3946153367452343,-3.3915154472406837,-3.3884156235569005,-3.3853158658102416,-3.382216174105649,-3.3791165485383168,-3.3760169891951217,-3.3729174961558694,-3.3698180694943796,-3.366718709279437,-3.3636194155756374,-3.360520188444138,-3.357421027943334,-3.354321934129483,-3.3512229070572737,-3.348123946780365,-3.345025053351902,-3.341926226825015,-3.33882746725332,-3.3357287746914177,-3.332630149195413,-3.329531590823461,-3.3264330996363447,-3.3233346756981055,-3.3202363190767286,-3.3171380298449127,-3.3140398080809264,-3.3109416538695764,-3.307843567303317,-3.304745548483516,-3.3016475975219155,-3.2985497145423266,-3.295451899682597,-3.292354153096918,-3.289256474958515,-3.2861588651908877,-3.2830613237243234,-3.2799638504952697,-3.276866445445776,-3.273769108522982,-3.2706718396786756,-3.2675746388688807,-3.264477506053493,-3.2613804411959553,-3.258283444262955,-3.255186515224162,-3.2520896540519812,-3.2489928607213376,-3.2458961352094735,-3.2427994774957716,-3.239702887561587,-3.236606365390103,-3.2335099109661907,-3.2304135242762877,-3.227317205308287,-3.224220954051432,-3.2211247704962247,-3.218028654634343,-3.214932606458559,-3.211836625962675,-3.208740713141459,-3.205644867990589,-3.2025490905066047,-3.1994533806868626,-3.196357738529503,-3.193262164033418,-3.1901666571982368,-3.1870712180243053,-3.183975846512688,-3.1808805426651747,-3.1777853064843002,-3.1746901379733856,-3.1715950371365933,-3.1685000039790108,-3.1654050385067656,-3.1623101407271776,-3.159215310648969,-3.1561205482825336,-3.1530258536402958,-3.1499312267371806,-3.1468366675912303,-3.1437421762244067,-3.140647752663646,-3.1375533969422444,-3.134459109101671,-3.1313648891939607,-3.128270737284863,-3.1251766534580057,-3.122082637820404,-3.118988690509782,-3.115894811704303,-3.112801001635556,-3.109707260605918,-3.1066135890118227,-3.1035199873750354,-3.100426456384786,-3.0973329969546683,-3.0942396102997,-3.091146298040919,-3.088053062347746,-3.0849599061322337,-3.0818668333147805,-3.0787738491885475,-3.075680960920506,-3.0725881782421025,-3.069495514403734,-3.0664029874971583,-3.063310622292333,-3.0602184527953025,-3.05712652581921,-3.0540349059823524,-3.0509436827212313,-3.0478529801557332,-3.0447629710011572,-3.0416738962360257,-3.03858609297565,-3.0355000340714176,-3.0324163845034824,-3.0293360818768,-3.0262604515829734,-3.0231913719117767,-3.0201315112505625,-3.017084669451718,-3.0140562698353617,-3.0110540690224292,-3.008089181432173,-3.005177557136285,-3.00234210969988,-2.9996157682212288,-2.9970458259054205,-2.9947000688540544,-2.992675266230687,-2.9911086183375724,-2.990192549878332
-3.5928044505542434,-3.592014785265524,-3.590646412994143,-3.58885064055312,-3.586737171618915,-3.5843862475770885,-3.5818569878767414,-3.579193217752289,-3.5764275968022377,-3.5735845769373906,-3.570682541361229,-3.5677353633234254,-3.5647535494752023,-3.561745083233193,-3.5587160499053625,-3.555671102061437,-3.5526138073282154,-3.5495469092447816,-3.5464725235604795,-3.5433922864140803,-3.540307466522015,-3.5372190503597314,-3.534127807015973,-3.5310343377033497,-3.527939113654675,-3.524842505204481,-3.5217448041628936,-3.5186462410722927,-3.5155469985503145,-3.51244722163228,-3.5093470258075046,-3.5062465032789354,-3.503145727850748,-3.5000447587538535,-3.4969436436473336,-3.4938424209789476,-3.490741121846018,-3.487639771465935,-3.4845383903409295,-3.4814369951828623,-3.4783355996491987,-3.475234214930093,-3.4721328502178097,-3.469031513082923,-3.465930209776516,-3.462828945473499,-3.459727724468966,-3.4566265503370186,-3.4535254260595227,-3.4504243541307376,-3.4473233366425147,-3.444222375353849,-3.4411214717477687,-3.4380206270779907,-3.4349198424072442,-3.4318191186388463,-3.4287184565427533,-3.4256178567771185,-3.422517319906162,-3.4194168464150163,-3.416316436722093,-3.4132160911893994,-3.4101158101311726,-3.4070155938211113,-3.403915442498459,-3.400815356373125,-3.397715335630008,-3.394615380432656,-3.3915154909263707,-3.388415667240852,-3.3853159094924563,-3.382216217786128,-3.37911659221706,-3.3760170328721295,-3.3729175398311417,-3.369818113167915,-3.3667187529512357,-3.363619459245699,-3.360520232112462,-3.35742107160992,-3.354321977794331,-3.351222950720384,-3.3481239904417386,-3.345025097011538,-3.3419262704829134,-3.3388275109094794,-3.3357288183458382,-3.332630192848095,-3.329531634474404,-3.3264331432855494,-3.323334719345571,-3.3202363627224556,-3.317138073488902,-3.3140398517231766,-3.3109416975100876,-3.307843610942089,-3.3047455921205473,-3.301647641157206,-3.298549758175875,-3.2954519433144034,-3.2923541967269814,-3.289256518586838,-3.286158908817469,-3.283061367349163,-3.2799638941183695,-3.2768664890671335,-3.2737691521425987,-3.2706718832965502,-3.2675746824850123,-3.264477549667882,-3.2613804848086003,-3.258283487873856,-3.2551865588333175,-3.2520896976593927,-3.2489929043270043,-3.2458961788133966,-3.24279952109795,-3.239702931162022,-3.2366064089887936,-3.2335099545631367,-3.230413567871489,-3.227317248901743,-3.2242209976431417,-3.221124814086189,-3.218028698222561,-3.2149326500450313,-3.2118366695474023,-3.2087407567244406,-3.2056449115718255,-3.202549134086095,-3.1994534242646053,-3.196357782105497,-3.1932622076076655,-3.190166700770738,-3.18707126159506,-3.183975890081695,-3.180880586232434,-3.177785350049812,-3.1746901815371484,-3.1715950806986073,-3.168500047539275,-3.16540508206528,-3.162310184283943,-3.1592153542039854,-3.1561205918358004,-3.1530258971918133,-3.14993127028695,-3.1468367111392515,-3.143742219770679,-3.140647796208169,-3.137553440485017,-3.1344591526426937,-3.1313649327332334,-3.128270780822384,-3.1251766969937758,-3.122082681354424,-3.11898873404205,-3.1158948552348185,-3.11280104516432,-3.1097073041329306,-3.106613632537084,-3.1035200308985442,-3.100426499906542,-3.097333040474673,-3.0942396538179517,-3.0911463415574163,-3.0880531058624907,-3.084959949645225,-3.0818668768260196,-3.0787738926980337,-3.075681004428238,-3.0725882217480804,-3.069495557907958,-3.0664030309996275,-3.063310665793049,-3.060218496294265,-3.0571265693164182,-3.0540349494778054,-3.0509437262149293,-3.047853023647676,-3.044763014491345,-3.0416739397244577,-3.038586136462326,-3.035500077556339,-3.0324164279866492,-3.029336125358212,-3.026260495062634,-3.0231914153896877,-3.0201315547267273,-3.017084712926144,-3.0140563133080565,-3.011054112493405,-3.008089224901447,-3.0051776006038815,-3.002342153165839,-2.999615811685608,-2.9970458693683053,-2.99470011231557,-2.992675309691018,-2.9911086617969853,-2.990192593337209
-3.592804492802629,-3.5920148275135273,-3.5906464552414774,-3.588850682799566,-3.586737213864306,-3.584386289821296,-3.581857030119666,-3.579193259993853,-3.5764276390423797,-3.573584619176061,-3.570682583598389,-3.5677354055590444,-3.564753591709257,-3.5617451254656647,-3.5587160921362355,-3.5556711442906987,-3.5526138495558546,-3.5495469514707914,-3.5464725657848515,-3.5433923286368088,-3.5403075087430964,-3.5372190925791624,-3.5341278492337516,-3.5310343799194728,-3.5279391558691398,-3.5248425474172866,-3.5217448463740375,-3.518646283281774,-3.5155470407581335,-3.512447263838437,-3.5093470680119987,-3.506246545481765,-3.503145770051911,-3.5000448009533516,-3.4969436858451672,-3.493842463175117,-3.490741164040521,-3.4876398136587703,-3.484538432532097,-3.4814370373723618,-3.4783356418370306,-3.4752342571162576,-3.4721328924023065,-3.4690315552657505,-3.465930251957675,-3.4628289876529887,-3.459727766646787,-3.456626592513169,-3.453525468234003,-3.4504243963035464,-3.447323378813651,-3.4442224175233123,-3.4411215139155606,-3.43802066924411,-3.4349198845716917,-3.431819160801622,-3.428718498703858,-3.4256178989365527,-3.422517362063925,-3.419416888571109,-3.416316478876514,-3.4132161333421482,-3.410115852282249,-3.4070156359705144,-3.4039154846461885,-3.400815398519182,-3.397715377774391,-3.394615422575365,-3.3915155330674045,-3.388415709380212,-3.3853159516301425,-3.38221625992214,-3.379116634351397,-3.3760170750047918,-3.3729175819621298,-3.3698181552972284,-3.366718795078873,-3.3636195013716605,-3.3605202742367477,-3.357421113732531,-3.354322019915267,-3.3512229928396438,-3.348124032559321,-3.3450251391274435,-3.341926312597142,-3.338827553022032,-3.3357288604567135,-3.3326302349572923,-3.3295316765819236,-3.326433185391391,-3.3233347614497344,-3.3202364048249406,-3.317138115589708,-3.3140398938223044,-3.310941739607537,-3.3078436530378603,-3.304745634214641,-3.3016476832496213,-3.298549800266612,-3.2954519854034623,-3.292354238814361,-3.2892565606725372,-3.2861589509014895,-3.2830614094315043,-3.27996393619903,-3.2768665311461143,-3.2737691942198985,-3.2706719253721697,-3.267574724558951,-3.264477591740139,-3.2613805268791762,-3.2582835299427506,-3.255186600900532,-3.252089739724926,-3.2489929463908562,-3.245896220875566,-3.2427995631584365,-3.2397029732208256,-3.2366064510459145,-3.233509996618574,-3.230413609925243,-3.227317290953814,-3.224221039693531,-3.2211248561348955,-3.218028740269585,-3.2149326920903722,-3.2118367115910598,-3.208740798766413,-3.2056449536121123,-3.2025491761246965,-3.1994534663015224,-3.1963578241407293,-3.193262249641211,-3.190166742802596,-3.1870713036252307,-3.183975932110179,-3.1808806282592315,-3.177785392074923,-3.174690223560573,-3.171595122720345,-3.1685000895593265,-3.165405124083645,-3.1623102263006215,-3.1592153962189764,-3.1561206338491044,-3.1530259392034305,-3.149931312296879,-3.146836753147493,-3.143742261777231,-3.1406478382130327,-3.1375534824881917,-3.1344591946441787,-3.1313649747330285,-3.1282708228204905,-3.1251767389901923,-3.12208272334915,-3.118988776035087,-3.115894897226167,-3.1128010871539793,-3.1097073461208993,-3.106613674523362,-3.1035200728831325,-3.10042654188944,-3.097333082455879,-3.0942396957974663,-3.09114638353524,-3.0880531478386235,-3.0849599916196677,-3.0818669187987715,-3.078773934669094,-3.0756810463976074,-3.0725882637157595,-3.0694955998739455,-3.066403072963924,-3.0633107077556536,-3.0602185382551776,-3.0571266112756383,-3.054034991435333,-3.050943768170764,-3.047853065601818,-3.0447630564437937,-3.041673981675213,-3.0385861784113883,-3.0355001195037095,-3.0324164699323277,-3.029336167302201,-3.0262605370049327,-3.0231914573302983,-3.0201315966656526,-3.017084754863389,-3.014056355243629,-3.0110541544273164,-3.008089266833715,-3.005177642534533,-3.0023421950949114,-2.999615853613157,-2.997045911294414,-2.994700154240361,-2.9926753516146674,-2.9911087037197497,-2.990192635259457
-3.592804533557188,-3.592014868267718,-3.5906464959950246,-3.5888507235522606,-3.586737254615986,-3.584386330571836,-3.581857070868969,-3.5791933007418417,-3.5764276797889933,-3.5735846599212544,-3.570682624342125,-3.567735446301295,-3.5647536324499978,-3.5617451662048767,-3.558716132873903,-3.5556711850268097,-3.5526138902903996,-3.549546992203763,-3.5464726065162444,-3.543392369366617,-3.540307549471316,-3.537219133305791,-3.5341278899587865,-3.5310344206429125,-3.527939196590982,-3.5248425881375303,-3.521744887092681,-3.518646323998815,-3.5155470814735694,-3.512447304552267,-3.5093471087242216,-3.50624658619238,-3.5031458107609184,-3.5000448416607504,-3.496943726550958,-3.493842503879299,-3.490741204743095,-3.4876398543597356,-3.4845384732314537,-3.48143707807011,-3.4783356825331677,-3.4752342978107844,-3.472132933095223,-3.469031595957057,-3.4659302926473696,-3.4628290283410728,-3.45972780733326,-3.4566266331980318,-3.4535255089172563,-3.450424436985189,-3.447323419493683,-3.444222458201734,-3.441121554592371,-3.438020709919309,-3.43491992524528,-3.4318192014735986,-3.428718539374221,-3.4256179396053024,-3.4225174027310614,-3.4194169292366308,-3.4163165195404215,-3.4132161740044427,-3.4101158929429296,-3.4070156766295803,-3.4039155253036397,-3.4008154391750183,-3.3977154184286134,-3.394615463227973,-3.391515573718399,-3.3884157500295933,-3.3853159922779104,-3.382216300568294,-3.3791166749959363,-3.3760171156477154,-3.372917622603437,-3.3698181959369187,-3.3667188357169473,-3.363619542008118,-3.3605203148715876,-3.357421154365754,-3.354322060546873,-3.3512230334696334,-3.348124073187694,-3.3450251797542,-3.3419263532222825,-3.3388275936455556,-3.3357289010786206,-3.332630275577583,-3.329531717200598,-3.3264332260084477,-3.3233348020651734,-3.320236445438761,-3.3171381562019095,-3.314039934432887,-3.310941780216499,-3.3078436936452014,-3.304745674820361,-3.30164772385372,-3.2985498408690885,-3.295452026004318,-3.2923542794135963,-3.2892566012701514,-3.2861589914974823,-3.283061450025876,-3.279963976791781,-3.2768665717372447,-3.2737692348094094,-3.2706719659600587,-3.2675747651452185,-3.2644776323247857,-3.261380567462201,-3.2582835705241546,-3.255186641480314,-3.252089780303086,-3.248992986967394,-3.2458962614504814,-3.2427996037317293,-3.2397030137924947,-3.2366064916159605,-3.2335100371869974,-3.230413650492043,-3.22731733151899,-3.2242210802570823,-3.2211248966968222,-3.218028780829887,-3.2149327326490496,-3.211836752148112,-3.208740839321841,-3.2056449941659153,-3.2025492166768745,-3.1994535068520746,-3.1963578646896553,-3.1932622901885117,-3.190166783348271,-3.187071344169281,-3.1839759726526045,-3.18088066880003,-3.177785432614094,-3.174690264098118,-3.1715951632562636,-3.1685001300936193,-3.1654051646163115,-3.16231026683166,-3.1592154367483882,-3.156120674376889,-3.1530259797295868,-3.1499313528214077,-3.1468367936703934,-3.1437423022985045,-3.140647878732678,-3.1375535230062095,-3.134459235160568,-3.13136501524779,-3.128270863333624,-3.125176779501696,-3.122082763859024,-3.1189888165433306,-3.1158949377327794,-3.1128011276589618,-3.1097073866242524,-3.106613715025085,-3.103520113383225,-3.1004265823879025,-3.097333122952712,-3.0942397362926695,-3.091146424028813,-3.088053188330566,-3.0849600321099793,-3.0818669592874515,-3.078773975156144,-3.0756810868830256,-3.0725883041995448,-3.069495640356098,-3.066403113444444,-3.063310748234541,-3.0602185787324316,-3.0571266517512585,-3.054035031909321,-3.050943808643118,-3.0478531060725382,-3.0447630969128814,-3.0416740221426686,-3.0385862188772124,-3.0355001599679006,-3.032416510394887,-3.0293362077631274,-3.026260577464229,-3.023191497787967,-3.020131637121697,-3.0170847953178135,-3.014056395696441,-3.0110541948785268,-3.0080893072833397,-3.0051776829825965,-3.00234223554145,-2.9996158940582243,-2.997045951738089,-2.9947001946827614,-2.992675392055965,-2.9911087441601936,-2.9901926756994026
-3.5928045728707287,-3.5920149075809045,-3.590646535307587,-3.588850762863997,-3.586737293926741,-3.5843863698814893,-3.581857110177426,-3.5791933400490317,-3.5764277190948595,-3.5735846992257505,-3.5706826636452167,-3.5677354856029533,-3.5647536717502,-3.561745205503605,-3.558716172171143,-3.5556712243225506,-3.5526139295846324,-3.5495470314964783,-3.546472645807436,-3.543392408656281,-3.5403075887594486,-3.537219172592388,-3.5341279292438457,-3.531034459926431,-3.5279392358729584,-3.5248426274179625,-3.521744926371569,-3.518646363276158,-3.5155471207493663,-3.512447343826515,-3.509347147996921,-3.506246625463531,-3.5031458500305197,-3.5000448809288014,-3.4969437658174582,-3.493842543144246,-3.4907412440064887,-3.487639893621576,-3.484538512491741,-3.4814371173288454,-3.478335721790352,-3.4752343370664165,-3.4721329723493026,-3.469031635209584,-3.465930331898346,-3.4628290675904965,-3.4597278465811305,-3.4566266724443495,-3.4535255481620197,-3.450424476228398,-3.447323458735338,-3.4442224974418343,-3.4411215938309163,-3.4380207491562995,-3.4349199644807147,-3.4318192407074783,-3.428718578606546,-3.425617978836071,-3.4225174419602746,-3.419416968464289,-3.4163165587665243,-3.413216213228989,-3.4101159321659185,-3.4070157158510135,-3.4039155645235164,-3.400815478393338,-3.3977154576453756,-3.3946155024431777,-3.391515612932046,-3.388415789241681,-3.3853160314884394,-3.3822163397772633,-3.379116714203347,-3.376017154853568,-3.3729176618077297,-3.3698182351396526,-3.3667188749181225,-3.363619581207734,-3.360520354069645,-3.3574211935622515,-3.35432209974181,-3.351223072663011,-3.3481241123795114,-3.3450252189444574,-3.34192639241098,-3.338827632832694,-3.335728940264199,-3.332630314761601,-3.3295317563830547,-3.326433265189344,-3.3233348412445083,-3.3202364846165344,-3.3171381953781207,-3.314039973607535,-3.310941819389586,-3.307843732816727,-3.304745713990325,-3.3016477630221224,-3.29854988003593,-3.295452065169597,-3.2923543185773125,-3.2892566404323054,-3.2861590306580735,-3.283061489184904,-3.2799640159492465,-3.2768666108931463,-3.273769273963746,-3.2706720051128313,-3.2675748042964274,-3.2644776714744297,-3.261380606610281,-3.2582836096706695,-3.255186680625264,-3.252089819446471,-3.248993026109214,-3.245896300590736,-3.2427996428704193,-3.2397030529296194,-3.236606530751519,-3.233510076320989,-3.2304136896244686,-3.2273173706498492,-3.2242211193863746,-3.2211249358245477,-3.218028819956045,-3.2149327717736407,-3.211836791271136,-3.2087408784432983,-3.205645033285807,-3.2025492557951996,-3.199453545968832,-3.196357903804846,-3.193262329302135,-3.190166822460327,-3.187071383279769,-3.1839760117615237,-3.180880707907381,-3.1777854717198757,-3.1746903032023304,-3.1715952023589065,-3.168500169194692,-3.165405203715814,-3.1623103059295925,-3.1592154758447504,-3.1561207134716804,-3.1530260188228083,-3.1499313919130585,-3.146836832760473,-3.1437423413870134,-3.1406479178196163,-3.137553562091576,-3.1344592742443647,-3.1313650543300158,-3.128270902414278,-3.12517681858078,-3.1220828029365357,-3.118988855619271,-3.1158949768071484,-3.112801166731758,-3.1097074256954764,-3.106613754094737,-3.103520152451304,-3.100426621454408,-3.097333162017644,-3.094239775356028,-3.091146463090598,-3.088053227390776,-3.0849600711686143,-3.0818669983445113,-3.0787740142116276,-3.0756811259369354,-3.07258834325188,-3.069495679406858,-3.0664031524936295,-3.063310787282151,-3.060218617778465,-3.0571266907957164,-3.0540350709522013,-3.050943847684423,-3.0478531451122675,-3.044763135951034,-3.0416740611792457,-3.0385862579122147,-3.0355001990013286,-3.0324165494267405,-3.0293362467934077,-3.0262606164929378,-3.0231915368151054,-3.0201316761472694,-3.017084834341825,-3.0140564347188983,-3.0110542338994404,-3.0080893463027243,-3.005177722000477,-3.002342274557861,-2.9996159330732177,-2.9970459907517415,-2.9947002336951845,-2.992675431067325,-2.99110878317073,-2.990192714709458
-3.5928046107942007,-3.5920149455040327,-3.590646573230115,-3.5888508007857274,-3.5867373318475244,-3.5843864078012104,-3.581857148095996,-3.5791933779663796,-3.5764277570109297,-3.5735847371404983,-3.570682701558606,-3.5677355235149575,-3.5647537096607986,-3.56174524341278,-3.5587162100788827,-3.555671262228842,-3.5526139674894672,-3.549547069399849,-3.5464726837093363,-3.5433924465567066,-3.540307626658396,-3.537219210489853,-3.534127967139827,-3.5310344978209263,-3.5279392737659654,-3.5248426653094787,-3.5217449642615932,-3.518646401164689,-3.5155471586364047,-3.5124473817120627,-3.5093471858809764,-3.506246663346094,-3.50314588791159,-3.5000449188083786,-3.4969438036955407,-3.493842581020834,-3.4907412818815815,-3.487639931495174,-3.4845385503638444,-3.481437155199453,-3.4783357596594633,-3.4752343749340304,-3.4721330102154186,-3.469031673074203,-3.4659303697614656,-3.4628291054521174,-3.4597278844412522,-3.456626710302971,-3.453525586019142,-3.450424514084021,-3.447323496589462,-3.444222535294459,-3.441121631682041,-3.4380207870059256,-3.4349200023288406,-3.4318192785541037,-3.428718616451671,-3.4256180166796963,-3.4225174798023983,-3.4194170063049105,-3.416316596605644,-3.4132162510666073,-3.4101159700020367,-3.4070157536856294,-3.4039156023566304,-3.400815516224951,-3.3977154954754876,-3.3946155402717872,-3.391515650759153,-3.3884158270672855,-3.3853160693125397,-3.382216377599861,-3.379116752024441,-3.3760171926731584,-3.3729176996258183,-3.3698182729562394,-3.366718912733206,-3.363619619021314,-3.3605203918817215,-3.357421231372824,-3.3543221375508794,-3.3512231104705763,-3.3481241501855736,-3.3450252567490146,-3.341926430214032,-3.338827670634239,-3.335728978064238,-3.332630352560134,-3.329531794180082,-3.326433302984865,-3.3233348790385233,-3.3202365224090435,-3.3171382331691244,-3.314040011397033,-3.310941857177577,-3.307843770603211,-3.3047457517753016,-3.3016478008055916,-3.2985499178178923,-3.295452102950052,-3.2923543563562605,-3.2892566782097457,-3.2861590684340056,-3.2830615269593273,-3.27996405372216,-3.2768666486645515,-3.2737693117336435,-3.2706720428812206,-3.267574842063308,-3.2644777092398023,-3.2613806443741447,-3.2582836474330237,-3.2551867183861085,-3.252089857205806,-3.2489930638670392,-3.2458963383470523,-3.2427996806252257,-3.2397030906829154,-3.236606568503304,-3.2335101140712634,-3.230413727373232,-3.227317408397102,-3.2242211571321167,-3.2211249735687786,-3.218028857698764,-3.2149328095148477,-3.2118368290108315,-3.2087409161814824,-3.2056450710224786,-3.202549293530359,-3.19945358370248,-3.196357941536981,-3.193262367032758,-3.1901668601894366,-3.1870714210073645,-3.1839760494876055,-3.1808807456319506,-3.1777855094429346,-3.174690340923877,-3.1715952400789402,-3.168500206913213,-3.165405241432821,-3.1623103436450863,-3.1592155135587303,-3.1561207511841465,-3.1530260565337596,-3.149931429622495,-3.1468368704683947,-3.14374237909342,-3.1406479555245066,-3.137553599794952,-3.1344593119462245,-3.1313650920303595,-3.1282709401131052,-3.1251768562780904,-3.12208284063233,-3.1189888933135483,-3.115895014499909,-3.1128012044230027,-3.1097074633852033,-3.1066137917829457,-3.1035201901379943,-3.1004266591395795,-3.0973331997012967,-3.094239813038163,-3.0911465007712153,-3.0880532650698758,-3.084960108846196,-3.0818670360205744,-3.078774051886172,-3.0756811636099606,-3.0725883809233863,-3.0694957170768467,-3.0664031901620983,-3.0633108249491,-3.0602186554438955,-3.0571267284596284,-3.054035108614595,-3.0509438853452973,-3.047853182771623,-3.0447631736088705,-3.041674098835563,-3.0385862955670113,-3.035500236654605,-3.032416587078498,-3.029336284443647,-3.02626065414166,-3.0231915744623135,-3.0201317137929653,-3.0170848719860124,-3.014056472361585,-3.011054271540637,-3.0080893839424476,-3.005177759638748,-3.0023423121947137,-2.9996159707087013,-2.9970460283859306,-2.994700271328188,-2.9926754686993027,-2.9911088208019136,-2.990192752340178
-3.592804647376755,-3.5920149820862557,-3.590646609811759,-3.5888508373666053,-3.5867373684274915,-3.5843864443801547,-3.5818571846738307,-3.5791934145430346,-3.5764277935863524,-3.573584773714647,-3.5706827381314468,-3.567735560086464,-3.56475374623095,-3.5617452799815603,-3.558716246646276,-3.555671298794839,-3.55261400405406,-3.5495471059630304,-3.5464727202711006,-3.543392483117048,-3.5403076632173094,-3.5372192470473367,-3.5341280036958787,-3.531034534375544,-3.527939310319148,-3.524842701861225,-3.521745000811903,-3.518646437713561,-3.5155471951838377,-3.5124474182580556,-3.509347222425528,-3.506246699889204,-3.5031459244532583,-3.500044955348604,-3.496943840234324,-3.493842617558175,-3.4907413184174816,-3.487639968029632,-3.4845385868968584,-3.4814371917310223,-3.4783357961895884,-3.4752344114627105,-3.4721330467426537,-3.4690317095999914,-3.4659304062858083,-3.4628291419750146,-3.4597279209627043,-3.4566267468229777,-3.4535256225377022,-3.450424550601134,-3.4473235331051275,-3.4442225718086776,-3.4411216681948136,-3.4380208235172507,-3.4349200388387198,-3.4318193150625347,-3.4287186529586533,-3.4256180531852296,-3.4225175163064834,-3.419417042807548,-3.4163166331068338,-3.4132162875663483,-3.410116006500328,-3.4070157901824727,-3.4039156388520255,-3.4008155527188957,-3.3977155319679815,-3.394615576762832,-3.391515687248749,-3.3884158635554336,-3.38531610579924,-3.382216414085114,-3.379116788508246,-3.376017229155514,-3.3729177361067233,-3.3698183094356926,-3.3667189492112084,-3.3636196554978657,-3.3605204283568217,-3.357421267846474,-3.354322174023078,-3.3512231469413227,-3.3481241866548674,-3.345025293216857,-3.3419264666804223,-3.3388277070991763,-3.3357290145277223,-3.332630389022165,-3.3295318306406596,-3.326433339443989,-3.3233349154961944,-3.3202365588652616,-3.3171382696238894,-3.3140400478503453,-3.310941893629437,-3.307843807053618,-3.304745788224256,-3.3016478372530935,-3.29854995426394,-3.295452139394646,-3.292354392799401,-3.2892567146514327,-3.2861591048742396,-3.2830615633981077,-3.2799640901594866,-3.2768666851004227,-3.2737693481680594,-3.2706720793141812,-3.267574878494813,-3.264477745669852,-3.2613806808027386,-3.258283683860162,-3.255186754811791,-3.2520898936300315,-3.248993100289808,-3.2458963747683627,-3.2427997170450786,-3.2397031271013113,-3.236606604920243,-3.233510150486745,-3.2304137637872565,-3.2273174448096684,-3.2242211935432246,-3.2211250099784285,-3.218028894106957,-3.2149328459215827,-3.211836865416108,-3.2087409525853,-3.205645107424838,-3.2025493299312595,-3.1994536201019215,-3.196357977934965,-3.193262403429283,-3.190166896584503,-3.1870714574009726,-3.1839760858797557,-3.1808807820226406,-3.1777855458321644,-3.174690377311647,-3.1715952764652497,-3.1685002432980616,-3.165405277816208,-3.1623103800270105,-3.159215549939192,-3.1561207875631467,-3.153026092911299,-3.149931465998574,-3.1468369068430113,-3.143742415466574,-3.140647991896199,-3.137553636165182,-3.134459348314992,-3.1313651283976647,-3.1282709764789485,-3.1251768926424712,-3.1220828769952487,-3.118988929675004,-3.1158950508599013,-3.1128012407815313,-3.1097074997422682,-3.106613828138546,-3.1035202264921318,-3.1004266954922532,-3.0973332360525068,-3.094239849387908,-3.091146537119496,-3.088053301416693,-3.08496014519155,-3.081867072364465,-3.0787740882285997,-3.075681199950924,-3.0725884172628852,-3.06949575341488,-3.0664032264986667,-3.0633108612842035,-3.0602186917775334,-3.0571267647917995,-3.0540351449453,-3.0509439216745364,-3.047853219099395,-3.0447632099351756,-3.041674135160401,-3.038586331890383,-3.0355002729765115,-3.0324166233989387,-3.029336320762624,-3.0262606904591736,-3.023191610778366,-3.0201317501075584,-3.017084908299152,-3.014056508673277,-3.0110543078508902,-3.0080894202512773,-3.005177795946178,-3.0023423485007763,-2.9996160070134463,-2.9970460646894286,-2.994700307630544,-2.99267550500067,-2.9911088571025153,-2.990192788640333
-3.592804682665803,-3.592015017374986,-3.590646645099932,-3.5888508726540396,-3.586737403714047,-3.5843864796657243,-3.5818572199583287,-3.579193449826395,-3.5764278288685243,-3.57358480899559,-3.5706827734111295,-3.5677355953648586,-3.5647537815080357,-3.5617453152573195,-3.558716281920699,-3.555671334067916,-3.5526140393257823,-3.549547141233392,-3.546472755540096,-3.543392518384673,-3.5403076984835606,-3.5372192823122117,-3.5341280389593726,-3.5310345696376566,-3.5279393455798775,-3.524842737120571,-3.521745036069862,-3.5186464729701323,-3.5155472304390196,-3.512447453511846,-3.5093472576779283,-3.5062467351402136,-3.5031459597028767,-3.5000449905968307,-3.496943875481159,-3.493842652803618,-3.4907413536615306,-3.4876400032722863,-3.4845386221381194,-3.4814372269708893,-3.4783358314280606,-3.475234446699789,-3.4721330819783374,-3.4690317448342807,-3.4659304415187036,-3.4628291772065154,-3.4597279561928103,-3.4566267820516887,-3.453525657765018,-3.4504245858270557,-3.447323568329654,-3.4442226070318083,-3.4411217034165484,-3.4380208587375893,-3.4349200740576618,-3.431819350280082,-3.428718688174805,-3.4256180883999865,-3.422517551519845,-3.4194170780195132,-3.416316668317402,-3.41321632277552,-3.4101160417081027,-3.40701582538885,-3.4039156740570053,-3.4008155879224775,-3.3977155671701658,-3.3946156119636175,-3.3915157224481356,-3.388415898753421,-3.385316140995829,-3.382216449280302,-3.3791168237020353,-3.376017264347905,-3.372917771297715,-3.3698183446252856,-3.366718984399401,-3.3636196906846587,-3.3605204635422155,-3.357421303030468,-3.3543222092056726,-3.3512231821225176,-3.3481242218346625,-3.345025328395251,-3.341926501857415,-3.338827742274769,-3.3357290497019134,-3.332630424194955,-3.329531865812049,-3.326433374613977,-3.3233349506647807,-3.3202365940324468,-3.317138304789673,-3.314040083014727,-3.3109419287924173,-3.307843842215197,-3.3047458233844327,-3.301647872411867,-3.2985499894213115,-3.2954521745506145,-3.2923544279539665,-3.289256749804595,-3.286159140025998,-3.2830615985484637,-3.2799641253084397,-3.2768667202479733,-3.2737693833142063,-3.270672114458924,-3.2675749136381516,-3.2644777808117853,-3.2613807159432664,-3.2582837189992837,-3.2551867899495077,-3.252089928766343,-3.248993135424715,-3.2458964099018655,-3.242799752177177,-3.239703162232005,-3.236606640049532,-3.2335101856146293,-3.2304137989137356,-3.227317479934742,-3.2242212286668934,-3.2211250451006923,-3.2180289292278146,-3.214932881041034,-3.211836900534152,-3.2087409877019364,-3.2056451425400665,-3.20254936504508,-3.199453655214334,-3.1963580130459692,-3.1932624385388806,-3.1901669316926937,-3.187071492507755,-3.183976120985129,-3.180880817126605,-3.17778558093472,-3.1746904124127924,-3.171595311564986,-3.168500278396389,-3.165405312913127,-3.1623104151225223,-3.1592155850332957,-3.156120822655841,-3.1530261280025824,-3.149931501088446,-3.146836941931473,-3.1437424505536256,-3.140648026981841,-3.137553671249413,-3.134459383397812,-3.131365163479074,-3.1282710115589474,-3.1251769277210593,-3.122082912072426,-3.1189889647507707,-3.115895085934257,-3.1128012758544745,-3.1097075348137997,-3.106613863208667,-3.1035202615608406,-3.1004267305595508,-3.0973332711183925,-3.094239884452383,-3.0911465721825584,-3.0880533364783416,-3.084960180251784,-3.0818671074232853,-3.078774123286006,-3.075681235006916,-3.0725884523174636,-3.069495788468045,-3.066403261550419,-3.0633108963345412,-3.060218726826458,-3.057126799839312,-3.054035179991399,-3.050943956719221,-3.0478532541426655,-3.0447632449770325,-3.041674170200843,-3.0385863669294118,-3.035500308014126,-3.0324166584351397,-3.0293363557974122,-3.0262607254925507,-3.023191645810333,-3.0201317851381195,-3.0170849433283116,-3.014056543701041,-3.0110543428772694,-3.0080894552762842,-3.0051778309698336,-3.002342383523112,-2.9996160420345084,-2.9970460997092854,-2.9947003426492977,-2.992675540018469,-2.991108892119574,-2.990192823656959
-3.5928047167070853,-3.5920150514159603,-3.590646679140369,-3.5888509066937617,-3.5867374377529204,-3.5843865137036435,-3.581857253995214,-3.579193483862185,-3.5764278629031683,-3.573584843029048,-3.5706828074433705,-3.56773562939586,-3.5647538155377765,-3.5617453492857845,-3.558716315947876,-3.5556713680937926,-3.552614073350351,-3.549547175256646,-3.54647278956203,-3.5433925524052836,-3.540307732502844,-3.5372193163301646,-3.5341280729759936,-3.5310346036529436,-3.5279393795938296,-3.5248427711331862,-3.5217450700811392,-3.5186465069800703,-3.515547264447619,-3.5124474875191054,-3.5093472916838464,-3.5062467691447896,-3.5031459937061102,-3.5000450245987222,-3.496943909481707,-3.4938426868028225,-3.490741387659391,-3.4876400372688035,-3.4845386561332923,-3.481437260964718,-3.4783358654205454,-3.475234480690929,-3.4721331159681332,-3.469031778822731,-3.4659304755058082,-3.4628292111922736,-3.459727990177223,-3.4566268160347557,-3.4535256917467407,-3.450424619807433,-3.447323602308686,-3.4442226410094947,-3.4411217373928893,-3.4380208927125846,-3.434920108031312,-3.4318193842523854,-3.4287187221457613,-3.425618122369595,-3.4225175854881056,-3.419417111986426,-3.416316702282967,-3.4132163567397376,-3.4101160756709734,-3.4070158593503725,-3.403915708017181,-3.4008156218813053,-3.397715601127646,-3.3946156459197496,-3.391515756402918,-3.3884159327068546,-3.3853161749479126,-3.382216483231036,-3.379116857651418,-3.376017298295937,-3.3729178052443975,-3.3698183785706184,-3.3667190183433853,-3.3636197246272936,-3.3605204974835,-3.357421336970402,-3.3543222431442556,-3.351223216059751,-3.348124255770546,-3.3450253623297854,-3.3419265357906,-3.338827776206604,-3.335729083632399,-3.3326304581240893,-3.3295318997398318,-3.326433408540409,-3.3233349845898617,-3.320236627956176,-3.3171383387120494,-3.3140401169357507,-3.310941962712087,-3.307843876133513,-3.3047458573013957,-3.301647906327477,-3.2985500233355687,-3.2954522084635194,-3.292354461865518,-3.289256783714792,-3.286159173934841,-3.2830616324559516,-3.2799641592145736,-3.2768667541527523,-3.27376941721763,-3.2706721483609935,-3.267574947538867,-3.264477814711146,-3.2613807498412726,-3.2582837528959367,-3.2551868238448063,-3.252089962660287,-3.2489931693173038,-3.2458964437931,-3.242799786067057,-3.23970319612053,-3.2366066739367025,-3.2335102195004435,-3.2304138327981944,-3.2273175138178454,-3.2242212625486406,-3.221125078981083,-3.218028963106848,-3.2149329149187102,-3.2118369344104716,-3.2087410215768997,-3.205645176413673,-3.2025493989173306,-3.199453689085228,-3.1963580469155075,-3.193262472407061,-3.190166965559515,-3.1870715263732183,-3.183976154849234,-3.180880850989351,-3.177785614796107,-3.174690446272821,-3.1715953454236567,-3.1685003122537005,-3.1654053467690804,-3.1623104489771157,-3.1592156188865297,-3.156120856507715,-3.153026161853097,-3.149931534937601,-3.146836975779268,-3.14374248440006,-3.1406480608269147,-3.1375537050931266,-3.134459417240166,-3.131365197320067,-3.128271045398579,-3.1251769615593292,-3.122082945909334,-3.118988998586316,-3.115895119768441,-3.1128013096872973,-3.1097075686452613,-3.106613897038767,-3.1035202953895804,-3.100426764386928,-3.0973333049444074,-3.094239918277034,-3.0911466060058475,-3.088053370300269,-3.0849602140723498,-3.0818671412424883,-3.0787741571038443,-3.075681268823391,-3.0725884861325747,-3.0694958222817927,-3.066403295362802,-3.0633109301455606,-3.0602187606361135,-3.0571268336476027,-3.0540352137983255,-3.050943990524783,-3.0478532879468627,-3.0447632787798637,-3.04167420400231,-3.038586400729513,-3.0355003418128628,-3.0324166922325135,-3.029336389593423,-3.026260759287199,-3.023191679603622,-3.020131818930053,-3.0170849771188917,-3.014056577490274,-3.0110543766651654,-3.008089489062857,-3.0051778647551033,-3.002342417307109,-2.999616075817277,-2.9970461334908927,-2.994700376429841,-2.9926755737980906,-2.991108925898483,-2.990192857435452
-3.5928047495447375,-3.5920150842533154,-3.5906467119772025,-3.588850939529906,-3.586737470588245,-3.584386546538048,-3.581857286828621,-3.5791935166945326,-3.5764278957344073,-3.573584875859142,-3.57068284027229,-3.5677356622235807,-3.56475384836428,-3.5617453821110576,-3.5587163487719047,-3.555671400916568,-3.5526141061718652,-3.5495472080768926,-3.546472822381004,-3.5433925852229797,-3.54030776531926,-3.5372193491452966,-3.534128105789841,-3.5310346364655034,-3.5279394124051,-3.524842803943166,-3.5217451028898275,-3.518646539787466,-3.515547297253722,-3.512447520323915,-3.5093473244873623,-3.5062468019470105,-3.5031460265070367,-3.500045057398353,-3.496943942280041,-3.493842719599861,-3.490741420455134,-3.4876400700632515,-3.4845386889264445,-3.4814372937565734,-3.4783358982111037,-3.4752345134801903,-3.4721331487560985,-3.4690318116094003,-3.4659305082911804,-3.4628292439763495,-3.4597280229600016,-3.4566268488162364,-3.4535257245269233,-3.4504246525863183,-3.4473236350862733,-3.4442226737857826,-3.441121770167878,-3.4380209254862737,-3.4349201408037002,-3.431819417023473,-3.42871875491555,-3.4256181551380847,-3.4225176182552963,-3.419417144752317,-3.4163167350475585,-3.41321638950303,-3.410116108432965,-3.407015892111065,-3.4039157407765717,-3.400815654639396,-3.3977156338844368,-3.3946156786752404,-3.3915157891571095,-3.3884159654597448,-3.3853162076995016,-3.382216515981324,-3.3791168904004047,-3.376017331043621,-3.372917837990779,-3.369818411315698,-3.366719051087163,-3.3636197573697695,-3.360520530224674,-3.3574213697102735,-3.3543222758828244,-3.351223248797016,-3.348124288506507,-3.3450253950644417,-3.3419265685239514,-3.338827808938651,-3.3357291163631415,-3.3326304908535285,-3.329531932467967,-3.3264334412672407,-3.3233350173153897,-3.3202366606803997,-3.3171383714349694,-3.3140401496573664,-3.3109419954323998,-3.3078439088525218,-3.3047458900191007,-3.3016479390438778,-3.298550056050664,-3.2954522411773093,-3.292354494578002,-3.2892568164259712,-3.2861592066447147,-3.2830616651645195,-3.279964191921835,-3.2768667868587076,-3.2737694499222796,-3.2706721810643367,-3.2675749802409033,-3.264477847411876,-3.2613807825406975,-3.2582837855940556,-3.255186856541618,-3.252089995355792,-3.248993202011501,-3.2458964764859886,-3.2427998187586367,-3.2397032288108,-3.2366067066256634,-3.233510252188097,-3.230413865484539,-3.227317546502882,-3.224221295232369,-3.2211251116635022,-3.2180289957879595,-3.214932947598514,-3.211836967088967,-3.2087410542540864,-3.2056452090895515,-3.2025494315918985,-3.1994537217584873,-3.196358079587456,-3.1932625050776995,-3.1901669982288436,-3.1870715590412364,-3.183976187515941,-3.1808808836547477,-3.177785647460192,-3.1746904789355943,-3.1715953780851174,-3.168500344913849,-3.165405379427916,-3.1623104816346403,-3.159215651542743,-3.1561208891626173,-3.1530261945066878,-3.1499315675898805,-3.146837008430236,-3.143742517049717,-3.1406480934752596,-3.1375537377401597,-3.1344594498858873,-3.131365229964476,-3.1282710780416756,-3.125176994201113,-3.122082978549806,-3.118989031225477,-3.115895152406289,-3.112801342323832,-3.109707601280483,-3.106613929672675,-3.103520328022174,-3.100426797018208,-3.097333337574373,-3.094239950905685,-3.091146638633184,-3.088053402926291,-3.0849602466970567,-3.0818671738658803,-3.078774189725922,-3.0756813014441535,-3.0725885187520214,-3.0694958548999236,-3.066403327979617,-3.0633109627610597,-3.0602187932502956,-3.0571268662604685,-3.0540352464098746,-3.0509440231350164,-3.047853320555781,-3.0447633113874675,-3.0416742366085976,-3.0385864333344856,-3.035500374416521,-3.032416724834858,-3.029336422194454,-3.0262607918869184,-3.0231917122020304,-3.020131851527152,-3.017085009714686,-3.0140566100847703,-3.011054409258371,-3.008089521654785,-3.0051778973457735,-3.002342449896551,-2.999616108405535,-2.9970461660780296,-2.994700409015952,-2.992675606383315,-2.991108958483019,-2.9901928900195864
-3.592804781221265,-3.5920151159295566,-3.5906467436529423,-3.5888509712049808,-3.58673750226253,-3.5843865782114475,-3.5818573185010583,-3.579193548365949,-3.576427927404759,-3.5735849075283923,-3.570682871940409,-3.567735693890545,-3.5647538800300715,-3.5617454137756615,-3.558716380435309,-3.555671432578764,-3.552614137832845,-3.5495472397366514,-3.5464728540395365,-3.5433926168802827,-3.5403077969753287,-3.5372193808001295,-3.5341281374434343,-3.5310346681178553,-3.5279394440562095,-3.5248428355930304,-3.5217451345384463,-3.5186465714348403,-3.515547328899849,-3.5124475519687945,-3.509347356130993,-3.5062468335893926,-3.5031460581481695,-3.500045089038237,-3.496943973918677,-3.493842751237248,-3.490741452091272,-3.487640101698139,-3.484538720560081,-3.48143732538896,-3.4783359298422387,-3.4752345451100752,-3.4721331803847315,-3.4690318432367815,-3.4659305399173097,-3.4628292756012264,-3.459728054583625,-3.456626880438607,-3.4535257561480406,-3.4504246842061814,-3.4473236667048828,-3.4442227054031385,-3.4411218017839804,-3.438020957101123,-3.434920172417297,-3.4318194486358173,-3.428718786526641,-3.425618186747922,-3.42251764986388,-3.4194171763596484,-3.416316766653637,-3.4132164211078546,-3.4101161400365356,-3.4070159237133804,-3.403915772377632,-3.4008156862392007,-3.3977156654829863,-3.3946157102725345,-3.3915158207531477,-3.3884159970545267,-3.385316239293028,-3.3822165475735955,-3.379116921991422,-3.376017362633385,-3.3729178695792887,-3.3698184429029525,-3.3667190826731614,-3.3636197889545114,-3.3605205618081593,-3.357421401292503,-3.354322307463798,-3.351223280376732,-3.348124320084966,-3.3450254266416435,-3.341926600099897,-3.33882784051334,-3.3357291479365747,-3.3326305224257053,-3.3295319640388863,-3.3264334728369023,-3.3233350488837927,-3.3202366922475446,-3.317138403000856,-3.3140401812219955,-3.31094202699577,-3.307843940414633,-3.304745921579953,-3.3016479706034714,-3.298550087608999,-3.2954522727343853,-3.292354526133819,-3.2892568479805293,-3.2861592381980134,-3.283061696716559,-3.279964223472615,-3.2768668184082284,-3.273769481470541,-3.2706722126113386,-3.2675750117866444,-3.2644778789563564,-3.2613808140839167,-3.2582838171360127,-3.255186888082314,-3.2520900268952264,-3.2489932335496747,-3.2458965080229016,-3.242799850294289,-3.239703260345193,-3.236606738158796,-3.2335102837199683,-3.2304138970151484,-3.2273175780322294,-3.224221326760454,-3.2211251431903247,-3.218029027313518,-3.2149329791228087,-3.2118369986119983,-3.208741085775854,-3.2056452406100546,-3.202549463111139,-3.1994537532764635,-3.1963581111041672,-3.1932625365931453,-3.190167029743025,-3.187071590554153,-3.1839762190275938,-3.1808809151651363,-3.1777856789693173,-3.174690510443457,-3.171595409591716,-3.1685003764191855,-3.1654054109319887,-3.1623105131374487,-3.159215683044286,-3.1561209206628953,-3.1530262260057005,-3.149931599087627,-3.1468370399267167,-3.1437425485449313,-3.140648124969208,-3.1375537692328415,-3.134459481377303,-3.1313652614546266,-3.1282711095305604,-3.1251770256887323,-3.1220830100361585,-3.1189890627105625,-3.1158951838901072,-3.112801373806383,-3.109707632761766,-3.1066139611526906,-3.103520359500922,-3.1004268284956886,-3.0973333690505855,-3.0942399823806306,-3.0911466701068613,-3.0880534343987,-3.084960278168198,-3.0818672053357536,-3.078774221194528,-3.075681332911492,-3.0725885502180925,-3.069495886364726,-3.066403359443151,-3.063310994223326,-3.0602188247112942,-3.057126897720198,-3.0540352778683353,-3.050944054592207,-3.047853352011701,-3.044763342842118,-3.041674268061979,-3.0385864647865977,-3.0355004058673636,-3.032416756284431,-3.0293364536427587,-3.0262608233339554,-3.023191743647802,-3.020131882971661,-3.0170850411579364,-3.0140566415267673,-3.011054440699122,-3.0080895530943046,-3.005177928784079,-3.0023424813336717,-2.9996161398415118,-2.9970461975129252,-2.994700440449857,-2.992675637816362,-2.9911089899154026,-2.9901929214515826
-3.5928048117777562,-3.59201514648577,-3.5906467742086714,-3.5888510017600685,-3.586737532816855,-3.5843866087649174,-3.581857349053601,-3.5791935789175073,-3.5764279579552873,-3.573584938077855,-3.570682902488779,-3.5677357244378003,-3.5647539105761945,-3.561745444320638,-3.55871641097913,-3.555671463121419,-3.5526141683743253,-3.5495472702769515,-3.5464728845786513,-3.5433926474182074,-3.5403078275120623,-3.5372194113356694,-3.5341281679777796,-3.5310346986510037,-3.5279394745881594,-3.524842866123782,-3.5217451650679994,-3.5186466019631912,-3.515547359426998,-3.512447582494743,-3.5093473866557385,-3.5062468641129354,-3.5031460886705084,-3.5000451195593714,-3.496944004438607,-3.4938427817559714,-3.490741482608789,-3.4876401322144495,-3.4845387510751844,-3.4814373559028557,-3.478335960354929,-3.4752345756215575,-3.4721332108950063,-3.469031873745849,-3.46593057042517,-3.4628293061078788,-3.45972808508907,-3.4566269109428442,-3.45352578665107,-3.4504247147080034,-3.4473236972054977,-3.444222735902547,-3.4411218322821817,-3.438020987598116,-3.434920202913082,-3.431819479130393,-3.428718817020008,-3.42561821724008,-3.422517680354828,-3.4194172068493867,-3.4163167971421657,-3.4132164515951735,-3.4101161705226457,-3.407015954198281,-3.4039158028613237,-3.400815716721684,-3.397715695964259,-3.394615740752597,-3.3915158512319996,-3.388416027532169,-3.385316269769461,-3.382216578048818,-3.379116952465433,-3.376017393106184,-3.3729179000508758,-3.3698184733733267,-3.3667191131423237,-3.3636198194224622,-3.3605205922748986,-3.3574214317580298,-3.3543223379281124,-3.351223310839836,-3.3481243505468585,-3.345025457102325,-3.341926630559366,-3.3388278709715964,-3.3357291783936183,-3.3326305528815365,-3.3295319944935056,-3.3264335032903087,-3.323335079335987,-3.320236722698526,-3.317138433450624,-3.31404021167055,-3.31094205744311,-3.3078439708607594,-3.304745952024865,-3.301648001047169,-3.2985501180514825,-3.2954523031756535,-3.2923545565738723,-3.289256878419367,-3.2861592686356356,-3.2830617271529654,-3.2799642539078047,-3.2768668488422015,-3.2737695119032963,-3.2706722430428767,-3.2675750422169663,-3.2644779093854623,-3.2613808445118067,-3.258283847562687,-3.2551869185077726,-3.252090057319469,-3.248993263972701,-3.245896538444711,-3.2427998807148817,-3.2397032907645693,-3.236606768576955,-3.2335103141369097,-3.2304139274308725,-3.227317608446735,-3.2242213571737417,-3.221125173602395,-3.2180290577243706,-3.214933009532443,-3.2118370290204146,-3.2087411161830524,-3.2056452710160346,-3.2025494935159013,-3.199453783680007,-3.196358141506493,-3.1932625669942527,-3.1901670601429144,-3.1870716209528247,-3.183976249425048,-3.180880945561374,-3.1777857093643367,-3.174690540837258,-3.171595439984299,-3.168500406810549,-3.1654054413221333,-3.162310543526373,-3.1592157134319896,-3.156120951049377,-3.1530262563909615,-3.149931629471668,-3.1468370703095374,-3.143742578926531,-3.140648155349586,-3.1375537996119975,-3.1344595117552356,-3.1313652918313357,-3.128271139906047,-3.125177056062996,-3.1220830404092,-3.118989093082381,-3.1158952142607044,-3.112801404175758,-3.1097076631299196,-3.1066139915196223,-3.103520389866632,-3.100426858860177,-3.0973333994138526,-3.0942400127426746,-3.0911467004676827,-3.0880534647582976,-3.0849603085265715,-3.0818672356929024,-3.078774251550452,-3.0756813632661912,-3.072588580571567,-3.0694959167169764,-3.0664033897941763,-3.0633110245731263,-3.06021885505987,-3.0571269280675493,-3.054035308214462,-3.05094408493711,-3.0478533823553806,-3.044763373184573,-3.0416742984032097,-3.038586495126604,-3.035500436206146,-3.0324167866219893,-3.029336483979094,-3.026260853669069,-3.0231917739816954,-3.0201319133043354,-3.017085071489396,-3.014056671857017,-3.0110544710281735,-3.0080895834221684,-3.0051779591107746,-3.0023425116592244,-2.9996161701659627,-2.9970462278363335,-2.9947004707723104,-2.9926756681379887,-2.991109020236389,-2.9901929517721957
-3.5928048412538223,-3.5920151759615706,-3.590646803684007,-3.5888510312347868,-3.586737562290838,-3.584386638238074,-3.5818573785258603,-3.5791936083888145,-3.5764279874255998,-3.5735849675471396,-3.57068293195701,-3.567735753904956,-3.56475394004226,-3.561745473785599,-3.5587164404429736,-3.5556714925841373,-3.5526141978359114,-3.5495472997374,-3.5464729140379574,-3.5433926768763686,-3.5403078569690747,-3.537219440791531,-3.5341281974324867,-3.531034728104555,-3.527939504040553,-3.5248428955750164,-3.521745194518074,-3.5186466314121083,-3.5155473888747557,-3.512447611941339,-3.509347416101174,-3.5062468935572086,-3.50314611811362,-3.5000451490013194,-3.49694403387939,-3.4938428111955915,-3.4907415120472467,-3.4876401616517443,-3.4845387805113166,-3.4814373853378235,-3.478335989788732,-3.4752346050541973,-3.4721332403264826,-3.469031903176161,-3.465930599854318,-3.4628293355358624,-3.4597281145158885,-3.456626940368498,-3.4535258160755578,-3.450424744131326,-3.4473237266276544,-3.4442227653235373,-3.4411218617020056,-3.4380210170167746,-3.4349202323305734,-3.4318195085467194,-3.4287188464351686,-3.4256182466540737,-3.422517709767656,-3.419417236261048,-3.4163168265526602,-3.413216481004501,-3.410116199930805,-3.4070159836052722,-3.403915832267147,-3.400815746126339,-3.3977157253677466,-3.394615770154917,-3.3915158806331527,-3.388416056932154,-3.3853162991682773,-3.3822166074464657,-3.379116981861913,-3.3760174225014956,-3.3729179294450193,-3.3698185027663023,-3.36671914253413,-3.3636198488130993,-3.3605206216643673,-3.357421461146331,-3.3543223673152456,-3.3512233402257996,-3.3481243799316527,-3.345025486485949,-3.3419266599418194,-3.338827900352879,-3.33572920777373,-3.332630582260477,-3.3295320238712756,-3.326433532666908,-3.3233351087114147,-3.3202367520727827,-3.317138462823711,-3.3140402410424663,-3.3109420868138564,-3.307844000230335,-3.304745981393269,-3.301648030414402,-3.2985501474175427,-3.2954523325405427,-3.2923545859375904,-3.2892569077819136,-3.2861592979970102,-3.2830617565131686,-3.279964283266837,-3.276866878200062,-3.273769541259985,-3.270672272398393,-3.26757507157131,-3.2644779387386333,-3.261380873863804,-3.258283876913511,-3.255186947857423,-3.2520900866679456,-3.248993293320004,-3.24589656779084,-3.242799910059836,-3.2397033201083483,-3.2366067979195585,-3.233510343478338,-3.2304139567711263,-3.227317637785816,-3.224221386511649,-3.221125202939128,-3.218029087059931,-3.2149330388668305,-3.211837058353628,-3.2087411455150914,-3.205645300346899,-3.20254952284559,-3.1994538130085215,-3.196358170833833,-3.193262596320418,-3.1901670894679044,-3.1870716502766396,-3.183976278747686,-3.180880974882834,-3.1777857386846198,-3.174690570156363,-3.171595469302226,-3.168500436127298,-3.1654054706377046,-3.1623105728407666,-3.1592157427452063,-3.156120980361417,-3.1530262857018245,-3.1499316587813535,-3.1468370996180455,-3.1437426082338633,-3.140648184655742,-3.137553828916977,-3.1344595410590377,-3.1313653211339596,-3.1282711692074927,-3.1251770853632648,-3.1220830697082906,-3.1189891223802944,-3.1158952435574387,-3.1128014334713137,-3.1097076924242955,-3.106614020812818,-3.1035204191586474,-3.100426888151012,-3.097333428703508,-3.0942400420311515,-3.0911467297549797,-3.0880534940444155,-3.08496033781151,-3.0818672649766614,-3.0787742808330307,-3.075681392547589,-3.072588609851784,-3.069495945996012,-3.066403419072032,-3.0633110538498007,-3.060218884335362,-3.0571269573418607,-3.054035337487593,-3.05094411420906,-3.047853411626149,-3.0447634024541603,-3.0416743276716156,-3.038586524393828,-3.0355004654721887,-3.032416815886851,-3.029336513242775,-3.026260882931571,-3.02319180324302,-3.020131942564485,-3.0170851007483748,-3.0140567011148303,-3.0110545002848275,-3.008089612677675,-3.0051779883651513,-3.0023425409124984,-2.9996161994181723,-2.997046257087537,-2.994700500022593,-2.9926756973874746,-2.991109049485258,-2.9901929810207037
-3.5928048696876407,-3.592015204395131,-3.5906468321171174,-3.5888510596673004,-3.586737590722643,-3.584386666669083,-3.581857406956006,-3.579193636818045,-3.576428015853873,-3.5735849959744224,-3.570682960383275,-3.567735782330183,-3.5647539684664324,-3.561745502208703,-3.5587164688649993,-3.555671521005078,-3.552614226255762,-3.549547328156154,-3.54647294245561,-3.5433927052929173,-3.540307885384516,-3.5372194692058616,-3.534128225845705,-3.531034756516661,-3.5279395324515446,-3.524842923984892,-3.5217452229268313,-3.518646659819745,-3.515547417281271,-3.512447640346734,-3.509347444505449,-3.5062469219603636,-3.503146146515653,-3.5000451774022316,-3.496944062279181,-3.4938428395942616,-3.490741540444794,-3.487640190048169,-3.48453880890662,-3.4814374137320048,-3.4783360181817904,-3.4752346334461337,-3.4721332687172963,-3.4690319315658513,-3.4659306282428846,-3.4628293639233063,-3.4597281429022093,-3.4566269687536955,-3.453525844459632,-3.4504247725142756,-3.4473237550094793,-3.4442227937042373,-3.44112189008158,-3.4380210453952227,-3.434920260707897,-3.431819536922918,-3.4287188748102424,-3.425618275028024,-3.422517738140481,-3.419417264632748,-3.416316854923235,-3.41321650937395,-3.4101162282991284,-3.407016011972471,-3.4039158606332203,-3.4008157744912864,-3.3977157537315676,-3.3946157985176106,-3.391515908994718,-3.3884160852925924,-3.385316327527589,-3.382216635804651,-3.3791170102189705,-3.3760174508574265,-3.372917957799824,-3.3698185311199804,-3.366719170886682,-3.3636198771645236,-3.360520650014664,-3.357421489495499,-3.354322395663285,-3.351223368572711,-3.3481244082774357,-3.3450255148306036,-3.341926688285346,-3.338827928695278,-3.335729236115,-3.332630610600619,-3.3295320522102876,-3.3264335610047917,-3.3233351370481694,-3.3202367804084085,-3.3171384911582065,-3.3140402693758313,-3.310942115146091,-3.3078440285614397,-3.3047460097232437,-3.3016480587432464,-3.2985501757452576,-3.2954523608671265,-3.2923546142630435,-3.2892569361062356,-3.286159326320201,-3.283061784835228,-3.2799643115877646,-3.2768669065198583,-3.27376956957865,-3.270672300715928,-3.267575099887715,-3.264477967053907,-3.261380902177946,-3.2582839052265222,-3.2551869761693033,-3.2520901149786954,-3.2489933216296216,-3.2458965960993265,-3.242799938367191,-3.2397033484145714,-3.2366068262246497,-3.2335103717822973,-3.2304139850739535,-3.22731766608751,-3.2242214148122095,-3.2211252312385557,-3.2180291153582243,-3.2149330671639897,-3.2118370866496537,-3.2087411738099827,-3.205645328640655,-3.2025495511382114,-3.199453841300008,-3.1963581991241847,-3.1932626246096354,-3.1901671177559883,-3.1870716785635893,-3.1839763070335025,-3.180881003167517,-3.177785766968168,-3.174690598438777,-3.171595497583506,-3.168500464407443,-3.1654054989167144,-3.1623106011186417,-3.1592157710219473,-3.156121008637023,-3.153026313976295,-3.149931687054688,-3.146837127890244,-3.143742636504925,-3.140648212925667,-3.137553857185765,-3.1344595693266903,-3.131365349400477,-3.1282711974728734,-3.125177113627508,-3.1220830979713963,-3.1189891506422627,-3.1158952718182698,-3.112801461731008,-3.109707720682853,-3.106614049070239,-3.103520447414931,-3.100426916406159,-3.0973334569575184,-3.0942400702840245,-3.091146758006715,-3.088053522295012,-3.0849603660609684,-3.0818672932249824,-3.078774309080214,-3.075681420793635,-3.0725886380966916,-3.069495974239781,-3.066403447314662,-3.063311082091291,-3.060218912575713,-3.0571269855810708,-3.0540353657256616,-3.0509441424459878,-3.0478534398619366,-3.0447634306888074,-3.0416743559051227,-3.0385865526261964,-3.0355004937034176,-3.0324168441169412,-3.0293365414717277,-3.026260911159387,-3.0231918314696995,-3.0201319707900316,-3.0170851289727914,-3.014056729338123,-3.0110545285070036,-3.008089640898746,-3.005178016585133,-3.0023425691314167,-2.9996162276360647,-2.9970462853044593,-2.994700528238626,-2.9926757256027376,-2.9911090776999245,-2.9901930092350226
-3.5928048971160655,-3.5920152318233076,-3.590646859544858,-3.5888510870944645,-3.586737618149123,-3.584386694094796,-3.581857434380887,-3.5791936642420423,-3.5764280432769464,-3.57358502339654,-3.570682987804413,-3.5677358097503227,-3.564753995885557,-3.561745529626801,-3.5587164962820586,-3.5556715484210892,-3.5526142536707184,-3.5495473555700507,-3.5464729698684434,-3.5433927327046835,-3.540307912795213,-3.5372194966154873,-3.5341282532542575,-3.531034783924137,-3.527939559857944,-3.5248429513902146,-3.5217452503310773,-3.5186466872229136,-3.5155474446833614,-3.5124476677477454,-3.5093474719053805,-3.5062469493592148,-3.503146173913424,-3.500045204798923,-3.496944089674793,-3.493842866988792,-3.4907415678382434,-3.487640217440537,-3.4845388362979053,-3.481437441122209,-3.478336045570913,-3.4752346608341718,-3.472133296104251,-3.469031958951723,-3.465930655627673,-3.4628293913070114,-3.459728170284831,-3.456626996135233,-3.4535258718400854,-3.450424799893645,-3.4473237823877656,-3.4442228210814396,-3.441121917457698,-3.438021072770255,-3.4349202880818446,-3.43181956429578,-3.4287189021820184,-3.4256183023987132,-3.422517765510084,-3.4194172920012633,-3.4163168822906633,-3.4132165367402907,-3.410116255664383,-3.4070160393366384,-3.403915887996301,-3.400815801853281,-3.3977157810924754,-3.3946158258774326,-3.391515936353455,-3.388416112650243,-3.385316354884153,-3.382216663160128,-3.3791170375733603,-3.3760174782107275,-3.3729179851520357,-3.369818558471103,-3.3667191982367166,-3.3636199045134703,-3.360520677362522,-3.357421516842268,-3.3543224230089654,-3.351223395917303,-3.348124435620939,-3.3450255421730186,-3.3419267156266725,-3.3388279560355154,-3.335729263454148,-3.332630637938678,-3.3295320795472585,-3.3264335883406737,-3.3233351643829634,-3.3202368077421136,-3.3171385184908218,-3.3140402967073572,-3.3109421424765273,-3.307844055890785,-3.3047460370514985,-3.301648086070411,-3.298550203071333,-3.295452388192113,-3.292354641586941,-3.289256963429043,-3.2861593536419194,-3.283061812155857,-3.279964338907303,-3.276866933838306,-3.273769596896008,-3.270672328032194,-3.2675751272028895,-3.264477994367991,-3.2613809294909393,-3.2582839325384243,-3.2551870034801134,-3.252090142288413,-3.248993348938247,-3.2458966234068596,-3.242799965673632,-3.23970337571992,-3.236606853528906,-3.233510399085462,-3.230414012376025,-3.227317693388488,-3.224221442112095,-3.221125258537347,-3.2180291426559218,-3.2149330944605934,-3.211837113945164,-3.2087412011044,-3.2056453559339806,-3.202549578430444,-3.199453868591147,-3.1963582264142296,-3.193262651898586,-3.1901671450438442,-3.1870717058503506,-3.1839763343191683,-3.1808810304520883,-3.177785794251645,-3.174690625721159,-3.1715955248647925,-3.168500491687635,-3.165405526195812,-3.1623106283966456,-3.1592157982988556,-3.1561210359128364,-3.153026341251013,-3.1499317143283103,-3.1468371551627707,-3.1437426637763553,-3.1406482401960014,-3.1375538844550035,-3.1344595965948323,-3.1313653766675227,-3.1282712247388234,-3.1251771408923616,-3.122083125235154,-3.118989177904923,-3.115895299079834,-3.112801488991476,-3.109707747942225,-3.106614076328515,-3.103520474672111,-3.100426943662242,-3.0973334842125015,-3.0942400975379085,-3.0911467852595003,-3.0880535495466996,-3.084960393311558,-3.081867320474473,-3.078774336328606,-3.0756814480409282,-3.072588665342887,-3.0694960014848776,-3.0664034745586592,-3.06331110933419,-3.0602189398175144,-3.057127012821775,-3.054035392965268,-3.0509441696844966,-3.0478534670993476,-3.0447634579251197,-3.041674383140336,-3.038586579860311,-3.0355005209364334,-3.0324168713488584,-3.029336568702546,-3.026260938389108,-3.023191858698325,-3.020131998017564,-3.0170851561992325,-3.014056756563477,-3.0110545557312784,-3.0080896681219533,-3.005178043807291,-3.0023425963525487,-2.9996162548562078,-2.9970463125236675,-2.994700555456978,-2.992675752820349,-2.991109104916962,-2.9901930364517253
-3.592804923574658,-3.5920152582816622,-3.5906468860027942,-3.5888511135518457,-3.5867376446058437,-3.584386720550776,-3.5818574608360643,-3.5791936906963673,-3.5764280697303796,-3.5735850498490525,-3.5706830142559784,-3.5677358362009217,-3.564754022335174,-3.5617455560754228,-3.558716522729679,-3.5556715748677004,-3.552614280116313,-3.5495473820146235,-3.546472996311991,-3.543392759147202,-3.5403079392366994,-3.5372195230559402,-3.5341282796936757,-3.5310348103625193,-3.527939586295289,-3.5248429778265207,-3.521745276766345,-3.5186467136571418,-3.51554747111655,-3.512447694179894,-3.509347498336487,-3.506246975789279,-3.503146200342446,-3.500045231226901,-3.4969441161017256,-3.4938428934146804,-3.4907415942630857,-3.487640243864333,-3.484538862720655,-3.481437467543913,-3.478336071991571,-3.475234687253785,-3.4721333225228186,-3.4690319853692446,-3.465930682044149,-3.462829417722441,-3.4597281966992153,-3.4566270225485707,-3.453525898252377,-3.45042482630489,-3.447323808797964,-3.444222847490593,-3.4411219438658063,-3.4380210991773192,-3.434920314487863,-3.4318195907007514,-3.4287189285859436,-3.425618328801592,-3.4225177919119156,-3.419417318402049,-3.4163169086904017,-3.413216563138983,-3.4101162820620288,-3.407016065733238,-3.4039159143918534,-3.400815828247786,-3.3977158074859335,-3.3946158522698426,-3.391515962744815,-3.3884161390405536,-3.385316381273415,-3.382216689548341,-3.3791170639605257,-3.3760175045968444,-3.372918011537103,-3.369818584855122,-3.3667192246196866,-3.3636199308953914,-3.360520703743393,-3.3574215432220895,-3.3543224493877375,-3.3512234222950252,-3.3481244619976125,-3.3450255685486434,-3.341926742001249,-3.3388279824090423,-3.3357292898266255,-3.3326306643101047,-3.3295321059176346,-3.3264336147099987,-3.3233351907512367,-3.3202368341093353,-3.3171385448569928,-3.314040323072477,-3.310942168840596,-3.307844082253804,-3.3047460634134675,-3.301648112431328,-3.2985502294311977,-3.295452414550926,-3.2923546679447013,-3.289256989785752,-3.2861593799975757,-3.2830618385104606,-3.279964365260856,-3.276866960190807,-3.2737696232474565,-3.2706723543825906,-3.267575153552234,-3.2644780207162825,-3.261380955838178,-3.2582839588846095,-3.2551870298252457,-3.252090168632492,-3.2489933752812727,-3.2458966497488313,-3.24279999201455,-3.2397034020597837,-3.236606879867715,-3.2335104254232157,-3.230414038712724,-3.2273177197241316,-3.2242214684466832,-3.2211252848708805,-3.2180291689884006,-3.2149331207920175,-3.2118371402755335,-3.2087412274337153,-3.205645382262241,-3.202549604757649,-3.199453894917297,-3.1963582527393233,-3.1932626782226254,-3.1901671713668285,-3.187071732172279,-3.1839763606400417,-3.180881056771906,-3.177785820570408,-3.1746906520388674,-3.171595551181446,-3.1685005180032317,-3.165405552510352,-3.162310654710128,-3.1592158246112807,-3.1561210622242046,-3.1530263675613246,-3.149931740637564,-3.1468371814709672,-3.1437426900834944,-3.140648266502083,-3.1375539107600283,-3.1344596228988006,-3.131365402970434,-3.1282712510406774,-3.1251771671931583,-3.122083151534894,-3.118989204203606,-3.115895325377459,-3.1128015152880426,-3.109707774237733,-3.106614102622964,-3.1035205009655,-3.100426969954571,-3.097333510503772,-3.09424012382812,-3.0911468115486533,-3.0880535758347945,-3.0849604195985934,-3.0818673467604496,-3.0787743626135238,-3.0756814743247856,-3.0725886916256835,-3.0694960277666143,-3.066403500839336,-3.063311135613807,-3.0602189660960697,-3.057127039099268,-3.0540354192417,-3.0509441959598664,-3.0478534933736565,-3.0447634841983673,-3.041674409412523,-3.0385866061314366,-3.0355005472064986,-3.0324168976178645,-3.029336594970494,-3.0262609646559975,-3.0231918849641572,-3.020132024282341,-3.0170851824629583,-3.014056782826157,-3.01105458199292,-3.0080896943825666,-3.005178070066892,-3.002342622611162,-2.9996162811138674,-2.9970463387804247,-2.9947005817129093,-2.9926757790755656,-2.991109131171625,-2.9901930627060644
-3.5928049490977068,-3.592015283804479,-3.5906469115252073,-3.5888511390737228,-3.586737670127085,-3.5843867460713033,-3.5818574863558146,-3.5791937162152934,-3.576428095248446,-3.573585075366228,-3.570683039772241,-3.567735861716253,-3.564754047849559,-3.5617455815888515,-3.5587165482421406,-3.5556716003791893,-3.5526143056268236,-3.5495474075241504,-3.546473021820531,-3.5433927846547513,-3.540307964743255,-3.5372195485614992,-3.534128305198237,-3.5310348358660817,-3.527939611797851,-3.524843003328081,-3.5217453022669,-3.5186467391566922,-3.515547496615096,-3.512447719677433,-3.509347523833021,-3.506247001284807,-3.503146225836968,-3.5000452567204166,-3.496944141594234,-3.493842918906182,-3.4907416197535808,-3.4876402693538213,-3.4845388882091357,-3.4814374930313856,-3.4783360974780355,-3.475234712739242,-3.4721333480072674,-3.4690320108526858,-3.4659307075265824,-3.4628294432038658,-3.4597282221796317,-3.4566270480279795,-3.4535259237307767,-3.45042485178228,-3.447323834274344,-3.444222872965963,-3.441121969340166,-3.4380211246506676,-3.4349203399602004,-3.431819616172079,-3.428718954056261,-3.425618354270899,-3.4225178173802133,-3.4194173438693367,-3.4163169341566797,-3.4132165886042514,-3.4101163075262857,-3.407016091196482,-3.4039159398540852,-3.400815853709005,-3.3977158329461408,-3.394615877729039,-3.3915159882030026,-3.388416164497731,-3.3853164067295816,-3.3822167150034965,-3.3791170894146685,-3.376017530049976,-3.3729180369892253,-3.3698186103062335,-3.366719250069786,-3.3636199563444786,-3.360520729191469,-3.357421568669154,-3.3543224748337894,-3.351223447740065,-3.3481244874416385,-3.345025593991655,-3.3419267674432467,-3.3388280078500268,-3.335729315266597,-3.332630689749063,-3.3295321313555806,-3.3264336401469317,-3.3233352161871563,-3.3202368595442415,-3.317138570290885,-3.3140403485053556,-3.3109421942724606,-3.3078441076846534,-3.3047460888433022,-3.3016481378601488,-3.2985502548590033,-3.295452439977716,-3.2923546933704757,-3.2892570152105107,-3.286159405421319,-3.283061863933189,-3.2799643906825686,-3.2768669856115054,-3.273769648667141,-3.2706723798012596,-3.2675751789698873,-3.26447804613292,-3.2613809812537995,-3.258283984299215,-3.255187055238836,-3.252090194045067,-3.2489934006928323,-3.245896675159375,-3.242800017424077,-3.2397034274682954,-3.2366069052752113,-3.233510450829696,-3.2304140641181887,-3.227317745128581,-3.224221493850117,-3.2211253102732984,-3.2180291943898025,-3.2149331461924024,-3.2118371656749014,-3.2087412528320653,-3.205645407659573,-3.202549630153963,-3.1994539203125925,-3.196358278133601,-3.1932627036158836,-3.1901671967590675,-3.1870717575634995,-3.183976386030243,-3.1808810821610867,-3.177785845958569,-3.1746906774260095,-3.1715955765675683,-3.168500543388335,-3.165405577894437,-3.1623106800931935,-3.1592158499933265,-3.1561210876052304,-3.1530263929413302,-3.149931766016552,-3.1468372068489363,-3.1437427154604465,-3.1406482918780165,-3.1375539361349434,-3.134459648272695,-3.1313654283433077,-3.1282712764125304,-3.125177192563991,-3.1220831769047046,-3.1189892295723953,-3.1158953507452267,-3.1128015406547895,-3.1097077996034583,-3.1066141279876676,-3.103520526329182,-3.1004269953172314,-3.097333535865411,-3.094240149188738,-3.091146836908249,-3.0880536011933675,-3.084960444956144,-3.081867372116977,-3.078774387969029,-3.0756814996792703,-3.0725887169791473,-3.0694960531190567,-3.0664035261907565,-3.063311160964206,-3.060218991445447,-3.057127064447624,-3.054035444589034,-3.0509442213061773,-3.0478535187189437,-3.0447635095426326,-3.041674434755766,-3.038586631473657,-3.0355005725476967,-3.0324169229580398,-3.029336620309647,-3.02626098999413,-3.023191910301271,-3.020132049618437,-3.017085207798041,-3.014056808160231,-3.011054607325992,-3.0080897197146474,-3.005178095397995,-3.002342647941309,-2.9996163064430927,-2.997046364108778,-2.9947006070404636,-2.992675804402428,-2.9911091564979517,-2.9901930880320795
-3.592804973718286,-3.5920153084248367,-3.5906469361451765,-3.588851163693177,-3.586737694745927,-3.584386770689456,-3.58185751097322,-3.579193740831906,-3.576428119864229,-3.5735850999811527,-3.5706830643862855,-3.567735886329399,-3.5647540724617923,-3.5617456062001605,-3.5587165728525165,-3.5556716249886238,-3.5526143302353117,-3.5495474321316878,-3.5464730464271135,-3.543392809260376,-3.54030798934792,-3.5372195731652023,-3.5341283298009762,-3.5310348604678548,-3.5279396363986577,-3.5248430279279215,-3.5217453268657732,-3.5186467637545973,-3.515547521212032,-3.5124477442733992,-3.5093475484280163,-3.506247025878831,-3.5031462504300204,-3.5000452813124983,-3.496944166185346,-3.4938429434963227,-3.490741644342749,-3.4876402939420186,-3.4845389127963626,-3.481437517617642,-3.4783361220633204,-3.475234737323554,-3.4721333725906063,-3.4690320354350526,-3.4659307321079753,-3.4628294677842866,-3.4597282467590795,-3.4566270726064543,-3.453525948308278,-3.4504248763588086,-3.447323858849899,-3.444222897540545,-3.4411219939137747,-3.4380211492233044,-3.434920364531864,-3.4318196407427695,-3.428718978625977,-3.425618378839641,-3.4225178419479807,-3.4194173684361293,-3.416316958722497,-3.413216613169093,-3.410116332090152,-3.4070161157593732,-3.403915964416002,-3.4008158782699476,-3.3977158575061086,-3.394615902288032,-3.39151601276102,-3.3884161890547744,-3.3853164312856503,-3.382216739558589,-3.379117113968787,-3.376017554603119,-3.372918061541391,-3.369818634857422,-3.3667192746199985,-3.363619980893715,-3.3605207537397295,-3.3574215932164377,-3.3543224993800966,-3.3512234722853953,-3.348124511985992,-3.345025618535032,-3.341926791985647,-3.33882803239145,-3.3357293398070436,-3.3326307142885314,-3.3295321558940705,-3.3264336646844432,-3.3233352407236896,-3.3202368840797964,-3.317138594825462,-3.314040373038954,-3.3109422188050806,-3.3078441322162955,-3.3047461133739664,-3.3016481623898346,-3.298550279387712,-3.295452464505446,-3.292354717897228,-3.289257039736285,-3.286159429946115,-3.2830618884570066,-3.2799644152054075,-3.276867010133365,-3.2737696731880215,-3.2706724043211617,-3.26757520348881,-3.264478070650864,-3.2613810057707635,-3.2582840088151994,-3.2551870797538394,-3.2520902185590903,-3.248993425205875,-3.2458966996714373,-3.2428000419351592,-3.2397034519783965,-3.2366069297843314,-3.2335104753378348,-3.2304140886253463,-3.227317769634758,-3.2242215183553133,-3.221125334777513,-3.218029218893035,-3.2149331706946533,-3.2118371901761704,-3.2087412773323525,-3.2056454321588794,-3.2025496546522882,-3.1994539448099357,-3.1963583026299633,-3.1932627281112644,-3.1901672212534655,-3.1870717820569143,-3.1839764105226753,-3.180881106652538,-3.1777858704490383,-3.1746907019154955,-3.171595601056071,-3.1685005678758547,-3.1654056023809725,-3.162310704578745,-3.1592158744778946,-3.1561211120888157,-3.1530264174239324,-3.14993179049817,-3.1468372313295707,-3.143742739940096,-3.140648316356682,-3.137553960612624,-3.134459672749392,-3.1313654528190207,-3.128271300887258,-3.1251772170377334,-3.122083201377462,-3.1189892540441684,-3.1158953752160152,-3.112801565124593,-3.109707824072278,-3.106614152455504,-3.1035205507960346,-3.1004270197831,-3.097333560330295,-3.0942401736526364,-3.091146861371163,-3.0880536256552964,-3.084960469417087,-3.081867396576935,-3.0787744124280008,-3.0756815241372553,-3.0725887414361455,-3.069496077575068,-3.066403550645782,-3.063311185418244,-3.060219015898498,-3.0571270888996867,-3.0540354690401084,-3.050944245756266,-3.047853543168046,-3.044763533990749,-3.041674459202896,-3.0385866559198016,-3.035500596992856,-3.0324169474022136,-3.0293366447528363,-3.0262610144363338,-3.023191934742491,-3.020132074058676,-3.017085232237301,-3.0140568325985173,-3.0110546317633107,-3.0080897441510075,-3.005178119833413,-3.0023426723758067,-2.9996163308767025,-2.997046388541548,-2.994700631472465,-2.9926758288337645,-2.991109180928773,-2.9901931124626
-3.592804997468304,-3.592015332174638,-3.5906469598946,-3.588851187442099,-3.5867377184942546,-3.584386794437118,-3.5818575347201613,-3.5791937645780822,-3.5764281436096064,-3.5735851237257044,-3.570683088129989,-3.5677359100722374,-3.564754096203752,-3.561745629941229,-3.5587165965926864,-3.5556716487278877,-3.5526143539736634,-3.5495474558691233,-3.546473070163629,-3.5433928329959685,-3.5403080130825875,-3.537219596898943,-3.534128353533788,-3.531034884199735,-3.5279396601296065,-3.5248430516579377,-3.521745350594857,-3.518646787482748,-3.515547544939249,-3.512447767999684,-3.5093475721533673,-3.5062470496032465,-3.5031462741535,-3.5000453050350413,-3.496944189906953,-3.4938429672169917,-3.490741668062483,-3.4876403176608153,-3.4845389365142205,-3.4814375413345604,-3.4783361457793007,-3.475234761038597,-3.472133396304712,-3.4690320591482204,-3.4659307558202053,-3.4628294914955773,-3.459728270469431,-3.456627096315867,-3.453525972016753,-3.450424900066346,-3.447323882556498,-3.444222921246204,-3.4411220176184947,-3.4380211729270855,-3.434920388234706,-3.4318196644446712,-3.4287190023269383,-3.425618402539662,-3.4225178656470616,-3.4194173921342697,-3.4163169824196973,-3.413216636865353,-3.410116355785472,-3.4070161394537535,-3.4039159881094414,-3.4008159019624453,-3.397715881197665,-3.3946159259786466,-3.391516036450693,-3.3884162127435054,-3.3853164549734394,-3.3822167632454376,-3.379117137654693,-3.3760175782880832,-3.3729180852254137,-3.3698186585405034,-3.366719298302139,-3.3636200045749143,-3.360520777419987,-3.357421616895753,-3.3543225230584697,-3.351223495962826,-3.3481245356624805,-3.345025642210578,-3.34192681566025,-3.33882805606511,-3.3357293634797593,-3.3326307379603053,-3.3295321795649024,-3.326433688354333,-3.323335264392637,-3.320236907747801,-3.3171386184925242,-3.3140403967050727,-3.310942242470256,-3.307844155880528,-3.3047461370372555,-3.30164818605218,-3.298550303049113,-3.295452488165904,-3.2923547415567427,-3.2892570633948557,-3.2861594536037413,-3.283061912113688,-3.279964438861145,-3.276867033788158,-3.2737696968418692,-3.270672427974064,-3.2675752271407665,-3.2644780943018743,-3.2613810294208285,-3.258284032464319,-3.2551871034020134,-3.2520902422063185,-3.2489934488521577,-3.245896723316774,-3.2428000655795497,-3.2397034756218415,-3.23660695342683,-3.2335104989793884,-3.230414112265954,-3.2273177932744193,-3.2242215419940283,-3.2211253584152826,-3.2180292425298593,-3.214933194330532,-3.211837213811102,-3.208741300966336,-3.2056454557919154,-3.202549678284376,-3.199453968441076,-3.1963583262601554,-3.193262751740509,-3.1901672448817635,-3.1870718056842655,-3.1839764341490793,-3.1808811302779936,-3.1777858940735464,-3.174690725539056,-3.1715956246786843,-3.1685005914975206,-3.1654056260016907,-3.162310728198516,-3.1592158980967175,-3.15612113570669,-3.153026441040858,-3.149931814114148,-3.1468372549445998,-3.1437427635541755,-3.140648339969811,-3.1375539842248026,-3.1344596963606217,-3.1313654764293,-3.128271324496589,-3.1251772406461145,-3.1220832249848938,-3.1189892776506496,-3.1158953988215456,-3.1128015887291727,-3.1097078476759066,-3.1066141760581805,-3.1035205743977596,-3.100427043383874,-3.0973335839301184,-3.0942401972515094,-3.0911468849690853,-3.088053649252268,-3.084960493013108,-3.0818674201720047,-3.0787744360221185,-3.075681547730422,-3.072588765028362,-3.069496101166335,-3.0664035742360976,-3.063311209007609,-3.0602190394869124,-3.0571271124871515,-3.0540354926266233,-3.0509442693418296,-3.0478535667526585,-3.044763557574409,-3.041674482785604,-3.0385866795015577,-3.0355006205736603,-3.032416970982067,-3.029336668331739,-3.0262610380142876,-3.0231919583194973,-3.020132097634736,-3.017085255812418,-3.0140568561726946,-3.0110546553365545,-3.0080897677233285,-3.005178143404825,-3.002342695946331,-2.99961635444637,-2.9970464121104046,-2.9947006550405786,-2.9926758524012347,-2.9911092044957446,-2.9901931360292804
-3.5928050203785427,-3.5920153550846714,-3.590646982804272,-3.588851210351293,-3.5867377414028794,-3.584386817345103,-3.5818575576274516,-3.5791937874846345,-3.5764281665153854,-3.5735851466306854,-3.570683111034151,-3.5677359329755642,-3.564754119106231,-3.5617456528428515,-3.5587166194934428,-3.5556716716277705,-3.5526143768726666,-3.5495474787672414,-3.5464730930608597,-3.5433928558923076,-3.540308035978031,-3.53721961979349,-3.5341283764274363,-3.5310349070924856,-3.5279396830214576,-3.5248430745488886,-3.5217453734849076,-3.5186468103718975,-3.5155475678274963,-3.5124477908870273,-3.5093475950398063,-3.5062470724887835,-3.5031462970381346,-3.500045327918773,-3.4969442127897814,-3.4938429900989183,-3.4907416909435045,-3.4876403405409317,-3.484538959393434,-3.4814375642128703,-3.478336168656706,-3.4752347839150968,-3.4721334191803064,-3.4690320820229092,-3.465930778693989,-3.4628295143684564,-3.459728293341404,-3.4566271191869347,-3.453525994886914,-3.4504249229356003,-3.4473239054248466,-3.4442229441136463,-3.44112204048503,-3.4380211957927127,-3.434920411099426,-3.4318196873084856,-3.428719025189848,-3.4256184254016664,-3.4225178885081595,-3.419417414994461,-3.4163170052789824,-3.4132166597237314,-3.410116378642945,-3.4070161623103212,-3.4039160109651037,-3.400815924817202,-3.3977159040515152,-3.39461594883159,-3.3915160593027296,-3.388416235594634,-3.3853164778236606,-3.3822167860947503,-3.379117160503098,-3.3760176011355805,-3.3729181080720028,-3.369818681386183,-3.366719321146908,-3.363620027418773,-3.360520800262936,-3.3574216397377934,-3.3543225458996018,-3.3512235188030495,-3.348124558501796,-3.3450256650489845,-3.341926838497747,-3.3388280789016984,-3.3357293863154394,-3.332630760795076,-3.329532202398763,-3.326433711187284,-3.323335287224679,-3.3202369305789343,-3.3171386413227486,-3.314040419534388,-3.3109422652986624,-3.307844178708025,-3.3047461598638432,-3.3016482088778583,-3.298550325873881,-3.295452510989761,-3.2923547643796884,-3.28925708621689,-3.2861594764248645,-3.2830619349339,-3.279964461680445,-3.276867056606546,-3.2737697196593447,-3.2706724507906273,-3.2675752499564186,-3.264478117116615,-3.261381052234658,-3.2582840552772363,-3.255187126214019,-3.252090265017411,-3.2489934716623377,-3.245896746126042,-3.242800088387905,-3.239703498429284,-3.236606976233361,-3.2335105217850058,-3.2304141350706583,-3.2273178160782106,-3.2242215647969057,-3.221125381217247,-3.2180292653309106,-3.21493321713067,-3.211837236610327,-3.2087413237646487,-3.205645478589315,-3.2025497010808626,-3.1994539912366493,-3.1963583490548144,-3.1932627745342543,-3.190167267674595,-3.187071828476184,-3.1839764569400835,-3.1808811530680843,-3.177785916862722,-3.174690748327317,-3.17159564746603,-3.168500614283951,-3.165405648787206,-3.162310750983116,-3.159215920880403,-3.1561211584894617,-3.153026463822716,-3.14993183689509,-3.1468372777246265,-3.143742786333287,-3.1406483627480073,-3.1375540070020826,-3.1344597191369843,-3.1313654992047466,-3.1282713472711188,-3.125177263419728,-3.1220832477575913,-3.118989300422431,-3.1158954215924117,-3.1128016114991235,-3.109707870444941,-3.106614198826299,-3.103520597164963,-3.100427066150161,-3.097333606695489,-3.094240220015963,-3.09114690773262,-3.088053672014885,-3.084960515774807,-3.0818674429327864,-3.078774458781984,-3.0756815704893707,-3.0725887877863918,-3.0694961239234457,-3.0664035969922896,-3.0633112317628823,-3.060219062241267,-3.057127135240587,-3.054035515379139,-3.0509442920934267,-3.0478535895033367,-3.0447635803241684,-3.0416745055344445,-3.03858670224948,-3.035500643320665,-3.0324169937281544,-3.0293366910769093,-3.0262610607585416,-3.023191981062836,-3.0201321203771614,-3.0170852785539317,-3.014056878913302,-3.011054678076263,-3.008089790462147,-3.005178166142767,-3.0023427186834173,-2.9996163771826305,-2.997046434845884,-2.9947006777753424,-2.9926758751353795,-2.99110922722941,-2.9901931587626653
-3.592805042478715,-3.592015377184644,-3.5906470049038948,-3.5888512324504513,-3.586737763501486,-3.5843868394430913,-3.581857579724769,-3.579193809581241,-3.576428188611249,-3.5735851687257796,-3.570683133128455,-3.567735955069062,-3.5647541411989097,-3.5617456749347,-3.5587166415844527,-3.555671693717937,-3.5526143989619845,-3.5495475008557085,-3.5464731151484705,-3.5433928779790596,-3.540308058063923,-3.5372196418785196,-3.5341283985116014,-3.531034929175784,-3.5279397051038877,-3.524843096630449,-3.521745395565597,-3.5186468324517146,-3.515547589906442,-3.512447812965102,-3.5093476171170104,-3.5062470945651154,-3.5031463191135956,-3.5000453499933633,-3.4969442348635,-3.4938430121717645,-3.4907417130154803,-3.4876403626120362,-3.484538981463666,-3.4814375862822304,-3.4783361907251926,-3.47523480598271,-3.472133441247046,-3.4690321040887753,-3.465930800758982,-3.462829536432576,-3.459728315404651,-3.456627141249308,-3.4535260169484148,-3.450424944996229,-3.447323927484603,-3.44422296617253,-3.44112206254304,-3.4380212178498497,-3.4349204331556895,-3.4318197093638743,-3.4287190472443614,-3.4256184474553044,-3.422517910560922,-3.419417437046349,-3.4163170273299954,-3.4132166817738696,-3.410116400692208,-3.4070161843587083,-3.403916033012615,-3.4008159468638373,-3.3977159260972747,-3.3946159708764734,-3.3915160813467367,-3.3884162576377643,-3.385316499865913,-3.382216808136127,-3.3791171825435984,-3.3760176231752053,-3.3729181301107514,-3.369818703424056,-3.3667193431839055,-3.3636200494548953,-3.3605208222981817,-3.3574216617721624,-3.3543225679330932,-3.351223540835664,-3.348124580533533,-3.3450256870798447,-3.3419268605277312,-3.3388281009308063,-3.33572940834367,-3.33263078282243,-3.3295322244252397,-3.326433733212882,-3.3233353092493987,-3.3202369526027753,-3.3171386633457107,-3.314040441556472,-3.310942287319868,-3.3078442007283515,-3.304746181883291,-3.301648230896427,-3.2985503478915716,-3.2954525330065736,-3.2923547863956224,-3.2892571082319457,-3.2861594984390425,-3.2830619569472,-3.2799644836928668,-3.276867078618089,-3.2737697416700082,-3.270672472800412,-3.267575271965324,-3.264478139124641,-3.261381074241805,-3.2582840772835038,-3.2551871482194064,-3.252090287021919,-3.248993493665966,-3.245896768128791,-3.2428001103897746,-3.2397035204302735,-3.2366069982334698,-3.233510543784235,-3.2304141570690073,-3.227317838075679,-3.2242215867934934,-3.221125403212954,-3.2180292873257357,-3.214933239124614,-3.21183725860339,-3.2087413457568315,-3.2056455005806166,-3.2025497230712836,-3.1994540132261897,-3.1963583710434746,-3.193262796522033,-3.1901672896614923,-3.1870718504621993,-3.183976478925217,-3.180881175052337,-3.1777859388460925,-3.1746907703098053,-3.1715956694476364,-3.1685006362646755,-3.1654056707670484,-3.1623107729620767,-3.1592159428584816,-3.156121180466656,-3.153026485799026,-3.149931858870517,-3.1468372996991705,-3.1437428083069476,-3.1406483847207856,-3.137554028973979,-3.134459741107998,-3.1313655211748777,-3.1282713692403674,-3.125177285388094,-3.122083269725074,-3.1189893223890306,-3.115895443558127,-3.1128016334639534,-3.1097078924088875,-3.106614220789361,-3.10352061912714,-3.1004270881114535,-3.0973336286558966,-3.0942402419754855,-3.091146929691259,-3.0880536939726384,-3.084960537731676,-3.081867464888771,-3.0787744807370836,-3.0756815924435847,-3.0725888097397216,-3.069496145875891,-3.0664036189438506,-3.0633112537135587,-3.0602190841910586,-3.0571271571894933,-3.054035537327161,-3.0509443140405628,-3.047853611449587,-3.044763602269533,-3.041674527478924,-3.038586724193074,-3.0355006652633736,-3.0324170156699775,-3.0293367130178472,-3.0262610826985954,-3.023192003002007,-3.020132142315452,-3.0170853004913445,-3.0140569008498397,-3.011054700011931,-3.008089812396955,-3.0051781880767288,-3.002342740616552,-2.999616399114968,-2.997046456777466,-2.9947006997062338,-2.9926758970656735,-2.991109249159241,-2.990193180692226
-3.592805063797446,-3.592015398503181,-3.590647026222095,-3.5888512537682056,-3.586737784818708,-3.5843868607597167,-3.581857601040747,-3.5791938308965308,-3.576428209925819,-3.573585190039605,-3.570683154441517,-3.5677359763813468,-3.5647541625104044,-3.5617456962453957,-3.5587166628943416,-3.555671715027012,-3.55261442027024,-3.5495475221631407,-3.546473136455076,-3.5433928992848376,-3.540308079368871,-3.5372196631826354,-3.534128419814884,-3.5310349504782335,-3.5279397264055015,-3.5248431179312267,-3.5217454168655378,-3.518646853750819,-3.515547611204707,-3.512447834262528,-3.5093476384135975,-3.5062471158608646,-3.5031463404085046,-3.50004537128743,-3.4969442561567257,-3.4938430334641484,-3.490741734307022,-3.4876403839027366,-3.4845390027535226,-3.481437607571244,-3.4783362120133647,-3.4752348272700404,-3.4721334625335345,-3.469032125374421,-3.4659308220437857,-3.4628295577165376,-3.459728336687771,-3.4566271625315856,-3.45352603822985,-3.4504249662768203,-3.447323948764349,-3.444222987451433,-3.441122083821101,-3.438021239127067,-3.4349204544320644,-3.4318197306394076,-3.4287190685190523,-3.425618468729152,-3.422517931833927,-3.419417458318511,-3.416317048601313,-3.4132167030443434,-3.410116421961837,-3.4070162056274937,-3.4039160542805553,-3.4008159681309333,-3.397715947363526,-3.3946159921418806,-3.3915161026112997,-3.388416278901483,-3.3853165211287877,-3.3822168293981565,-3.3791172038047823,-3.3760176444355423,-3.3729181513702424,-3.3698187246827005,-3.3667193644417046,-3.363620070711848,-3.360520843554289,-3.3574216830274235,-3.3543225891875093,-3.3512235620892348,-3.348124601786258,-3.3450257083317236,-3.3419268817787633,-3.338828122180991,-3.335729429593009,-3.332630804070922,-3.3295322456728846,-3.326433754459681,-3.3233353304953512,-3.3202369738478814,-3.317138684589971,-3.3140404627998854,-3.310942308562434,-3.30784422197007,-3.3047462031241612,-3.3016482521364505,-3.298550369130748,-3.2954525542449025,-3.292354807633104,-3.28925712946858,-3.2861595196748294,-3.2830619781821384,-3.279964504926957,-3.276867099851331,-3.273769762902403,-3.2706724940319596,-3.2675752931960242,-3.2644781603544923,-3.2613810954708073,-3.258284098511657,-3.255187169446711,-3.2520903082483756,-3.248993514891574,-3.2458967893535506,-3.242800131613686,-3.239703541653337,-3.236607019455685,-3.2335105650056013,-3.2304141782895255,-3.227317859295348,-3.224221608012314,-3.221125424430925,-3.2180293085428575,-3.214933260340886,-3.2118372798188126,-3.208741366971404,-3.2056455217943394,-3.2025497442841564,-3.199454034438212,-3.196358392254646,-3.1932628177323537,-3.190167310870961,-3.1870718716708164,-3.1839765001329825,-3.1808811962592496,-3.1777859600521525,-3.1746907915150135,-3.1715956906519933,-3.1685006574681807,-3.165405691969702,-3.162310794163878,-3.159215964059431,-3.1561212016667537,-3.1530265069982724,-3.1499318800689124,-3.1468373208967146,-3.14374282950364,-3.1406484059166258,-3.1375540501689665,-3.134459762302135,-3.1313655423681634,-3.1282713904328023,-3.1251773065796775,-3.122083290915805,-3.1189893435789102,-3.1158954647471555,-3.112801654652131,-3.1097079135962113,-3.1066142419758322,-3.1035206403127584,-3.1004271092962186,-3.097333649839808,-3.094240263158544,-3.0911469508734637,-3.0880537151539897,-3.0849605589121736,-3.0818674860684148,-3.078774501915874,-3.0756816136215215,-3.0725888309168043,-3.06949616705212,-3.0664036401192254,-3.0633112748880786,-3.0602191053647245,-3.0571271783623053,-3.054035558499118,-3.050944335211666,-3.0478536326198356,-3.0447636234389277,-3.0416745486474643,-3.0385867453607602,-3.035500686430206,-3.0324170368359566,-3.0293367341829733,-3.0262611038628684,-3.0231920241654278,-3.020132163478022,-3.017085321653067,-3.0140569220107185,-3.0110547211719725,-3.0080898335561668,-3.0051782092351242,-3.0023427617741496,-2.9996164202717965,-2.997046477933568,-2.994700720861669,-2.992675918220532,-2.991109270313654,-2.990193201846379
-3.5928050843623747,-3.592015419067924,-3.590647046786511,-3.58885127433219,-3.586737805382179,-3.5843868813226094,-3.581857621603013,-3.579193851458131,-3.576428230486726,-3.5735852105997954,-3.5706831750009727,-3.567735996940052,-3.5647541830683482,-3.5617457168025672,-3.558716683450734,-3.5556717355826204,-3.5526144408250597,-3.5495475427171677,-3.5464731570083066,-3.5433929198372693,-3.5403080999205017,-3.537219683733464,-3.534128440364909,-3.531034971027453,-3.5279397469539155,-3.5248431384788335,-3.5217454374123363,-3.5186468742968087,-3.515547631749888,-3.5124478548068994,-3.509347658957158,-3.5062471364036125,-3.5031463609504403,-3.500045391828554,-3.4969442766970364,-3.493843054003647,-3.490741754845707,-3.487640404440608,-3.484539023290584,-3.481437628107494,-3.4783362325488043,-3.4752348478046686,-3.4721334830673514,-3.469032145907427,-3.4659308425759785,-3.4628295782479177,-3.4597283572183377,-3.4566271830613395,-3.4535260587587904,-3.4504249868049475,-3.447323969291664,-3.4442230079779352,-3.44112210434679,-3.438021259651943,-3.434920474956126,-3.431819751162653,-3.428719089041483,-3.425618489250768,-3.422517952354729,-3.419417478838499,-3.4163170691204887,-3.4132167235627047,-3.410116442479384,-3.407016226144226,-3.4039160747964745,-3.4008159886460385,-3.3977159678778173,-3.3946160126553564,-3.3915161231239606,-3.3884162994133296,-3.3853165416398197,-3.3822168499083722,-3.379117224314183,-3.3760176649441287,-3.3729181718780143,-3.3698187451896584,-3.3667193849478467,-3.3636200912171756,-3.3605208640588016,-3.357421703531122,-3.354322609690392,-3.351223582591302,-3.3481246222875094,-3.345025728832159,-3.341926902278382,-3.3388281426797937,-3.335729450090995,-3.332630824568092,-3.3295322661692395,-3.3264337749552197,-3.3233353509900736,-3.3202369943417875,-3.3171387050830594,-3.314040483292157,-3.310942329053889,-3.3078442424607077,-3.304746223613982,-3.3016482726254535,-3.2985503896189328,-3.295452574732269,-3.2923548281196524,-3.2892571499543104,-3.286159540159741,-3.2830619986662324,-3.2799645254102323,-3.276867120333788,-3.2737697833840413,-3.2706725145127784,-3.2675753136760237,-3.2644781808336742,-3.261381115949171,-3.2582841189892027,-3.2551871899234395,-3.252090328724286,-3.248993535366666,-3.245896809827823,-3.242800152087139,-3.2397035621259698,-3.2366070399274975,-3.2335105854765946,-3.2304141987596995,-3.227317879764704,-3.224221628480851,-3.221125444898643,-3.218029329009757,-3.2149332808069664,-3.2118373002840737,-3.208741387435846,-3.205645542257961,-3.202549764746957,-3.1994540549001926,-3.1963584127158056,-3.1932628381926915,-3.1901673313304784,-3.187071892129512,-3.183976520590857,-3.180881216716303,-3.177785980508387,-3.174690811970427,-3.1715957111065864,-3.1685006779219522,-3.165405712422652,-3.1623108146160064,-3.1592159845107375,-3.1561212221172394,-3.1530265274479365,-3.1499319005177546,-3.1468373413447353,-3.14374284995084,-3.140648426363005,-3.1375540706145255,-3.1344597827468714,-3.1313655628120785,-3.1282714108758953,-3.1251773270219476,-3.1220833113572533,-3.118989364019534,-3.1158954851869556,-3.1128016750911076,-3.1097079340343647,-3.1066142624131623,-3.103520660749265,-3.1004271297319033,-3.097333670274671,-3.094240283592585,-3.091146971306682,-3.088053735586386,-3.084960579343748,-3.081867506499166,-3.0787745223458014,-3.0756816340506252,-3.072588851345085,-3.069496187479577,-3.0664036605458587,-3.063311295313888,-3.06021912578971,-3.0571271987864668,-3.0540355789224556,-3.050944355634179,-3.0478536530415243,-3.044763643859792,-3.041674569067505,-3.0385867657799763,-3.0355007068485977,-3.032417057253524,-3.0293367545997176,-3.026261124278791,-3.02319204458053,-3.0201321838923043,-3.0170853420665327,-3.0140569424233727,-3.01105474158382,-3.008089853967216,-3.0051782296453857,-3.0023427821836424,-2.999616440680547,-2.997046498341616,-2.994700741269074,-2.99267593862738,-2.99110929072007,-2.990193222252543
-3.5928051042001337,-3.592015438905504,-3.5906470666237764,-3.588851294169037,-3.586737825218532,-3.584386901158407,-3.5818576414382086,-3.579193871292689,-3.576428250320616,-3.573585230432994,-3.570683194833462,-3.567736016771818,-3.5647542028993806,-3.561745736632857,-3.558716703280273,-3.5556717554114017,-3.552614460653079,-3.549547562544419,-3.546473176834789,-3.54339293966298,-3.540308119745439,-3.5372197035576263,-3.534128460188296,-3.531034990850062,-3.527939766775747,-3.524843158299887,-3.5217454572326123,-3.5186468941163063,-3.5155476515686077,-3.512447874624839,-3.509347678774317,-3.5062471562199913,-3.5031463807660383,-3.5000454116433724,-3.4969442965110735,-3.4938430738169015,-3.4907417746581793,-3.487640424252298,-3.48453904310149,-3.481437647917616,-3.4783362523581416,-3.4752348676132216,-3.472133502875121,-3.469032165714412,-3.4659308623821787,-3.4628295980533332,-3.459728377022969,-3.4566272028651865,-3.4535260785618522,-3.450425006607225,-3.447323989093156,-3.4442230277786408,-3.4411221241467085,-3.438021279451076,-3.4349204947544734,-3.4318197709602156,-3.4287191088382603,-3.4256185090467604,-3.422517972149937,-3.4194174986329218,-3.4163170889141257,-3.4132167433555565,-3.4101164622714504,-3.4070162459355062,-3.4039160945869686,-3.400816008435747,-3.397715987666741,-3.3946160324434964,-3.391516142911315,-3.3884163191998984,-3.385316561425602,-3.38221686969337,-3.3791172440983943,-3.3760176847275525,-3.3729181916606517,-3.3698187649715092,-3.3667194047289106,-3.3636201109974526,-3.3605208838382916,-3.3574217233098245,-3.3543226294683075,-3.3512236023684294,-3.3481246420638486,-3.345025748607711,-3.3419269220531467,-3.338828162453771,-3.3357294698641846,-3.3326308443404935,-3.329532285940853,-3.326433794726045,-3.3233353707601117,-3.3202370141110364,-3.3171387248515196,-3.3140405030598283,-3.310942348820772,-3.3078442622268036,-3.30474624337929,-3.3016482923899737,-3.2985504093826647,-3.2954525944952135,-3.2923548478818088,-3.289257169715678,-3.2861595599203204,-3.2830620184260226,-3.279964545169234,-3.276867140092001,-3.273769803141466,-3.2706725342694147,-3.267575333431872,-3.264478200588733,-3.261381135703441,-3.2582841387426833,-3.2551872096761287,-3.2520903484761847,-3.2489935551177744,-3.2458968295781414,-3.2428001718366675,-3.2397035818747084,-3.2366070596754466,-3.233510605223753,-3.2304142185060667,-3.2273178995102803,-3.224221648225636,-3.221125464642637,-3.2180293487529603,-3.2149333005493785,-3.2118373200256944,-3.2087414071766753,-3.2056455619979998,-3.2025497844862056,-3.19945407463865,-3.196358432453473,-3.1932628579295685,-3.1901673510665653,-3.18707191186481,-3.183976540325365,-3.1808812364500216,-3.1777860002413143,-3.1746908317025637,-3.1715957308379323,-3.168500697652508,-3.1654057321524167,-3.1623108343449804,-3.1592160042389197,-3.1561212418446294,-3.153026547174533,-3.149931920243557,-3.1468373610697435,-3.1437428696750533,-3.1406484460864244,-3.137554090337151,-3.1344598024687036,-3.131365582533116,-3.128271430596139,-3.125177346741398,-3.1220833310759106,-3.1189893837373988,-3.1158955049040267,-3.1128016948073847,-3.109707953749849,-3.106614282127855,-3.103520680463166,-3.1004271494450104,-3.0973336899869843,-3.0942403033041046,-3.0911469910174096,-3.0880537552963205,-3.0849605990528888,-3.081867526207513,-3.078774542053354,-3.075681653757383,-3.072588871051047,-3.0694962071847436,-3.0664036802502297,-3.0633113150174642,-3.0602191454924905,-3.0571272184884526,-3.054035598623646,-3.0509443753345744,-3.047853672741126,-3.044763663558599,-3.041674588765516,-3.0385867854771917,-3.0355007265450173,-3.032417076949149,-3.0293367742945483,-3.026261143972828,-3.023192064273774,-3.020132203584758,-3.0170853617581983,-3.0140569621142514,-3.0110547612739182,-3.0080898736565422,-3.005178249333952,-3.002342801871467,-2.9996164603676556,-2.997046518028048,-2.9947007609548875,-2.9926759583126574,-2.991109310404932,-2.990193241937163
-3.592805123336454,-3.5920154580416512,-3.590647085759622,-3.588851313304483,-3.5867378443534994,-3.5843869202928387,-3.5818576605720582,-3.5791938904259215,-3.5764282694532037,-3.573585249564916,-3.570683213964702,-3.5677360359023598,-3.564754222029212,-3.5617457557619696,-3.5587167224086604,-3.5556717745390594,-3.552614479780002,-3.549547581670605,-3.546473195960234,-3.5433929587876816,-3.5403081388693947,-3.5372197226808333,-3.5341284793107515,-3.5310350099717662,-3.5279397858966988,-3.5248431774200855,-3.5217454763520566,-3.518646913234996,-3.5155476706865416,-3.5124478937420185,-3.5093476978907416,-3.5062471753356617,-3.5031463998809538,-3.500045430757532,-3.496944315624479,-3.4938430929295525,-3.490741793770076,-3.48764044336344,-3.4845390622118777,-3.481437667027249,-3.4783362714670187,-3.4752348867213434,-3.472133521982487,-3.4690321848210215,-3.4659308814880325,-3.4628296171584294,-3.4597283961273075,-3.4566272219687684,-3.453526097664678,-3.4504250257092948,-3.44732400819447,-3.4442230468791992,-3.4411221432465107,-3.438021298550121,-3.434920513852761,-3.431819790057747,-3.428719127935035,-3.425618528142779,-3.4225179912451984,-3.4194175177274255,-3.416317108007871,-3.413216762448544,-3.410116481363681,-3.4070162650269795,-3.4039161136776848,-3.4008160275257056,-3.3977160067559407,-3.3946160515319375,-3.391516161998997,-3.388416338286822,-3.385316580511767,-3.3822168887787765,-3.3791172631830433,-3.3760177038114443,-3.3729182107437845,-3.369818784053884,-3.3667194238105274,-3.363620130078311,-3.3605209029183913,-3.3574217423891657,-3.3543226485468898,-3.351223621446253,-3.3481246611409143,-3.3450257676840174,-3.341926941128694,-3.3388281815285583,-3.3357294889382123,-3.3326308634137622,-3.3295323050133616,-3.3264338137977947,-3.323335389831101,-3.320237033181267,-3.317138743920991,-3.3140405221285407,-3.310942367888724,-3.307844281293995,-3.3047462624457205,-3.3016483114556427,-3.2985504284475744,-3.2954526135593625,-3.2923548669451974,-3.289257188778307,-3.2861595789821885,-3.2830620374871295,-3.2799645642295787,-3.276867159151583,-3.2737698222002862,-3.2706725533274725,-3.2675753524891675,-3.2644782196452673,-3.2613811547592126,-3.258284157797693,-3.2551872287303776,-3.252090367529672,-3.2489935741704996,-3.2458968486301054,-3.2428001908878707,-3.239703600925151,-3.2366070787251275,-3.2335106242726717,-3.230414237554222,-3.2273179185576724,-3.224221667272265,-3.221125483688503,-3.218029367798063,-3.2149333195937184,-3.2118373390692714,-3.208741426219489,-3.20564558104005,-3.202549803527493,-3.199454093679175,-3.196358451493235,-3.193262876968569,-3.190167370104803,-3.187071930902284,-3.183976559362076,-3.180881255485969,-3.177786019276498,-3.174690850736984,-3.1715957498715883,-3.1685007166854002,-3.1654057511845455,-3.1623108533763453,-3.159216023269521,-3.156121260874466,-3.1530265662036068,-3.1499319392718674,-3.1468373800972906,-3.143742888701837,-3.140648465112443,-3.137554109362404,-3.1344598214931914,-3.1313656015568387,-3.1282714496190946,-3.1251773657635877,-3.1220833500973337,-3.118989402758057,-3.115895523923921,-3.112801713826515,-3.109707972768215,-3.1066143011454552,-3.1035206994799998,-3.100427168461078,-3.0973337090022866,-3.0942403223186403,-3.0911470100311784,-3.0880537743093215,-3.0849606180651232,-3.081867545218981,-3.078774561064055,-3.0756816727673173,-3.072588890060215,-3.069496226193144,-3.066403699257864,-3.063311334024332,-3.060219164498592,-3.0571272374937863,-3.0540356176282137,-3.050944394338376,-3.0478536917441614,-3.0447636825608684,-3.04167460776702,-3.0385868044779305,-3.035500745544991,-3.032417095948357,-3.029336793292991,-3.0262611629705063,-3.0231920832706884,-3.02013222258091,-3.0170853807535885,-3.014056981108884,-3.011054780267798,-3.008089892649678,-3.0051782683263557,-3.0023428208631544,-2.999616479358653,-2.997046537018393,-2.994700779944634,-2.992675977301887,-2.991109329393761,-2.990193260925758
-3.5928051417961258,-3.5920154765011554,-3.5906471042188337,-3.5888513317633066,-3.586737862811863,-3.584386938750686,-3.5818576790293464,-3.5791939088826155,-3.576428287909276,-3.573585268020345,-3.5706832324194697,-3.5677360543564545,-3.5647542404826225,-3.5617457742146876,-3.5587167408606795,-3.5556717929903723,-3.5526144982306063,-3.549547600120495,-3.546473214409407,-3.543392977236134,-3.540308157317127,-3.5372197411278448,-3.5341284977570417,-3.5310350284173353,-3.527939804341545,-3.524843195864208,-3.5217454947954554,-3.5186469316776696,-3.515547689128489,-3.5124479121832386,-3.5093477163312343,-3.506247193775426,-3.50314641831999,-3.5000454491958406,-3.4969443340620603,-3.493843111366407,-3.4907418122062026,-3.4876404617988386,-3.4845390806465475,-3.48143768546119,-3.478336289900231,-3.475234905153826,-3.472133540414239,-3.4690322032520453,-3.4659308999183276,-3.4628296355879966,-3.4597284145561455,-3.4566272403968754,-3.453526116092055,-3.4504250441359408,-3.447324026620386,-3.444223065304384,-3.441122161670966,-3.4380213169738467,-3.434920532275757,-3.4318198084800136,-3.4287191463565723,-3.425618546563586,-3.4225180096652745,-3.419417536146772,-3.416317126426488,-3.4132167808664318,-3.410116499780837,-3.4070162834434052,-3.4039161320933795,-3.400816045940669,-3.3977160251701735,-3.394616069945439,-3.3915161804117675,-3.388416356698861,-3.3853165989230756,-3.382216907189353,-3.3791172815928876,-3.376017722220556,-3.3729182291521655,-3.3698188024615336,-3.366719442217446,-3.363620148484498,-3.3605209213238463,-3.357421760793888,-3.3543226669508797,-3.3512236398495108,-3.3481246795434396,-3.345025786085811,-3.3419269595297556,-3.3388281999288885,-3.3357295073378106,-3.332630881812628,-3.329532323411495,-3.3264338321951947,-3.3233354082277673,-3.3202370515772,-3.3171387623161896,-3.3140405405230053,-3.310942386282455,-3.3078442996869932,-3.3047462808379855,-3.301648329847175,-3.2985504468383717,-3.2954526319494257,-3.2923548853345257,-3.2892572071668993,-3.286159597370046,-3.2830620558742525,-3.279964582615968,-3.2768671775372398,-3.273769840585209,-3.2706725717116614,-3.2675753708726214,-3.2644782380279858,-3.261381173141196,-3.258284176178942,-3.2551872471108916,-3.252090385909452,-3.2489935925495455,-3.2458968670084163,-3.242800209265445,-3.2397036193019884,-3.2366070971012286,-3.2335106426480373,-3.2304142559288525,-3.227317936931566,-3.2242216856454227,-3.2211255020609246,-3.2180293861697487,-3.2149333379646694,-3.2118373574394874,-3.2087414445889695,-3.2056455994087942,-3.2025498218955004,-3.199454112046446,-3.19635846985977,-3.1932628953343665,-3.190167388469863,-3.187071949266607,-3.1839765777256614,-3.1808812738488164,-3.177786037638608,-3.1746908690983564,-3.1715957682322236,-3.1685007350452983,-3.165405769543707,-3.1623108717347694,-3.1592160416272086,-3.1561212792314173,-3.1530265845598215,-3.149931957627346,-3.146837398452032,-3.143742907055842,-3.140648483465711,-3.1375541277149366,-3.1344598398449866,-3.131365619907898,-3.128271467969418,-3.125177384113175,-3.1220833684461846,-3.1189894211061695,-3.115895542271294,-3.11280173217315,-3.1097079911141106,-3.106614319490611,-3.103520717824416,-3.100427186804755,-3.097333727345223,-3.0942403406608365,-3.0911470283726348,-3.088053792650039,-3.084960636405101,-3.081867563558219,-3.078774579402555,-3.0756816911050797,-3.072588908397239,-3.0694962445294305,-3.0664037175934116,-3.0633113523591406,-3.060219182832661,-3.0571272558271163,-3.0540356359608047,-3.050944412670228,-3.0478537100752723,-3.0447637008912385,-3.04167462609665,-3.038586822806822,-3.0355007638731424,-3.0324171142757685,-3.029336811619663,-3.026261181296438,-3.0231921015958827,-3.020132240905368,-3.017085399077313,-3.0140569994318795,-3.011054798590068,-3.0080899109712282,-3.005178286647198,-3.002342839183306,-2.9996164976781383,-2.9970465553372483,-2.9947007982629117,-2.992675995619665,-2.991109347711152,-2.9901932792429227
-3.592805159603087,-3.592015494307955,-3.5906471220253513,-3.5888513495694494,-3.5867378806175627,-3.5843869565558877,-3.5818576968340077,-3.5791939266867026,-3.5764283057127626,-3.5735852858232104,-3.5706832502216974,-3.5677360721580325,-3.5647542582835405,-3.5617457920149374,-3.5587167586602537,-3.555671810789266,-3.5526145160288154,-3.5495476179180177,-3.546473232206241,-3.5433929950322796,-3.540308175112579,-3.5372197589226024,-3.5341285155511026,-3.531035046210697,-3.5279398221342064,-3.524843213656169,-3.521745512586715,-3.518646949468227,-3.5155477069183454,-3.5124479299723936,-3.5093477341196886,-3.5062472115631804,-3.5031464361070435,-3.500045466982192,-3.496944351847709,-3.4938431291513528,-3.490741829990446,-3.48764047958238,-3.4845390984293854,-3.4814377032433246,-3.4783363076816625,-3.4752349229345545,-3.472133558194265,-3.469032221031367,-3.4659309176969453,-3.462829653365911,-3.4597284323333573,-3.456627258173386,-3.453526133867864,-3.450425061911048,-3.44732404439479,-3.444223083078086,-3.441122179443965,-3.4380213347461424,-3.434920550047349,-3.4318198262508997,-3.4287191641267527,-3.42561856433306,-3.4225180274340423,-3.419417553914834,-3.4163171441938442,-3.413216798633082,-3.4101165175467827,-3.4070163012086456,-3.4039161498579147,-3.4008160637044993,-3.3977160429332978,-3.394616087707857,-3.3915161981734805,-3.3884163744598683,-3.3853166166833772,-3.3822169249489495,-3.3791172993517793,-3.3760177399787423,-3.372918246909646,-3.369818820218307,-3.3667194599735124,-3.363620166239857,-3.360520939078499,-3.3574217785478355,-3.354322684704121,-3.351223657602046,-3.348124697295269,-3.345025803836933,-3.341926977280171,-3.3388282176785964,-3.335729525086811,-3.3326308995609204,-3.3295323411590796,-3.326433849942072,-3.3233354259739385,-3.3202370693226637,-3.317138780060947,-3.314040558267055,-3.310942404025797,-3.3078443174296264,-3.3047462985799094,-3.30164834758839,-3.298550464578879,-3.295452649689225,-3.2923549030736177,-3.2892572249052843,-3.286159615107723,-3.283062073611222,-3.279964600352229,-3.2768671952727924,-3.2737698583200525,-3.270672589445797,-3.267575388606049,-3.2644782557607055,-3.2613811908732084,-3.2582841939102454,-3.255187264841486,-3.252090403639337,-3.248993610278722,-3.245896884736884,-3.2428002269932046,-3.2397036370290397,-3.2366071148275717,-3.233510660373672,-3.230414273653779,-3.2273179546557844,-3.2242217033689315,-3.221125519783723,-3.2180294038918364,-3.2149333556860458,-3.2118373751601523,-3.208741462308924,-3.205645617128039,-3.2025498396140346,-3.199454129764269,-3.1963584875768825,-3.193262913050769,-3.190167406185556,-3.1870719669815895,-3.1839765954399337,-3.180881291562379,-3.17778605535146,-3.174690886810498,-3.171595785943655,-3.1685007527560187,-3.1654057872537154,-3.162310889444066,-3.1592160593357943,-3.1561212969392924,-3.153026602266986,-3.149931975333801,-3.146837416157777,-3.1437429247608755,-3.140648501170034,-3.1375541454185476,-3.1344598575478866,-3.1313656376100854,-3.1282714856708935,-3.1251774018139375,-3.1220833861462345,-3.1189894388055075,-3.1158955599699207,-3.1128017498710636,-3.109708008811311,-3.1066143371870987,-3.1035207355201906,-3.100427204499816,-3.0973337450395713,-3.094240358354472,-3.091147046065558,-3.0880538103422497,-3.0849606540965984,-3.0818675812490035,-3.0787745970926244,-3.075681708794434,-3.072588926085879,-3.0694962622173554,-3.066403735280622,-3.0633113700456374,-3.060219200518444,-3.057127273512186,-3.05403565364516,-3.050944430353869,-3.0478537277581994,-3.044763718573452,-3.04167464377815,-3.038586840487607,-3.0355007815532145,-3.032417131955127,-3.029336829298309,-3.0262611989743733,-3.023192119273106,-3.0201322585818824,-3.017085416753121,-3.014057017106983,-3.0110548162644735,-3.0080899286449427,-3.005178304320232,-3.002342856855675,-2.9996165153498655,-2.997046573008368,-2.994700815933476,-2.992676013289748,-2.991109365380862,-2.9901932969124148
-3.592805176780408,-3.5920155114851218,-3.590647139202247,-3.5888513667459856,-3.5867378977936712,-3.5843869737315157,-3.581857714009113,-3.5791939438612554,-3.5764283228867377,-3.573585302996588,-3.5706832673944615,-3.5677360893301695,-3.564754275455041,-3.561745809185794,-3.5587167758304608,-3.5556718279588186,-3.5526145331977084,-3.5495476350862476,-3.546473249373805,-3.5433930121991732,-3.5403081922788027,-3.5372197760881536,-3.5341285327159824,-3.5310350633749037,-3.527939839297739,-3.5248432308190263,-3.521745529748897,-3.518646966629733,-3.5155477240791755,-3.5124479471325483,-3.509347751279166,-3.5062472287219784,-3.5031464532651633,-3.5000454841396342,-3.4969443690044733,-3.4938431463074386,-3.490741847145854,-3.487640496737109,-3.4845391155834373,-3.481437720396698,-3.4783363248343573,-3.4752349400865716,-3.472133575345605,-3.4690322381820295,-3.4659309348469307,-3.462829670515218,-3.459728449481986,-3.4566272753213347,-3.453526151015133,-3.450425079057637,-3.447324061540699,-3.444223100223315,-3.441122196588515,-3.4380213518900127,-3.4349205671905403,-3.431819843393413,-3.428719181268587,-3.4256185814742164,-3.42251804457452,-3.4194175710546313,-3.416317161332962,-3.413216815771519,-3.4101165346845383,-3.40701631834572,-3.403916166994308,-3.4008160808402117,-3.3977160600683303,-3.39461610484221,-3.3915162153071527,-3.3884163915928602,-3.385316633815687,-3.3822169420805785,-3.3791173164827266,-3.3760177571090093,-3.372918264039231,-3.3698188373472107,-3.3667194771017352,-3.363620183367398,-3.3605209562053577,-3.357421795674011,-3.3543227018296142,-3.351223674726857,-3.3481247144193977,-3.3450258209603807,-3.3419269944029377,-3.338828234800682,-3.3357295422082154,-3.3326309166816435,-3.329532358279121,-3.326433867061431,-3.3233354430926147,-3.320237086440657,-3.3171387971782575,-3.3140405753836837,-3.3109424211417435,-3.30784433454489,-3.304746315694491,-3.3016483647022894,-3.2985504816920956,-3.295452666801759,-3.292354920185469,-3.2892572420164528,-3.2861596322182085,-3.283062090721025,-3.2799646174613497,-3.2768672123812306,-3.273769875427809,-3.2706726065528704,-3.267575405712439,-3.2644782728664126,-3.261381207978232,-3.2582842110145864,-3.255187281945145,-3.252090420742313,-3.2489936273810134,-3.2458969018384902,-3.242800244094126,-3.239703654129277,-3.2366071319271246,-3.23351067747254,-3.2304142907519626,-3.2273179717532843,-3.224221720465748,-3.221125536879856,-3.218029420987286,-3.2149333727808114,-3.211837392254234,-3.2087414794023212,-3.2056456342207515,-3.202549856706064,-3.1994541468556146,-3.1963585046675425,-3.1932629301407442,-3.1901674232748456,-3.187071984070193,-3.1839766125278515,-3.180881308649611,-3.177786072438006,-3.1746909038963578,-3.1715958030288274,-3.1685007698405045,-3.1654058043375164,-3.162310906527183,-3.1592160764182253,-3.1561213140210373,-3.153026619348044,-3.14993199241417,-3.1468374332374585,-3.14374294183987,-3.1406485182483417,-3.137554162496169,-3.134459874624821,-3.1313656546863338,-3.1282715027464554,-3.1251774188888133,-3.1220834032204237,-3.11898945587901,-3.115895577042736,-3.1128017669431913,-3.109708025882752,-3.1066143542578524,-3.1035207525902573,-3.100427221569197,-3.0973337621082657,-3.0942403754224794,-3.091147063132876,-3.0880538274088796,-3.084960671162541,-3.081867598314258,-3.0787746141571923,-3.0756817258583156,-3.072588943149073,-3.0694962792798623,-3.0664037523424414,-3.0633113871067685,-3.0602192175788874,-3.0571272905719407,-3.054035670704226,-3.0509444474122462,-3.0478537448158884,-3.044763735630453,-3.0416746608344627,-3.038586857543231,-3.0355007986081497,-3.0324171490093748,-3.029336846351869,-3.026261216027247,-3.0231921363252945,-3.020132275633385,-3.0170854338039406,-3.0140570341571236,-3.011054833313939,-3.0080899456937398,-3.005178321368372,-3.0023428739031726,-2.999616532396743,-2.9970465900546595,-2.99470083297923,-2.992676030335037,-2.991109382425791,-2.9901933139571346
-3.592805193350354,-3.592015528054918,-3.5906471557717814,-3.588851383315174,-3.586737914362447,-3.5843869902998273,-3.581857730576922,-3.5791939604285288,-3.576428339453451,-3.573585319562722,-3.570683283960002,-3.5677361058951047,-3.5647542920193627,-3.5617458257494947,-3.5587167923935326,-3.555671844521257,-3.5526145497595096,-3.549547651647409,-3.5464732659343237,-3.5433930287590494,-3.5403082088380327,-3.537219792646737,-3.534128549273917,-3.53103507993219,-3.5279398558543758,-3.5248432473750135,-3.521745546304233,-3.518646983184418,-3.5155477406332087,-3.51244796368593,-3.5093477678318963,-3.506247245274057,-3.5031464698165893,-3.500045500690407,-3.496944385554592,-3.4938431628569036,-3.4907418636946645,-3.487640513285265,-3.4845391321309394,-3.481437736943547,-3.4783363413805537,-3.475234956632115,-3.4721335918904934,-3.4690322547262635,-3.4659309513905106,-3.462829687058144,-3.459728466024257,-3.456627291862951,-3.4535261675560935,-3.450425095597942,-3.4473240780803485,-3.4442231167623087,-3.4411222131268517,-3.4380213684276937,-3.4349205837275654,-3.4318198599297824,-3.4287191978043006,-3.4256185980092733,-3.4225180611089208,-3.4194175875883768,-3.4163171778660515,-3.4132168323039527,-3.4101165512163165,-3.407016334876843,-3.403916183524776,-3.4008160973700248,-3.397716076597486,-3.3946161213707087,-3.3915162318349945,-3.3884164081200456,-3.385316650342217,-3.3822169586064517,-3.379117333007943,-3.3760177736335684,-3.372918280563134,-3.369818853870458,-3.366719493624325,-3.363620199889332,-3.360520972726635,-3.3574218121946307,-3.3543227183495756,-3.35122369124616,-3.348124730938042,-3.345025837478366,-3.3419270109202635,-3.3388282513173486,-3.3357295587242235,-3.3326309331969926,-3.3295323747938115,-3.3264338835754637,-3.323335459605989,-3.320237102953374,-3.317138813690317,-3.314040591895085,-3.3109424376524865,-3.3078443510549755,-3.3047463322039183,-3.301648381211058,-3.298550498200205,-3.2954526833092093,-3.2923549366922598,-3.2892572585225843,-3.286159648723682,-3.283062107225839,-3.2799646339655046,-3.276867228884726,-3.2737698919306455,-3.2706726230550482,-3.267575422213958,-3.264478289367272,-3.2613812244784315,-3.2582842275141255,-3.255187298444023,-3.252090437240531,-3.2489936438785723,-3.24589691833539,-3.242800260590366,-3.2397036706248565,-3.236607148422044,-3.2335106939668,-3.2304143072455624,-3.227317988246224,-3.224221736958029,-3.2211255533714773,-3.218029437478248,-3.214933389271113,-3.211837408743875,-3.2087414958913016,-3.2056456507090716,-3.202549873193723,-3.199454163342613,-3.196358521153881,-3.193262946626422,-3.1901674397598634,-3.187072000554551,-3.1839766290115494,-3.1808813251326478,-3.1777860889203824,-3.1746909203780724,-3.171595819509882,-3.1685007863208985,-3.165405820817249,-3.1623109230062534,-3.159216092896633,-3.156121330498783,-3.153026635825128,-3.1499320088905933,-3.1468374497132197,-3.143742958314969,-3.1406485347227786,-3.1375541789699426,-3.134459891097933,-3.1313656711587834,-3.1282715192182415,-3.125177435359937,-3.122083419690884,-3.118989472348808,-3.1158955935118713,-3.1128017834116632,-3.109708042350561,-3.106614370724999,-3.103520769056742,-3.1004272380350186,-3.097333778573425,-3.0942403918869763,-3.0911470795967126,-3.088053843872054,-3.084960687625053,-3.0818676147761077,-3.078774630618379,-3.0756817423188383,-3.0725889596089324,-3.069496295739058,-3.0664037688009733,-3.0633114035646365,-3.060219234036091,-3.05712730702848,-3.054035687160101,-3.0509444638674563,-3.0478537612704333,-3.0447637520843323,-3.041674677287676,-3.0385868739957793,-3.0355008150600327,-3.0324171654605934,-3.0293368628024235,-3.026261232477138,-3.0231921527745236,-3.0201322920819544,-3.0170854502518507,-3.0140570506043782,-3.011054849760542,-3.008089962139699,-3.005178337813696,-3.002342890347877,-2.9996165488408497,-2.997046606498201,-2.9947008494222547,-2.992676046777614,-2.991109398868022,-2.990193330399162
-3.592805209334396,-3.5920155440388157,-3.5906471717554256,-3.588851399298481,-3.586737930345353,-3.5843870062822845,-3.5818577465588923,-3.579193976409984,-3.5764283554343694,-3.573585335543084,-3.5706832999397933,-3.5677361218743138,-3.5647543079979807,-3.5617458417275145,-3.5587168083709493,-3.555671860498065,-3.5526145657357047,-3.5495476676229876,-3.5464732819092837,-3.543393044733387,-3.5403082248117475,-3.537219808619827,-3.5341285652463803,-3.5310350959040258,-3.5279398718255837,-3.524843263345593,-3.5217455622741847,-3.5186469991537415,-3.5155477566019027,-3.5124479796539925,-3.509347783799327,-3.5062472612408575,-3.5031464857827594,-3.500045516655947,-3.496944401519503,-3.493843178821185,-3.4907418796583167,-3.4876405292482873,-3.48453914809333,-3.481437752905306,-3.4783363573416812,-3.47523497259261,-3.472133607850356,-3.4690322706854944,-3.4659309673491094,-3.4628297030161104,-3.459728481981591,-3.456627307819653,-3.453526183512164,-3.4504251115533795,-3.4473240940351544,-3.444223132716483,-3.4411222290803964,-3.438021384380607,-3.4349205996798458,-3.43181987588143,-3.428719213755316,-3.4256186139596565,-3.4225180770586716,-3.4194176035374944,-3.416317193814535,-3.4132168482518033,-3.4101165671635343,-3.4070163508234277,-3.403916199470726,-3.40081611331534,-3.397716092542168,-3.3946161373147574,-3.39151624777841,-3.3884164240628287,-3.385316666284368,-3.382216974547971,-3.37911734894883,-3.3760177895738224,-3.3729182965027533,-3.3698188698094427,-3.3667195095626763,-3.363620215827049,-3.3605209886637186,-3.357421828131081,-3.354322734285393,-3.3512237071813447,-3.3481247468725934,-3.3450258534122845,-3.3419270268535484,-3.3388282672499994,-3.335729574656238,-3.3326309491283728,-3.3295323907245566,-3.3264338995055738,-3.323335475535464,-3.320237118882215,-3.3171388296185227,-3.314040607822656,-3.3109424535794227,-3.3078443669812767,-3.3047463481295845,-3.301648397136089,-3.2985505141246017,-3.2954526992329716,-3.2923549526153875,-3.289257274445077,-3.2861596646455395,-3.283062123147061,-3.2799646498860913,-3.2768672448046763,-3.2737699078499594,-3.2706726389737257,-3.267575438131999,-3.264478305284676,-3.2613812403952,-3.2582842434302584,-3.255187314359521,-3.2520904531553922,-3.2489936597927973,-3.2458969342489796,-3.24280027650332,-3.239703686537175,-3.2366071643337264,-3.2335107098778457,-3.2304143231559714,-3.227318004155996,-3.224221752867162,-3.221125569279973,-3.218029453386106,-3.2149334051783347,-3.2118374246504593,-3.208741511797248,-3.20564566661438,-3.202549889098393,-3.1994541792466435,-3.196358537057273,-3.1932629625291753,-3.1901674556619772,-3.1870720164560264,-3.183976644912387,-3.1808813410328485,-3.1777861048199454,-3.1746909362769995,-3.171595835408171,-3.1685008022185492,-3.165405836714261,-3.1623109389026265,-3.1592161087923682,-3.156121346393881,-3.1530266517195873,-3.1499320247844134,-3.146837465606401,-3.1437429742075116,-3.140648550614682,-3.1375541948612073,-3.1344599069885577,-3.1313656870487683,-3.128271535107588,-3.125177451248643,-3.1220834355789515,-3.1189894882362355,-3.1158956093986596,-3.1128017992978134,-3.1097080582360728,-3.1066143866098717,-3.1035207849409754,-3.1004272539186126,-3.09733379445638,-3.094240407769292,-3.0911470954783873,-3.088053859753089,-3.0849607035054483,-3.0818676306558643,-3.0787746464974965,-3.0756817581973164,-3.07258897548677,-3.0694963116162564,-3.066403784677532,-3.0633114194405557,-3.0602192499113707,-3.05712732290312,-3.054035703034102,-3.050944479740818,-3.047853777143156,-3.044763767956415,-3.041674693159119,-3.0385868898665818,-3.0355008309301956,-3.032417181330117,-3.0293368786713075,-3.026261248345383,-3.0231921686421304,-3.020132307948923,-3.0170854661181843,-3.014057066470078,-3.011054865625614,-3.008089978004149,-3.005178353677533,-3.002342906211115,-2.9996165647035102,-2.997046622360315,-2.994700865283868,-2.9926760626387945,-2.9911094147288666,-2.9901933462598125
-3.5928052247532483,-3.592015559457528,-3.5906471871738934,-3.588851414716626,-3.5867379457631148,-3.5843870216996163,-3.581857761975757,-3.5791939918263522,-3.5764283708502185,-3.5735853509583966,-3.5706833153545543,-3.567736137288512,-3.5647543234116075,-3.5617458571405627,-3.558716823783412,-3.55567187590994,-3.5526145811469876,-3.549547683033675,-3.5464732973193733,-3.543393060142878,-3.5403082402206376,-3.5372198240281154,-3.5341285806540657,-3.531035111311107,-3.527939887232061,-3.5248432787514647,-3.52174557767945,-3.518647014558401,-3.5155477720059567,-3.5124479950574425,-3.5093477992021733,-3.506247276643099,-3.503146501184395,-3.5000455320569754,-3.4969444169199235,-3.493843194220998,-3.4907418950575204,-3.4876405446468826,-3.484539163491316,-3.481437768302682,-3.478336372738447,-3.4752349879887663,-3.4721336232459032,-3.4690322860804317,-3.4659309827434366,-3.4628297184098273,-3.459728497374698,-3.4566273232121496,-3.4535261989040507,-3.4504251269446575,-3.447324109425823,-3.444223148106541,-3.4411222444698417,-3.4380213997694407,-3.4349206150680685,-3.431819891269042,-3.4287192291423176,-3.425618629346048,-3.422518092444454,-3.4194176189226675,-3.416317209199099,-3.4132168636357574,-3.4101165825468778,-3.4070163662061597,-3.4039162148528477,-3.400816128696852,-3.3977161079230696,-3.394616152695048,-3.391516263158091,-3.3884164394418983,-3.385316681662826,-3.3822169899258165,-3.379117364326063,-3.376017804950444,-3.372918311878765,-3.3698188851848436,-3.366719524937466,-3.3636202312012276,-3.3605210040372855,-3.3574218435040373,-3.3543227496577392,-3.351223722553079,-3.3481247622437165,-3.345025868782795,-3.3419270422234466,-3.3388282826192857,-3.335729590024914,-3.3326309644964365,-3.329532406092009,-3.326433914872413,-3.323335490901691,-3.3202371342478294,-3.317138844983525,-3.3140406231870467,-3.310942468943202,-3.307844382344443,-3.304746363492139,-3.30164841249803,-3.2985505294859294,-3.2954527145936856,-3.2923549679754873,-3.289257289804564,-3.2861596800044133,-3.2830621385053216,-3.2799646652437384,-3.2768672601617106,-3.273769923206381,-3.2706726543295335,-3.267575453487194,-3.2644783206392582,-3.261381255749168,-3.2582842587836125,-3.255187329712261,-3.2520904685075176,-3.248993675144308,-3.2458969495998753,-3.242800291853601,-3.239703701886841,-3.2366071796827782,-3.233510725226283,-3.230414338503795,-3.227318019503205,-3.224221768213758,-3.221125584625955,-3.2180294687314737,-3.214933420523088,-3.211837439994598,-3.2087415271407727,-3.2056456819572907,-3.2025499044406898,-3.1994541945883266,-3.196358552398342,-3.193262977869631,-3.190167471001819,-3.1870720317952532,-3.1839766602509987,-3.180881356370844,-3.177786120157324,-3.1746909516137616,-3.1715958507443167,-3.1685008175540776,-3.1654058520491724,-3.1623109542369217,-3.1592161241260466,-3.156121361726943,-3.1530266670520333,-3.149932040116244,-3.146837480937615,-3.1437429895381106,-3.1406485659446655,-3.137554210190576,-3.1344599223173106,-3.131365702376905,-3.128271550435109,-3.1251774665755496,-3.1220834509052424,-3.1189895035619117,-3.1158956247237204,-3.1128018146222582,-3.1097080735599008,-3.106614401933083,-3.1035208002635697,-3.10042726924059,-3.0973338097777408,-3.0942404230900356,-3.0911471107985142,-3.0880538750725988,-3.0849607188243398,-3.081867645974136,-3.0787746618151486,-3.075681773514349,-3.0725889908031845,-3.0694963269320517,-3.0664037999927087,-3.063311434755114,-3.0602192652253097,-3.05712733821644,-3.054035718346803,-3.050944495052901,-3.047853792454621,-3.0447637832672623,-3.0416747084693485,-3.038586905176194,-3.035500846239191,-3.032417196638495,-3.029336893979069,-3.0262612636525286,-3.0231921839486606,-3.0201323232548396,-3.0170854814234884,-3.014057081774774,-3.0110548809297044,-3.0080899933076406,-3.005178368980435,-3.002342921513442,-2.9996165800052825,-2.9970466376615623,-2.9947008805846345,-2.992676077939145,-2.9911094300288936,-2.9901933615596508
-3.5928052396269194,-3.592015574331065,-3.5906472020471947,-3.5888514295896154,-3.586737960635735,-3.58438703657182,-3.5818577768475075,-3.579194006697622,-3.576428385720987,-3.573585365828648,-3.5706833302242758,-3.567736152157693,-3.5647543382802365,-3.5617458720086326,-3.558716838650918,-3.5556718907768765,-3.5526145960133517,-3.549547697899465,-3.5464733121845864,-3.5433930750075118,-3.540308255084691,-3.5372198388915876,-3.534128595516957,-3.531035126173415,-3.5279399020937854,-3.5248432936126055,-3.521745592540006,-3.518647029418372,-3.515547786865342,-3.5124480099162403,-3.5093478140603835,-3.506247291500721,-3.503146516041429,-3.5000455469134217,-3.496944431775782,-3.4938432090762688,-3.490741909912204,-3.4876405595009787,-3.4845391783448254,-3.4814377831556054,-3.4783363875907845,-3.4752350028405177,-3.472133638097068,-3.4690323009310093,-3.4659309975934254,-3.462829733259228,-3.459728512223511,-3.456627338060375,-3.4535262137516876,-3.4504251417917056,-3.4473241242722827,-3.444223162952414,-3.441122259315127,-3.438021414614138,-3.434920629912179,-3.4318199061125636,-3.4287192439852503,-3.4256186441883925,-3.422518107286209,-3.4194176337638336,-3.416317224039677,-3.4132168784757466,-3.410116597386279,-3.4070163810449734,-3.4039162296910725,-3.4008161435344872,-3.397716122760115,-3.3946161675315043,-3.391516277993958,-3.3884164542771757,-3.3853166964975143,-3.382217004759916,-3.379117379159572,-3.3760178197833635,-3.372918326711094,-3.369818900016582,-3.366719539768615,-3.363620246031786,-3.3605210188672543,-3.357421858333415,-3.3543227644865246,-3.3512237373812734,-3.348124777071319,-3.3450258836098072,-3.341927057049869,-3.3388282974451178,-3.335729604850156,-3.3326309793210878,-3.32953242091607,-3.326433929695885,-3.3233355057245735,-3.320237149070121,-3.3171388598052256,-3.3140406380081555,-3.310942483763719,-3.307844397164369,-3.3047463783114743,-3.301648427316776,-3.298550544304085,-3.29545272941125,-3.292354982792462,-3.2892573046209472,-3.286159694820205,-3.283062153320522,-3.279964680058348,-3.276867274975728,-3.273769938019806,-3.2706726691423667,-3.2675754682994356,-3.264478335450908,-3.2613812705602268,-3.2582842735940787,-3.255187344522134,-3.2520904833167994,-3.248993689952997,-3.2458969644079723,-3.2428003066611057,-3.2397037166937546,-3.2366071944891006,-3.2335107400320138,-3.2304143533089325,-3.22731803430775,-3.22422178301771,-3.2211255994293144,-3.21802948353424,-3.214933435325261,-3.211837454796179,-3.2087415419417615,-3.2056456967576863,-3.202549919240493,-3.1994542093875373,-3.1963585671969588,-3.193262992667653,-3.190167485799246,-3.1870720465920863,-3.1839766750472367,-3.180881371166487,-3.177786134952374,-3.174690966408218,-3.17159586553818,-3.168500832347349,-3.165405866841851,-3.1623109690290074,-3.15921613891754,-3.1561213765178424,-3.1530266818423396,-3.149932054905956,-3.146837495726734,-3.1437430043266343,-3.140648580732594,-3.137554224977908,-3.134459937104048,-3.1313657171630473,-3.128271565220657,-3.125177481360503,-3.122083465689602,-3.118989518345676,-3.1158956395068897,-3.1128018294048325,-3.10970808834188,-3.1066144167144665,-3.1035208150443574,-3.100427284020782,-3.0973338245573356,-3.0942404378690345,-3.0911471255769163,-3.0880538898504044,-3.08496073360155,-3.0818676607507505,-3.078774676591168,-3.0756817882897733,-3.0725890055780143,-3.0694963417062864,-3.0664038147663484,-3.063311449528158,-3.060219279997759,-3.0571273529882936,-3.054035733118061,-3.0509445098235632,-3.0478538072246875,-3.0447637980367332,-3.0416747232382244,-3.038586919944475,-3.035500861006876,-3.032417211405585,-3.029336908745565,-3.026261278418429,-3.0231921987139665,-3.0201323380195526,-3.017085496187611,-3.014057096538308,-3.0110548956926544,-3.0080900080700124,-3.0051783837422374,-3.002342936274688,-2.9996165947659916,-2.9970466524217634,-2.9947008953443706,-2.9926760926984786,-2.991109444787917,-2.9901933763184916
-3.5928052539746504,-3.5920155886786667,-3.590647216394569,-3.5888514439366896,-3.5867379749824506,-3.5843870509181324,-3.5818577911933844,-3.5791940210430377,-3.5764284000659186,-3.573585380173079,-3.570683344568193,-3.5677361665010854,-3.5647543526230976,-3.561745886350956,-3.5587168529926996,-3.5556719051181123,-3.552614610354039,-3.5495477122396,-3.546473326524167,-3.543393089346536,-3.5403082694231562,-3.5372198532294923,-3.5341286098543003,-3.531035140510197,-3.5279399164300047,-3.5248433079482617,-3.5217456068750996,-3.518647043752901,-3.515547801199306,-3.5124480242496396,-3.509347828393218,-3.506247305832989,-3.50314653037313,-3.5000455612445562,-3.4969444461063492,-3.4938432234062686,-3.490741924241637,-3.487640573829844,-3.484539192673125,-3.4814377974833395,-3.4783364019179523,-3.4752350171671185,-3.4721336524231026,-3.469032315256478,-3.46593101191833,-3.462829747583567,-3.459728526547284,-3.456627352383582,-3.4535262280743275,-3.4504251561137784,-3.447324138593788,-3.444223177273351,-3.441122273635498,-3.438021428933942,-3.4349206442314144,-3.431819920431232,-3.428719258303351,-3.4256186585059245,-3.4225181216031726,-3.419417648080229,-3.4163172383555036,-3.4132168927910054,-3.41011661170097,-3.4070163953590953,-3.403916244004627,-3.4008161578474727,-3.397716137072533,-3.3946161818433533,-3.3915162923052375,-3.3884164685878866,-3.3853167108076563,-3.382217019069489,-3.379117393468578,-3.3760178340918015,-3.3729183410189645,-3.369818914323884,-3.3667195540753476,-3.3636202603379504,-3.3605210331728483,-3.3574218726384393,-3.3543227787909804,-3.35122375168516,-3.3481247913746377,-3.3450258979125573,-3.34192707135205,-3.3388283117467297,-3.3357296191511985,-3.332630993621562,-3.3295324352159748,-3.3264339439952195,-3.323335520023337,-3.320237163368313,-3.317138874102848,-3.314040652305208,-3.310942498060202,-3.3078444114602825,-3.304746392606818,-3.3016484416115484,-3.298550558598287,-3.2954527437048817,-3.2923549970855226,-3.289257318913438,-3.286159709112125,-3.283062167611872,-3.2799646943491276,-3.2768672892659376,-3.2737699523094452,-3.2706726834314357,-3.2675754825879335,-3.264478349738836,-3.2613812848475834,-3.258284287880865,-3.25518735880835,-3.2520904976024436,-3.24899370423807,-3.2458969786924725,-3.242800320945033,-3.239703730977109,-3.2366072087718813,-3.2335107543142216,-3.2304143675905683,-3.2273180485888138,-3.2242217972982017,-3.221125613709234,-3.218029497813588,-3.2149334496040374,-3.211837469074383,-3.2087415562193926,-3.2056457110347445,-3.2025499335169787,-3.199454223663451,-3.196358581472302,-3.1932630069424253,-3.190167500073448,-3.1870720608657175,-3.1839766893202963,-3.1808813854389753,-3.1777861492242905,-3.1746909806795625,-3.171595879808952,-3.1685008466175484,-3.165405881111478,-3.162310983298061,-3.1592161531860197,-3.1561213907857484,-3.153026696109672,-3.149932069172715,-3.1468375099929187,-3.1437430185922457,-3.140648594997632,-3.1375542392423736,-3.1344599513679396,-3.131365731426366,-3.1282715794833997,-3.125177495622671,-3.1220834799511956,-3.1189895326066948,-3.115895653767334,-3.1128018436647023,-3.1097081026011755,-3.1066144309731882,-3.1035208293025063,-3.1004272982783574,-3.0973338388143374,-3.094240452125462,-3.0911471398327706,-3.088053904105684,-3.084960747856255,-3.0818676750048817,-3.0787746908447264,-3.075681802542759,-3.0725890198304247,-3.069496355958122,-3.0664038290176094,-3.063311463778845,-3.0602192942478714,-3.057127367237832,-3.0540357473670254,-3.050944524071952,-3.0478538214725015,-3.0447638122839717,-3.041674737484887,-3.0385869341905614,-3.035500875252387,-3.0324172256505197,-3.029336922989923,-3.0262612926622134,-3.023192212957178,-3.0201323522621917,-3.0170855104296797,-3.0140571107798095,-3.011054909933592,-3.0080900223103924,-3.005178397982069,-3.002342950513984,-2.999616609004771,-2.997046666660055,-2.994700909582215,-2.9926761069359347,-2.991109459025073,-2.9901933905554725
-3.592805267815058,-3.592015602518949,-3.590647230234633,-3.5888514577764625,-3.586737988821878,-3.5843870647571743,-3.581857805032007,-3.579194034881215,-3.5764284139036313,-3.57358539401031,-3.57068335840493,-3.5677361803373193,-3.5647543664588204,-3.5617459001861604,-3.5587168668273796,-3.5556719189522625,-3.552614624187655,-3.54954772607268,-3.54647334035671,-3.543393103178541,-3.5403082832546233,-3.5372198670604194,-3.534128623684685,-3.53103515434004,-3.5279399302593046,-3.524843321777018,-3.521745620703311,-3.5186470575805693,-3.51554781502643,-3.5124480380762195,-3.509347842219253,-3.5062473196584807,-3.5031465441980765,-3.5000455750689583,-3.4969444599302064,-3.493843237229581,-3.490741938064403,-3.487640587652065,-3.4845392064947993,-3.4814378113044673,-3.478336415738533,-3.475235030987152,-3.4721336662425886,-3.469032329075416,-3.465931025736719,-3.462829761401408,-3.4597285403645768,-3.4566273662003275,-3.453526241890527,-3.4504251699294315,-3.447324152408895,-3.444223191087911,-3.4411222874495104,-3.4380214427474076,-3.4349206580443328,-3.4318199342436024,-3.4287192721151736,-3.4256186723172,-3.4225181354139003,-3.419417661890409,-3.416317252165135,-3.4132169066000877,-3.4101166255095032,-3.40701640916708,-3.403916257812063,-3.4008161716543603,-3.397716150878872,-3.3946161956491454,-3.391516306110483,-3.3884164823925844,-3.3853167246118065,-3.382217032873091,-3.3791174072716323,-3.3760178478943064,-3.37291835482092,-3.3698189281252904,-3.3667195678762045,-3.363620274138259,-3.360521046972609,-3.3574218864376513,-3.354322792589644,-3.351223765483275,-3.348124805172203,-3.345025911709573,-3.341927085148516,-3.338828325542646,-3.335729632946565,-3.3326310074163787,-3.329532449010242,-3.3264339577889377,-3.3233355338165063,-3.3202371771609336,-3.3171388878949184,-3.3140406660967288,-3.3109425118511724,-3.307844425250703,-3.304746406396687,-3.301648455400868,-3.2985505723870547,-3.295452757493099,-3.2923550108731896,-3.289257332700554,-3.2861597228986903,-3.2830621813978866,-3.279964708134591,-3.2768673030508504,-3.2737699660938073,-3.2706726972152476,-3.2675754963711947,-3.264478363521546,-3.261381298629743,-3.2582843016624725,-3.255187372589406,-3.2520905113829484,-3.2489937180180246,-3.245896992471877,-3.2428003347238876,-3.2397037447554133,-3.2366072225496345,-3.233510768091424,-3.2304143813672197,-3.227318062364914,-3.224221811073751,-3.2211256274842315,-3.2180295115880333,-3.21493346337793,-3.211837482847723,-3.208741569992181,-3.2056457248069807,-3.202549947288663,-3.1994542374345833,-3.196358595242882,-3.1932630207124526,-3.1901675138429226,-3.1870720746346386,-3.183976703088665,-3.1808813992067915,-3.1777861629915547,-3.174690994446273,-3.17159589357511,-3.168500860383154,-3.1654058948765305,-3.1623109970625607,-3.1592161669499674,-3.1561214045491433,-3.1530267098725138,-3.1499320829350044,-3.146837523754655,-3.143743032353429,-3.140648608758262,-3.13755425300245,-3.134459965127463,-3.1313657451853363,-3.128271593241818,-3.1251775093805363,-3.122083493708507,-3.118989546363454,-3.11589566752354,-3.112801857420356,-3.1097081163562774,-3.1066144447277377,-3.103520843056502,-3.1004273120318007,-3.0973338525672274,-3.094240465877799,-3.0911471535845543,-3.088053917856914,-3.0849607616069314,-3.0818676887550036,-3.0787747045942924,-3.0756818162917696,-3.0725890335788817,-3.0694963697060254,-3.0664038427649585,-3.0633114775256387,-3.0602193079941107,-3.057127380983518,-3.0540357611121562,-3.0509445378165285,-3.047853835216523,-3.0447638260274386,-3.0416747512277995,-3.03858694793292,-3.0355008889941923,-3.032417239391772,-3.029336936730623,-3.0262613064023602,-3.0231922266967715,-3.0201323660012336,-3.0170855241681713,-3.014057124517753,-3.0110549236709927,-3.008090036047254,-3.0051784117184,-3.0023429642497983,-2.999616622740086,-2.997046680394896,-2.9947009233166226,-2.9926761206699677,-2.991109472758815,-2.990193404289045
-3.592805281166086,-3.592015615869856,-3.5906472435853303,-3.5888514711268797,-3.586738002171962,-3.5843870781068836,-3.5818578183813115,-3.579194048230089,-3.5764284272520555,-3.573585407358269,-3.570683371752411,-3.5677361936843117,-3.564754379805317,-3.5617459135321563,-3.5587168801728692,-3.5556719322972428,-3.5526146375321237,-3.5495477394166346,-3.546473353700148,-3.54339311652146,-3.5403082965970203,-3.5372198804022936,-3.534128637026037,-3.531035167680869,-3.5279399435996095,-3.5248433351167985,-3.5217456340425657,-3.5186470709192967,-3.5155478283646313,-3.512448051413895,-3.509347855556402,-3.5062473329951027,-3.503146557534173,-3.5000455884045283,-3.4969444732652506,-3.4938432505640993,-3.4907419513983973,-3.487640600985534,-3.4845392198277416,-3.4814378246368816,-3.47833642907042,-3.4752350443185116,-3.4721336795734197,-3.4690323424057183,-3.465931039066493,-3.462829774730656,-3.459728553693298,-3.4566273795285216,-3.453526255218194,-3.450425183256571,-3.4473241657355063,-3.4442232044139947,-3.441122300775065,-3.438021456072433,-3.4349206713688303,-3.4318199475675724,-3.428719285438616,-3.4256186856401145,-3.4225181487362875,-3.4194176752122676,-3.416317265486465,-3.4132169199208886,-3.4101166388297757,-3.4070164224868247,-3.403916271131279,-3.4008161849730496,-3.397716164197033,-3.394616208966777,-3.391516319427585,-3.3884164957091576,-3.38531673792785,-3.3822170461886065,-3.379117420586618,-3.376017861208763,-3.372918368134846,-3.369818941438687,-3.3667195811890713,-3.3636202874505954,-3.3605210602844164,-3.3574218997489305,-3.3543228059003933,-3.3512237787934946,-3.3481248184818937,-3.345025925018734,-3.341927098457148,-3.3388283388507487,-3.335729646254139,-3.332631020723423,-3.3295324623167564,-3.3264339710949224,-3.3233355471219617,-3.3202371904658587,-3.3171389011993138,-3.314040679400594,-3.3109425251545073,-3.307844438553506,-3.3047464196989598,-3.30164846870261,-3.298550585688268,-3.2954527707937817,-3.292355024173342,-3.289257346000175,-3.2861597361977806,-3.2830621946964453,-3.279964721432618,-3.276867316348345,-3.27376997939077,-3.2706727105116773,-3.267575509667092,-3.2644783768169114,-3.261381311924576,-3.258284314956776,-3.255187385883178,-3.2520905246761895,-3.2489937313107347,-3.2458970057640566,-3.2428003480155363,-3.2397037580465304,-3.236607235840221,-3.23351078138148,-3.2304143946567447,-3.227318075653908,-3.2242218243622123,-3.221125640772161,-3.2180295248754303,-3.2149334766647937,-3.211837496134054,-3.208741583277979,-3.2056457380922474,-3.202549960573397,-3.1994542507187846,-3.1963586085265505,-3.193263033995588,-3.190167527125525,-3.18707208791671,-3.1839767163702057,-3.1808814124878007,-3.1777861762720314,-3.174691007726218,-3.171595906854522,-3.1685008736620315,-3.1654059081548747,-3.1623110103403724,-3.159216180227246,-3.1561214178258887,-3.153026723148725,-3.1499320962106814,-3.1468375370297994,-3.1437430456280415,-3.1406486220323426,-3.1375542662759983,-3.1344599784004785,-3.131365758457817,-3.128271606513765,-3.1251775226519483,-3.1220835069793855,-3.118989559633798,-3.1158956807933493,-3.11280187068963,-3.109708129625017,-3.106614457995942,-3.1035208563241725,-3.100427325298936,-3.097333865833828,-3.094240479143865,-3.0911471668500856,-3.088053931121912,-3.084960774871395,-3.0818677020189336,-3.078774717857689,-3.0756818295546324,-3.07258904684121,-3.0694963829678183,-3.066403856026216,-3.063311490786362,-3.060219321254298,-3.0571273942431683,-3.05403577437127,-3.0509445510751063,-3.047853848474565,-3.0447638392849457,-3.0416747644847715,-3.038586961189357,-3.035500902250093,-3.032417252647137,-3.0293369499854523,-3.0262613196566552,-3.023192239950534,-3.0201323792544645,-3.0170855374208725,-3.0140571377699263,-3.0110549369226405,-3.0080900492983824,-3.005178424969017,-3.002342977499914,-2.9996166359897187,-2.9970466936440734,-2.994700936565383,-2.992676133918367,-2.9911094860069336,-2.9901934175369997
-3.5928052940450406,-3.5920156287486935,-3.590647256463963,-3.5888514840052412,-3.5867380150500026,-3.5843870909845634,-3.581857831258599,-3.5791940611069597,-3.57642844012849,-3.573585420234253,-3.570683384627934,-3.5677362065593656,-3.564754392679894,-3.5617459264062497,-3.558716893046476,-3.5556719451703596,-3.5526146504047467,-3.549547752288761,-3.546473366571776,-3.5433931293925873,-3.540308309467646,-3.537219893272417,-3.5341286498956572,-3.531035180549985,-3.5279399564682214,-3.5248433479849046,-3.521745646910166,-3.5186470837863904,-3.5155478412312173,-3.512448064279972,-3.5093478684219703,-3.506247345860163,-3.503146570398724,-3.5000456012685697,-3.496944486128782,-3.493843263427122,-3.4907419642609105,-3.4876406138475375,-3.4845392326892375,-3.48143783749787,-3.4783364419308995,-3.4752350571784834,-3.472133692432884,-3.469032355264676,-3.465931051924944,-3.462829787588598,-3.4597285665507322,-3.456627392385448,-3.453526268074612,-3.4504251961124806,-3.4473241785909075,-3.4442232172688865,-3.441122313629449,-3.438021468926309,-3.434920684222198,-3.4318199604204316,-3.4287192982909658,-3.425618698491954,-3.4225181615876163,-3.419417688063086,-3.4163172783367743,-3.4132169327706885,-3.410116651679065,-3.4070164353356023,-3.4039162839795463,-3.4008161978208054,-3.3977161770442783,-3.394616221813511,-3.3915163322738078,-3.388416508554869,-3.3853167507730504,-3.3822170590332945,-3.3791174334307956,-3.3760178740524305,-3.3729183809780046,-3.3698189542813357,-3.3667195940312107,-3.3636203002922245,-3.360521073125535,-3.357421912589538,-3.3543228187404903,-3.3512237916330814,-3.3481248313209693,-3.345025937857298,-3.3419271112952007,-3.33882835168829,-3.3357296590911685,-3.3326310335599416,-3.3295324751527633,-3.326433983930418,-3.3233355599569454,-3.320237203300331,-3.3171389140332734,-3.314040692234041,-3.3109425379874415,-3.3078444513859293,-3.304746432530872,-3.301648481534012,-3.2985505985191583,-3.2954527836241603,-3.2923550370032086,-3.28925735882953,-3.286159749026624,-3.283062207524777,-3.2799647342604383,-3.2768673291756545,-3.2737699922175683,-3.270672723337964,-3.2675755224928666,-3.2644783896421727,-3.261381324749325,-3.258284327781012,-3.2551873987069015,-3.2520905374994005,-3.2489937441334327,-3.245897018586241,-3.2428003608372067,-3.239703770867686,-3.236607248660862,-3.233510794201606,-3.2304144074763568,-3.2273180884730057,-3.224221837180797,-3.221125653590232,-3.218029537692988,-3.214933489481839,-3.211837508950587,-3.208741596093999,-3.2056457509077534,-3.2025499733883884,-3.1994542635332617,-3.1963586213405124,-3.193263046809037,-3.1901675399384612,-3.187072100729133,-3.1839767291821146,-3.1808814252991957,-3.1777861890829127,-3.1746910205365855,-3.1715959196643766,-3.1685008864713726,-3.1654059209637024,-3.1623110231486855,-3.159216193035044,-3.1561214306331724,-3.153026735955495,-3.1499321090169365,-3.14683754983554,-3.143743058433267,-3.140648634837052,-3.137554279080192,-3.134459991204157,-3.131365771260983,-3.1282716193164166,-3.125177535454086,-3.122083519781007,-3.118989572434904,-3.11589569359394,-3.112801883489706,-3.109708142424578,-3.106614470794988,-3.1035208691227023,-3.1004273380969503,-3.097333878631328,-3.09424049194085,-3.0911471796465557,-3.0880539439178674,-3.0849607876668355,-3.0818677148138582,-3.0787747306520976,-3.0756818423485246,-3.072589059634586,-3.069496395760679,-3.0664038688185626,-3.0633115035781917,-3.060219334045612,-3.057127407033968,-3.0540357871615544,-3.0509445638648747,-3.0478538612638175,-3.044763852073682,-3.0416747772729913,-3.0385869739770603,-3.03550091503728,-3.0324172654338084,-3.029336962771609,-3.0262613324422967,-3.0231922527356603,-3.0201323920390775,-3.017085550204973,-3.0140571505535183,-3.011054949705727,-3.008090062080969,-3.0051784377511117,-3.002342990281529,-2.9996166487708695,-2.997046706424784,-2.9947009493456904,-2.9926761466983254,-2.991109498786623,-2.9901934303165327
-3.5928053064685885,-3.5920156411721296,-3.590647268887201,-3.5888514964282185,-3.5867380274726695,-3.5843871034068835,-3.581857843680542,-3.5791940735285044,-3.5764284525496173,-3.5735854326549488,-3.5706833970481866,-3.5677362189791655,-3.564754405099234,-3.561745938825124,-3.55871690546488,-3.5556719575882885,-3.552614662822198,-3.549547764705732,-3.5464733789882636,-3.5433931418085907,-3.540308321883167,-3.537219905687454,-3.534128662310208,-3.531035192964048,-3.5279399688817943,-3.52484336039799,-3.521745659322764,-3.5186470961985012,-3.5155478536428406,-3.5124480766911073,-3.5093478808326184,-3.506247358270323,-3.5031465828083963,-3.500045613677755,-3.49694449853748,-3.49384327583533,-3.490741976668629,-3.487640626254766,-3.484539245095974,-3.4814378499041156,-3.478336454336655,-3.4752350695837473,-3.4721337048376566,-3.4690323676689574,-3.4659310643287338,-3.462829799991897,-3.459728578953539,-3.456627404787762,-3.4535262804764333,-3.450425208513809,-3.447324190991743,-3.4442232296692303,-3.4411223260293005,-3.438021481325668,-3.4349206966210644,-3.431819972818805,-3.4287193106888463,-3.425618710889343,-3.4225181739845145,-3.4194177004594932,-3.41631729073269,-3.4132169451661136,-3.4101166640739993,-3.407016447730046,-3.4039162963734992,-3.4008162102142667,-3.397716189437249,-3.394616234205991,-3.3915163446657965,-3.388416520946366,-3.3853167631640555,-3.3822170714238076,-3.3791174458208157,-3.376017886441957,-3.3729183933670375,-3.3698189666698752,-3.366719606419257,-3.3636203126797777,-3.360521085512595,-3.3574219249761055,-3.3543228311265656,-3.3512238040186637,-3.348124843706059,-3.3450259502418955,-3.3419271236793047,-3.3388283640719005,-3.335729671474286,-3.332631045942566,-3.3295324875348946,-3.3264339963120553,-3.3233355723380886,-3.3202372156809807,-3.3171389264134303,-3.3140407046137055,-3.3109425503666134,-3.3078444637646083,-3.304746444909057,-3.301648493911702,-3.298550610896354,-3.295452796000862,-3.2923550493794167,-3.2892573712052444,-3.2861597614018434,-3.2830622198995023,-3.2799647466346697,-3.2768673415493916,-3.2737700045908102,-3.2706727357107126,-3.2675755348651214,-3.2644784020139337,-3.261381337120592,-3.258284340151785,-3.2551874110771806,-3.2520905498691848,-3.248993756502722,-3.2458970309550352,-3.2428003732055077,-3.239703783235493,-3.2366072610281753,-3.233510806568425,-3.2304144198426803,-3.227318100838834,-3.2242218495461303,-3.221125665955071,-3.2180295500573317,-3.2149335018456884,-3.2118375213139423,-3.2087416084568594,-3.2056457632701187,-3.20254998575026,-3.1994542758946385,-3.196358633701394,-3.193263059169422,-3.1901675522983504,-3.1870721130885244,-3.183976741541009,-3.180881437657594,-3.177786201440816,-3.174691032893993,-3.1715959320212885,-3.16850089882779,-3.1654059333196236,-3.1623110355041106,-3.1592162053899724,-3.156121442987604,-3.1530267483094305,-3.149932121370377,-3.1468375621884843,-3.143743070785714,-3.140648647189003,-3.137554291431646,-3.134460003555115,-3.1313657836114435,-3.12827163166638,-3.125177547803553,-3.122083532129979,-3.1189895847833804,-3.115895705941921,-3.11280189583719,-3.1097081547715635,-3.1066144831414766,-3.103520881468693,-3.100427350442443,-3.097333890976322,-3.094240504285346,-3.0911471919905544,-3.0880539562613674,-3.084960800009837,-3.081867727156362,-3.078774742994105,-3.075681854690034,-3.072589071975598,-3.0694964081011933,-3.0664038811585774,-3.0633115159177096,-3.0602193463846334,-3.0571274193724913,-3.054035799499581,-3.050944576202405,-3.0478538736008502,-3.0447638644102173,-3.0416747896090297,-3.0385869863126005,-3.035500927372323,-3.0324172777683533,-3.029336975105656,-3.0262613447758464,-3.023192265068714,-3.0201324043716355,-3.0170855625370367,-3.0140571628850887,-3.0110549620368072,-3.0080900744115646,-3.0051784500812295,-3.0023430026111795,-2.9996166611000716,-2.9970467187535625,-2.9947009616740803,-2.992676159026379,-2.9911095111144164,-2.990193442644174
-3.5928053184528577,-3.592015653156289,-3.5906472808711722,-3.5888515084119392,-3.5867380394560926,-3.5843871153899722,-3.581857855663267,-3.5791940855108435,-3.576428464531553,-3.5735854446364677,-3.5706834090292774,-3.567736230959819,-3.5647544170794427,-3.5617459508048834,-3.5587169174441855,-3.5556719695671366,-3.5526146748005853,-3.549547776683657,-3.546473390965725,-3.5433931537855865,-3.5403083338596937,-3.5372199176635113,-3.534128674285797,-3.5310352049391676,-3.527939980856445,-3.5248433723721697,-3.5217456712964723,-3.5186471081717374,-3.5155478656156043,-3.5124480886633984,-3.5093478928044366,-3.506247370241667,-3.503146594779268,-3.500045625648154,-3.4969445105074044,-3.4938432878047814,-3.4907419886376054,-3.4876406382232688,-3.4845392570640032,-3.4814378618716715,-3.478336466303737,-3.475235081550356,-3.4721337168037927,-3.4690323796346205,-3.465931076293923,-3.462829811956611,-3.459728590917779,-3.4566274167515276,-3.4535262924397245,-3.450425220476628,-3.44732420295409,-3.444223241631104,-3.441122337990701,-3.4380214932865965,-3.4349207085815188,-3.4318199847787856,-3.4287193226483534,-3.4256187228483754,-3.4225181859430727,-3.419417712417578,-3.416317302690302,-3.4132169571232507,-3.4101166760306616,-3.407016459686234,-3.4039163083292125,-3.400816222169505,-3.3977162013920115,-3.3946162461602785,-3.3915163566196096,-3.3884165328997047,-3.38531677511692,-3.3822170833761978,-3.3791174577727316,-3.376017898393399,-3.372918405318005,-3.369818978620368,-3.366719618369274,-3.363620324629319,-3.3605210974616604,-3.3574219369246947,-3.354322843074679,-3.3512238159663017,-3.3481248556532215,-3.345025962188583,-3.341927135625517,-3.3388283760176383,-3.3357296834195473,-3.3326310578873515,-3.329532499479204,-3.3264340082558883,-3.323335584281445,-3.3202372276238603,-3.317138938355834,-3.3140407165556325,-3.310942562308065,-3.307844475705583,-3.3047464568495557,-3.301648505851724,-3.2985506228359,-3.2954528079399314,-3.2923550613180086,-3.28925738314336,-3.2861597733394827,-3.283062231836665,-3.2799647585713556,-3.276867353485601,-3.273770016526543,-3.2706727476459685,-3.2675755467999004,-3.2644784139482366,-3.2613813490544183,-3.2582843520851337,-3.2551874230100513,-3.252090561801578,-3.248993768434638,-3.245897042886475,-3.242800385136469,-3.239703795165978,-3.2366072729581825,-3.2335108184979546,-3.230414431771733,-3.2273181127674095,-3.224221861474229,-3.2211256778826924,-3.218029561984477,-3.2149335137723565,-3.2118375332401325,-3.2087416203825723,-3.205645775195354,-3.2025499976750176,-3.1994542878189187,-3.1963586456251987,-3.1932630710927494,-3.1901675642212,-3.187072125010897,-3.1839767534629035,-3.1808814495790103,-3.177786213361753,-3.174691044814451,-3.1715959439412664,-3.1685009107472877,-3.1654059452386423,-3.162311047422651,-3.1592162173080363,-3.1561214549051906,-3.153026760226538,-3.149932133287006,-3.1468375741046355,-3.143743082701388,-3.1406486591041998,-3.137554303346365,-3.1344600154693545,-3.131365795525203,-3.1282716435796605,-3.1251775597163527,-3.1220835440422974,-3.1189895966952177,-3.1158957178532773,-3.1128019077480666,-3.109708166681962,-3.1066144950513963,-3.1035208933781346,-3.1004273623514056,-3.0973339028848055,-3.094240516193351,-3.0911472038980796,-3.088053968168414,-3.084960811916404,-3.0818677390624503,-3.078774754899712,-3.0756818665951613,-3.0725890838802443,-3.069496420005359,-3.0664038930622626,-3.0633115278209138,-3.060219358287356,-3.0571274312747327,-3.0540358114013424,-3.050944588103686,-3.0478538855016515,-3.044763876310538,-3.0416748015088695,-3.03858699821196,-3.035500939271202,-3.0324172896667525,-3.0293369870035747,-3.0262613566732854,-3.023192276965673,-3.0201324162681167,-3.0170855744330427,-3.0140571747806204,-3.011054973931869,-3.0080900863061606,-3.005178461975368,-3.0023430145048713,-2.999616672993332,-2.9970467306464137,-2.9947009735665566,-2.992676170918531,-2.991109523006318,-2.990193454535929
-3.592805330013374,-3.592015664716702,-3.5906472924314032,-3.5888515199719278,-3.586738051015792,-3.5843871269493484,-3.5818578672222925,-3.5791940970694958,-3.576428476089816,-3.5735854561943268,-3.570683420586722,-3.567736242516842,-3.564754428636038,-3.561745962361045,-3.5587169289999085,-3.5556719811224196,-3.552614686355425,-3.5495477882380513,-3.5464734025196716,-3.543393165339083,-3.540308345412738,-3.5372199292161017,-3.5341286858379344,-3.531035216490851,-3.5279399924076746,-3.524843383922945,-3.521745682846793,-3.518647119721603,-3.515547877165015,-3.512448100212355,-3.509347904352938,-3.5062473817897133,-3.5031466063268573,-3.5000456371952855,-3.4969445220540805,-3.493843299351001,-3.4907420001833698,-3.487640649768577,-3.4845392686088554,-3.4814378734160667,-3.478336477847676,-3.47523509309384,-3.47213372834682,-3.469032391177191,-3.4659310878360388,-3.4628298234982715,-3.4597286024589837,-3.4566274282922764,-3.453526303980016,-3.4504252320164612,-3.447324214493464,-3.4442232531700205,-3.441122349529159,-3.4380215048245946,-3.434920720119059,-3.4318199963158675,-3.4287193341849775,-3.425618734384542,-3.422518197478781,-3.4194177239528276,-3.416317314225093,-3.413216968657585,-3.4101166875645386,-3.4070164712196536,-3.403916319862173,-3.4008162337020083,-3.3977162129240566,-3.394616257691866,-3.3915163681507385,-3.388416544430376,-3.3853167866471336,-3.3822170949059545,-3.3791174693020305,-3.3760179099222394,-3.372918416846388,-3.3698189901482936,-3.3667196298967417,-3.3636203361563286,-3.3605211089882117,-3.357421948450787,-3.3543228546003108,-3.3512238274914736,-3.3481248671779333,-3.345025973712835,-3.341927147149309,-3.33882838754097,-3.3357296949424198,-3.332631069409765,-3.32953251100116,-3.3264340197773867,-3.3233355958024857,-3.3202372391444426,-3.317138949875957,-3.3140407280752964,-3.310942573827269,-3.3078444872243287,-3.3047464683678425,-3.301648517369552,-3.2985506343532687,-3.2954528194568415,-3.2923550728344617,-3.289257394659355,-3.2861597848550197,-3.2830622433517433,-3.279964770085974,-3.276867364999759,-3.273770028040242,-3.270672759159207,-3.2675755583126787,-3.2644784254605543,-3.2613813605662756,-3.258284363596531,-3.255187434520989,-3.2520905733120555,-3.248993779944656,-3.2458970543960324,-3.2428003966455665,-3.2397038066746147,-3.23660728446636,-3.2335108300056725,-3.230414443278991,-3.2273181242742073,-3.224221872980565,-3.2211256893885674,-3.218029573489891,-3.2149335252773086,-3.2118375447446232,-3.2087416318866016,-3.2056457866989225,-3.202550009178125,-3.199454299321565,-3.1963586571273828,-3.1932630825944726,-3.1901675757224615,-3.1870721365116967,-3.1839767649632433,-3.1808814610788896,-3.1777862248611717,-3.174691056313409,-3.1715959554397637,-3.1685009222453244,-3.165405956736218,-3.162311058919765,-3.159216228804688,-3.1561214664013795,-3.153026771722265,-3.149932144782271,-3.1468375855994375,-3.143743094195727,-3.140648670598076,-3.1375543148397798,-3.134460026962308,-3.131365807017696,-3.128271655071692,-3.1251775712079235,-3.1220835555334063,-3.1189896081858643,-3.1158957293434613,-3.112801919237788,-3.10970817817122,-3.1066145065401902,-3.1035209048664654,-3.1004273738392727,-3.097333914372209,-3.094240527680291,-3.091147215384556,-3.088053979654426,-3.084960823401953,-3.0818677505475356,-3.0787747663843352,-3.075681878079323,-3.072589095363945,-3.0694964314885977,-3.0664039045450395,-3.0633115393032284,-3.0602193697692086,-3.0571274427561232,-3.0540358228822693,-3.0509445995841484,-3.0478538969816493,-3.0447638877900727,-3.0416748129879405,-3.0385870096905685,-3.0355009507493476,-3.0324173011444358,-3.0293369984807965,-3.0262613681500454,-3.023192288441973,-3.020132427743955,-3.0170855859084207,-3.0140571862555414,-3.0110549854063358,-3.008090097780178,-3.0051784734489417,-3.0023430259780115,-2.9996166844660537,-2.9970467421187403,-2.9947009850385227,-2.992676182390185,-2.9911095344777294,-2.990193466007199
-3.592805341165119,-3.592015675868346,-3.5906473035828683,-3.588851531123158,-3.5867380621667437,-3.584387138099985,-3.58185787837259,-3.579194108219434,-3.576428487239378,-3.573585467343501,-3.5706834317354974,-3.5677362536652115,-3.5647544397839934,-3.5617459735085815,-3.5587169401470224,-3.5556719922691067,-3.552614697501684,-3.5495477993838795,-3.546473413665068,-3.5433931764840474,-3.5403083565572704,-3.5372199403602,-3.5341286969815964,-3.531035227634077,-3.527940003550464,-3.524843395065297,-3.521745693988708,-3.51864713086308,-3.515547888306053,-3.5124481113529527,-3.5093479154930947,-3.506247392929429,-3.503146617466133,-3.5000456483341202,-3.4969445331924756,-3.493843310488956,-3.4907420113208842,-3.487640660905652,-3.48453927974549,-3.4814378845522618,-3.4783364889834316,-3.475235104229155,-3.472133739481695,-3.4690324023116252,-3.465931098970031,-3.4628298346318225,-3.4597286135920933,-3.456627439424945,-3.4535263151122435,-3.450425243148248,-3.4473242256248104,-3.444223264300925,-3.441122360659622,-3.4380215159546177,-3.4349207312486416,-3.43182000744501,-3.4287193453136786,-3.4256187455128013,-3.4225182086065993,-3.4194177350802044,-3.4163173253520274,-3.4132169797840772,-3.4101166986905884,-3.407016482345261,-3.403916330987339,-3.400816244826732,-3.397716224048339,-3.3946162688157058,-3.3915163792741363,-3.3884165555533303,-3.3853167977696446,-3.3822171060280217,-3.3791174804236555,-3.376017921043424,-3.3729184279671305,-3.369819001268594,-3.3667196410166,-3.3636203472757447,-3.360521120107185,-3.357421959569318,-3.354322865718401,-3.3512238386091218,-3.34812487829514,-3.3450259848295993,-3.3419271582656322,-3.3388283986568514,-3.33572970605786,-3.332631080524762,-3.329532522115714,-3.3264340308914977,-3.3233356069161535,-3.3202372502576685,-3.317138960988741,-3.3140407391876385,-3.31094258493917,-3.307844498335787,-3.3047464794788586,-3.3016485284801256,-3.2985506454633993,-3.295452830566529,-3.2923550839437046,-3.289257405768153,-3.2861597959633735,-3.2830622544596535,-3.279964781193442,-3.276867376106785,-3.273770039146825,-3.2706727702653473,-3.2675755694183763,-3.264478436565809,-3.2613813716710855,-3.258284374700896,-3.2551874456249097,-3.252090584415533,-3.2489937910476887,-3.245897065498621,-3.2428004077477106,-3.239703817776314,-3.2366072955676137,-3.2335108411064812,-3.230414454379355,-3.227318135374127,-3.224221884080041,-3.2211257004875997,-3.2180295845884785,-3.2149335363754523,-3.2118375558423224,-3.208741642983856,-3.205645797795732,-3.2025500202744888,-3.1994543104174835,-3.1963586682228566,-3.1932630936895032,-3.190167586817049,-3.1870721476058415,-3.183976776056943,-3.1808814721721443,-3.1777862359539797,-3.1746910674057713,-3.171595966531681,-3.1685009333367966,-3.165405967827245,-3.1623110700103467,-3.1592162398948234,-3.1561214774910695,-3.15302678281151,-3.149932155871069,-3.1468375966877904,-3.1437431052836335,-3.1406486816855366,-3.1375543259267937,-3.134460038048876,-3.131365818103816,-3.1282716661573655,-3.1251775822931505,-3.1220835666181888,-3.1189896192702014,-3.1158957404273524,-3.112801930321233,-3.1097081892542184,-3.1066145176227433,-3.1035209159485717,-3.1004273849209336,-3.097333925453424,-3.0942405387610594,-3.0911472264648787,-3.0880539907343034,-3.0849608344813846,-3.081867761626521,-3.0787747774628733,-3.075681889157414,-3.072589106441588,-3.0694964425657933,-3.066403915621789,-3.0633115503795305,-3.0602193808450644,-3.057127453831532,-3.0540358339572307,-3.050944610658663,-3.047853908055717,-3.0447638988636943,-3.0416748240611167,-3.0385870207632983,-3.035500961821631,-3.032417312216273,-3.0293370095521874,-3.0262613792209905,-3.023192299512472,-3.020132438814011,-3.0170855969780335,-3.0140571973247137,-3.01105499647507,-3.0080901088484793,-3.0051784845168164,-3.00234303704547,-2.9996166955331103,-2.9970467531854177,-2.994700996104852,-2.9926761934562127,-2.9911095455435226,-2.990193477072855
-3.592805351922538,-3.592015686625668,-3.590647314340021,-3.5888515418800853,-3.586738072923403,-3.584387148856344,-3.581857889128623,-3.5791941189751193,-3.576428497994699,-3.5735854780984457,-3.5706834424900578,-3.567736264419378,-3.5647544505377606,-3.561745984261945,-3.558716950899978,-3.555672003021652,-3.552614708253816,-3.5495478101355964,-3.5464734244163685,-3.5433931872349302,-3.5403083673077336,-3.537219951110244,-3.5341287077312193,-3.5310352383832795,-3.527940014299246,-3.524843405813658,-3.5217457047366465,-3.5186471416105953,-3.515547899053144,-3.5124481220996207,-3.5093479262393403,-3.5062474036752524,-3.503146628211533,-3.500045659079097,-3.4969445439370266,-3.4938433212330815,-3.490742022064585,-3.487640671648926,-3.4845392904883385,-3.481437895294685,-3.478336499725429,-3.475235114970727,-3.472133750222841,-3.4690324130523464,-3.4659311097103274,-3.462829845371694,-3.4597286243315395,-3.456627450163966,-3.4535263258508406,-3.45042525388642,-3.4473242363625576,-3.444223275038247,-3.4411223713965198,-3.4380215266910907,-3.43492074198469,-3.431820018180633,-3.4287193560488767,-3.425618756247574,-3.4225182193409456,-3.419417745814125,-3.416317336085522,-3.413216990517145,-3.4101167094232316,-3.4070164930774784,-3.4039163417191305,-3.400816255558098,-3.397716234779279,-3.3946162795462214,-3.3915163900042264,-3.3884165662829955,-3.3853168084988843,-3.3822171167568356,-3.3791174911520416,-3.376017931771382,-3.37291843869466,-3.3698190119956957,-3.366719651743275,-3.3636203580019934,-3.3605211308330074,-3.3574219702947143,-3.354322876443371,-3.3512238493336657,-3.3481248890192576,-3.34502599555329,-3.341927168988896,-3.3388284093796887,-3.33572971678027,-3.332631091246746,-3.32953253283727,-3.326434041612626,-3.3233356176368543,-3.3202372609779416,-3.317138971708586,-3.314040749907056,-3.310942595658159,-3.3078445090543482,-3.3047464901969916,-3.3016485391978314,-3.298550656180678,-3.295452841283381,-3.292355094660129,-3.2892574164841517,-3.2861598066789455,-3.2830622651747987,-3.27996479190816,-3.2768673868210745,-3.2737700498606865,-3.2706727809787806,-3.2675755801313815,-3.264478447278386,-3.2613813823832354,-3.2582843854126176,-3.2551874563362033,-3.2520905951263974,-3.2489938017581252,-3.2458970762086286,-3.2428004184572905,-3.2397038284854665,-3.2366073062763387,-3.2335108518147786,-3.2304144650872235,-3.2273181460815663,-3.2242218947870516,-3.2211257111941802,-3.2180295952946296,-3.2149335470811744,-3.2118375665476147,-3.2087416536887186,-3.205645808500165,-3.2025500309784936,-3.1994543211210598,-3.1963586789260043,-3.19326310439222,-3.190167597519336,-3.1870721583076973,-3.183976786758369,-3.1808814828731404,-3.177786246654547,-3.1746910781059086,-3.1715959772313873,-3.1685009440360723,-3.16540597852609,-3.1623110807087618,-3.15921625059281,-3.156121488188627,-3.153026793508638,-3.1499321665677686,-3.14683760738406,-3.1437431159794738,-3.140648692380947,-3.137554336621775,-3.1344600487434278,-3.1313658287979393,-3.128271676851059,-3.125177592986413,-3.12208357731102,-3.1189896299626017,-3.115895751119323,-3.1128019410127736,-3.10970819994533,-3.106614528313425,-3.1035209266388235,-3.1004273956107546,-3.0973339361428147,-3.0942405494500194,-3.0911472371534074,-3.088054001422402,-3.0849608451690522,-3.081867772313758,-3.0787747881496803,-3.07568189984379,-3.0725891171275332,-3.0694964532513076,-3.06640392630687,-3.0633115610641806,-3.0602193915292824,-3.057127464515319,-3.0540358446405875,-3.0509446213415905,-3.0478539187382157,-3.044763909545761,-3.0416748347427522,-3.0385870314445027,-3.035500972502405,-3.0324173228966167,-3.029337020232101,-3.026261389900474,-3.0231923101915266,-3.0201324494926367,-3.017085607656232,-3.014057208002486,-3.0110550071524207,-3.008090119525412,-3.0051784951933382,-3.002343047721589,-2.999616706208842,-2.9970467638607827,-2.9947010067798807,-2.9926762041309507,-2.991109556218036,-2.9901934877472374
-3.5928053622995897,-3.5920156970026267,-3.5906473247168162,-3.5888515522566626,-3.5867380832997218,-3.5843871592323713,-3.5818578995043335,-3.5791941293504945,-3.576428508369725,-3.5735854884731104,-3.5706834528643507,-3.5677362747932917,-3.5647544609112916,-3.5617459946350882,-3.55871696127273,-3.555672013394007,-3.5526147186257737,-3.549547820507153,-3.5464734347875213,-3.543393197605679,-3.5403083776780786,-3.537219961480185,-3.5341287181007557,-3.5310352487524095,-3.5279400246679673,-3.5248434161819695,-3.521745715104549,-3.5186471519780897,-3.5155479094202318,-3.5124481324662984,-3.5093479366056086,-3.5062474140411104,-3.503146638576981,-3.500045669444136,-3.496944554301657,-3.4938433315973034,-3.4907420324283986,-3.4876406820123322,-3.4845393008513375,-3.481437905657274,-3.478336510087608,-3.475235125332495,-3.472133760584199,-3.469032423413295,-3.465931120070866,-3.462829855731823,-3.4597286346912592,-3.4566274605232756,-3.4535263362097397,-3.450425264244909,-3.4473242467206364,-3.4442232853959154,-3.4411223817537766,-3.438021537047936,-3.4349207523411236,-3.4318200285366562,-3.428719366404489,-3.4256187666027764,-3.4225182296957373,-3.4194177561685057,-3.416317346439492,-3.413217000870705,-3.410116719776379,-3.407016503430214,-3.4039163520714553,-3.4008162659100116,-3.397716245130781,-3.394616289897311,-3.391516400354905,-3.3884165766332637,-3.385316818848741,-3.38221712710628,-3.379117501501076,-3.376017942120005,-3.372918449042873,-3.3698190223434974,-3.3667196620906648,-3.3636203683489705,-3.3605211411795732,-3.357421980640869,-3.354322886789114,-3.351223859678997,-3.3481248993641763,-3.3450260058977963,-3.341927179332989,-3.3388284197233693,-3.335729727123538,-3.3326311015896017,-3.329532543179714,-3.3264340519546582,-3.3233356279784747,-3.3202372713191495,-3.3171389820493817,-3.3140407602474378,-3.310942605998126,-3.3078445193939015,-3.304746500536132,-3.301648549536558,-3.298550666518992,-3.2954528516212815,-3.292355104997617,-3.2892574268212256,-3.286159817015606,-3.2830622755110457,-3.2799648022439927,-3.276867397156495,-3.2737700601956945,-3.270672791313376,-3.267575590465565,-3.2644784576121575,-3.2613813927165953,-3.2582843957455663,-3.2551874666687395,-3.252090605458521,-3.248993812089836,-3.245897086539928,-3.2428004287881764,-3.2397038388159394,-3.2366073166063978,-3.2335108621444237,-3.2304144754164557,-3.227318156410386,-3.224221905115459,-3.221125721522175,-3.2180296056222124,-3.214933557408344,-3.2118375768743723,-3.208741664015064,-3.2056458188260972,-3.202550041304011,-3.1994543314461628,-3.196358689250691,-3.1932631147164923,-3.190167607843192,-3.187072168631138,-3.1839767970813946,-3.180881493195751,-3.1777862569767423,-3.174691088427689,-3.1715959875527546,-3.168500954357026,-3.165405988846629,-3.162311091028886,-3.159216260912519,-3.156121498507922,-3.1530268038275184,-3.1499321768862343,-3.146837617702111,-3.1437431262971103,-3.1406487026981686,-3.137554346938582,-3.13446005905982,-3.1313658391139176,-3.1282716871666234,-3.125177603301564,-3.1220835876257578,-3.118989640276926,-3.115895761433233,-3.1128019513262677,-3.109708210258408,-3.106614538626088,-3.103520936951072,-3.1004274059225887,-3.0973339464542344,-3.094240559761025,-3.091147247463998,-3.0880540117325763,-3.08496085547881,-3.0818677826230996,-3.0787747984586056,-3.0756819101522996,-3.0725891274356276,-3.0694964635589868,-3.066403936614135,-3.06331157137103,-3.0602194018357167,-3.0571274748213377,-3.05403585494619,-3.0509446316467774,-3.047853929042986,-3.044763919850116,-3.041674845046691,-3.0385870417480247,-3.0355009828055106,-3.032417333199306,-3.029337030534374,-3.026261400202332,-3.0231923204929694,-3.0201324597936656,-3.0170856179568486,-3.0140572183026926,-3.011055017452219,-3.0080901298248066,-3.0051785054923355,-3.0023430580201986,-2.999616716507077,-2.997046774158662,-2.994701017077435,-2.992676214428225,-2.9911095665150933,-2.990193498044168
-3.592805372309707,-3.592015707012652,-3.590647334726682,-3.5888515622663184,-3.586738093309127,-3.584387169241498,-3.5818579095131575,-3.579194139358998,-3.576428518377892,-3.573585498480929,-3.570683462871813,-3.5677362848003904,-3.5647544709180194,-3.5617460046414395,-3.5587169712787006,-3.555672023399596,-3.5526147286309775,-3.5495478305119703,-3.546473444791951,-3.5433932076097188,-3.5403083876817276,-3.537219971483443,-3.5341287281036213,-3.5310352587548817,-3.5279400346700474,-3.524843426183658,-3.521745725105845,-3.518647161978993,-3.5155479194207424,-3.5124481424664165,-3.509347946605333,-3.506247424040441,-3.5031466485759175,-3.5000456794426773,-3.496944564299803,-3.4938433415950527,-3.490742042425751,-3.4876406920092884,-3.4845393108478966,-3.481437915653437,-3.4783365200833765,-3.4752351353278685,-3.4721337705791777,-3.469032433407877,-3.465931130065052,-3.4628298657256122,-3.459728644684652,-3.456627470516272,-3.4535263462023407,-3.450425274237114,-3.4473242567124447,-3.4442232953873275,-3.441122391744793,-3.4380215470385567,-3.4349207623313487,-3.4318200385264843,-3.4287193763939214,-3.425618776591813,-3.422518239684378,-3.4194177661567497,-3.41631735642734,-3.413217010858156,-3.4101167297634345,-3.4070165134168744,-3.4039163620577195,-3.4008162758958806,-3.397716255116254,-3.3946162998823874,-3.391516410339583,-3.3884165866175433,-3.385316828832623,-3.382217137089766,-3.3791175114841647,-3.3760179521026967,-3.3729184590251684,-3.3698190323253967,-3.3667196720721684,-3.3636203783300784,-3.360521151160285,-3.357421990621184,-3.3543228967690326,-3.3512238696585195,-3.3481249093433028,-3.3450260158765266,-3.341927189311324,-3.3388284297013073,-3.335729737101079,-3.3326311115667444,-3.329532553156459,-3.3264340619310055,-3.323335637954424,-3.320237281294702,-3.317138992024536,-3.3140407702221957,-3.3109426159724875,-3.307844529367866,-3.3047465105096987,-3.3016485595097276,-3.2985506764917627,-3.2954528615936542,-3.2923551149695913,-3.2892574367928016,-3.2861598269867844,-3.2830622854818263,-3.2799648122143754,-3.2768674071264794,-3.2737700701652797,-3.2706728012825614,-3.267575600434351,-3.264478467580544,-3.261381402684583,-3.2582844057131553,-3.25518747663593,-3.2520906154253137,-3.24899382205623,-3.2458970965059226,-3.242800438753772,-3.239703848781135,-3.2366073265711948,-3.233510872108822,-3.230414485380455,-3.2273181663739856,-3.224221915078658,-3.2211257314849746,-3.218029615584612,-3.2149335673703443,-3.2118375868359728,-3.2087416739762653,-3.2056458287868987,-3.202550051264413,-3.1994543414061654,-3.196358699210295,-3.1932631246756986,-3.190167617802001,-3.1870721785895486,-3.183976807039407,-3.180881503153365,-3.1777862669339583,-3.1746910983845065,-3.171595997509172,-3.1685009643130426,-3.165405998802247,-3.162311100984105,-3.159216270867339,-3.156121508462342,-3.15302681378154,-3.1499321868398567,-3.146837627655334,-3.1437431362499333,-3.140648712650592,-3.1375543568906052,-3.134460069011443,-3.1313658490651393,-3.1282716971174436,-3.1251776132519833,-3.122083597575776,-3.1189896502265437,-3.115895771382451,-3.112801961275087,-3.1097082202068274,-3.1066145485741057,-3.1035209468986884,-3.1004274158698037,-3.097333956401047,-3.0942405697074356,-3.091147257410007,-3.0880540216781833,-3.0849608654240166,-3.081867792567905,-3.0787748084030104,-3.0756819200963035,-3.0725891373792313,-3.0694964735021903,-3.0664039465569384,-3.063311581313433,-3.0602194117777195,-3.0571274847629395,-3.0540358648873913,-3.0509446415875763,-3.0478539389833834,-3.044763929790112,-3.041674854986286,-3.0385870516872195,-3.0355009927443044,-3.032417343137698,-3.029337040472365,-3.026261410139922,-3.0231923304301587,-3.0201324697304557,-3.0170856278932408,-3.014057228238688,-3.011055027387821,-3.008090139760019,-3.005178515427164,-3.0023430679546528,-2.99961672644117,-2.997046784092415,-2.994701027010876,-2.992676224361395,-2.991109576448054,-2.9901935079770063
-3.5928053819658667,-3.592015716668726,-3.5906473443826044,-3.5888515719220395,-3.5867381029646093,-3.58438717889671,-3.5818579191680757,-3.579194149013605,-3.5764285280321744,-3.573585508134876,-3.570683472525415,-3.56773629445364,-3.5647544805709104,-3.5617460142939685,-3.558716980930865,-3.555672033051392,-3.5526147382824016,-3.5495478401630227,-3.5464734544426286,-3.5433932172600207,-3.540308397331652,-3.5372199811329885,-3.5341287377527872,-3.5310352684036688,-3.5279400443184543,-3.5248434358316856,-3.5217457347534915,-3.5186471716262577,-3.5155479290676253,-3.5124481521129187,-3.5093479562514545,-3.5062474336861835,-3.5031466582212802,-3.5000456890876612,-3.4969445739444076,-3.4938433512392795,-3.490742052069598,-3.487640701652755,-3.484539320490982,-3.4814379252961416,-3.478336529725699,-3.475235144969808,-3.4721337802207346,-3.4690324430490524,-3.465931139705845,-3.462829875366023,-3.4597286543246812,-3.4566274801559205,-3.453526355841607,-3.450425283875998,-3.447324266350947,-3.4442233050254494,-3.4411224013825343,-3.438021556675917,-3.4349207719683266,-3.431820048163082,-3.4287193860301377,-3.4256187862276475,-3.4225182493198316,-3.4194177757918234,-3.4163173660620316,-3.4132170204924663,-3.4101167393973624,-3.40701652305042,-3.4039163716908827,-3.40081628552866,-3.397716264748652,-3.3946163095144035,-3.391516419971218,-3.388416596248796,-3.3853168384634937,-3.382217146720254,-3.37911752111427,-3.376017961732419,-3.3729184686545066,-3.3698190419543517,-3.366719681700739,-3.363620387958266,-3.360521160788089,-3.357422000248604,-3.354322906396068,-3.3512238792851696,-3.348124918969569,-3.3450260255024094,-3.3419271989368236,-3.3388284393264245,-3.335729746725814,-3.332631121191097,-3.3295325627804297,-3.3264340715545937,-3.32333564757763,-3.320237290917524,-3.317139001646975,-3.314040779844251,-3.3109426255941594,-3.307844538989154,-3.3047465201306028,-3.3016485691302475,-3.2985506861118985,-3.295452871213406,-3.2923551245889593,-3.2892574464117854,-3.2861598366053832,-3.28306229510004,-3.2799648218322046,-3.2768674167439236,-3.2737700797823392,-3.2706728108992373,-3.267575610050643,-3.264478477196452,-3.261381412300106,-3.2582844153282937,-3.255187486250684,-3.2520906250396826,-3.2489938316702145,-3.245897106119522,-3.2428004483669874,-3.2397038583939675,-3.236607336183643,-3.233510881720886,-3.2304144949921345,-3.2273181759852805,-3.2242219246895676,-3.2211257410954985,-3.2180296251947507,-3.2149335769800977,-3.211837596445341,-3.2087416835852487,-3.205645838395499,-3.202550060872629,-3.199454351013997,-3.1963587088177428,-3.19326313428276,-3.190167627408676,-3.187072188195839,-3.183976816645312,-3.1808815127588854,-3.177786276539093,-3.1746911079892564,-3.1715960071135365,-3.168500973917023,-3.1654060084058426,-3.1623111105873156,-3.1592162804701642,-3.156121518064782,-3.1530268233835934,-3.1499321964415246,-3.1468376372566165,-3.1437431458508307,-3.1406487222511035,-3.13755436649073,-3.134460078611181,-3.1313658586644917,-3.1282717067164105,-3.1251776228505648,-3.122083607173972,-3.118989659824354,-3.1158957809798746,-3.1128019708721237,-3.109708229803477,-3.10661455817037,-3.1035209564945667,-3.1004274254652966,-3.0973339659961545,-3.0942405793021575,-3.091147267004344,-3.0880540312721347,-3.0849608750175825,-3.0818678021610855,-3.0787748179958037,-3.07568192968871,-3.0725891469712505,-3.0694964830938223,-3.066403956148182,-3.0633115909042896,-3.0602194213681884,-3.0571274943530216,-3.054035874477086,-3.0509446511768843,-3.0478539485723037,-3.0447639393786448,-3.0416748645744303,-3.0385870612749764,-3.035501002331674,-3.032417352724681,-3.029337050058961,-3.0262614197261324,-3.023192340015984,-3.0201324793158966,-3.0170856374782984,-3.014057237823364,-3.0110550369721176,-3.0080901493439405,-3.005178525010716,-3.0023430775378444,-2.9996167360240134,-2.997046793674928,-2.994701036593087,-2.992676233943345,-2.9911095860298014,-2.9901935175586356
-3.592805391280601,-3.592015725983376,-3.5906473536971077,-3.5888515812363466,-3.586738112278684,-3.584387188210523,-3.581857928481606,-3.5791941583268345,-3.5764285373450897,-3.573585517447467,-3.570683481837674,-3.567736303765561,-3.5647544898824886,-3.5617460236051985,-3.558716990241742,-3.5556720423619135,-3.5526147475925667,-3.5495478494728285,-3.5464734637520743,-3.5433932265691053,-3.540308406640374,-3.5372199904413457,-3.5341287470607794,-3.531035277711296,-3.5279400536257164,-3.5248434451385813,-3.5217457440600217,-3.5186471809324225,-3.515547938373423,-3.5124481614183494,-3.5093479655565174,-3.506247442990877,-3.503146667525605,-3.5000456983916166,-3.4969445832479935,-3.4938433605424946,-3.4907420613724436,-3.487640710955232,-3.4845393297930918,-3.481437934597883,-3.4783365390270733,-3.4752351542708158,-3.4721337895213744,-3.4690324523493237,-3.4659311490057485,-3.462829884665559,-3.459728663623849,-3.456627489454719,-3.4535263651400383,-3.4504252931740633,-3.4473242756486457,-3.44422331432278,-3.4411224106794953,-3.438021565972508,-3.43492078126455,-3.431820057458937,-3.4287193953256243,-3.4256187955227664,-3.422518258614582,-3.4194177850862055,-3.416317375356046,-3.4132170297861117,-3.410116748690639,-3.407016532343328,-3.403916380983422,-3.4008162948208307,-3.3977162740404516,-3.394616318805833,-3.3915164292622775,-3.3884166055394855,-3.3853168477538147,-3.382217156010206,-3.379117530403853,-3.376017971021634,-3.3729184779433528,-3.3698190512428288,-3.3667196909888473,-3.3636203972460046,-3.3605211700754576,-3.3574220095356027,-3.354322915682698,-3.3512238885714307,-3.3481249282554604,-3.345026034787932,-3.3419272082219758,-3.3388284486112063,-3.3357297560102253,-3.332631130475138,-3.3295325720640996,-3.326434080837893,-3.323335656860559,-3.3202373002000845,-3.3171390109291656,-3.314040789126071,-3.3109426348756092,-3.3078445482702334,-3.3047465294113114,-3.3016485784105853,-3.298550695391867,-3.2954528804930034,-3.292355133868186,-3.2892574556906418,-3.2861598458838697,-3.2830623043781566,-3.2799648311099507,-3.276867426021299,-3.2737700890593437,-3.2706728201758715,-3.2675756193269065,-3.2644784864723464,-3.26138142157563,-3.258284424603447,-3.2551874955254667,-3.2520906343140954,-3.2489938409442565,-3.245897115393194,-3.242800457640289,-3.2397038676668974,-3.236607345456202,-3.233510890993073,-3.2304145042639503,-3.2273181852567254,-3.224221933960642,-3.221125750366203,-3.218029634465085,-3.214933586250061,-3.2118376057149343,-3.2087416928544705,-3.205645847664349,-3.202550070141108,-3.1994543602821044,-3.196358718085479,-3.193263143550126,-3.190167636675672,-3.1870721974624634,-3.1839768259115644,-3.1808815220247655,-3.1777862858046015,-3.174691117254393,-3.171596016378302,-3.168500983181416,-3.1654060176698637,-3.162311119850964,-3.1592162897334393,-3.1561215273276835,-3.153026832646122,-3.14993220570368,-3.146837646518399,-3.1437431551122397,-3.1406487315121403,-3.137554375751395,-3.1344600878714743,-3.131365867924413,-3.1282717159759597,-3.125177632109742,-3.1220836164327763,-3.1189896690827865,-3.1158957902379347,-3.112801980129812,-3.109708239060794,-3.1066145674273153,-3.1035209657511396,-3.100427434721497,-3.097333975251982,-3.0942405885576116,-3.0911472762594245,-3.088054040526843,-3.084960884271918,-3.0818678114150484,-3.0787748272493936,-3.0756819389419268,-3.0725891562240943,-3.0694964923462926,-3.0664039654002795,-3.0633116001560134,-3.0602194306195383,-3.0571275036039984,-3.0540358837276895,-3.0509446604271147,-3.04785395782216,-3.0447639486281277,-3.0416748738235397,-3.0385870705237115,-3.035501011580035,-3.0324173619726693,-3.029337059306578,-3.026261428973377,-3.023192349262857,-3.020132488562398,-3.0170856467244294,-3.0140572470691267,-3.011055046217515,-3.0080901585889745,-3.0051785342553923,-3.0023430867821705,-2.999616745268002,-2.9970468029185984,-2.9947010458364653,-2.9926762431864713,-2.991109595272732,-2.990193526801452
-3.592805400265971,-3.5920157349686637,-3.5906473626822515,-3.5888515902213016,-3.5867381212634153,-3.5843871971950034,-3.581857937465813,-3.5791941673107517,-3.5764285463287044,-3.5735855264307683,-3.570683490820652,-3.5677363127482087,-3.5647544988648026,-3.561746032587175,-3.558716999223379,-3.5556720513432083,-3.552614756573516,-3.5495478584534306,-3.5464734727323286,-3.5433932355490096,-3.5403084156199287,-3.5372199994205515,-3.5341287560396366,-3.531035286689802,-3.5279400626038715,-3.524843454116384,-3.521745753037471,-3.518647189909519,-3.5155479473501665,-3.512448170394739,-3.5093479745325538,-3.5062474519665594,-3.503146676500934,-3.5000457073665916,-3.4969445922226163,-3.4938433695167643,-3.49074207034636,-3.487640719928794,-3.4845393387662997,-3.481437943570738,-3.4783365479995734,-3.4752351632429614,-3.4721337984931657,-3.46903246132076,-3.4659311579768293,-3.4628298936362842,-3.459728672594219,-3.4566274984247345,-3.453526374109698,-3.450425302143367,-3.447324284617592,-3.444223323291371,-3.4411224196477312,-3.4380215749403904,-3.4349207902320766,-3.431820066426107,-3.4287194042924383,-3.4256188044892237,-3.422518267580684,-3.419417794051951,-3.4163173843214354,-3.4132170387511453,-3.4101167576553166,-3.407016541307649,-3.403916389947387,-3.400816303784439,-3.3977162830037044,-3.39461632776873,-3.391516438224817,-3.388416614501668,-3.3853168567156384,-3.382217164971673,-3.379117539364963,-3.376017979982387,-3.37291848690375,-3.3698190602028704,-3.3667196999485336,-3.3636204062053348,-3.360521179034432,-3.3574220184942214,-3.35432292464096,-3.3512238975293367,-3.34812493721301,-3.345026043745125,-3.341927217178812,-3.3388284575676863,-3.335729764966349,-3.3326311394309065,-3.329532581019512,-3.3264340897929494,-3.323335665815258,-3.3202373091544253,-3.3171390198831494,-3.314040798079697,-3.310942643828878,-3.307844557223146,-3.3047465383638674,-3.3016485873627848,-3.298550704343709,-3.2954528894444883,-3.2923551428193143,-3.2892574646414126,-3.286159854834283,-3.283062313328213,-3.2799648400596504,-3.276867434970642,-3.2737700980083306,-3.2706728291245013,-3.267575628275179,-3.26447849542026,-3.261381430523186,-3.258284433550646,-3.255187504472308,-3.252090643260579,-3.248993849890382,-3.2458971243389616,-3.242800466585699,-3.23970387661195,-3.2366073544008973,-3.2335108999374116,-3.230414513207931,-3.2273181942003477,-3.2242219429039056,-3.221125759309108,-3.2180296434076303,-3.2149335951922473,-3.2118376146567615,-3.2087417017959385,-3.2056458566054573,-3.2025500790818575,-3.199454369222495,-3.19635872702551,-3.193263152489798,-3.1901676456149852,-3.1870722064014183,-3.183976834850162,-3.180881530963004,-3.1777862947424818,-3.1746911261919144,-3.171596025315465,-3.1685009921182212,-3.1654060266063104,-3.1623111287870533,-3.1592162986691714,-3.1561215362630586,-3.1530268415811378,-3.149932214638337,-3.1468376554526967,-3.1437431640461786,-3.14064874044572,-3.1375543846846154,-3.1344600968043363,-3.131365876856916,-3.1282717249081036,-3.125177641041526,-3.1220836253642004,-3.118989678013849,-3.115895799168637,-3.112801989060155,-3.109708247990777,-3.1066145763569386,-3.103520974680404,-3.1004274436504016,-3.0973339841805276,-3.0942405974857987,-3.091147285187253,-3.0880540494543114,-3.0849608931990264,-3.081867820341796,-3.0787748361757816,-3.0756819478679547,-3.0725891651497617,-3.0694965012716,-3.066403974325228,-3.063311609080603,-3.060219439543769,-3.0571275125278685,-3.0540358926512,-3.050944669350264,-3.0478539667449493,-3.044763957550557,-3.0416748827456095,-3.0385870794454215,-3.035501020501385,-3.0324173708936586,-3.029337068227206,-3.0262614378936448,-3.023192358182765,-3.0201324974819466,-3.0170856556436205,-3.0140572559879626,-3.011055055135998,-3.0080901675071083,-3.0051785431731832,-3.002343095699626,-2.999616754185134,-2.997046811835424,-2.994701054753011,-2.992676252102774,-2.9911096041888467,-2.9901935357174563
-3.592805408933611,-3.5920157436362254,-3.5906473713496756,-3.5888515988885437,-3.586738129930441,-3.5843872058617885,-3.581857946132337,-3.5791941759769967,-3.576428554994658,-3.5735855350964196,-3.5706834994859937,-3.5677363214132347,-3.5647545075295057,-3.561746041251552,-3.558717007887425,-3.5556720600069216,-3.552614765236896,-3.5495478671164764,-3.546473481395039,-3.543393244211385,-3.5403084242819656,-3.5372200080822505,-3.5341287647009962,-3.531035295350822,-3.5279400712645503,-3.5248434627767216,-3.521745761697468,-3.518647198569176,-3.515547956009484,-3.5124481790537176,-3.5093479831911925,-3.5062474606248584,-3.5031466851588924,-3.5000457160242084,-3.496944600879891,-3.4938433781736986,-3.4907420790029526,-3.487640728585044,-3.4845393474222064,-3.481437952226301,-3.478336556654793,-3.4752351718978387,-3.4721338071477,-3.469032469974953,-3.465931166630681,-3.462829902289794,-3.459728681247387,-3.4566275070775596,-3.4535263827621794,-3.4504253107955045,-3.4473242932693866,-3.4442233319428226,-3.4411224282988404,-3.438021583591156,-3.4349207988824992,-3.4318200750761867,-3.4287194129421743,-3.425618813138617,-3.4225182762297335,-3.4194178027006568,-3.4163173929697974,-3.4132170473991637,-3.410116766302991,-3.4070165499549803,-3.4039163985943746,-3.400816312431084,-3.3977162916500068,-3.3946163364146904,-3.3915164468704364,-3.388416623146947,-3.3853168653605756,-3.382217173616268,-3.379117548009215,-3.3760179886262947,-3.3729184955473137,-3.3698190688460894,-3.366719708591409,-3.363620414847867,-3.36052118767662,-3.3574220271360664,-3.3543229332824613,-3.3512239061704934,-3.3481249458538227,-3.3450260523855926,-3.3419272258189348,-3.3388284662074645,-3.3357297736057827,-3.3326311480699955,-3.3295325896582564,-3.3264340984313496,-3.323335674453315,-3.3202373177921394,-3.3171390285205202,-3.3140408067167257,-3.310942652465563,-3.3078445658594866,-3.3047465469998643,-3.301648595998437,-3.298550712979017,-3.2954528980794526,-3.292355151453935,-3.2892574732756903,-3.286159863468216,-3.2830623219618,-3.279964848692892,-3.276867443603538,-3.2737701066408813,-3.2706728377567074,-3.26757563690704,-3.264478504051776,-3.261381439154357,-3.258284442181472,-3.2551875131027894,-3.2520906518907156,-3.2489938585201745,-3.2458971329684094,-3.2428004752148016,-3.239703885240708,-3.236607363029309,-3.2335109085654783,-3.2304145218356526,-3.2273182028277247,-3.2242219515309376,-3.2211257679357943,-3.218029652033972,-3.214933603818245,-3.211837623282414,-3.2087417104212457,-3.2056458652304194,-3.2025500877064736,-3.1994543778467652,-3.1963587356494343,-3.193263161113375,-3.1901676542382154,-3.1870722150243016,-3.1839768434726987,-3.1808815395851955,-3.177786303364327,-3.174691134813414,-3.1715960339366176,-3.168501000739028,-3.165406035226771,-3.1623111374071677,-3.159216307288939,-3.156121544882479,-3.1530268502002126,-3.1499322232570655,-3.1468376640710796,-3.1437431726642155,-3.1406487490634114,-3.137554393301962,-3.1344601054213364,-3.1313658854735706,-3.1282717335244117,-3.1251776496574877,-3.1220836339798157,-3.1189896866291185,-3.1158958077835597,-3.11280199767473,-3.109708256605005,-3.106614584970819,-3.103520983293937,-3.1004274522635877,-3.0973339927933665,-3.0942406060982903,-3.0911472937993962,-3.088054058066107,-3.084960901810475,-3.081867828952897,-3.078774844786535,-3.0756819564783613,-3.0725891737598223,-3.069496509881314,-3.0664039829345944,-3.0633116176896213,-3.0602194481524387,-3.0571275211361897,-3.054035901259172,-3.0509446779578893,-3.047853975352228,-3.0447639661574875,-3.0416748913521925,-3.0385870880516572,-3.035501029107275,-3.032417379499202,-3.0293370768324035,-3.026261446498496,-3.0231923667872707,-3.020132506086107,-3.017085664247436,-3.0140572645914343,-3.011055063739128,-3.008090176109902,-3.0051785517756437,-3.002343104301762,-2.9996167627869577,-2.9970468204369505,-2.994701063354266,-2.992676260703794,-2.991109612789684,-2.9901935443181884
-3.592805417294776,-3.592015751997315,-3.5906473797106346,-3.5888516072493273,-3.5867381382910155,-3.5843872142221267,-3.5818579544924196,-3.5791941843368087,-3.5764285633541872,-3.573585543455658,-3.570683507844933,-3.5677363297718685,-3.5647545158878304,-3.5617460496095634,-3.5587170162451214,-3.5556720683643,-3.5526147735939535,-3.5495478754732113,-3.5464734897514507,-3.543393252567472,-3.540308432637729,-3.5372200164376886,-3.534128773056108,-3.531035303705608,-3.5279400796190106,-3.5248434711308554,-3.521745770051274,-3.5186472069226515,-3.515547964362629,-3.512448187406531,-3.5093479915436747,-3.5062474689770102,-3.5031466935107143,-3.5000457243757013,-3.496944609231054,-3.4938433865245315,-3.4907420873534565,-3.48764073693522,-3.484539355772053,-3.4814379605758177,-3.47833656500398,-3.4752351802466954,-3.4721338154962265,-3.469032478323148,-3.4659311749785444,-3.462829910637326,-3.4597286895945873,-3.456627515424428,-3.4535263911087184,-3.450425319141713,-3.447324301615266,-3.4442233402883713,-3.4411224366440587,-3.438021591936043,-3.434920807227055,-3.4318200834204107,-3.4287194212860674,-3.4256188214821783,-3.4225182845729636,-3.4194178110435556,-3.4163174013123654,-3.4132170557414008,-3.410116774644898,-3.4070165582965566,-3.4039164069356205,-3.4008163207719995,-3.397716299990591,-3.394616344754943,-3.3915164552103563,-3.388416631486533,-3.38531687369983,-3.3822171819551894,-3.379117556347804,-3.3760179969645523,-3.3729185038852396,-3.3698190771836845,-3.3667197169286722,-3.3636204231847984,-3.360521196013221,-3.3574220354723354,-3.3543229416183986,-3.3512239145061002,-3.3481249541890987,-3.3450260607205387,-3.3419272341535504,-3.3388284745417485,-3.335729781939735,-3.332631156403615,-3.3295325979915433,-3.326434106764303,-3.3233356827859355,-3.3202373261244267,-3.3171390368524745,-3.3140408150483474,-3.310942660796853,-3.3078445741904456,-3.3047465553304916,-3.3016486043287334,-3.2985507213089824,-3.2954529064090865,-3.2923551597832357,-3.289257481604658,-3.2861598717968525,-3.283062330290106,-3.2799648570208664,-3.2768674519311807,-3.273770114968191,-3.2706728460836842,-3.2675756452336846,-3.264478512378087,-3.2613814474803355,-3.2582844505071176,-3.2551875214281023,-3.252090660215696,-3.2489938668448217,-3.2458971412927236,-3.2428004835387823,-3.2397038935643545,-3.2366073713526227,-3.2335109168884584,-3.230414530158299,-3.227318211150038,-3.224221959852918,-3.221125776257442,-3.2180296603552874,-3.214933612139227,-3.2118376316030623,-3.2087417187415608,-3.2056458735504023,-3.202550096026124,-3.199454386166084,-3.19635874396842,-3.193263169432029,-3.1901676625565356,-3.187072223342288,-3.18397685179035,-3.1808815479025117,-3.177786311681308,-3.174691143130061,-3.1715960422529315,-3.1685010090550088,-3.1654060435424185,-3.162311145722482,-3.159216315603921,-3.156121553197128,-3.153026858514527,-3.149932231571045,-3.146837672384725,-3.1437431809775274,-3.1406487573763884,-3.137554401614604,-3.134460113733643,-3.131365893785542,-3.1282717418360493,-3.125177657968791,-3.1220836422907845,-3.1189896949397533,-3.1158958160938606,-3.112802005984697,-3.1097082649146386,-3.106614593280118,-3.1035209916029016,-3.1004274605722175,-3.097334001101662,-3.094240614406251,-3.091147302107023,-3.0880540663734006,-3.084960910117435,-3.0818678372595243,-3.0787748530928285,-3.0756819647843194,-3.0725891820654443,-3.0694965181866007,-3.066403991239545,-3.0633116259942366,-3.0602194564567187,-3.0571275294401343,-3.054035909562782,-3.0509446862611624,-3.047853983655165,-3.044763974460089,-3.041674899654459,-3.038587096353589,-3.0355010374088716,-3.032417387800464,-3.02933708513333,-3.026261454799088,-3.023192375087529,-3.0201325143860323,-3.0170856725470294,-3.0140572728906974,-3.0110550720380633,-3.0080901844085117,-3.0051785600739347,-3.0023431125997413,-2.999616771084635,-2.9970468287343435,-2.9947010716513978,-2.9926762690007,-2.9911096210864154,-2.990193552614817
-3.5928054253603046,-3.59201576006277,-3.5906473877759604,-3.588851615314484,-3.5867381463559718,-3.5843872222868574,-3.5818579625569043,-3.5791941924010313,-3.5764285714181376,-3.573585551519325,-3.5706835159083106,-3.5677363378349516,-3.5647545239506133,-3.5617460576720426,-3.5587170243072945,-3.555672076426164,-3.5526147816555063,-3.549547883534451,-3.546473497812375,-3.543393260628081,-3.5403084406980216,-3.537220024497664,-3.534128781115768,-3.5310353117649504,-3.5279400876780356,-3.5248434791895638,-3.521745778109667,-3.5186472149807293,-3.515547972420391,-3.5124481954639775,-3.5093479996008057,-3.5062474770338254,-3.5031467015672124,-3.5000457324318823,-3.496944617286917,-3.493843394580077,-3.4907420954086836,-3.487640744990128,-3.484539363826644,-3.4814379686300914,-3.478336573057935,-3.475235188300331,-3.472133823549543,-3.469032486376147,-3.465931183031225,-3.4628299186896894,-3.459728697646634,-3.456627523476158,-3.45352639916013,-3.450425327192806,-3.447324309666039,-3.4442233483388245,-3.4411224446941926,-3.438021599985858,-3.434920815276552,-3.4318200914695898,-3.4287194293349286,-3.4256188295307215,-3.4225182926211883,-3.419417819091462,-3.4163174093599524,-3.4132170637886694,-3.4101167826918473,-3.407016566343187,-3.4039164149819316,-3.400816328817991,-3.3977163080362627,-3.3946163528002935,-3.3915164632553876,-3.388416639531246,-3.3853168817442247,-3.382217189999265,-3.3791175643915605,-3.376018005007989,-3.3729185119283565,-3.369819085226481,-3.3667197249711487,-3.363620431226954,-3.3605212040550563,-3.357422043513851,-3.3543229496595934,-3.3512239225469744,-3.348124962229652,-3.345026068760771,-3.341927242193462,-3.33882848258134,-3.3357297899790064,-3.332631164442567,-3.3295326060301758,-3.3264341148026157,-3.323335690823928,-3.3202373341620985,-3.317139044889826,-3.3140408230853775,-3.3109426688335626,-3.307844582226833,-3.3047465633665576,-3.301648612364478,-3.298550729344405,-3.2954529144441875,-3.2923551678180147,-3.2892574896391156,-3.2861598798309877,-3.2830623383239192,-3.279964865054358,-3.2768674599643517,-3.273770123001041,-3.270672854116214,-3.2675756532658933,-3.2644785204099755,-3.2613814555119025,-3.2582844585383635,-3.255187529459027,-3.252090668246299,-3.2489938748751044,-3.2458971493226842,-3.242800491568422,-3.239703901593673,-3.2366073793816197,-3.233510924917134,-3.2304145381866536,-3.2273182191780707,-3.224221967880629,-3.221125784284832,-3.218029668382355,-3.214933620165972,-3.2118376396294863,-3.2087417267676637,-3.2056458815761824,-3.202550104051582,-3.1994543941912186,-3.196358751993233,-3.1932631774565197,-3.190167670580706,-3.1870722313661375,-3.18397685981388,-3.180881555925722,-3.1777863197041984,-3.1746911511526292,-3.171596050275178,-3.168501017076933,-3.165406051564021,-3.1623111537437616,-3.159216323624878,-3.1561215612177618,-3.1530268665348395,-3.1499322395910365,-3.1468376804043943,-3.143743188996874,-3.140648765395413,-3.137554409633307,-3.1344601217520243,-3.131365901803601,-3.1282717498537855,-3.1251776659862047,-3.1220836503078764,-3.1189897029565223,-3.115895824110307,-3.1128020140008203,-3.109708272930438,-3.106614601295594,-3.103520999618054,-3.1004274685870468,-3.097334009116168,-3.0942406224204335,-3.091147310120882,-3.088054074386936,-3.0849609181306454,-3.0818678452724106,-3.078774861105392,-3.0756819727965605,-3.0725891900773625,-3.0694965261981957,-3.066403999250818,-3.0633116340051867,-3.060219464467347,-3.05712753745044,-3.0540359175727647,-3.050944694270823,-3.0478539916645038,-3.0447639824691057,-3.0416749076631526,-3.0385871043619592,-3.035501045416918,-3.032417395808187,-3.0293370931407315,-3.026261462806167,-3.023192383094286,-3.0201325223924678,-3.0170856805531443,-3.0140572808964934,-3.0110550800435423,-3.0080901924136767,-3.0051785680787906,-3.0023431206042956,-2.9996167790888992,-2.997046836738334,-2.9947010796551368,-2.9926762770042212,-2.991109629089768,-2.990193560618071
-3.592805433140631,-3.5920157678430265,-3.5906473955560942,-3.588851623094455,-3.5867381541357486,-3.584387230066416,-3.5818579703362277,-3.579194200180107,-3.5764285791969517,-3.5735855592978694,-3.570683523686578,-3.5677363456129365,-3.5647545317283114,-3.5617460654494493,-3.558717032084407,-3.555672084202981,-3.552614789432026,-3.5495478913106724,-3.5464735055882977,-3.5433932684037024,-3.5403084484733403,-3.537220032272679,-3.534128788890477,-3.531035319539354,-3.527940095452132,-3.524843486963352,-3.5217457858831467,-3.5186472227538994,-3.515547980193253,-3.5124482032365303,-3.5093480073730503,-3.506247484805761,-3.5031467093388393,-3.500045740203202,-3.49694462505793,-3.493843402350783,-3.490742103179083,-3.487640752760222,-3.4845393715964312,-3.4814379763995733,-3.478336580827112,-3.475235196069204,-3.472133831318111,-3.469032494144408,-3.46593119079918,-3.462829926457337,-3.459728705413973,-3.4566275312431896,-3.453526406926854,-3.450425334959223,-3.4473243174321495,-3.444223356104628,-3.441122452459688,-3.438021607751045,-3.4349208230414305,-3.4318200992341596,-3.4287194370991902,-3.425618837294675,-3.422518300384833,-3.4194178268547977,-3.416317417122979,-3.413217071551386,-3.410116790454255,-3.4070165741052842,-3.4039164227437197,-3.4008163365794704,-3.397716315797435,-3.3946163605611583,-3.391516471015945,-3.388416647291496,-3.385316889504166,-3.382217197758897,-3.3791175721508844,-3.376018012767005,-3.3729185196870635,-3.3698190929848795,-3.366719732729239,-3.363620438984736,-3.3605212118125296,-3.357422051271015,-3.354322957416449,-3.3512239303035205,-3.348124969985889,-3.3450260765166986,-3.34192724994908,-3.338828490336649,-3.335729797734007,-3.3326311721972584,-3.329532613784559,-3.326434122556691,-3.3233356985776945,-3.320237341915557,-3.317139052642976,-3.314040830838219,-3.310942676586095,-3.3078445899790565,-3.304746571118472,-3.3016486201160835,-3.298550737095702,-3.2954529221951763,-3.2923551755686953,-3.289257497389487,-3.286159887581051,-3.283062346073674,-3.2799648728038044,-3.2768674677134886,-3.2737701307498694,-3.270672861864732,-3.2675756610141007,-3.264478528157873,-3.261381463259491,-3.258284466285642,-3.2551875372059955,-3.2520906759929566,-3.248993882621451,-3.245897157068721,-3.242800499314149,-3.2397039093390907,-3.2366073871267274,-3.2335109326619302,-3.2304145459311395,-3.2273182269222467,-3.2242219756244954,-3.2211257920283884,-3.2180296761256013,-3.21493362790891,-3.2118376473721137,-3.208741734509981,-3.2056458893181903,-3.2025501117932813,-3.199454401932609,-3.1963587597343133,-3.1932631851972895,-3.190167678321165,-3.187072239106287,-3.1839768675537186,-3.180881563665249,-3.177786327443414,-3.174691158891534,-3.1715960580137716,-3.1685010248152152,-3.1654060593019904,-3.162311161481419,-3.159216331362223,-3.1561215689547963,-3.1530268742715637,-3.14993224732745,-3.1468376881404967,-3.143743196732666,-3.1406487731308945,-3.137554417368477,-3.134460129486884,-3.1313659095381494,-3.1282717575880223,-3.1251776737201307,-3.1220836580414906,-3.1189897106898257,-3.1158958318432997,-3.1128020217335015,-3.109708280662807,-3.106614609027652,-3.103521007349801,-3.100427476318483,-3.097334016847294,-3.0942406301512486,-3.091147317851386,-3.0880540821171283,-3.0849609258605266,-3.0818678530019805,-3.07877486883465,-3.075681980525507,-3.0725891978059976,-3.0694965339265194,-3.0664040069788294,-3.0633116417328856,-3.0602194721947336,-3.057127545177515,-3.0540359252995275,-3.050944701997274,-3.047853999390642,-3.044763990194933,-3.041674915388668,-3.0385871120871633,-3.0355010531418114,-3.0324174035327687,-3.0293371008650007,-3.0262614705301245,-3.0231923908179317,-3.0201325301158035,-3.01708568827617,-3.0140572886192114,-3.0110550877659548,-3.0080902001357868,-3.0051785758006035,-3.002343128325818,-2.9996167868101415,-2.9970468444593106,-2.9947010873758706,-2.9926762847247455,-2.9911096368101315,-2.99019356833834
-3.5928054406458476,-3.592015775348175,-3.5906474030611246,-3.5888516305993274,-3.5867381616404317,-3.5843872375708887,-3.5818579778404724,-3.57919420768411,-3.5764285867007026,-3.5735855668013587,-3.5706835311897995,-3.5677363531158854,-3.564754539230983,-3.5617460729518418,-3.558717039586517,-3.555672091704805,-3.5526147969335633,-3.54954789881192,-3.5464735130892544,-3.543393275904366,-3.5403084559737117,-3.5372200397727567,-3.53412879639026,-3.531035327038843,-3.527940102951327,-3.5248434944622535,-3.521745793381754,-3.518647230252213,-3.515547987691272,-3.512448210734256,-3.509348014870481,-3.5062474923028977,-3.503146716835682,-3.5000457476997484,-3.49694463255418,-3.4938434098467366,-3.49074211067474,-3.487640760255581,-3.484539379091492,-3.4814379838943363,-3.4783365883215773,-3.4752352035633707,-3.4721338388119802,-3.4690325016379795,-3.4659311982924543,-3.462829933950315,-3.4597287129066543,-3.4566275387355736,-3.453526414418941,-3.450425342451013,-3.4473243249236414,-3.444223363595823,-3.4411224599505865,-3.4380216152416465,-3.434920830531736,-3.4318201067241683,-3.4287194445889018,-3.4256188447840894,-3.422518307873951,-3.4194178343436192,-3.4163174246115053,-3.413217079039617,-3.4101167979421905,-3.4070165815929245,-3.403916430231063,-3.4008163440665156,-3.3977163232841807,-3.394616368047607,-3.3915164785020946,-3.388416654777346,-3.3853168969897176,-3.382217205244152,-3.3791175796358424,-3.3760180202516654,-3.372918527171428,-3.3698191004689484,-3.366719740213011,-3.363620446468212,-3.360521219295708,-3.3574220587538965,-3.3543229648990334,-3.351223937785808,-3.34812497746788,-3.3450260839983925,-3.3419272574304784,-3.3388284978177505,-3.33572980521481,-3.3326311796777635,-3.3295326212647653,-3.326434130036599,-3.3233357060573043,-3.320237349394868,-3.317139060121988,-3.3140408383169317,-3.310942684064509,-3.3078445974571733,-3.30474657859629,-3.3016486275936034,-3.298550744572923,-3.295452929672098,-3.2923551830453186,-3.2892575048658124,-3.2861598950570774,-3.283062353549402,-3.279964880279233,-3.2768674751886184,-3.2737701382247,-3.2706728693392635,-3.267575668488334,-3.2644785356318073,-3.261381470733127,-3.2582844737589793,-3.255187544679034,-3.2520906834656977,-3.248993890093894,-3.2458971645408665,-3.2428005067859953,-3.2397039168106376,-3.2366073945979754,-3.2335109401328803,-3.2304145534017907,-3.2273182343925995,-3.2242219830945498,-3.221125799498144,-3.218029683595058,-3.2149336353780664,-3.2118376548409713,-3.20874174197854,-3.2056458967864496,-3.2025501192612396,-3.1994544094002664,-3.196358767201671,-3.193263192664347,-3.190167685787922,-3.1870722465727432,-3.1839768750198743,-3.180881571131104,-3.1777863349089692,-3.1746911663567894,-3.1715960654787265,-3.1685010322798695,-3.1654060667663453,-3.1623111689454744,-3.1592163388259795,-3.1561215764182533,-3.153026881734722,-3.14993225479031,-3.146837695603058,-3.1437432041949274,-3.140648780592856,-3.1375544248301375,-3.1344601369482437,-3.1313659169992083,-3.128271765048781,-3.1251776811805883,-3.1220836655016484,-3.118989718149683,-3.115895839302856,-3.1128020291927583,-3.109708288121765,-3.1066146164863104,-3.1035210148081593,-3.1004274837765404,-3.0973340243050504,-3.094240637608706,-3.0911473253085435,-3.088054089573986,-3.0849609333170847,-3.081867860458238,-3.0787748762906073,-3.0756819879811643,-3.0725892052613544,-3.0694965413815756,-3.066404014433586,-3.0633116491873422,-3.0602194796488895,-3.057127552631371,-3.0540359327530835,-3.0509447094505298,-3.047854006843597,-3.0447639976475855,-3.04167492284102,-3.038587119539215,-3.0355010605935617,-3.032417410984218,-3.029337108316149,-3.026261477980972,-3.0231923982684803,-3.0201325375660533,-3.017085695726123,-3.0140572960688683,-3.011055095215317,-3.008090207584858,-3.0051785832493874,-3.00234313577432,-2.9996167942583707,-2.997046851907283,-2.9947010948236086,-2.992676292172279,-2.991109644257506,-2.9901935757856224
-3.5928054478856923,-3.5920157825879544,-3.590647410300788,-3.5888516378388395,-3.5867381688797653,-3.5843872448100202,-3.5818579850793837,-3.579194214922787,-3.5764285939391356,-3.5735855740395395,-3.570683538427722,-3.5677363603535426,-3.5647545464683716,-3.561746080188959,-3.5587170468233578,-3.5556720989413697,-3.5526148041698487,-3.549547906047926,-3.5464735203249798,-3.543393283139811,-3.5403084632088757,-3.5372200470076387,-3.53412880362486,-3.53103533427316,-3.5279401101853605,-3.524843501696003,-3.52174580061522,-3.5186472374853945,-3.515547994924168,-3.512448217966867,-3.5093480221028064,-3.5062474995349366,-3.5031467240674345,-3.5000457549312163,-3.4969446397853625,-3.4938434170776334,-3.490742117905351,-3.487640767485906,-3.4845393863215324,-3.481437991124091,-3.4783365955510464,-3.4752352107925537,-3.472133846040877,-3.469032508866591,-3.4659312055207794,-3.462829941178353,-3.4597287201344065,-3.45662754596304,-3.453526421646121,-3.4504253496779067,-3.4473243321502496,-3.444223370822145,-3.4411224671766227,-3.438021622467397,-3.4349208377571996,-3.431820113949346,-3.428719451813793,-3.4256188520086948,-3.4225183150982703,-3.419417841567652,-3.4163174318352514,-3.413217086263076,-3.410116805165362,-3.40701658881581,-3.403916437453662,-3.400816351288828,-3.3977163305062072,-3.394616375269347,-3.3915164857235482,-3.3884166619985128,-3.3853169042105966,-3.3822172124647425,-3.379117586856145,-3.3760180274716807,-3.3729185343911556,-3.369819107688387,-3.3667197474321613,-3.363620453687074,-3.3605212265142828,-3.3574220659721825,-3.354322972117032,-3.351223945003519,-3.3481249846853025,-3.3450260912155274,-3.3419272646473246,-3.3388285050343085,-3.335729812431081,-3.332631186893746,-3.3295326284804605,-3.326434137252007,-3.323335713272426,-3.320237356609703,-3.3171390673365377,-3.314040845531196,-3.310942691278486,-3.307844604670862,-3.3047465858096916,-3.3016486348067167,-3.2985507517857484,-3.295452936884636,-3.2923551902575685,-3.289257512077774,-3.286159902268751,-3.2830623607607876,-3.279964887490331,-3.276867482399428,-3.273770145435222,-3.2706728765494986,-3.2675756756982817,-3.264478542841468,-3.2613814779424994,-3.258284480968064,-3.2551875518878313,-3.252090690674207,-3.2489938973021153,-3.2458971717487994,-3.242800513993641,-3.239703924017996,-3.2366074018050464,-3.2335109473396635,-3.2304145606082857,-3.2273182415988058,-3.224221990300467,-3.2211258067037716,-3.2180296908003974,-3.214933642583117,-3.2118376620457334,-3.208741749183013,-3.205645903990633,-3.2025501264651335,-3.1994544166038716,-3.1963587744049873,-3.193263199867375,-3.1901676929906615,-3.187072253775194,-3.183976882222036,-3.1808815783329774,-3.1777863421105534,-3.1746911735580854,-3.1715960726797343,-3.1685010394805904,-3.165406073966778,-3.1623111761456184,-3.1592163460258345,-3.156121583617819,-3.153026888933997,-3.149932261989295,-3.146837702801753,-3.143743211393333,-3.140648787790972,-3.137554432027965,-3.134460144145782,-3.1313659241964573,-3.12827177224574,-3.1251776883772577,-3.1220836726980274,-3.1189897253457723,-3.1158958464986566,-3.1128020363882705,-3.109708295316988,-3.106614623681244,-3.103521022002803,-3.100427490970895,-3.097334031499115,-3.09424064480248,-3.0911473325020267,-3.088054096767179,-3.084960940509987,-3.081867867650851,-3.0787748834829314,-3.075681995173198,-3.0725892124530985,-3.0694965485730297,-3.0664040216247495,-3.063311656378216,-3.060219486839473,-3.0571275598216645,-3.0540359399430863,-3.0509447166402417,-3.047854014033018,-3.044764004836716,-3.0416749300298602,-3.0385871267277635,-3.0355010677818197,-3.032417418172187,-3.0293371155038287,-3.0262614851683627,-3.0231924054555805,-3.0201325447528653,-3.017085702912647,-3.0140573032551043,-3.0110551024012686,-3.008090214770528,-3.0051785904347805,-3.002343142959443,-2.999616801443233,-2.9970468590918986,-2.9947011020079977,-2.992676299356473,-2.9911096514415476,-2.9901935829695754
-3.5928054548695276,-3.592015789571728,-3.5906474172844516,-3.588851644822356,-3.5867381758631076,-3.5843872517931676,-3.5818579920623206,-3.579194221905501,-3.5764286009216155,-3.573585581021778,-3.570683545409711,-3.5677363673352778,-3.564754553449849,-3.5617460871701727,-3.558717053804307,-3.5556721059220506,-3.552614811150261,-3.5495479130280687,-3.546473527304853,-3.543393290119413,-3.5403084701882053,-3.5372200539866965,-3.534128810603645,-3.5310353412516706,-3.5279401171635985,-3.5248435086739662,-3.5217458075929073,-3.5186472444628065,-3.5155480019013043,-3.512448224943726,-3.5093480290793897,-3.506247506511244,-3.503146731043466,-3.5000457619069714,-3.496944646760843,-3.493843424052839,-3.490742124880283,-3.4876407744605635,-3.4845393932959148,-3.4814379980981984,-3.478336602524878,-3.4752352177661097,-3.472133853014157,-3.469032515839594,-3.4659312124935067,-3.4628299481508042,-3.4597287271065813,-3.456627552934938,-3.4535264286177427,-3.450425356649252,-3.447324339121318,-3.4442233777929365,-3.4411224741471376,-3.438021629437635,-3.43492084472716,-3.431820120919029,-3.428719458783198,-3.4256188589778227,-3.4225183220671207,-3.419417848536226,-3.4163174388035493,-3.4132170932310983,-3.410116812133109,-3.4070165957832805,-3.4039164444208567,-3.400816358255747,-3.39771633747285,-3.3946163822357134,-3.391516492689639,-3.3884166689643296,-3.385316911176138,-3.382217219430009,-3.3791175938211357,-3.3760180344363944,-3.372918541355592,-3.3698191146525467,-3.3667197543960437,-3.3636204606506785,-3.36052123347761,-3.3574220729352335,-3.354322979079806,-3.3512239519660163,-3.348124991647523,-3.3450260981774713,-3.3419272716089905,-3.338828511995697,-3.3357298193921916,-3.332631193854581,-3.329532635441018,-3.326434144212287,-3.3233357202324267,-3.320237363569425,-3.3171390742959805,-3.3140408524903604,-3.310942698237373,-3.307844611629472,-3.304746592768025,-3.301648641764774,-3.298550758743528,-3.295452943842138,-3.2923551972147926,-3.2892575190347206,-3.286159909225421,-3.28306236771718,-3.2799648944464463,-3.276867489355267,-3.2737701523907847,-3.2706728835047834,-3.267575682653288,-3.2644785497961966,-3.261381484896949,-3.258284487922236,-3.2551875588417247,-3.252090697627822,-3.248993904255451,-3.245897178701856,-3.2428005209464184,-3.2397039309704945,-3.236607408757266,-3.2335109542916056,-3.230414567559951,-3.227318248550194,-3.2242219972515778,-3.221125813654605,-3.218029697750952,-3.214933649533393,-3.2118376689957295,-3.20874175613273,-3.205645910940073,-3.202550133414296,-3.199454423552756,-3.196358781353593,-3.1932632068157014,-3.1901676999387085,-3.1870722607229616,-3.1839768891695246,-3.1808815852801877,-3.1777863490574867,-3.17469118050474,-3.171596079626111,-3.168501046426688,-3.165406080912596,-3.162311183091157,-3.1592163529710944,-3.1561215905628006,-3.1530268958787,-3.149932268933719,-3.146837709745898,-3.1437432183371983,-3.140648794734557,-3.1375544389712697,-3.1344601510888075,-3.131365931139204,-3.1282717791882084,-3.125177695319449,-3.1220836796399407,-3.118989732287407,-3.1158958534400125,-3.1128020433293466,-3.1097083022577854,-3.1066146306217615,-3.1035210289430415,-3.1004274979108533,-3.097334038438794,-3.0942406517418783,-3.091147339441146,-3.088054103706019,-3.0849609474485478,-3.0818678745891313,-3.07877489042093,-3.075682002110916,-3.0725892193905366,-3.0694965555101885,-3.066404028561628,-3.0633116633148147,-3.060219493775792,-3.057127566757702,-3.054035946878844,-3.0509447235757197,-3.047854020968217,-3.0447640117716355,-3.0416749369644998,-3.038587133662124,-3.0355010747159,-3.032417425105987,-3.029337122437349,-3.026261492101604,-3.023192412388544,-3.0201325516855504,-3.017085709845054,-3.014057310187236,-3.0110551093331255,-3.0080902217021133,-3.005178597366098,-3.002343149890499,-2.999616808374038,-2.9970468660224654,-2.9947011089383464,-2.9926763062866333,-2.991109658371562,-2.990193589899505
-3.5928054616064364,-3.5920157963085746,-3.5906474240211916,-3.5888516515589557,-3.5867381825995395,-3.5843872585294103,-3.5818579987983576,-3.579194228641318,-3.5764286076572036,-3.573585587757129,-3.5706835521448204,-3.5677363740701407,-3.5647545601844617,-3.561746093904532,-3.5587170605384113,-3.555672112655899,-3.5526148178838515,-3.5495479197613995,-3.5464735340379208,-3.5433932968522175,-3.540308476920745,-3.5372200607189708,-3.5341288173356538,-3.5310353479834147,-3.527940123895075,-3.5248435154051783,-3.521745814323856,-3.5186472511934923,-3.515548008631728,-3.5124482316738885,-3.509348035809289,-3.50624751324088,-3.503146737772837,-3.5000457686360775,-3.496944653489683,-3.493843430781411,-3.4907421316085876,-3.4876407811886017,-3.4845394000236865,-3.4814380048257028,-3.4783366092521155,-3.4752352244930806,-3.472133859740863,-3.469032522566035,-3.4659312192196823,-3.4628299548767147,-3.459728733832225,-3.456627559660316,-3.453526435342854,-3.450425363374097,-3.447324345845897,-3.4442233845172483,-3.441122480871181,-3.438021636161412,-3.4349208514506704,-3.4318201276422733,-3.428719465506177,-3.425618865700534,-3.422518328789566,-3.4194178552584047,-3.41631744552546,-3.413217099952741,-3.4101168188544837,-3.407016602504387,-3.403916451141696,-3.4008163649763206,-3.3977163441931584,-3.394616388955756,-3.391516499409416,-3.388416675683839,-3.385316917895381,-3.382217226148986,-3.3791176005398462,-3.3760180411548384,-3.3729185480737693,-3.369819121370458,-3.3667197611136888,-3.363620467368057,-3.3605212401947213,-3.357422079652078,-3.354322985796382,-3.3512239586823243,-3.3481249983635637,-3.345026104893244,-3.3419272783244973,-3.3388285187109368,-3.335729826107164,-3.332631200569285,-3.329532642155453,-3.326434150926454,-3.3233357269463264,-3.3202373702830577,-3.3171390810093446,-3.3140408592034567,-3.3109427049502007,-3.3078446183420316,-3.3047465994803162,-3.301648648476796,-3.298550765455283,-3.295452950553625,-3.292355203926013,-3.2892575257456738,-3.286159915936106,-3.2830623744275966,-3.279964901156595,-3.276867496065147,-3.2737701591003954,-3.2706728902141258,-3.2675756893623626,-3.264478556505002,-3.2613814916054866,-3.258284494630505,-3.255187565549726,-3.2520907043355547,-3.2489939109629162,-3.2458971854090546,-3.2428005276533494,-3.2397039376771577,-3.2366074154636615,-3.2335109609977324,-3.230414574265808,-3.227318255255782,-3.224222003956897,-3.2211258203596564,-3.218029704455736,-3.2149336562379105,-3.2118376756999796,-3.2087417628367123,-3.205645917643787,-3.202550140117741,-3.199454430255932,-3.1963587880565,-3.19326321351834,-3.190167706641078,-3.1870722674250627,-3.1839768958713575,-3.180881591981751,-3.1777863557587795,-3.174691187205764,-3.1715960863268657,-3.168501053127173,-3.165406087612813,-3.1623111897911054,-3.1592163596707734,-3.15612159726221,-3.1530269025778406,-3.149932275632591,-3.1468377164445016,-3.1437432250355344,-3.1406488014326257,-3.137554445669071,-3.1344601577863402,-3.1313659378364673,-3.1282717858852016,-3.125177702016172,-3.1220836863363934,-3.1189897389835894,-3.115895860135925,-3.112802050024989,-3.1097083089531576,-3.1066146373168646,-3.103521035637874,-3.1004275046054164,-3.0973340451330875,-3.0942406584359032,-3.091147346134901,-3.0880541103995047,-3.084960954141764,-3.081867881282078,-3.0787748971136075,-3.0756820088033234,-3.0725892260826733,-3.069496562202054,-3.0664040352532234,-3.0633116700061405,-3.060219500466848,-3.05712757344849,-3.054035953569362,-3.050944730265969,-3.0478540276581962,-3.0447640184613456,-3.04167494365394,-3.0385871403512934,-3.0355010814047994,-3.032417431794617,-3.029337129125709,-3.026261498789695,-3.023192419076366,-3.0201325583731036,-3.01708571653234,-3.014057316874255,-3.0110551160198806,-3.008090228388606,-3.0051786040523325,-3.0023431565764813,-2.9996168150597766,-2.9970468727079727,-2.9947011156236423,-2.9926763129717453,-2.9911096650565328,-2.9901935965843927
-3.5928054681051282,-3.5920158028072073,-3.5906474305197214,-3.5888516580573473,-3.586738189097768,-3.5843872650274573,-3.5818580052962075,-3.57919423513896,-3.576428614154629,-3.573585594254329,-3.5706835586417873,-3.56773638056687,-3.564754566680951,-3.5617461004007787,-3.558717067034413,-3.5556721191516534,-3.5526148243793574,-3.5495479262566545,-3.5464735405329244,-3.543393303346969,-3.5403084834152443,-3.5372200672132172,-3.5341288238296475,-3.5310353544771553,-3.5279401303885645,-3.5248435218984135,-3.5217458208168355,-3.5186472576862147,-3.5155480151241925,-3.512448238166094,-3.509348042301237,-3.50624751973257,-3.5031467442642708,-3.5000457751272536,-3.4969446599806018,-3.4938434372720737,-3.4907421380989927,-3.4876407876787496,-3.4845394065135764,-3.4814380113153356,-3.478336615741491,-3.475235230982199,-3.4721338662297243,-3.46903252905464,-3.4659312257080295,-3.462829961364804,-3.459728740320058,-3.4566275661478914,-3.453526441830172,-3.4504253698611573,-3.4473243523326995,-3.4442233910037934,-3.44112248735747,-3.4380216426474437,-3.434920857936445,-3.4318201341277907,-3.4287194719914376,-3.425618872185539,-3.422518335274313,-3.4194178617428945,-3.416317452009694,-3.413217106436719,-3.4101168253382057,-3.4070166089878526,-3.4039164576249044,-3.4008163714592707,-3.39771635067585,-3.3946163954381885,-3.3915165058915897,-3.388416682165754,-3.385316924377037,-3.3822172326303823,-3.3791176070209836,-3.376018047635719,-3.3729185545543934,-3.369819127850824,-3.3667197675937968,-3.363620473847907,-3.3605212466743137,-3.357422086131413,-3.3543229922754603,-3.351223965161146,-3.348125004842129,-3.3450261113715527,-3.3419272848025483,-3.3388285251887297,-3.335729832584699,-3.332631207046562,-3.3295326486324726,-3.3264341574032152,-3.3233357334228297,-3.320237376759303,-3.3171390874853324,-3.3140408656791864,-3.310942711425672,-3.307844624817245,-3.3047466059552715,-3.301648654951493,-3.298550771929721,-3.295452957027805,-3.292355210399935,-3.289257532219337,-3.286159922409511,-3.283062380900743,-3.279964907629483,-3.276867502537776,-3.273770165572766,-3.2706728966862375,-3.2675756958342164,-3.2644785629765987,-3.2613814980768256,-3.2582845011015857,-3.255187572020548,-3.252090710806119,-3.248993917433222,-3.245897191879101,-3.2428005341231367,-3.2397039441466857,-3.236607421932931,-3.233510967466743,-3.230414580734561,-3.227318261724276,-3.224222010425133,-3.2211258268276324,-3.218029710923453,-3.2149336627053673,-3.2118376821671775,-3.2087417693036504,-3.2056459241104647,-3.2025501465841586,-3.1994544367220903,-3.1963587945224,-3.193263219983982,-3.1901677131064625,-3.187072273890189,-3.1839769023362248,-3.18088159844636,-3.177786362223129,-3.174691193669854,-3.1715960927906957,-3.168501059590743,-3.165406094076123,-3.162311196254156,-3.1592163661335637,-3.15612160372474,-3.1530269090401095,-3.1499322820945976,-3.1468377229062465,-3.1437432314970177,-3.140648807893848,-3.1375544521300323,-3.134460164247042,-3.1313659442969097,-3.1282717923453855,-3.1251777084760954,-3.122083692796058,-3.118989745442994,-3.1158958665950687,-3.112802056483872,-3.1097083154117806,-3.1066146437752282,-3.1035210420959793,-3.100427511063263,-3.097334051590674,-3.0942406648932295,-3.0911473525919675,-3.088054116856312,-3.0849609605983117,-3.081867887738366,-3.0787749035696352,-3.0756820152590914,-3.0725892325381823,-3.0694965686573035,-3.066404041708213,-3.063311676460868,-3.060219506921315,-3.057127579902696,-3.054035960023308,-3.050944736719653,-3.0478540341116207,-3.04476402491451,-3.041674950106844,-3.0385871468039376,-3.035501087857184,-3.0324174382467404,-3.0293371355775713,-3.026261505241296,-3.0231924255277063,-3.0201325648241846,-3.0170857229831634,-3.014057323324822,-3.0110551224701916,-3.0080902348386647,-3.0051786105021425,-3.0023431630260484,-2.9996168215091106,-2.9970468791570855,-2.9947011220725512,-2.992676319420479,-2.99110967150513,-2.9901936030329104
-3.5928054743740128,-3.5920158090760355,-3.5906474367884513,-3.5888516643259476,-3.586738195366213,-3.5843872712957285,-3.5818580115642895,-3.5791942414068405,-3.576428620422297,-3.57358560052178,-3.5706835649090154,-3.5677363868338694,-3.5647545729477157,-3.561746106667308,-3.5587170733007043,-3.5556721254177046,-3.552614830645167,-3.549547932522223,-3.546473546798251,-3.543393309612052,-3.540308489680083,-3.537220073477811,-3.5341288300939957,-3.531035360741256,-3.527940136652417,-3.5248435281620196,-3.5217458270801942,-3.5186472639493265,-3.5155480213870574,-3.5124482444287124,-3.509348048563609,-3.5062475259946964,-3.50314675052615,-3.5000457813888866,-3.496944666241988,-3.4938434435332133,-3.490742144359886,-3.4876407939393963,-3.484539412773977,-3.48143801757549,-3.4783366220013994,-3.47523523724186,-3.4721338724891364,-3.4690325353138043,-3.465931231966946,-3.462829967623473,-3.4597287465784783,-3.456627572406064,-3.4535264480880965,-3.4504253761188335,-3.4473243585901274,-3.444223397260973,-3.4411224936144014,-3.438021648904127,-3.4349208641928812,-3.43182014038398,-3.42871947824738,-3.4256188784412336,-3.422518341529761,-3.4194178679980953,-3.416317458264647,-3.4132171126914237,-3.4101168315926627,-3.4070166152420622,-3.4039164638788666,-3.4008163777129843,-3.3977163569293145,-3.394616401691404,-3.3915165121445563,-3.388416688418472,-3.3853169306295072,-3.3822172388826046,-3.379117613272958,-3.376018053887444,-3.3729185608058683,-3.369819134102049,-3.366719773844774,-3.3636204800986356,-3.360521252924793,-3.357422092381643,-3.3543229985254417,-3.3512239714108776,-3.3481250110916103,-3.3450261176207836,-3.341927291051529,-3.338828531437461,-3.335729838833182,-3.332631213294797,-3.3295326548804596,-3.3264341636509536,-3.32333573967032,-3.3202373830065435,-3.317139093732324,-3.31404087192593,-3.310942717672168,-3.3078446310634924,-3.3047466122012694,-3.301648661197242,-3.2985507781752212,-3.2954529632730565,-3.292355216644937,-3.28925753846409,-3.286159928654014,-3.2830623871449984,-3.2799649138734894,-3.276867508781534,-3.2737701718162744,-3.270672902929498,-3.2675757020772283,-3.264478569219361,-3.2613815043193375,-3.2582845073438476,-3.2551875782625603,-3.2520907170478814,-3.248993923674735,-3.2458971981203635,-3.2428005403641493,-3.2397039503874487,-3.2366074281734436,-3.233510973707006,-3.2304145869745735,-3.227318267964039,-3.224222016664645,-3.2211258330668953,-3.218029717162465,-3.214933668944129,-3.2118376884056885,-3.208741775541911,-3.2056459303484752,-3.2025501528219196,-3.199454442959602,-3.1963588007596617,-3.1932632262209935,-3.1901677193432234,-3.187072280126699,-3.183976908572484,-3.180881604682368,-3.177786368458887,-3.1746911999053613,-3.1715960990259524,-3.1685010658257498,-3.1654061003108795,-3.1623112024886617,-3.1592163723678186,-3.156121609958745,-3.1530269152738657,-3.1499322883281047,-3.146837729139504,-3.143743237730025,-3.1406488141266053,-3.13755445836254,-3.1344601704792985,-3.1313659505289158,-3.128271798577141,-3.1251777147076014,-3.1220836990273133,-3.1189897516739995,-3.115895872825824,-3.1128020627143766,-3.1097083216420334,-3.106614650005229,-3.103521048325729,-3.100427517292761,-3.0973340578199213,-3.0942406711222255,-3.091147358820712,-3.0880541230848033,-3.08496096682655,-3.081867893966352,-3.0787749097973705,-3.075682021486576,-3.0725892387654152,-3.069496574884285,-3.066404047934944,-3.0633116826873494,-3.060219513147546,-3.057127586128676,-3.054035966249037,-3.0509447429451315,-3.0478540403368473,-3.044764031139484,-3.041674956331567,-3.0385871530284096,-3.035501094081406,-3.032417444470712,-3.029337141801294,-3.02626151146477,-3.0231924317509304,-3.020132571047159,-3.0170857292058884,-3.014057329547299,-3.011055128692423,-3.008090241060653,-3.005178616723891,-3.0023431692475633,-2.999616827730398,-2.9970468853781593,-2.994701128293431,-2.9926763256411895,-2.9911096777257087,-2.9901936092534123
-3.59280548042125,-3.592015815123218,-3.590647442835538,-3.5888516703729074,-3.5867382014130227,-3.584387277342368,-3.5818580176107435,-3.5791942474530987,-3.5764286264683505,-3.5735856065676197,-3.5706835709546385,-3.567736392879272,-3.564754578992895,-3.5617461127122603,-3.5587170793454277,-3.555672131462198,-3.552614836689428,-3.549547938566249,-3.546473552842041,-3.5433933156556066,-3.540308495723401,-3.537220079520893,-3.5341288361368415,-3.5310353667838656,-3.5279401426947894,-3.5248435342041544,-3.521745833122092,-3.5186472699909874,-3.515548027428481,-3.5124482504698973,-3.5093480546045552,-3.5062475320354025,-3.503146756566617,-3.500045787429114,-3.496944672281976,-3.4938434495729616,-3.4907421503993947,-3.487640799978666,-3.484539418813008,-3.481438023614282,-3.4783366280399517,-3.475235243280174,-3.4721338785272122,-3.4690325413516407,-3.465931238004544,-3.4628299736608312,-3.459728752615598,-3.456627578442945,-3.4535264541247406,-3.450425382155239,-3.447324364626294,-3.4442234032969012,-3.4411224996500915,-3.43802165493958,-3.4349208702280962,-3.4318201464189553,-3.428719484282115,-3.4256188844757287,-3.4225183475640164,-3.4194178740321104,-3.4163174642984226,-3.41321711872496,-3.4101168376259596,-3.407016621275119,-3.403916469911684,-3.4008163837455636,-3.3977163629616554,-3.3946164077235066,-3.3915165181764197,-3.3884166944500964,-3.3853169366608924,-3.382217244913751,-3.3791176193038646,-3.37601805991811,-3.3729185668362955,-3.3698191401322375,-3.3667197798747224,-3.3636204861283456,-3.3605212589542646,-3.357422098410875,-3.3543230045544346,-3.3512239774396306,-3.348125017120123,-3.345026123649056,-3.3419272970795615,-3.3388285374652535,-3.335729844860734,-3.3326312193221077,-3.329532660907529,-3.326434169677783,-3.323335745696909,-3.320237389032893,-3.3171390997584336,-3.314040877951799,-3.310942723697796,-3.30784463708888,-3.304746618226416,-3.301648667222148,-3.298550784199886,-3.2954529692974797,-3.2923552226691193,-3.2892575444880316,-3.2861599346777153,-3.283062393168457,-3.2799649198967065,-3.2768675148045103,-3.2737701778390114,-3.270672908951994,-3.2675757080994834,-3.264478575241376,-3.261381510341112,-3.258284513365382,-3.255187584283854,-3.2520907230689344,-3.248993929695547,-3.2458972041409346,-3.24280054638448,-3.239703956407539,-3.236607434193293,-3.233510979726614,-3.23041459299394,-3.2273182739831636,-3.224222022683528,-3.2211258390855364,-3.218029723180865,-3.2149336749622877,-3.2118376944236067,-3.208741781559589,-3.205645936365912,-3.202550158839116,-3.1994544489765575,-3.196358806776375,-3.1932632322374648,-3.1901677253594536,-3.187072286142688,-3.1839769145882326,-3.180881610697877,-3.177786374474156,-3.1746912059203893,-3.17159610504074,-3.168501071840297,-3.1654061063251855,-3.162311208502727,-3.159216378381643,-3.156121615972329,-3.1530269212872084,-3.149932294341206,-3.146837735152364,-3.143743243742644,-3.140648820138982,-3.1375544643746736,-3.1344601764911895,-3.1313659565405643,-3.128271804588547,-3.1251777207187654,-3.1220837050382353,-3.11898975768468,-3.1158958788362634,-3.112802068724575,-3.1097083276519912,-3.106614656014946,-3.103521054335204,-3.1004275233019944,-3.097334063828913,-3.0942406771309763,-3.091147364829222,-3.088054129093072,-3.0849609728345775,-3.0818678999741382,-3.0787749158049147,-3.075682027493878,-3.0725892447724745,-3.0694965808911014,-3.066404053941517,-3.063311688693679,-3.0602195191536326,-3.057127592134519,-3.054035972254637,-3.050944748950489,-3.047854046341962,-3.0447640371443567,-3.041674962336197,-3.0385871590327977,-3.0355011000855514,-3.032417450474615,-3.029337147804955,-3.0262615174681877,-3.0231924377541075,-3.0201325770500946,-3.017085735208583,-3.0140573355497535,-3.011055134694639,-3.008090247062632,-3.0051786227256376,-3.002343175249084,-2.9996168337317006,-2.9970468913792545,-2.994701134294336,-2.9926763316419316,-2.991109683726326,-2.9901936152539568
-3.5928054862546577,-3.5920158209565733,-3.5906474486688005,-3.5888516762060463,-3.5867382072460137,-3.584387283175195,-3.581858023443393,-3.579194253285561,-3.5764286323006167,-3.573585612399684,-3.5706835767864926,-3.567736398710913,-3.5647545848243194,-3.5617461185434656,-3.558717085176412,-3.5556721372929587,-3.5526148425199633,-3.5495479443965587,-3.546473558672125,-3.543393321485465,-3.5403085015530333,-3.537220085350298,-3.5341288419660186,-3.5310353726128145,-3.5279401485235087,-3.524843540032643,-3.5217458389503506,-3.5186472758190157,-3.515548033256279,-3.512448256297466,-3.5093480604318943,-3.506247537862512,-3.503146762393496,-3.5000457932557625,-3.4969446781083935,-3.493843455399149,-3.4907421562253518,-3.4876408058043915,-3.484539424638503,-3.481438029439545,-3.4783366338649837,-3.4752352491049754,-3.4721338843517837,-3.469032547175982,-3.465931243828656,-3.4628299794847153,-3.4597287584392524,-3.456627584266369,-3.4535264599479336,-3.450425387978202,-3.447324370449028,-3.444223409119406,-3.4411225054723658,-3.4380216607616227,-3.4349208760499077,-3.4318201522405367,-3.428719490103466,-3.4256188902968487,-3.422518353384905,-3.4194178798527695,-3.416317470118851,-3.4132171245451572,-3.4101168434459246,-3.4070166270948525,-3.4039164757311853,-3.400816389564832,-3.397716368780693,-3.394616413542314,-3.3915165239949965,-3.388416700268442,-3.3853169424790077,-3.3822172507316353,-3.3791176251215176,-3.376018065735533,-3.3729185726534876,-3.369819145949198,-3.366719785691451,-3.3636204919448414,-3.3605212647705276,-3.3574221042269063,-3.354323010370234,-3.351223983255199,-3.3481250229354615,-3.345026129464166,-3.3419273028944416,-3.3388285432799036,-3.3357298506751523,-3.332631225136295,-3.329532666721486,-3.326434175491508,-3.323335751510401,-3.320237394846153,-3.317139105571462,-3.314040883764595,-3.3109427295103613,-3.307844642901213,-3.304746624038519,-3.3016486730340198,-3.298550790011527,-3.2954529751088892,-3.292355228480296,-3.2892575502989763,-3.286159940488427,-3.2830623989789376,-3.279964925706955,-3.276867520614527,-3.273770183648795,-3.2706729147615445,-3.267575713908801,-3.26447858105046,-3.2613815161499637,-3.2582845191740013,-3.2551875900922407,-3.252090728877088,-3.2489939355034685,-3.245897209948624,-3.2428005521919365,-3.2397039622147625,-3.2366074400002844,-3.233510985533374,-3.230414598800469,-3.2273182797894604,-3.2242220284895926,-3.221125844891368,-3.218029728986464,-3.2149336807676545,-3.211837700228741,-3.2087417873644903,-3.205645942170581,-3.202550164643553,-3.1994544547807613,-3.196358812580347,-3.193263238041204,-3.19016773116296,-3.1870722919459626,-3.1839769203912742,-3.180881616500685,-3.1777863802767303,-3.1746912117227306,-3.171596110842848,-3.168501077642171,-3.165406112126827,-3.1623112143041356,-3.1592163841828182,-3.15612162177327,-3.153026927087916,-3.1499323001416806,-3.1468377409526056,-3.143743249542653,-3.1406488259387593,-3.1375544701742184,-3.134460182290502,-3.131365962339644,-3.1282718103873934,-3.125177726517378,-3.122083710836615,-3.118989763482826,-3.1158958846341753,-3.1128020745222535,-3.109708333449436,-3.106614661812157,-3.103521060132182,-3.100427529098739,-3.097334069625424,-3.094240682927253,-3.091147370625265,-3.088054134888882,-3.0849609786301544,-3.0818679057694807,-3.0787749216000226,-3.0756820332887513,-3.0725892505671144,-3.069496586685508,-3.0664040597356896,-3.0633116944876186,-3.060219524947339,-3.057127597927993,-3.054035978047877,-3.050944754743495,-3.047854052134735,-3.0447640429368965,-3.0416749681285036,-3.0385871648248712,-3.0355011058773904,-3.032417456266221,-3.029337153596327,-3.026261523259326,-3.023192443545012,-3.0201325828407675,-3.0170857409990255,-3.0140573413399663,-3.0110551404846224,-3.0080902528523894,-3.0051786285151727,-3.0023431810384005,-2.9996168395208067,-2.9970468971681625,-2.994701140083063,-2.9926763374305,-2.99110968951477,-2.9901936210423283
-3.592805491881798,-3.5920158265836637,-3.590647454295803,-3.588851681832932,-3.586738212872761,-3.5843872888017847,-3.5818580290698123,-3.5791942589117975,-3.5764286379266625,-3.573585618025533,-3.570683582412141,-3.5677364043363564,-3.564754590449554,-3.5617461241684882,-3.558717090801219,-3.5556721429175493,-3.552614848144336,-3.5495479500207137,-3.5464735642960608,-3.5433933271091806,-3.540308507176529,-3.5372200909735723,-3.5341288475890713,-3.531035378235646,-3.5279401541461195,-3.5248435456550333,-3.52174584457252,-3.518647281440964,-3.515548038878007,-3.5124482619189723,-3.5093480660531786,-3.5062475434835756,-3.5031467680143398,-3.500045798876386,-3.4969446837287967,-3.4938434610193316,-3.4907421618453127,-3.4876408114241317,-3.4845394302580224,-3.481438035058844,-3.478336639484063,-3.4752352547238337,-3.4721338899704204,-3.4690325527943964,-3.465931249446848,-3.462829985102683,-3.4597287640569974,-3.456627589883891,-3.4535264655652327,-3.4504253935952773,-3.44732437606588,-3.444223414736034,-3.441122511088771,-3.4380216663778054,-3.4349208816658683,-3.431820157856275,-3.428719495718981,-3.4256188959121405,-3.422518358999974,-3.4194178854676145,-3.416317475733473,-3.4132171301595564,-3.4101168490601017,-3.407016632708808,-3.4039164813449183,-3.4008163951783423,-3.3977163743939798,-3.394616419155377,-3.3915165296078382,-3.3884167058810615,-3.385316948091403,-3.382217256343807,-3.3791176307334667,-3.3760180713472594,-3.372918578264989,-3.3698191515604754,-3.366719791302504,-3.363620497555672,-3.360521270381135,-3.357422109837291,-3.3543230159803947,-3.351223988865136,-3.3481250285451742,-3.345026135073654,-3.3419273085037053,-3.3388285488889426,-3.3357298562839675,-3.3326312307448864,-3.329532672329854,-3.3264341810996525,-3.3233357571183224,-3.320237400453851,-3.3171391111789363,-3.314040889371846,-3.3109427351173877,-3.3078446485080155,-3.3047466296450967,-3.301648678640374,-3.2985507956176576,-3.2954529807147974,-3.2923552340859823,-3.2892575559044395,-3.286159946093668,-3.2830624045839545,-3.2799649313117487,-3.2768675262190965,-3.2737701892531406,-3.2706729203656666,-3.2675757195126987,-3.2644785866541337,-3.261381521753414,-3.258284524777228,-3.2551875956952445,-3.252090734479869,-3.2489939411060256,-3.245897215550957,-3.242800557794046,-3.2397039678166477,-3.2366074456019454,-3.2335109911348097,-3.2304146044016795,-3.2273182853904463,-3.224222034090354,-3.221125850491905,-3.2180297345867768,-3.2149336863677433,-3.2118377058286054,-3.2087417929641306,-3.2056459477699963,-3.202550170242742,-3.1994544603797257,-3.1963588181790876,-3.1932632436397204,-3.190167736761252,-3.1870722975440295,-3.1839769259891155,-3.180881622098301,-3.177786385874122,-3.174691217319898,-3.1715961164397912,-3.1685010832388896,-3.1654061177233204,-3.1623112199004044,-3.159216389778863,-3.156121627369091,-3.1530269326835123,-3.1499323057370527,-3.1468377465477535,-3.143743255137576,-3.140648831533457,-3.137554475768692,-3.1344601878847502,-3.1313659679336676,-3.1282718159811926,-3.1251777321109517,-3.122083716429963,-3.1189897690759483,-3.1158958902270726,-3.112802080114925,-3.109708339041883,-3.1066146674043793,-3.1035210657241787,-3.1004275346905112,-3.097334075216971,-3.0942406885185756,-3.0911473762163624,-3.0880541404797537,-3.0849609842208006,-3.0818679113599017,-3.0787749271902194,-3.0756820388787234,-3.0725892561568613,-3.06949659227503,-3.0664040653249875,-3.063311700076692,-3.0602195305361866,-3.057127603516615,-3.054035983636273,-3.050944760331665,-3.0478540577226787,-3.0447640485246144,-3.0416749737159954,-3.0385871704121366,-3.03550111146443,-3.0324174618530346,-3.0293371591829157,-3.026261528845691,-3.023192449131153,-3.020132588426685,-3.0170857465847187,-3.0140573469254366,-3.011055146069872,-3.0080902584374205,-3.0051786340999884,-3.002343186623006,-2.9996168451052094,-2.997046902752373,-2.994701145667097,-2.9926763430143826,-2.9911096950985363,-2.9901936266260263
-3.5928054973099606,-3.5920158320117754,-3.590647459723828,-3.5888516872608416,-3.5867382183005336,-3.5843872942294035,-3.581858034497265,-3.579194264339074,-3.576428643353756,-3.5735856234524377,-3.570683587838852,-3.56773640976287,-3.564754595875867,-3.561746129594599,-3.558717096227127,-3.5556721483432523,-3.5526148535698336,-3.549547955446003,-3.5464735697211425,-3.543393332534053,-3.54030851260119,-3.5372200963980216,-3.5341288530133084,-3.53103538365967,-3.527940159569931,-3.5248435510786322,-3.521745849995906,-3.518647286864137,-3.515548044300966,-3.5124482673417177,-3.5093480714757104,-3.506247548905892,-3.503146773436441,-3.500045804298274,-3.4969446891504705,-3.4938434664407914,-3.4907421672665593,-3.4876408168451656,-3.4845394356788404,-3.4814380404794476,-3.478336644904451,-3.4752352601440055,-3.472133895390377,-3.469032558214137,-3.4659312548663728,-3.462829990521993,-3.4597287694760923,-3.456627595302772,-3.4535264709839,-3.450425399013732,-3.44732438148412,-3.444223420154061,-3.441122516506584,-3.4380216717954037,-3.4349208870832513,-3.4318201632734433,-3.4287195011359346,-3.4256189013288796,-3.422518364416499,-3.419417890883925,-3.416317481149568,-3.413217135575436,-3.4101168544757656,-3.407016638124256,-3.4039164867601523,-3.4008164005933623,-3.3977163798087835,-3.3946164245699655,-3.3915165350222103,-3.3884167112952177,-3.385316953505344,-3.3822172617575332,-3.379117636146978,-3.376018076760555,-3.3729185836780697,-3.369819156973342,-3.3667197967151568,-3.36362050296811,-3.3605212757933582,-3.3574221152492982,-3.354323021392187,-3.351223994276713,-3.3481250339565354,-3.3450261404847983,-3.3419273139146335,-3.3388285542996554,-3.3357298616944653,-3.332631236155169,-3.3295326777399206,-3.3264341865095033,-3.3233357625279583,-3.320237405863271,-3.3171391165881405,-3.3140408947808337,-3.3109427405261598,-3.3078446539165727,-3.3047466350534385,-3.3016486840485,-3.2985508010255686,-3.2954529861224926,-3.292355239493461,-3.2892575613117025,-3.2861599515007147,-3.2830624099907846,-3.2799649367183625,-3.276867531625495,-3.273770194659323,-3.270672925771634,-3.26757572491845,-3.2644785920596693,-3.261381527158733,-3.25828453018233,-3.255187601100129,-3.2520907398845362,-3.248993946510476,-3.2458972209551904,-3.2428005631980623,-3.2397039732204482,-3.2366074510055296,-3.233510996538178,-3.2304146098048325,-3.227318290793385,-3.224222039493078,-3.2211258558944134,-3.21802973998907,-3.2149336917698204,-3.211837711230467,-3.2087417983657773,-3.205645953171428,-3.20255017564396,-3.199454465780728,-3.1963588235798723,-3.193263249040288,-3.1901677421616026,-3.1870723029441628,-3.183976931389031,-3.180881627498,-3.1777863912736044,-3.1746912227191637,-3.171596121838841,-3.168501088637723,-3.165406123121938,-3.162311225298805,-3.1592163951770464,-3.1561216327670576,-3.1530269380812626,-3.1499323111345845,-3.146837751945068,-3.143743260534673,-3.140648836930337,-3.137554481165355,-3.1344601932811966,-3.131365973329897,-3.128271821377204,-3.125177737506746,-3.12208372182554,-3.11898977447131,-3.1158958956222182,-3.1128020855098537,-3.1097083444365947,-3.106614672798874,-3.1035210711184567,-3.100427540084571,-3.0973340806108136,-3.0942406939122,-3.091147381609769,-3.0880541458729427,-3.0849609896137724,-3.0818679167526573,-3.0787749325827565,-3.0756820442710424,-3.0725892615489627,-3.069496597666913,-3.0664040707166516,-3.0633117054681374,-3.0602195359274145,-3.0571276089076247,-3.0540359890270667,-3.0509447657222415,-3.0478540631130384,-3.0447640539147574,-3.041674979105921,-3.0385871758018452,-3.035501116853923,-3.0324174672423125,-3.029337164571977,-3.0262615342345347,-3.0231924545197804,-3.0201325938150942,-3.0170857519729117,-3.0140573523134133,-3.011055151457635,-3.0080902638249722,-3.005178639487331,-3.002343192010145,-2.999616850492152,-2.99704690813913,-2.9947011510536843,-2.9926763484008228,-2.991109700484863,-2.990193632012286
-3.5928055025461796,-3.592015837247948,-3.5906474649599165,-3.588851692496821,-3.586738223536382,-3.584387299465105,-3.581858039732808,-3.5791942695744488,-3.576428648588955,-3.5735856286874554,-3.5706835930736838,-3.5677364149975115,-3.564754601110315,-3.5617461348288515,-3.5587171014611814,-3.5556721535771065,-3.5526148588034867,-3.549547960679454,-3.54647357495439,-3.5433933377670965,-3.5403085178340308,-3.5372201016306595,-3.534128858245743,-3.531035388891901,-3.5279401648019575,-3.5248435563104534,-3.52174585522752,-3.518647292095544,-3.5155480495321654,-3.51244827257271,-3.509348076706496,-3.5062475541364724,-3.5031467786668165,-3.500045809528443,-3.4969446943804345,-3.49384347167055,-3.490742172496111,-3.48764082207451,-3.4845394409079793,-3.481438045708379,-3.4783366501331754,-3.475235265372523,-3.472133900618687,-3.469032563442241,-3.4659312600942696,-3.462829995749684,-3.459728774703578,-3.4566276005300502,-3.4535264762109708,-3.450425404240595,-3.4473243867107772,-3.4442234253805117,-3.441122521732827,-3.4380216770214393,-3.4349208923090795,-3.4318201684990632,-3.428719506361347,-3.4256189065540856,-3.422518369641498,-3.4194178961087167,-3.416317486374153,-3.413217140799814,-3.4101168596999356,-3.4070166433482187,-3.4039164919839067,-3.400816405816908,-3.397716385032122,-3.3946164297930963,-3.3915165402451324,-3.388416716517932,-3.3853169587278513,-3.3822172669798323,-3.3791176413690693,-3.3760180819824384,-3.372918588899746,-3.3698191621948097,-3.366719801936415,-3.363620508189159,-3.3605212810141984,-3.3574221204699297,-3.3543230266126094,-3.351223999496928,-3.348125039176544,-3.3450261457046007,-3.34192731913423,-3.338828559519045,-3.3357298669136473,-3.3326312413741435,-3.3295326829586878,-3.326434191728063,-3.3233357677463107,-3.3202374110814157,-3.3171391218060777,-3.3140408999985644,-3.310942745743683,-3.3078446591338873,-3.3047466402705448,-3.3016486892653973,-3.298550806242257,-3.2954529913389723,-3.2923552447097335,-3.289257566527766,-3.2861599567165705,-3.283062415206433,-3.2799649419338026,-3.2768675368407254,-3.2737701998743445,-3.270672930986446,-3.267575730133053,-3.264478597274063,-3.261381532372918,-3.2582845353963066,-3.255187606313898,-3.2520907450980974,-3.248993951723829,-3.2458972261683363,-3.242800568411,-3.239703978433177,-3.2366074562180502,-3.2335110017504904,-3.2304146150169357,-3.227318296005279,-3.2242220447047627,-3.2211258611058904,-3.218029745200338,-3.21493369698088,-3.2118377164413174,-3.208741803576418,-3.205645958381859,-3.2025501808541805,-3.1994544709907395,-3.196358828789675,-3.193263254249882,-3.190167747370988,-3.1870723081533403,-3.1839769365980013,-3.180881632706762,-3.1777863964821567,-3.174691227927507,-3.171596127046975,-3.1685010938456477,-3.165406128329652,-3.16231123050631,-3.159216400384343,-3.1561216379741444,-3.1530269432881397,-3.149932316341254,-3.1468377571515287,-3.1437432657409254,-3.140648842136381,-3.1375544863711897,-3.1344601984868223,-3.1313659785353134,-3.1282718265824117,-3.1251777427117453,-3.12208372703033,-3.11898977967589,-3.115895900826588,-3.112802090714015,-3.109708349640545,-3.1066146780026136,-3.1035210763219863,-3.1004275452878916,-3.097334085813924,-3.0942406991151015,-3.091147386812461,-3.0880541510754256,-3.084960994816046,-3.0818679219547214,-3.0787749377846123,-3.07568204947269,-3.0725892667504002,-3.0694966028681416,-3.066404075917671,-3.063311710668948,-3.060219541128015,-3.057127614108016,-3.0540359942272484,-3.050944770922214,-3.0478540683128004,-3.0447640591143093,-3.0416749843052635,-3.038587181000979,-3.0355011220528465,-3.032417472441024,-3.0293371697704776,-3.0262615394328254,-3.023192459717861,-3.0201325990129666,-3.017085757170575,-3.01405735751087,-3.0110551566548858,-3.0080902690220195,-3.0051786446841784,-3.002343197206797,-2.999616855688615,-2.9970469133354154,-2.994701156249806,-2.9926763535968033,-2.991109705680733,-2.9901936372080926
-3.5928055075972507,-3.5920158422989727,-3.590647470010862,-3.5888516975476614,-3.586738228587098,-3.584387304515682,-3.5818580447832336,-3.579194274624713,-3.5764286536390504,-3.573585633737374,-3.5706835981234204,-3.5677364200470634,-3.56475460615968,-3.5617461398780264,-3.558717106510165,-3.5556721586258977,-3.5526148638520834,-3.549547965727856,-3.5464735800025955,-3.5433933428151057,-3.5403085228818423,-3.537220106678273,-3.5341288632931587,-3.5310353939391192,-3.527940169848977,-3.524843561357274,-3.5217458602741423,-3.5186472971419684,-3.5155480545783915,-3.512448277618738,-3.5093480817523255,-3.5062475591821034,-3.5031467837122463,-3.500045814573672,-3.4969446994254625,-3.4938434767153765,-3.4907421775407377,-3.487640827118937,-3.4845394459522065,-3.4814380507524074,-3.4783366551770043,-3.475235270416153,-3.4721339056621185,-3.4690325684854737,-3.4659312651373044,-3.46283000079252,-3.459728779746215,-3.4566276055724883,-3.453526481253209,-3.450425409282633,-3.4473243917526144,-3.4442234304221477,-3.4411225267742624,-3.4380216820626748,-3.4349208973501146,-3.431820173539899,-3.4287195114019835,-3.4256189115945226,-3.4225183746817343,-3.4194179011487527,-3.416317491413989,-3.413217145839451,-3.410116864739374,-3.4070166483874567,-3.403916497022945,-3.4008164108557466,-3.397716390070762,-3.394616434831536,-3.391516545283373,-3.388416721555973,-3.3853169637656926,-3.382217272017474,-3.37911764640651,-3.3760180870196788,-3.3729185939367854,-3.369819167231648,-3.366719806973054,-3.3636205132255976,-3.360521286050438,-3.3574221255059697,-3.3543230316484505,-3.3512240045325683,-3.3481250442119825,-3.345026150739838,-3.341927324169266,-3.3388285645538804,-3.3357298719482826,-3.332631246408578,-3.329532687992921,-3.326434196762095,-3.323335772780141,-3.3202374161150447,-3.317139126839505,-3.3140409050317903,-3.3109427507767077,-3.307844664166711,-3.3047466453031684,-3.3016486942978216,-3.298550811274481,-3.2954529963709964,-3.292355249741557,-3.289257571559389,-3.2861599617479924,-3.283062420237654,-3.2799649469648235,-3.276867541871547,-3.273770204904966,-3.270672936016867,-3.267575735163274,-3.2644786023040844,-3.261381537402739,-3.258284540425927,-3.2551876113433167,-3.252090750127314,-3.2489939567528445,-3.2458972311971506,-3.242800573439614,-3.2397039834615904,-3.2366074612462623,-3.233511006778501,-3.230414620044745,-3.2273183010328865,-3.2242220497321687,-3.2211258661330944,-3.21802975022734,-3.21493370200768,-3.2118377214679152,-3.208741808602813,-3.205645963408053,-3.202550185880173,-3.19945447601653,-3.1963588338152644,-3.193263259275271,-3.1901677523961753,-3.187072313178326,-3.1839769416227854,-3.1808816377313436,-3.177786401506537,-3.1746912329516856,-3.171596132070951,-3.1685010988694216,-3.165406133353224,-3.1623112355296796,-3.1592164054075105,-3.1561216429971095,-3.1530269483109024,-3.149932321363815,-3.146837762173887,-3.143743270763081,-3.1406488471583347,-3.1375544913929416,-3.1344602035083735,-3.1313659835566643,-3.1282718316035623,-3.1251777477326947,-3.122083732051079,-3.1189897846964367,-3.1158959058469335,-3.1128020957341587,-3.1097083546604876,-3.106614683022355,-3.1035210813415253,-3.100427550307228,-3.0973340908330584,-3.0942407041340334,-3.09114739183119,-3.0880541560939516,-3.08496099983437,-3.0818679269728424,-3.0787749428025304,-3.075682054490405,-3.0725892717679137,-3.0694966078854526,-3.06640408093478,-3.0633117156858543,-3.060219546144718,-3.0571276191245156,-3.0540359992435446,-3.0509447759383073,-3.0478540733286916,-3.0447640641299976,-3.041674989320749,-3.0385871860162608,-3.0355011270679255,-3.0324174774559016,-3.029337174785154,-3.0262615444473013,-3.023192464732136,-3.0201326040270406,-3.0170857621844496,-3.014057362524546,-3.011055161668365,-3.008090274035304,-3.0051786496972706,-3.0023432022197007,-2.9996168607013374,-2.9970469183479653,-2.9947011612621983,-2.9926763586090583,-2.991109710692882,-2.9901936422201794
-3.5928055124697127,-3.592015847171391,-3.5906474748832036,-3.588851702419899,-3.5867382334592146,-3.584387309387663,-3.5818580496550667,-3.57919427949639,-3.576428658510563,-3.573585638608717,-3.57068360299459,-3.567736424918055,-3.5647546110304913,-3.5617461447486547,-3.5587171113806075,-3.5556721634961534,-3.5526148687221517,-3.5495479705977346,-3.5464735848722855,-3.543393347684607,-3.5403085277511557,-3.537220111547398,-3.534128868162093,-3.531035398807863,-3.5279401747175303,-3.5248435662256368,-3.5217458651423144,-3.5186473020099487,-3.515548059446181,-3.512448282486336,-3.5093480866197315,-3.506247564049316,-3.5031467885792673,-3.500045819440501,-3.4969447042921007,-3.4938434815818247,-3.490742182406994,-3.487640831985001,-3.484539450818077,-3.4814380556180846,-3.478336660042489,-3.4752352752814466,-3.4721339105272193,-3.4690325733503813,-3.4659312700020175,-3.4628300056570396,-3.4597287846105407,-3.4566276104366214,-3.453526486117149,-3.450425414146382,-3.447324396616172,-3.444223435285513,-3.441122531637437,-3.438021686925658,-3.434920902212906,-3.431820178402497,-3.4287195162643878,-3.425618916456733,-3.4225183795437517,-3.419417906010578,-3.416317496275621,-3.4132171507008886,-3.410116869600618,-3.407016653248508,-3.403916501883803,-3.400816415716412,-3.3977163949312335,-3.3946164396918146,-3.391516550143458,-3.3884167264158656,-3.3853169686253928,-3.3822172768769816,-3.379117651265826,-3.376018091878803,-3.3729185987957173,-3.3698191720903883,-3.3667198118316026,-3.3636205180839545,-3.360521290908602,-3.357422130363941,-3.3543230365062287,-3.3512240093901537,-3.348125049069375,-3.3450261555970373,-3.341927329026271,-3.3388285694106914,-3.3357298768048995,-3.332631251265001,-3.329532692849151,-3.3264342016181314,-3.3233357776359833,-3.320237420970694,-3.317139131694961,-3.3140409098870536,-3.3109427556317783,-3.3078446690215886,-3.304746650157852,-3.3016486991523113,-3.298550816128776,-3.2954530012250967,-3.292355254595462,-3.289257576413101,-3.2861599666015113,-3.2830624250909795,-3.2799649518179543,-3.276867546724483,-3.2737702097577084,-3.270672940869416,-3.2675757400156287,-3.264478607156245,-3.2613815422547066,-3.258284545277701,-3.255187616194898,-3.2520907549787026,-3.248993961604039,-3.245897236048151,-3.24280057829042,-3.2397039883122023,-3.23660746609668,-3.233511011628724,-3.2304146248947725,-3.227318305882719,-3.2242220545818068,-3.221125870982538,-3.218029755076589,-3.2149337068567343,-3.211837726316775,-3.208741813451479,-3.2056459682565257,-3.202550190728451,-3.199454480864614,-3.1963588386631545,-3.1932632641229666,-3.1901677572436777,-3.1870723180256344,-3.183976946469901,-3.180881642578267,-3.177786406353267,-3.174691237798221,-3.171596136917292,-3.1685011037155686,-3.165406138199178,-3.16231124037544,-3.1592164102530766,-3.1561216478424834,-3.153026953156083,-3.149932326208802,-3.1468377670186807,-3.143743275607681,-3.140648852002739,-3.137554496237151,-3.1344602083523867,-3.13136598840048,-3.1282718364471807,-3.1251777525761164,-3.122083736894304,-3.1189897895394654,-3.115895910689766,-3.112802100576794,-3.109708359502926,-3.1066146878645977,-3.103521086183573,-3.1004275551490807,-3.0973340956747157,-3.0942407089754953,-3.091147396672457,-3.088054160935023,-3.084961004675246,-3.0818679318135227,-3.0787749476430157,-3.075682059330695,-3.072589276608008,-3.0694966127253513,-3.0664040857744848,-3.063311720525364,-3.060219550984034,-3.057127623963638,-3.0540360040824726,-3.05094478077704,-3.0478540781672288,-3.0447640689683397,-3.0416749941588956,-3.0385871908542117,-3.03550113190568,-3.0324174822934604,-3.0293371796225177,-3.02626154928447,-3.02319246956911,-3.020132608863821,-3.017085767021036,-3.014057367360939,-3.0110551665045664,-3.0080902788713146,-3.0051786545330947,-3.0023432070553424,-2.999616865536803,-2.997046923183264,-2.994701166097345,-2.9926763634440734,-2.991109715527795,-2.990193647055033
-3.592805517169905,-3.592015851871541,-3.5906474795832786,-3.588851707119877,-3.586738238159075,-3.584387314087391,-3.581858054354651,-3.5791942841958226,-3.576428663209837,-3.5735856433078275,-3.5706836076935327,-3.5677364296168266,-3.5647546157290884,-3.5617461494470755,-3.5587171160788516,-3.555672168194219,-3.5526148734200373,-3.54954797529544,-3.5464735895698074,-3.5433933523819454,-3.5403085324483086,-3.5372201162443657,-3.5341288728588753,-3.5310354035044593,-3.5279401794139416,-3.5248435709218633,-3.5217458698383566,-3.5186473067058066,-3.5155480641418535,-3.5124482871818246,-3.5093480913150352,-3.506247568744435,-3.503146793274202,-3.5000458241352503,-3.4969447089866637,-3.4938434862762007,-3.490742187101185,-3.4876408366790064,-3.4845394555118965,-3.4814380603117168,-3.4783366647359353,-3.4752352799747053,-3.4721339152202915,-3.469032578043268,-3.4659312746947193,-3.4628300103495557,-3.4597287893028708,-3.456627615128766,-3.4535264908091072,-3.450425418838153,-3.4473244013077564,-3.4442234399769123,-3.44112253632865,-3.438021691616684,-3.4349209069037463,-3.431820183093152,-3.428719520954857,-3.4256189211470174,-3.4225183842338502,-3.4194179107004907,-3.4163175009653473,-3.41321715539043,-3.410116874289974,-3.4070166579376786,-3.4039165065727874,-3.4008164204052105,-3.3977163996198456,-3.394616444380241,-3.3915165548317,-3.3884167311039213,-3.385316973313262,-3.3822172815646643,-3.3791176559533214,-3.3760180965661113,-3.3729186034828387,-3.3698191767773227,-3.3667198165183496,-3.3636205227705154,-3.3605212955949764,-3.3574221350501285,-3.354323041192229,-3.351224014075967,-3.348125053755001,-3.345026160282476,-3.3419273337115234,-3.3388285740957575,-3.3357298814897796,-3.3326312559496953,-3.329532697533659,-3.326434206302454,-3.323335782320122,-3.3202374256546476,-3.317139136378729,-3.3140409145706347,-3.310942760315173,-3.307844673704796,-3.3047466548408724,-3.3016487038351445,-3.2985508208114225,-3.2954530059075555,-3.292355259277734,-3.2892575810951854,-3.2861599712834075,-3.2830624297726883,-3.2799649564994757,-3.2768675514058176,-3.2737702144388563,-3.270672945550376,-3.2675757446964018,-3.2644786118368314,-3.261381546935105,-3.258284549957912,-3.2551876208749215,-3.2520907596585387,-3.2489939662836886,-3.245897240727614,-3.2428005829696973,-3.2397039929912927,-3.2366074707755836,-3.2335110163074408,-3.230414629573303,-3.2273183105610626,-3.224222059259963,-3.221125875660507,-3.218029759754371,-3.21493371153433,-3.2118377309941843,-3.208741818128702,-3.205645972933561,-3.2025501954053004,-3.1994544855412763,-3.196358843339629,-3.1932632687992526,-3.190167761919775,-3.187072322701544,-3.1839769511456217,-3.180881647253799,-3.1777864110286105,-3.174691242473378,-3.171596141592262,-3.168501108390351,-3.1654061428737714,-3.1623112450498447,-3.159216414927293,-3.156121652516511,-3.153026957829922,-3.1499323308824527,-3.1468377716921427,-3.1437432802809555,-3.1406488566758264,-3.13755450091005,-3.1344602130250974,-3.131365993073003,-3.128271841119516,-3.125177757248265,-3.1220837415662652,-3.11898979421124,-3.115895915361353,-3.112802105248195,-3.1097083641741405,-3.1066146925356253,-3.1035210908544126,-3.1004275598197326,-3.09733410034518,-3.094240713645772,-3.091147401342546,-3.0880541656049254,-3.08496100934496,-3.0818679364830492,-3.078774952312353,-3.0756820639998432,-3.0725892812769677,-3.0694966173941225,-3.0664040904430663,-3.0633117251937567,-3.060219555652237,-3.0571276286316507,-3.054036008750296,-3.0509447854446745,-3.0478540828346747,-3.044764073635597,-3.041674998825964,-3.038587195521092,-3.035501136572373,-3.032417486959966,-3.0293371842888344,-3.0262615539505977,-3.0231924742350498,-3.020132613529573,-3.0170857716866015,-3.0140573720263193,-3.0110551711697617,-3.0080902835363275,-3.0051786591979277,-3.0023432117199995,-2.9996168702012906,-2.9970469278475926,-2.9947011707615276,-2.9926763681081296,-2.991109720191753,-2.9901936517189336
-3.5928055217039034,-3.5920158564054976,-3.5906474841171643,-3.5888517116536662,-3.58673824269275,-3.5843873186209385,-3.5818580588880597,-3.5791942887290844,-3.5764286677429458,-3.5735856478407784,-3.570683612226321,-3.567736434149449,-3.5647546202615414,-3.5617461539793576,-3.5587171206109605,-3.5556721727261538,-3.5526148779517985,-3.5495479798270257,-3.5464735941012187,-3.5433933569131795,-3.5403085369793654,-3.5372201207752436,-3.5341288773895756,-3.5310354080349815,-3.5279401839442857,-3.524843575452029,-3.521745874368343,-3.5186473112356147,-3.5155480686714853,-3.5124482917112783,-3.5093480958443104,-3.506247573273532,-3.503146797803121,-3.5000458286639913,-3.496944713515226,-3.4938434908045846,-3.4907421916293893,-3.487640841207031,-3.484539460039743,-3.481438064839386,-3.4783366692634248,-3.475235284502016,-3.472133919747422,-3.4690325825702186,-3.4659312792214902,-3.462830014876147,-3.4597287938292824,-3.456627619654998,-3.4535264953351614,-3.4504254233640292,-3.4473244058334536,-3.44422344450243,-3.4411225408539883,-3.4380216961418437,-3.4349209114287262,-3.4318201876179524,-3.428719525479479,-3.4256189256714586,-3.4225183887581117,-3.419417915224571,-3.4163175054892476,-3.4132171599141494,-3.410116878813514,-3.407016662461039,-3.4039165110959684,-3.4008164249282116,-3.397716404142668,-3.394616448902885,-3.3915165593541636,-3.3884167356262056,-3.3853169778353664,-3.3822172860865893,-3.3791176604750666,-3.3760181010876757,-3.3729186080042233,-3.369819181298528,-3.3667198210393754,-3.363620527291361,-3.360521300115642,-3.357422139570615,-3.354323045712537,-3.351224018596095,-3.34812505827495,-3.3450261648022455,-3.341927338231113,-3.3388285786151677,-3.33572988600901,-3.332631260468745,-3.329532702052528,-3.3264342108211418,-3.323335786838628,-3.320237430172972,-3.317139140896873,-3.314040919088597,-3.310942764832954,-3.307844678222397,-3.3047466593582935,-3.3016487083523853,-3.2985508253284834,-3.2954530104244375,-3.2923552637944367,-3.2892575856117086,-3.2861599757997513,-3.2830624342888526,-3.279964961015461,-3.2768675559216236,-3.273770218954481,-3.2706729500658205,-3.2675757492116664,-3.2644786163519153,-3.2613815514500093,-3.2582845544726355,-3.255187625389465,-3.2520907641729018,-3.2489939707978706,-3.2458972452416144,-3.242800587483515,-3.23970399750493,-3.2366074752890404,-3.233511020820718,-3.230414634086401,-3.2273183150739806,-3.2242220637727015,-3.221125880173065,-3.218029764266748,-3.214933716046525,-3.211837735506198,-3.2087418226405346,-3.205645977445212,-3.2025501999167707,-3.1994544900525668,-3.1963588478507394,-3.193263273310184,-3.190167766430526,-3.187072327212113,-3.18397695565601,-3.1808816517640057,-3.1777864155386357,-3.1746912469832216,-3.1715961461019244,-3.1685011128998326,-3.165406147383073,-3.1623112495589654,-3.1592164194362335,-3.1561216570252704,-3.1530269623385,-3.149932335390848,-3.1468377762003574,-3.1437432847889886,-3.140648861183678,-3.1375545054177207,-3.134460217532589,-3.1313659975803154,-3.128271845626648,-3.125177761755215,-3.122083746073034,-3.118989798717827,-3.1158959198677585,-3.1128021097544183,-3.1097083686801823,-3.1066146970414845,-3.1035210953600902,-3.100427564325228,-3.0973341048504928,-3.0942407181509024,-3.091147405847494,-3.0880541701096904,-3.0849610138495436,-3.081867940987451,-3.0787749568165745,-3.075682068503885,-3.0725892857808286,-3.069496621897803,-3.066404094946565,-3.063311729697073,-3.0602195601553714,-3.0571276331346033,-3.0540360132530666,-3.050944789947264,-3.047854087337083,-3.044764078137823,-3.0416750033280096,-3.038587200022956,-3.035501141074056,-3.032417491461467,-3.0293371887901555,-3.026261558451739,-3.0231924787360107,-3.020132618030354,-3.0170857761872028,-3.0140573765267407,-3.011055175670004,-3.0080902880363922,-3.0051786636978175,-3.0023432162197192,-2.9996168747008474,-2.997046932346994,-2.9947011752607873,-2.9926763726072663,-2.9911097246907943,-2.9901936562179197
-3.5928055260775618,-3.5920158607791173,-3.5906474884907142,-3.5888517160271243,-3.5867382470660996,-3.584387322994165,-3.5818580632611527,-3.579194293102035,-3.5764286721157474,-3.573585652213427,-3.570683616598813,-3.567736438521783,-3.564754624633715,-3.561746158351368,-3.5587171249828065,-3.555672177097834,-3.5526148823233115,-3.5495479841983717,-3.546473598472396,-3.543393361284189,-3.540308541350206,-3.5372201251459154,-3.5341288817600782,-3.5310354124053145,-3.5279401883144472,-3.5248435798220177,-3.5217458787381597,-3.518647315605257,-3.5155480730409523,-3.512448296080572,-3.509348100213431,-3.5062475776424793,-3.503146802171895,-3.500045833032592,-3.496944717883653,-3.493843495172837,-3.4907421959974685,-3.4876408455749384,-3.484539464407479,-3.4814380692069498,-3.478336673630817,-3.4752352888692357,-3.47213392411447,-3.4690325869370944,-3.4659312835881932,-3.462830019242677,-3.45972879819564,-3.456627624021182,-3.4535264997011716,-3.450425427729866,-3.4473244101991174,-3.4442234488679206,-3.4411225452193066,-3.4380217005069893,-3.4349209157937,-3.4318201919827547,-3.4287195298441087,-3.4256189300359168,-3.422518393122397,-3.4194179195886836,-3.4163175098531884,-3.413217164277918,-3.4101168831771087,-3.4070166668244597,-3.4039165154592155,-3.400816429291286,-3.397716408505569,-3.394616453265611,-3.3915165637167153,-3.3884167399885827,-3.3853169821975695,-3.3822172904486183,-3.3791176648369223,-3.376018105449359,-3.372918612365734,-3.3698191856598654,-3.366719825400539,-3.3636205316523506,-3.360521304476458,-3.3574221439312573,-3.3543230500730052,-3.3512240229563903,-3.3481250626350723,-3.3450261691621948,-3.341927342590889,-3.3388285829747693,-3.3357298903684374,-3.3326312648279988,-3.329532706411609,-3.3264342151800506,-3.3233357911973638,-3.3202374345315353,-3.3171391452552634,-3.314040923446815,-3.3109427691909983,-3.3078446825802668,-3.3047466637159886,-3.301648712709905,-3.2985508296858286,-3.2954530147816077,-3.2923552681514328,-3.2892575899685292,-3.286159980156397,-3.2830624386453233,-3.2799649653717564,-3.2768675602777444,-3.2737702233104278,-3.270672954421593,-3.2675757535672654,-3.2644786207073406,-3.2613815558052606,-3.2582845588277136,-3.255187629744369,-3.252090768527632,-3.2489939751524273,-3.245897249595997,-3.2428005918377245,-3.2397040018589647,-3.2366074796429003,-3.233511025174403,-3.230414638439911,-3.2273183194273156,-3.224222068125861,-3.22112588452605,-3.218029768619559,-3.214933720399162,-3.21183773985866,-3.2087418269928225,-3.205645981797326,-3.2025502042687104,-3.199454494404332,-3.1963588522023305,-3.1932632776616012,-3.1901677707817706,-3.1870723315631855,-3.183976960006909,-3.180881656114731,-3.177786419889187,-3.1746912513335985,-3.1715961504521264,-3.1685011172498605,-3.1654061517329266,-3.162311253908645,-3.1592164237857383,-3.156121661374601,-3.1530269666876563,-3.1499323397398302,-3.146837780549165,-3.1437432891376207,-3.140648865532134,-3.137554509766002,-3.134460221880694,-3.1313660019282445,-3.128271849974403,-3.1251777661027957,-3.1220837504204404,-3.1189898030650594,-3.1158959242148168,-3.112802114101302,-3.1097083730268915,-3.106614701388019,-3.1035210997064504,-3.100427568671414,-3.0973341091965043,-3.0942407224967385,-3.0911474101931558,-3.0880541744551775,-3.0849610181948552,-3.0818679453325863,-3.0787749611615336,-3.0756820728486685,-3.072589290125437,-3.069496626242236,-3.066404099290822,-3.0633117340411555,-3.06021956449928,-3.0571276374783367,-3.054036017596625,-3.050944794290647,-3.04785409168029,-3.0447640824808553,-3.0416750076708663,-3.038587204365639,-3.035501145416564,-3.0324174958038004,-3.0293371931323128,-3.0262615627937204,-3.023192483077816,-3.020132622371983,-3.0170857805286575,-3.0140573808680218,-3.0110551800111134,-3.0080902923773314,-3.0051786680385892,-3.002343220560327,-2.999616879041297,-2.9970469366872945,-2.99470117960095,-2.99267637694731,-2.991109729030747,-2.9901936605578188
-3.5928055302965816,-3.5920158649980984,-3.5906474927096292,-3.588851720245951,-3.5867382512848205,-3.584387327212769,-3.58185806747963,-3.579194297320377,-3.5764286763339475,-3.57358565643148,-3.570683620816715,-3.5677364427395304,-3.564754628851305,-3.5617461625687996,-3.558717129200077,-3.555672181314942,-3.5526148865402556,-3.5495479884151506,-3.546473602689011,-3.543393365500638,-3.5403085455664907,-3.537220129362034,-3.53412888597603,-3.5310354166210995,-3.5279401925300666,-3.5248435840374714,-3.521745882953448,-3.51864731982038,-3.5155480772559096,-3.5124483002953624,-3.5093481044280552,-3.506247581856938,-3.5031468063861877,-3.5000458372467196,-3.496944722097617,-3.493843499386638,-3.4907422002111055,-3.4876408497884093,-3.4845394686207825,-3.4814380734200867,-3.478336677843787,-3.475235293082039,-3.472133928327107,-3.469032591149564,-3.4659312878004958,-3.4628300234548144,-3.4597288024076107,-3.456627628232988,-3.4535265039128116,-3.4504254319413397,-3.4473244144104256,-3.4442234530790623,-3.441122549430281,-3.4380217047177966,-3.4349209200043394,-3.4318201961932253,-3.4287195340544114,-3.4256189342460512,-3.4225183973323636,-3.4194179237984836,-3.4163175140628215,-3.4132171684873844,-3.4101168873864083,-3.4070166710335927,-3.4039165196681807,-3.4008164335000832,-3.3977164127141983,-3.3946164574740734,-3.3915165679250094,-3.388416744196708,-3.385316986405526,-3.3822172946564066,-3.379117669044543,-3.376018109656812,-3.372918616573019,-3.3698191898669836,-3.3667198296074905,-3.3636205358591353,-3.3605213086830754,-3.357422148137707,-3.3543230542792872,-3.3512240271625044,-3.3481250668410185,-3.3450261733679727,-3.3419273467964996,-3.338828587180213,-3.335729894573714,-3.3326312690331084,-3.329532710616551,-3.3264342193848244,-3.3233357954019707,-3.320237438735975,-3.3171391494595364,-3.314040927650921,-3.310942773394937,-3.3078446867840396,-3.3047466679195954,-3.3016487169133457,-3.2985508338891014,-3.295453018984713,-3.2923552723543694,-3.289257594171299,-3.2861599843589993,-3.283062442847758,-3.2799649695740247,-3.2768675644798453,-3.273770227512362,-3.2706729586233605,-3.2675757577688653,-3.2644786249087723,-3.2613815600065243,-3.2582845630288086,-3.2551876339452956,-3.2520907727283905,-3.2489939793530174,-3.2458972537964197,-3.2428005960379798,-3.239704006059052,-3.23660748384282,-3.2335110293741542,-3.2304146426394937,-3.2273183236267307,-3.224222072325108,-3.2211258887251284,-3.2180297728184692,-3.214933724597904,-3.211837744057234,-3.2087418311912277,-3.205645985995562,-3.202550208466776,-3.199454498602227,-3.196358856400055,-3.1932632818591555,-3.1901677749791544,-3.1870723357603987,-3.1839769642039526,-3.180881660311606,-3.1777864240858933,-3.174691255530136,-3.171596154648496,-3.168501121446061,-3.1654061559289595,-3.1623112581045105,-3.1592164279814354,-3.1561216655701285,-3.1530269708830145,-3.1499323439350206,-3.146837784744186,-3.1437432933324745,-3.1406488697268213,-3.137554513960522,-3.1344602260750465,-3.1313660061224287,-3.128271854168418,-3.125177770296643,-3.1220837546141196,-3.11898980725857,-3.1158959284081593,-3.1128021182944767,-3.109708377219899,-3.1066147055808577,-3.1035211038991197,-3.1004275728639143,-3.097334113388837,-3.0942407266889034,-3.0911474143851514,-3.0880541786470044,-3.084961022386513,-3.081867949524076,-3.0787749653528547,-3.07568207703982,-3.072589294316418,-3.069496630433047,-3.066404103481465,-3.063311738231629,-3.0602195686895834,-3.057127641668473,-3.0540360217865934,-3.0509447984804465,-3.047854095869921,-3.044764086670317,-3.041675011860158,-3.0385872085547603,-3.0355011496055155,-3.0324174999925813,-3.0293371973209244,-3.026261566982163,-3.02319248726609,-3.0201326265600885,-3.017085784716595,-3.0140573850557923,-3.011055184198718,-3.008090296564773,-3.00517867222587,-3.0023432247474506,-2.9996168832282684,-2.997046940874122,-2.994701183787645,-2.99267638113389,-2.991109733217238,-2.990193664744258
-3.59280553436642,-3.5920158690679003,-3.5906474967793662,-3.5888517243156026,-3.586738255354372,-3.5843873312822065,-3.581858071548943,-3.5791943013895584,-3.5764286804029917,-3.573585660500382,-3.5706836248854716,-3.567736446808139,-3.5647546329197644,-3.5617461666371066,-3.5587171332682304,-3.555672185382942,-3.5526148906081,-3.549547992482839,-3.546473606756541,-3.543393369568011,-3.5403085496337034,-3.537220133429088,-3.5341288900429246,-3.531035420687836,-3.5279401965966435,-3.5248435881038898,-3.5217458870197054,-3.5186473238864777,-3.515548081321848,-3.5124483043611403,-3.5093481084936724,-3.5062475859223934,-3.5031468104514816,-3.500045841311852,-3.4969447261625866,-3.4938435034514446,-3.4907422042757505,-3.487640853852893,-3.484539472685106,-3.4814380774842513,-3.4783366819077917,-3.4752352971458835,-3.472133932390791,-3.469032595213088,-3.4659312918638596,-3.4628300275180157,-3.4597288064706504,-3.456627632295865,-3.4535265079755275,-3.450425436003894,-3.4473244184728182,-3.444223457141294,-3.4411225534923515,-3.438021708779705,-3.4349209240660863,-3.43182020025481,-3.4287195381158337,-3.425618938307311,-3.4225184013934626,-3.4194179278594214,-3.416317518123597,-3.4132171725479985,-3.4101168914468616,-3.4070166750938853,-3.4039165237283133,-3.4008164375600547,-3.397716416774009,-3.3946164615337224,-3.3915165719844986,-3.388416748256039,-3.385316990464697,-3.382217298715417,-3.3791176731033916,-3.376018113715499,-3.3729186206315456,-3.3698191939253492,-3.366719833665695,-3.363620539917178,-3.360521312740957,-3.357422152195428,-3.354323058336847,-3.351224031219903,-3.3481250708982557,-3.345026177425049,-3.3419273508534144,-3.338828591236966,-3.335729898630305,-3.3326312730895378,-3.329532714672819,-3.326434223440932,-3.3233357994579156,-3.3202374427917567,-3.3171391535151553,-3.314040931706378,-3.310942777450233,-3.307844690839173,-3.304746671974566,-3.301648720968154,-3.298550837943749,-3.2954530230391987,-3.2923552764086943,-3.289257598225462,-3.2861599884130017,-3.2830624469016008,-3.2799649736277066,-3.2768675685333655,-3.2737702315657207,-3.2706729626765574,-3.2675757618218997,-3.2644786289616454,-3.261381564059235,-3.258284567081358,-3.2551876379976825,-3.252090776780615,-3.2489939834050805,-3.2458972578483207,-3.2428006000897183,-3.2397040101106294,-3.2366074878942346,-3.2335110334254065,-3.2304146466905834,-3.2273183276776574,-3.224222076375872,-3.2211258927757296,-3.218029776868908,-3.214933728648181,-3.211837748107349,-3.2087418352411796,-3.2056459900453516,-3.2025502125164036,-3.1994545026516934,-3.1963588604493602,-3.193263285908299,-3.1901677790281355,-3.1870723398092173,-3.1839769682526082,-3.180881664360099,-3.1777864281342234,-3.1746912595783026,-3.1715961586965,-3.1685011254939037,-3.1654061599766385,-3.162311262152027,-3.15921643202879,-3.1561216696173204,-3.153026974930045,-3.1499323479818884,-3.1468377887908923,-3.1437432973790167,-3.1406488737732,-3.137554518006737,-3.1344602301210984,-3.131366010168318,-3.128271858214145,-3.1251777743422067,-3.1220837586595205,-3.118989811303808,-3.1158959324532343,-3.1128021223393882,-3.109708381264647,-3.106614709625443,-3.1035211079435414,-3.100427576908173,-3.0973341174329323,-3.094240730732836,-3.0911474184289207,-3.088054182690611,-3.0849610264299567,-3.0818679535673574,-3.0787749693959734,-3.0756820810827756,-3.0725892983592114,-3.069496634475678,-3.0664041075239328,-3.063311742273934,-3.060219572731726,-3.057127645710451,-3.054036025828408,-3.050944802522098,-3.047854099911409,-3.044764090711642,-3.0416750159013195,-3.038587212595758,-3.0355011536463494,-3.032417504033252,-3.029337201361432,-3.026261571022507,-3.023192491306272,-3.0201326306001097,-3.017085788756454,-3.014057389095491,-3.011055188238258,-3.008090300604155,-3.0051786762650963,-3.002343228786525,-2.999616887267196,-2.9970469449129102,-2.994701187826306,-2.9926763851724423,-2.9911097372557047,-2.990193668782675
-3.5928055382923376,-3.592015872993783,-3.590647500705187,-3.5888517282413406,-3.586738259280011,-3.5843873352077344,-3.581858075474352,-3.5791943053148416,-3.5764286843281434,-3.5735856644253974,-3.5706836288103463,-3.5677364507328693,-3.5647546368443486,-3.561746170561543,-3.558717137192519,-3.5556721893070797,-3.5526148945320872,-3.549547996406676,-3.546473610680227,-3.5433933734915435,-3.540308553557083,-3.537220137352315,-3.5341288939659994,-3.5310354246107556,-3.5279402005194087,-3.5248435920265,-3.521745890942162,-3.5186473278087798,-3.5155480852439958,-3.5124483082831333,-3.5093481124155117,-3.50624758984408,-3.5031468143730136,-3.50004584523323,-3.496944730083812,-3.4938435073725165,-3.4907422081966675,-3.4876408577736564,-3.4845394766057147,-3.4814380814047037,-3.478336685828088,-3.4752353010660246,-3.4721339363107777,-3.4690325991329205,-3.4659312957835384,-3.462830031437541,-3.4597288103900214,-3.456627636215082,-3.45352651189459,-3.450425439922802,-3.447324422391571,-3.444223461059892,-3.441122557410794,-3.438021712697993,-3.434920927984219,-3.4318202041727877,-3.4287195420336563,-3.4256189422249794,-3.422518405310976,-3.419417931776779,-3.416317522040799,-3.4132171764650434,-3.41011689536375,-3.4070166790106176,-3.4039165276448893,-3.400816441476475,-3.3977164206902732,-3.394616465449831,-3.391516575900452,-3.3884167521718362,-3.38531699438034,-3.382217302630904,-3.3791176770187232,-3.376018117630675,-3.3729186245465654,-3.3698191978402123,-3.366719837580402,-3.36362054383173,-3.3605213166553525,-3.357422156109668,-3.3543230622509315,-3.3512240351338325,-3.3481250748120295,-3.345026181338668,-3.3419273547668786,-3.3388285951502756,-3.3357299025434597,-3.3326312770025375,-3.3295327185856625,-3.3264342273536194,-3.3233358033704476,-3.3202374467041342,-3.317139157427377,-3.3140409356184426,-3.31094278136214,-3.307844694750923,-3.304746675886159,-3.3016487248795903,-3.2985508418550284,-3.2954530269503226,-3.292355280319662,-3.2892576021362743,-3.286159992323658,-3.2830624508121,-3.2799649775380493,-3.276867572443552,-3.2737702354757503,-3.2706729665864307,-3.267575765731617,-3.264478632871207,-3.2613815679686406,-3.258284570990607,-3.255187641906775,-3.2520907806895516,-3.2489939873138596,-3.245897261756943,-3.242800603998184,-3.2397040140189377,-3.2366074918023875,-3.233511037333403,-3.2304146505984246,-3.2273183315853426,-3.224222080283401,-3.2211258966831022,-3.2180297807761233,-3.2149337325552394,-3.2118377520142514,-3.208741839147926,-3.205645993951942,-3.2025502164228383,-3.1994545065579714,-3.196358864355481,-3.1932632898142623,-3.1901677829339428,-3.1870723437148682,-3.1839769721581033,-3.180881668265437,-3.177786432039406,-3.1746912634833295,-3.1715961626013702,-3.1685011293986163,-3.165406163881194,-3.1623112660564248,-3.15921643593303,-3.156121673521404,-3.153026978833972,-3.149932351885658,-3.1468377926945044,-3.1437433012824716,-3.1406488776764974,-3.1375545219098773,-3.1344602340240812,-3.1313660140711432,-3.1282718621168124,-3.125177778244717,-3.122083762561873,-3.1189898152060027,-3.1158959363552707,-3.112802126241267,-3.1097083851663685,-3.1066147135270072,-3.1035211118449495,-3.100427580809424,-3.097334121334027,-3.0942407346337726,-3.0911474223297013,-3.088054186591235,-3.0849610303304242,-3.081867957467668,-3.0787749732961274,-3.0756820849827733,-3.0725893022590522,-3.069496638375362,-3.0664041114234597,-3.063311746173304,-3.0602195766309395,-3.057127649609509,-3.054036029727308,-3.0509448064208406,-3.047854103809995,-3.0447640946100702,-3.0416750197995914,-3.0385872164938736,-3.035501157544309,-3.0324175079310556,-3.0293372052590795,-3.026261574919998,-3.0231924952036056,-3.0201326344972865,-3.017085792653475,-3.014057392992357,-3.0110551921349686,-3.0080903045007124,-3.0051786801615035,-3.0023432326827852,-2.9996168911633143,-2.9970469488088947,-2.9947011917221684,-2.9926763890681984,-2.99110974115138,-2.990193672678302
-3.5928055420794482,-3.5920158767808585,-3.5906475044922024,-3.5888517320282776,-3.5867382630668536,-3.5843873389944725,-3.581858079260977,-3.5791943091013447,-3.5764286881145195,-3.5735856682116416,-3.5706836325964555,-3.567736454518841,-3.5647546406301815,-3.5617461743472347,-3.5587171409780676,-3.555672193092484,-3.552614898317346,-3.5495480001917876,-3.5464736144651914,-3.5433933772763617,-3.540308557341755,-3.5372201411368387,-3.5341288977503753,-3.531035428394983,-3.5279402043034875,-3.52484359581043,-3.521745894725943,-3.5186473315924114,-3.515548089027477,-3.512448312066466,-3.509348116198694,-3.506247593627111,-3.5031468181558942,-3.500045849015959,-3.496944733866389,-3.4938435111549424,-3.4907422119789437,-3.4876408615557817,-3.4845394803876886,-3.481438085186528,-3.478336689609763,-3.4752353048475513,-3.472133940092155,-3.4690326029141483,-3.4659312995646157,-3.462830035218468,-3.4597288141707994,-3.4566276399957103,-3.4535265156750685,-3.45042544370313,-3.447324426171748,-3.4442234648399186,-3.4411225611906704,-3.438021716477719,-3.4349209317637954,-3.431820207952216,-3.4287195458129363,-3.42561894600411,-3.422518409089956,-3.419417935555609,-3.416317525819479,-3.4132171802435742,-3.410116899142131,-3.407016682788849,-3.403916531422971,-3.4008164452544065,-3.3977164244680544,-3.394616469227462,-3.3915165796779316,-3.388416755949165,-3.385316998157518,-3.382217306407934,-3.3791176807956043,-3.376018121407408,-3.3729186283231494,-3.369819201616647,-3.3667198413566877,-3.363620547607865,-3.3605213204313378,-3.3574221598855023,-3.3543230660266157,-3.3512240389093666,-3.3481250785874135,-3.345026185113901,-3.3419273585419607,-3.338828598925206,-3.335729906318239,-3.3326312807771648,-3.3295327223601388,-3.3264342311279442,-3.323335807144621,-3.3202374504781558,-3.317139161201247,-3.314040939392163,-3.310942785135712,-3.3078446985243457,-3.304746679659433,-3.301648728652716,-3.2985508456280046,-3.2954530307231487,-3.2923552840923374,-3.2892576059087992,-3.286159996096032,-3.283062454584323,-3.279964981310121,-3.2768675762154724,-3.2737702392475203,-3.27067297035805,-3.2675757695030856,-3.2644786366425245,-3.261381571739807,-3.258284574761623,-3.255187645677641,-3.2520907844602664,-3.2489939910844243,-3.245897265527357,-3.242800607768446,-3.2397040177890486,-3.236607495572347,-3.233511041103211,-3.2304146543680803,-3.2273183353548474,-3.224222084052755,-3.221125900452306,-3.2180297845451777,-3.2149337363241437,-3.211837755783005,-3.2087418429165298,-3.205645997720395,-3.20255022019114,-3.199454510326123,-3.196358868123482,-3.193263293582113,-3.1901677867016422,-3.187072347482417,-3.183976975925501,-3.180881672032684,-3.1777864358065018,-3.1746912672502745,-3.171596166368164,-3.168501133165259,-3.1654061676476855,-3.1623112698227653,-3.159216439699219,-3.156121677287442,-3.153026982599859,-3.1499323556513943,-3.1468377964600887,-3.1437433050479053,-3.14064888144178,-3.1375545256750077,-3.13446023778906,-3.131366017835971,-3.1282718658814885,-3.1251777820092417,-3.122083766326246,-3.118989818970225,-3.115895940119342,-3.112802130005188,-3.109708388930137,-3.1066147172906247,-3.1035211156084155,-3.1004275845727394,-3.0973341250971904,-3.0942407383967856,-3.091147426092563,-3.0880541903539456,-3.084961034092983,-3.081867961230074,-3.0787749770583805,-3.0756820887448737,-3.0725893060210008,-3.069496642137158,-3.066404115185103,-3.0633117499347957,-3.0602195803922783,-3.057127653370695,-3.0540360334883427,-3.0509448101817234,-3.0478541075707257,-3.0447640983706497,-3.0416750235600185,-3.0385872202541484,-3.0355011613044316,-3.032417511691026,-3.029337209018897,-3.026261578679664,-3.0231924989631214,-3.020132638256652,-3.017085796412691,-3.014057396751424,-3.011055195893888,-3.008090308259485,-3.005178683920132,-3.002343236441272,-2.9996168949216653,-2.9970469525671173,-2.9947011954802734,-2.992676392826201,-2.9911097449093025,-2.990193676436178
-3.5928055457326415,-3.592015880434019,-3.590647508145304,-3.588851735681301,-3.5867382667197854,-3.5843873426473007,-3.5818580829136923,-3.5791943127539416,-3.576428691766994,-3.573585671863988,-3.5706836362486705,-3.567736458170922,-3.5647546442821265,-3.561746177999043,-3.558717144629736,-3.555672196744012,-3.5526149019687328,-3.5495480038430327,-3.5464736181162944,-3.543393380927322,-3.540308560992573,-3.537220144787516,-3.53412890140091,-3.5310354320453765,-3.5279402079537396,-3.5248435994605405,-3.521745898375912,-3.5186473352422385,-3.5155480926771623,-3.512448315716008,-3.5093481198480925,-3.5062475972763667,-3.5031468218050077,-3.5000458526649303,-3.496944737515218,-3.493843514803629,-3.4907422156274857,-3.487640865204179,-3.484539484035942,-3.4814380888346363,-3.478336693257727,-3.4752353084953698,-3.472133943739829,-3.469032606561678,-3.4659313032120007,-3.4628300388657074,-3.459728817817893,-3.456627643642658,-3.4535265193218705,-3.4504254473497875,-3.447324429818262,-3.4442234684862876,-3.441122564836894,-3.438021720123798,-3.4349209354097296,-3.431820211598005,-3.428719549458581,-3.4256189496496097,-3.422518412735312,-3.4194179392008204,-3.4163175294645467,-3.4132171838884986,-3.4101169027869105,-3.4070166864334834,-3.403916535067461,-3.400816448898753,-3.3977164281122576,-3.394616472871522,-3.391516583321849,-3.3884167595929386,-3.3853170018011465,-3.3822173100514163,-3.3791176844389414,-3.3760181250506007,-3.372918631966198,-3.369819205259551,-3.366719844999446,-3.3636205512504787,-3.3605213240738068,-3.357422163527826,-3.3543230696687942,-3.3512240425513986,-3.3481250822292994,-3.345026188755641,-3.3419273621835552,-3.338828602566656,-3.3357299099595443,-3.332631284418325,-3.3295327260011542,-3.326434234768814,-3.3233358107853457,-3.320237454118736,-3.317139164841683,-3.314040943032454,-3.3109427887758573,-3.307844702164346,-3.304746683299288,-3.3016487322924246,-3.2985508492675675,-3.2954530343625654,-3.2923552877316085,-3.289257609547924,-3.286159999735011,-3.2830624582231565,-3.2799649849488093,-3.276867579854016,-3.273770242885919,-3.2706729739963034,-3.2675757731411945,-3.264478640280488,-3.2613815753776256,-3.258284578399296,-3.2551876493151686,-3.252090788097649,-3.248993994721661,-3.245897269164448,-3.2428006114053916,-3.239704021425849,-3.2366074992090006,-3.23351104473972,-3.2304146580044444,-3.227318338991066,-3.224222087688829,-3.2211259040882343,-3.2180297881809605,-3.2149337399597813,-3.2118377594184975,-3.2087418465518764,-3.2056460013555967,-3.2025502238261967,-3.199454513961033,-3.196358871758247,-3.193263297216732,-3.190167790336116,-3.187072351116745,-3.183976979559684,-3.1808816756667215,-3.1777864394403936,-3.1746912708840194,-3.171596170001763,-3.168501136798712,-3.165406171280993,-3.162311273455927,-3.1592164433322356,-3.1561216809203128,-3.153026986232583,-3.149932359283971,-3.146837800092519,-3.1437433086801883,-3.1406488850739165,-3.1375545293069975,-3.1344602414209035,-3.1313660214676675,-3.1282718695130387,-3.125177785640645,-3.122083769957503,-3.1189898226013355,-3.1158959437503064,-3.112802133636006,-3.1097083925608096,-3.106614720921152,-3.1035211192387977,-3.100427588202975,-3.09733412872728,-3.094240742026728,-3.091147429722359,-3.088054193983595,-3.084961037722486,-3.0818679648594314,-3.078774980687593,-3.0756820923739414,-3.0725893096499237,-3.069496645765936,-3.066404118813736,-3.0633117535632826,-3.0602195840206194,-3.0571276569988903,-3.0540360371163917,-3.050944813809627,-3.0478541111984834,-3.044764101998261,-3.0416750271874835,-3.038587223881467,-3.0355011649316035,-3.0324175153180524,-3.029337212645778,-3.0262615823063985,-3.0231925025897097,-3.020132641883094,-3.0170858000389873,-3.014057400377574,-3.0110551995198938,-3.008090311885348,-3.0051786875458535,-3.002343240066858,-2.9996168985471194,-2.997046956192446,-2.9947011991054873,-2.9926763964513157,-2.991109748534341,-2.990193680061172
-3.5928055492566573,-3.592015883958003,-3.5906475116692347,-3.5888517392051598,-3.5867382702435573,-3.5843873461709745,-3.58185808643726,-3.579194316277397,-3.5764286952903306,-3.5735856753872026,-3.5706836397717594,-3.567736461693882,-3.5647546478049543,-3.561746181521737,-3.558717148152297,-3.555672200266439,-3.5526149054910245,-3.5495480073651895,-3.5464736216383157,-3.5433933844492063,-3.5403085645143193,-3.537220148309123,-3.534128904922378,-3.531035435566706,-3.5279402114749314,-3.5248436029815937,-3.521745901896826,-3.5186473387630137,-3.5155480961977985,-3.5124483192365044,-3.50934812336845,-3.506247600796585,-3.5031468253250875,-3.500045856184872,-3.49694474103502,-3.493843518323292,-3.4907422191470103,-3.4876408687235645,-3.484539487555188,-3.4814380923537427,-3.4783366967766947,-3.4752353120141986,-3.472133947258518,-3.4690326100802285,-3.4659313067304116,-3.4628300423839797,-3.459728821336026,-3.4566276471606527,-3.4535265228397263,-3.450425450867504,-3.447324433335839,-3.4442234720037246,-3.4411225683541926,-3.438021723640958,-3.4349209389267505,-3.431820215114887,-3.428719552975323,-3.4256189531662127,-3.422518416251776,-3.4194179427171463,-3.4163175329807327,-3.413217187404544,-3.410116906302817,-3.4070166899492498,-3.4039165385830867,-3.400816452414238,-3.397716431627601,-3.3946164763867244,-3.3915165868369104,-3.3884167631078594,-3.3853170053159274,-3.3822173135660583,-3.3791176879534444,-3.3760181285649624,-3.3729186354804193,-3.3698192087736323,-3.3667198485133882,-3.3636205547642817,-3.3605213275874704,-3.357422167041351,-3.3543230731821803,-3.351224046064647,-3.3481250857424096,-3.345026192268612,-3.3419273656963857,-3.3388286060793457,-3.3357299134720937,-3.3326312879307354,-3.3295327295134256,-3.3264342382809464,-3.3233358142973386,-3.3202374576305886,-3.3171391683533944,-3.314040946544024,-3.3109427922872863,-3.3078447056756337,-3.304746686810435,-3.301648735803432,-3.298550852778436,-3.2954530378732945,-3.292355291242198,-3.289257613058375,-3.286160003245322,-3.2830624617333277,-3.2799649884588398,-3.2768675833639054,-3.2737702463956673,-3.2706729775059107,-3.26757577665066,-3.2644786437898126,-3.2613815788868092,-3.258284581908339,-3.255187652824071,-3.2520907916064097,-3.2489939982302816,-3.245897272672928,-3.2428006149137323,-3.239704024934049,-3.2366075027170615,-3.2335110482476406,-3.2304146615122247,-3.227318342498706,-3.2242220911963293,-3.221125907595596,-3.2180297916881826,-3.214933743466863,-3.2118377629254393,-3.208741850058678,-3.205646004862258,-3.202550227332718,-3.199454517467414,-3.1963588752644863,-3.1932633007228306,-3.190167793842073,-3.187072354622561,-3.1839769830653593,-3.1808816791722556,-3.1777864429457874,-3.1746912743892732,-3.1715961735068774,-3.168501140303686,-3.1654061747858253,-3.162311276960617,-3.1592164468367834,-3.156121684424719,-3.153026989736848,-3.149932362788096,-3.1468378035965037,-3.143743312184032,-3.140648888577619,-3.13755453281056,-3.134460244924325,-3.1313660249709487,-3.12827187301618,-3.125177789143646,-3.1220837734603637,-3.1189898261040563,-3.1158959472528864,-3.112802137138445,-3.1097083960631067,-3.1066147244233067,-3.1035211227408106,-3.1004275917048467,-3.0973341322290118,-3.09424074552832,-3.0911474332238105,-3.0880541974849063,-3.0849610412236577,-3.081867968360463,-3.078774984188484,-3.075682095874691,-3.0725893131505306,-3.069496649266401,-3.0664041223140597,-3.0633117570634654,-3.0602195875206615,-3.0571276604987916,-3.054036040616152,-3.0509448173092455,-3.0478541146979596,-3.044764105497596,-3.0416750306866773,-3.03858722738052,-3.0355011684305158,-3.0324175188168225,-3.029337216144407,-3.026261585804887,-3.0231925060880567,-3.0201326453813007,-3.0170858035370536,-3.014057403875501,-3.011055203017682,-3.008090315382999,-3.0051786910433704,-3.0023432435642428,-2.999616902044377,-2.997046959689582,-2.9947012026025135,-2.992676399948248,-2.9911097520312007,-2.9901936835579894
-3.5928055526560696,-3.592015887357384,-3.5906475150685595,-3.5888517426044113,-3.586738273642724,-3.5843873495700453,-3.5818580898362256,-3.5791943196762523,-3.576428698689071,-3.573585678785826,-3.570683643170262,-3.5677364650922616,-3.56475465120321,-3.561746184919866,-3.558717151550298,-3.5556722036643116,-3.5526149088887684,-3.5495480107628032,-3.546473625035797,-3.543393387846555,-3.540308567911535,-3.5372201517062063,-3.5341289083193277,-3.531035438963522,-3.527940214871613,-3.524843606378142,-3.5217459052932405,-3.5186473421592956,-3.5155480995939468,-3.5124483226325207,-3.509348126764333,-3.506247604192335,-3.5031468287207024,-3.5000458595803523,-3.496944744430367,-3.4938435217185058,-3.4907422225420897,-3.4876408721185093,-3.48453949095,-3.481438095748421,-3.4783367001712393,-3.4752353154086086,-3.472133950652794,-3.46903261347437,-3.4659313101244194,-3.4628300457778534,-3.459728824729766,-3.456627650554258,-3.453526526233197,-3.4504254542608397,-3.4473244367290388,-3.444223475396789,-3.4411225717471225,-3.4380217270337528,-3.4349209423194105,-3.4318202185074114,-3.428719556367711,-3.4256189565584654,-3.4225184196438927,-3.4194179461091263,-3.4163175363725777,-3.4132171907962543,-3.4101169096943926,-3.4070166933406916,-3.4039165419743953,-3.4008164558054133,-3.397716435018643,-3.394616479777632,-3.3915165902276834,-3.3884167664984988,-3.385317008706433,-3.3822173169564294,-3.3791176913436813,-3.376018131955066,-3.372918638870388,-3.3698192121634665,-3.3667198519030865,-3.363620558153845,-3.3605213309768986,-3.3574221704306444,-3.354323076571338,-3.351224049453669,-3.3481250891312957,-3.345026195657363,-3.341927369085002,-3.3388286094678277,-3.335729916860441,-3.3326312913189473,-3.329532732901502,-3.3264342416688883,-3.323335817685146,-3.320237461018263,-3.3171391717409353,-3.314040949931431,-3.31094279567456,-3.3078447090627736,-3.304746690197441,-3.301648739190303,-3.2985508561651704,-3.2954530412598935,-3.292355294628661,-3.2892576164447016,-3.2861600066315124,-3.283062465119382,-3.2799649918447584,-3.2768675867496886,-3.2737702497813146,-3.2706729808914226,-3.2675757800360365,-3.2644786471750544,-3.261381582271916,-3.2582845852933113,-3.2551876562089084,-3.252090794991113,-3.2489940016148497,-3.2458972760573617,-3.2428006182980305,-3.2397040283182115,-3.2366075061010884,-3.233511051631532,-3.2304146648959806,-3.2273183458823276,-3.2242220945798143,-3.221125910978944,-3.2180297950713936,-3.2149337468499377,-3.2118377663083773,-3.2087418534414796,-3.2056460082449223,-3.202550230715246,-3.1994545208498075,-3.196358878646745,-3.1932633041049554,-3.1901677972240634,-3.187072358004418,-3.183976986447081,-3.1808816825538426,-3.1777864463272385,-3.17469127777059,-3.1715961768880585,-3.1685011436847326,-3.1654061781667377,-3.1623112803413953,-3.1592164502174276,-3.1561216878052276,-3.1530269931172206,-3.149932366168332,-3.1468378069766034,-3.143743315563996,-3.140648891957447,-3.137554536190252,-3.134460248303881,-3.131366028350368,-3.128271876395464,-3.125177792522794,-3.122083776839376,-3.118989829482932,-3.1158959506316264,-3.112802140517048,-3.109708399441574,-3.106614727801638,-3.1035211261190057,-3.1004275950829054,-3.0973341356069333,-3.0942407489061052,-3.091147436601459,-3.0880542008624174,-3.084961044601032,-3.081867971737702,-3.0787749875655877,-3.0756820992516594,-3.0725893165273637,-3.0694966526430982,-3.0664041256906205,-3.0633117604398894,-3.0602195908969483,-3.0571276638749407,-3.0540360439921637,-3.0509448206851206,-3.047854118073699,-3.044764108873199,-3.0416750340621452,-3.0385872307558515,-3.0355011718057106,-3.0324175221918814,-3.0293372195193293,-3.0262615891796734,-3.0231925094627075,-3.020132648755815,-3.017085806911432,-3.014057407249745,-3.011055206391791,-3.0080903187569756,-3.0051786944172165,-3.002343246937962,-2.999616905417973,-2.9970469630630636,-2.994701205975889,-2.9926764033215307,-2.99110975540441,-2.9901936869311556
-3.592805555935283,-3.592015890636569,-3.5906475183476934,-3.588851745883479,-3.586738276921711,-3.584387352848942,-3.581858093115024,-3.579194322954945,-3.576428701967654,-3.573585682064295,-3.5706836464486136,-3.567736468370493,-3.5647546544813182,-3.5617461881978514,-3.5587171548281598,-3.555672206942048,-3.552614912166377,-3.5495480140402833,-3.546473628313149,-3.5433933911237787,-3.5403085711886306,-3.5372201549831725,-3.534128911596165,-3.531035442240231,-3.5279402181481916,-3.52484360965459,-3.5217459085695584,-3.5186473454354825,-3.5155481028700044,-3.512448325908448,-3.5093481300401304,-3.506247607468003,-3.5031468319962427,-3.500045862855764,-3.496944747705648,-3.4938435249936552,-3.490742225817109,-3.4876408753934,-3.4845394942247605,-3.4814380990230527,-3.4783367034457418,-3.475235318682983,-3.4721339539270395,-3.4690326167484864,-3.465931313398407,-3.462830049051712,-3.459728828003496,-3.4566276538278595,-3.4535265295066697,-3.450425457534184,-3.447324440002254,-3.4442234786698753,-3.4411225750200796,-3.4380217303065805,-3.4349209455921086,-3.4318202217799803,-3.428719559640152,-3.425618959830777,-3.4225184229160748,-3.41941794938118,-3.4163175396445027,-3.4132171940680505,-3.4101169129660587,-3.407016696612227,-3.4039165452457993,-3.4008164590766854,-3.397716438289784,-3.3946164830486434,-3.391516593498565,-3.38841676976925,-3.3853170119770533,-3.3822173202269195,-3.379117694614041,-3.376018135225294,-3.372918642140486,-3.369819215433434,-3.3667198551729243,-3.3636205614235535,-3.3605213342464766,-3.3574221737000913,-3.354323079840655,-3.351224052722855,-3.3481250924003527,-3.345026198926291,-3.341927372353801,-3.338828612736497,-3.3357299201289803,-3.3326312945873564,-3.32953273616978,-3.3264342449370368,-3.323335820953165,-3.3202374642861514,-3.317139175008694,-3.3140409531990604,-3.3109427989420586,-3.307844712330142,-3.3047466934646788,-3.301648742457411,-3.298550859432148,-3.2954530445267416,-3.2923552978953783,-3.2892576197112877,-3.2861600098979675,-3.283062468385706,-3.2799649951109515,-3.276867590015751,-3.2737702530472466,-3.270672984157224,-3.267575783301707,-3.264478650440593,-3.261381585537324,-3.2582845885585887,-3.255187659474055,-3.2520907982561287,-3.2489940048797346,-3.2458972793221164,-3.2428006215626555,-3.2397040315827077,-3.2366075093654545,-3.233511054895767,-3.2304146681600847,-3.2273183491463007,-3.224222097843656,-3.2211259142426547,-3.2180297983349737,-3.214933750113387,-3.2118377695716958,-3.2087418567046675,-3.2056460115079815,-3.202550233978175,-3.1994545241126056,-3.1963588819094135,-3.1932633073674923,-3.1901678004864693,-3.1870723612666922,-3.1839769897092243,-3.180881685815855,-3.1777864495891195,-3.1746912810323393,-3.1715961801496766,-3.168501146946218,-3.165406181428091,-3.1623112836026177,-3.1592164534785176,-3.156121691066187,-3.1530269963780495,-3.14993236942903,-3.1468378102371712,-3.1437433188244337,-3.140648895217755,-3.13755453945043,-3.134460251563928,-3.1313660316102845,-3.1282718796552484,-3.1251777957824474,-3.1220837800988974,-3.1189898327423213,-3.1158959538908837,-3.112802143776173,-3.1097084027005666,-3.106614731060499,-3.1035211293777354,-3.100427598341504,-3.0973341388654005,-3.0942407521644406,-3.091147439859663,-3.088054204120491,-3.084961047858975,-3.0818679749955127,-3.078774990823266,-3.075682102509206,-3.0725893197847802,-3.0694966559003842,-3.0664041289477764,-3.0633117636969143,-3.0602195941538426,-3.057127667131704,-3.0540360472487964,-3.050944823941621,-3.047854121330067,-3.0447641121294358,-3.04167503731825,-3.0385872340118243,-3.035501175061552,-3.0324175254475914,-3.029337222774908,-3.026261592435121,-3.0231925127180244,-3.0201326520110023,-3.01708581016649,-3.014057410504674,-3.011055209646593,-3.008090322011651,-3.0051786976717656,-3.002343250192388,-2.9996169086722806,-2.9970469663172588,-2.9947012092299805,-2.992676406575533,-2.991109758658344,-2.9901936901850505
-3.592805559098534,-3.592015893799789,-3.590647521510861,-3.5888517490465768,-3.586738280084728,-3.5843873560118706,-3.581858096277858,-3.579194326117678,-3.5764287051302803,-3.573585685226811,-3.570683649611017,-3.5677364715327817,-3.56475465764349,-3.561746191359904,-3.5587171579900905,-3.555672210103856,-3.5526149153280646,-3.5495480172018494,-3.5464736314745933,-3.5433933942851015,-3.5403085743498304,-3.537220158144249,-3.5341289147571193,-3.531035445401062,-3.5279402213089006,-3.5248436128151766,-3.521745911730022,-3.518647348595823,-3.5155481060302205,-3.5124483290685413,-3.5093481332001004,-3.5062476106278493,-3.5031468351559645,-3.5000458660153604,-3.4969447508651204,-3.493843528153003,-3.490742228976332,-3.4876408785524977,-3.4845394973837336,-3.481438102181901,-3.4783367066044653,-3.475235321841581,-3.4721339570855125,-3.469032619906834,-3.46593131655663,-3.4628300522098097,-3.459728831161468,-3.456627656985705,-3.453526532664391,-3.450425460691781,-3.4473244431597276,-3.4442234818272257,-3.4411225781773056,-3.4380217334636827,-3.434920948749087,-3.4318202249368337,-3.4287195627968807,-3.4256189629873814,-3.4225184260725556,-3.419417952537537,-3.4163175428007353,-3.4132171972241583,-3.4101169161220417,-3.4070166997680857,-3.4039165484015332,-3.4008164622322945,-3.397716441445268,-3.3946164862040016,-3.3915165966537972,-3.388416772924355,-3.385317015132032,-3.3822173233817723,-3.379117697768767,-3.3760181383798944,-3.372918645294961,-3.3698192185877835,-3.366719858327148,-3.363620564577651,-3.3605213374004483,-3.3574221768539383,-3.354323082994376,-3.351224055876451,-3.3481250955538218,-3.3450262020796324,-3.341927375507016,-3.3388286158895855,-3.3357299232819417,-3.3326312977401913,-3.329532739322489,-3.3264342480896176,-3.323335824105618,-3.320237467438477,-3.3171391781608928,-3.3140409563511337,-3.310942802094006,-3.3078447154819637,-3.3047466966163745,-3.3016487456089805,-3.298550862583592,-3.2954530476780595,-3.2923553010465714,-3.2892576228623565,-3.286160013048913,-3.2830624715365277,-3.2799649982616486,-3.2768675931663234,-3.273770256197693,-3.2706729873075453,-3.267575786451903,-3.2644786535906642,-3.2613815886872697,-3.2582845917084082,-3.255187662623748,-3.2520908014056964,-3.248994008029177,-3.2458972824714323,-3.242800624711845,-3.2397040347317705,-3.2366075125143907,-3.2335110580445785,-3.2304146713087714,-3.2273183522948603,-3.22422210099209,-3.221125917390962,-3.2180298014831545,-3.2149337532614415,-3.211837772719623,-3.2087418598524677,-3.2056460146556542,-3.2025502371257213,-3.1994545272600257,-3.196358885056707,-3.1932633105146593,-3.19016780363351,-3.187072364413606,-3.183976992856011,-3.1808816889625153,-3.177786452735655,-3.1746912841787487,-3.1715961832959603,-3.1685011500923763,-3.165406184574125,-3.1623112867485252,-3.1592164566243,-3.1561216942118424,-3.1530269995235787,-3.149932372574433,-3.146837813382448,-3.1437433219695854,-3.1406488983627803,-3.137554542595329,-3.1344602547087015,-3.131366034754932,-3.12827188279977,-3.1251777989268423,-3.122083783243166,-3.1189898358864636,-3.115895957034899,-3.112802146920063,-3.10970840584433,-3.1066147342041357,-3.1035211325212457,-3.1004276014848884,-3.097334142008658,-3.094240755307572,-3.091147443002668,-3.088054207263369,-3.084961051001726,-3.081867978138136,-3.0787749939657627,-3.075682105651576,-3.072589322927022,-3.069496659042497,-3.0664041320897613,-3.063311766838772,-3.0602195972955735,-3.0571276702733075,-3.054036050390273,-3.0509448270829718,-3.047854124471292,-3.044764115270534,-3.0416750404592223,-3.0385872371526705,-3.035501178202271,-3.032417528588184,-3.0293372259153735,-3.02626159557546,-3.0231925158582365,-3.020132655151089,-3.0170858133064518,-3.01405741364451,-3.011055212786305,-3.00809032515124,-3.005178700811234,-3.002343253331738,-2.999616911811517,-2.9970469694563877,-2.9947012123690118,-2.992676409714479,-2.9911097617972247,-2.990193693323893
-3.592805562149945,-3.592015896851173,-3.5906475245621987,-3.588851752097852,-3.586738283135928,-3.5843873590629833,-3.5818580993288767,-3.5791943291685975,-3.576428708181097,-3.5735856882775217,-3.570683652661619,-3.5677364745832723,-3.5647546606938683,-3.5617461944101687,-3.55871716104024,-3.555672213153889,-3.5526149183779796,-3.5495480202516467,-3.5464736345242724,-3.5433933973346607,-3.54030857739927,-3.53722016119357,-3.53412891780632,-3.531035448450142,-3.52794022435786,-3.5248436158640155,-3.5217459147787404,-3.51864735164442,-3.5155481090786966,-3.5124483321168958,-3.509348136248335,-3.506247613675963,-3.5031468382039566,-3.5000458690632326,-3.4969447539128717,-3.493843531200635,-3.4907422320238446,-3.4876408815998907,-3.484539500431007,-3.4814381052290537,-3.4783367096514963,-3.4752353248884913,-3.472133960132303,-3.469032622953504,-3.465931319603179,-3.4628300552562385,-3.4597288342077763,-3.4566276600318937,-3.4535265357104588,-3.4504254637377283,-3.447324446205555,-3.444223484872932,-3.4411225812228907,-3.438021736509146,-3.4349209517944286,-3.431820227982054,-3.428719565841979,-3.4256189660323573,-3.4225184291174098,-3.4194179555822695,-3.4163175458453465,-3.4132172002686483,-3.410116919166411,-3.4070167028123333,-3.4039165514456604,-3.4008164652763013,-3.3977164444891543,-3.394616489247768,-3.3915165996974443,-3.388416775967883,-3.385317018175441,-3.38221732642506,-3.3791177008119346,-3.3760181414229407,-3.3729186483378855,-3.369819221630587,-3.366719861369831,-3.3636205676202127,-3.3605213404428897,-3.357422179896259,-3.3543230860365756,-3.35122405891853,-3.34812509859578,-3.3450262051214703,-3.341927378548733,-3.3388286189311818,-3.335729926323418,-3.332631300781548,-3.329532742363726,-3.3264342511307357,-3.323335827146617,-3.3202374704793556,-3.3171391812016497,-3.314040959391768,-3.3109428051345184,-3.307844718522355,-3.3047466996566444,-3.301648748649129,-3.298550865623619,-3.2954530507179656,-3.292355304086357,-3.28925762590202,-3.2861600160884534,-3.2830624745759462,-3.2799650013009454,-3.2768675962054985,-3.2737702592367466,-3.2706729903464766,-3.267575789490713,-3.264478656629352,-3.2613815917258355,-3.258284594746852,-3.2551876656620706,-3.2520908044438968,-3.2489940110672557,-3.24589728550939,-3.24280062774968,-3.2397040377694837,-3.2366075155519827,-3.233511061082049,-3.2304146743461204,-3.2273183553320886,-3.224222104029197,-3.2211259204279488,-3.218029804520021,-3.2149337562981866,-3.2118377757562473,-3.208741862888971,-3.2056460176920365,-3.2025502401619823,-3.199454530296165,-3.196358888092724,-3.1932633135505544,-3.1901678066692827,-3.187072367449256,-3.1839769958915394,-3.1808816919979215,-3.177786455770938,-3.17469128721391,-3.171596186331,-3.1685011531272953,-3.1654061876089217,-3.1623112897832004,-3.1592164596588534,-3.1561216972462742,-3.153027002557889,-3.149932375608621,-3.1468378164165127,-3.1437433250035256,-3.140648901396598,-3.1375545456290235,-3.134460257742273,-3.131366037788381,-3.128271885833097,-3.1251778019600476,-3.12208378627625,-3.1189898389194273,-3.1158959600677423,-3.1128021499527847,-3.1097084088769305,-3.106614737236615,-3.1035211355536023,-3.100427604517122,-3.0973341450407696,-3.094240758339561,-3.0911474460345345,-3.088054210295113,-3.0849610540333465,-3.0818679811696352,-3.078774996997139,-3.0756821086828294,-3.0725893259581527,-3.0694966620735067,-3.0664041351206492,-3.0633117698695376,-3.060219600326217,-3.05712767330383,-3.0540360534206736,-3.050944830113251,-3.047854127501449,-3.0447641183005696,-3.041675043489136,-3.0385872401824625,-3.0355011812319415,-3.0324175316177326,-3.0293372289448013,-3.0262615986047656,-3.0231925188874205,-3.0201326581801493,-3.0170858163353897,-3.0140574166733276,-3.0110552158150026,-3.00809032817982,-3.0051787038396984,-3.002343256360089,-2.9996169148397582,-2.997046972484525,-2.9947012153970527,-2.9926764127424375,-2.991109764825119,-2.9901936963517497
-3.5928055650934505,-3.5920158997946534,-3.590647527505634,-3.588851755041227,-3.5867382860792305,-3.584387362006205,-3.581858102272008,-3.579194332111634,-3.5764287111240334,-3.573585691220353,-3.5706836556043435,-3.567736477525888,-3.5647546636363754,-3.5617461973525657,-3.5587171639825277,-3.555672216096066,-3.5526149213200435,-3.5495480231935965,-3.546473637466108,-3.5433934002763827,-3.540308580340878,-3.537220164135063,-3.534128920747697,-3.5310354513914035,-3.527940227299006,-3.524843618805045,-3.521745917719654,-3.518647354585219,-3.5155481120193794,-3.5124483350574613,-3.509348139188784,-3.506247616616296,-3.5031468411441744,-3.500045872003335,-3.4969447568528587,-3.493843534140505,-3.490742234963599,-3.487640884539529,-3.4845395033705286,-3.4814381081684593,-3.478336712590786,-3.475235327827665,-3.4721339630713595,-3.4690326258924427,-3.4659313225420014,-3.4628300581949443,-3.4597288371463653,-3.4566276629703667,-3.453526538648815,-3.4504254666759677,-3.4473244491436765,-3.444223487810937,-3.4411225841607793,-3.4380217394469175,-3.4349209547320845,-3.431820230919594,-3.428719568779404,-3.4256189689696668,-3.422518432054603,-3.4194179585193467,-3.416317548782308,-3.413217203205494,-3.410116922103141,-3.407016705748947,-3.4039165543821572,-3.4008164682126814,-3.3977164474254176,-3.3946164921839137,-3.391516602633472,-3.3884167789037942,-3.385317021111235,-3.382217329360738,-3.3791177037474953,-3.3760181443583845,-3.372918651273213,-3.369819224565798,-3.3667198643049243,-3.3636205705551894,-3.36052134337775,-3.3574221828310025,-3.354323088971203,-3.3512240618530402,-3.348125101530174,-3.3450262080557485,-3.3419273814828947,-3.3388286218652268,-3.3357299292573463,-3.332631303715359,-3.329532745297421,-3.326434254064313,-3.323335830080076,-3.320237473412697,-3.317139184134875,-3.3140409623248765,-3.3109428080675105,-3.3078447214552305,-3.3047467025894033,-3.3016487515817716,-3.2985508685561458,-3.2954530536503754,-3.2923553070186498,-3.2892576288341955,-3.286160019020513,-3.2830624775078885,-3.279965004232771,-3.2768675991372063,-3.2737702621683376,-3.270672993277951,-3.2675757924220705,-3.2644786595605924,-3.261381594656959,-3.2582845976778576,-3.2551876685929586,-3.252090807374667,-3.2489940139979083,-3.245897288439924,-3.2428006306800974,-3.239704040699784,-3.2366075184821654,-3.233511064012114,-3.2304146772760665,-3.227318358261917,-3.2242221069589085,-3.2211259233575427,-3.2180298074494975,-3.214933759227546,-3.21183777868549,-3.208741865818097,-3.205646020621045,-3.202550243090874,-3.1994545332249396,-3.196358891021382,-3.193263316479096,-3.190167809597708,-3.1870723703775647,-3.1839769988197304,-3.1808816949259957,-3.1777864586988946,-3.174691290141749,-3.1715961892587194,-3.1685011560548952,-3.1654061905364026,-3.1623112927105628,-3.1592164625860977,-3.1561217001734008,-3.1530270054848977,-3.1499323785355124,-3.146837819343287,-3.1437433279301836,-3.140648904323138,-3.1375545485554466,-3.1344602606685794,-3.1313660407145707,-3.1282718887591687,-3.1251778048860004,-3.1220837892020836,-3.118989841845142,-3.11589596299334,-3.112802152878266,-3.1097084118022953,-3.1066147401618633,-3.103521138478735,-3.100427607442138,-3.0973341479656695,-3.0942407612643437,-3.091147448959201,-3.0880542132196607,-3.084961056957777,-3.0818679840939467,-3.0787749999213316,-3.0756821116069037,-3.0725893288821093,-3.069496664997345,-3.0664041380443687,-3.063311772793139,-3.0602196032496995,-3.0571276762271946,-3.0540360563439206,-3.0509448330363806,-3.047854130424462,-3.044764121223465,-3.041675046411913,-3.038587243105122,-3.0355011841544837,-3.0324175345401563,-3.029337231867106,-3.0262616015269526,-3.02319252180949,-3.020132661102103,-3.0170858192572276,-3.014057419595049,-3.0110552187366086,-3.0080903311013096,-3.0051787067610745,-3.002343259281355,-2.9996169177609175,-2.9970469754055835,-2.994701218318019,-2.9926764156633237,-2.991109767745943,-2.9901936992725378
-3.5928055679328903,-3.5920159026340666,-3.5906475303450005,-3.5888517578805326,-3.5867382889184647,-3.5843873648453584,-3.5818581051110754,-3.579194334950609,-3.576428713962912,-3.5735856940591333,-3.5706836584430226,-3.5677364803644647,-3.5647546664748453,-3.5617462001909272,-3.5587171668207804,-3.5556722189342103,-3.552614924158079,-3.5495480260315224,-3.5464736403039243,-3.543393403114089,-3.5403085831784744,-3.5372201669725483,-3.534128923585072,-3.531035454228667,-3.5279402301361587,-3.5248436216420873,-3.521745920556585,-3.518647357422038,-3.515548114856087,-3.512448337894059,-3.5093481420252703,-3.5062476194526697,-3.503146843980435,-3.5000458748394823,-3.496944759688893,-3.4938435369764274,-3.490742237799407,-3.487640887375224,-3.484539506206112,-3.481438111003931,-3.478336715426147,-3.475235330662914,-3.472133965906497,-3.4690326287274695,-3.465931325376916,-3.462830061029746,-3.4597288399810555,-3.456627665804944,-3.4535265414832796,-3.4504254695103196,-3.4473244519779165,-3.4442234906450646,-3.4411225869947937,-3.4380217422808195,-3.4349209575658732,-3.4318202337532706,-3.4287195716129673,-3.425618971803117,-3.42251843488794,-3.4194179613525693,-3.416317551615416,-3.413217206038488,-3.4101169249360215,-3.407016708581715,-3.403916557214814,-3.400816471045226,-3.3977164502578505,-3.394616495016235,-3.391516605465682,-3.3884167817358906,-3.3853170239432195,-3.3822173321926106,-3.3791177065792555,-3.3760181471900332,-3.372918654104749,-3.3698192273972216,-3.3667198671362364,-3.363620573386389,-3.3605213462088366,-3.357422185661977,-3.3543230918020646,-3.351224064683789,-3.3481251043608102,-3.345026210886272,-3.341927384313305,-3.3388286246955254,-3.335729932087532,-3.3326313065454327,-3.3295327481273813,-3.3264342568941614,-3.323335832909813,-3.320237476242323,-3.317139186964389,-3.314040965154279,-3.3109428108968,-3.3078447242844065,-3.3047467054184656,-3.30164875441072,-3.29855087138498,-3.295453056479095,-3.2923553098472547,-3.289257631662687,-3.286160021848891,-3.283062480336153,-3.2799650070609223,-3.276867601965245,-3.2737702649962634,-3.270672996105764,-3.26757579524977,-3.264478662388179,-3.261381597484433,-3.2582846005052204,-3.255187671420209,-3.2520908102018056,-3.2489940168249345,-3.245897291266839,-3.2428006335069006,-3.239704043526475,-3.2366075213087444,-3.23351106683858,-3.23041468010242,-3.2273183610881566,-3.2242221097850345,-3.221125926183556,-3.2180298102753975,-3.2149337620533327,-3.211837781511164,-3.208741868643657,-3.205646023446491,-3.202550245916206,-3.199454536050158,-3.1963588938464866,-3.1932633193040876,-3.1901678124225863,-3.18707237320233,-3.1839770016443825,-3.180881697750533,-3.177786461523319,-3.174691292966059,-3.1715961920829163,-3.1685011588789775,-3.165406193360371,-3.162311295534418,-3.159216465409839,-3.156121702997028,-3.153027008308411,-3.149932381358913,-3.1468378221665754,-3.143743330753359,-3.1406489071462023,-3.137554551378398,-3.1344602634914174,-3.1313660435372936,-3.1282718915817784,-3.1251778077084986,-3.122083792024469,-3.1189898446674147,-3.115895965815498,-3.112802155700309,-3.109708414624224,-3.106614742983678,-3.103521141300435,-3.1004276102637243,-3.097334150787142,-3.0942407640857024,-3.0911474517804454,-3.088054216040792,-3.0849610597787946,-3.081867986914851,-3.078775002742123,-3.075682114427581,-3.0725893317026727,-3.0694966678177944,-3.066404140864705,-3.0633117756133617,-3.060219606069809,-3.05712767904719,-3.054036059163803,-3.0509448358561486,-3.047854133244115,-3.044764124043003,-3.0416750492313356,-3.038587245924429,-3.035501186973676,-3.0324175373592355,-3.0293372346860723,-3.026261604345806,-3.0231925246282314,-3.0201326639207315,-3.0170858220757433,-3.014057422413453,-3.0110552215549005,-3.0080903339194913,-3.005178709579147,-3.00234326209932,-2.999616920578779,-2.9970469782233473,-2.994701221135694,-2.992676418480921,-2.9911097705634813,-2.990193702090041
-3.5928055706719197,-3.5920159053730716,-3.5906475330839625,-3.5888517606194372,-3.5867382916573005,-3.5843873675841182,-3.581858107849752,-3.579194337689197,-3.576428716701408,-3.5735856967975344,-3.570683661181327,-3.567736483102668,-3.5647546692129475,-3.5617462029289277,-3.5587171695586775,-3.5556722216720025,-3.5526149268957656,-3.549548028769105,-3.546473643041401,-3.543393405851459,-3.5403085859157377,-3.5372201697097045,-3.5341289263221225,-3.5310354569656113,-3.5279402328729947,-3.5248436243788146,-3.5217459232932042,-3.5186473601585493,-3.5155481175924908,-3.5124483406303533,-3.509348144761455,-3.506247622188746,-3.5031468467164033,-3.5000458775753422,-3.496944762424646,-3.493843539712073,-3.490742240534946,-3.4876408901106553,-3.484539508941434,-3.4814381137391455,-3.4783367181612532,-3.4752353333979116,-3.4721339686413866,-3.4690326314622504,-3.465931328111589,-3.4628300637643106,-3.4597288427155113,-3.4566276685392916,-3.453526544217519,-3.450425472244451,-3.44732445471194,-3.4442234933789795,-3.4411225897286006,-3.438021745014517,-3.434920960299461,-3.4318202364867485,-3.428719574346337,-3.425618974536379,-3.4225184376210946,-3.4194179640856164,-3.4163175543483537,-3.4132172087713166,-3.4101169276687417,-3.4070167113143266,-3.4039165599473167,-3.400816473777621,-3.3977164529901382,-3.3946164977484155,-3.391516608197754,-3.3884167844678554,-3.3853170266750747,-3.3822173349243565,-3.3791177093108926,-3.376018149921561,-3.372918656836167,-3.3698192301285297,-3.366719869867435,-3.3636205761174787,-3.360521348939818,-3.3574221883928486,-3.3543230945328277,-3.351224067414444,-3.348125107091357,-3.3450262136167095,-3.341927387043635,-3.338828627425746,-3.335729934817645,-3.332631309275437,-3.3295327508572767,-3.3264342596239476,-3.3233358356394893,-3.32023747897189,-3.317139189693846,-3.3140409678836265,-3.3109428136260384,-3.3078447270135354,-3.3047467081474857,-3.301648757139631,-3.2985508741137832,-3.295453059207791,-3.292355312575843,-3.2892576343911677,-3.286160024577264,-3.2830624830644175,-3.2799650097890782,-3.2768676046932916,-3.273770267724202,-3.2706729988335947,-3.2675757979774924,-3.2644786651157927,-3.2613816002119367,-3.2582846032326143,-3.2551876741474937,-3.2520908129289814,-3.2489940195520015,-3.2458972939937962,-3.2428006362337483,-3.2397040462532134,-3.2366075240353736,-3.2335110695651004,-3.230414682828831,-3.2273183638144585,-3.224222112511227,-3.2211259289096397,-3.218029813001372,-3.214933764779199,-3.211837784236921,-3.208741871369305,-3.20564602617203,-3.2025502486416353,-3.199454538775478,-3.196358896571698,-3.193263322029189,-3.1901678151475785,-3.187072375927214,-3.183977004369158,-3.1808817004752012,-3.177786464247878,-3.1746912956905096,-3.1715961948072566,-3.168501161603208,-3.1654061960844926,-3.162311298258429,-3.15921646813374,-3.1561217057208197,-3.153027011032093,-3.149932384082484,-3.1468378248900355,-3.143743333476709,-3.1406489098694412,-3.137554554101527,-3.134460266214438,-3.1313660462602058,-3.1282718943045817,-3.125177810431192,-3.1220837947470534,-3.118989847389889,-3.1158959685378624,-3.1128021584225642,-3.10970841734637,-3.1066147457057136,-3.103521144022361,-3.100427612985541,-3.0973341535088483,-3.094240766807299,-3.0911474545019324,-3.08805421876217,-3.0849610625000627,-3.0818679896360104,-3.078775005463173,-3.075682117148522,-3.0725893344235047,-3.0694966705385185,-3.0664041435853195,-3.0633117783338673,-3.060219608790206,-3.0571276817674775,-3.0540360618839797,-3.050944838576215,-3.0478541359640716,-3.044764126762849,-3.041675051951073,-3.038587248644057,-3.0355011896931945,-3.0324175400786437,-3.0293372374053713,-3.026261607064995,-3.0231925273473093,-3.0201326666396984,-3.0170858247946,-3.0140574251322008,-3.0110552242735418,-3.008090336638027,-3.0051787122975777,-3.0023432648176476,-2.9996169232970087,-2.997046980941484,-2.9947012238537454,-2.9926764211988997,-2.9911097732814023,-2.9901937048079286
-3.5928055733140916,-3.5920159080152194,-3.590647535726068,-3.5888517632614865,-3.586738294299283,-3.5843873702260267,-3.5818581104915803,-3.579194340330941,-3.5764287193430633,-3.573585699439097,-3.570683663822794,-3.567736485744039,-3.564754671854221,-3.5617462055701026,-3.5587171721997524,-3.5556722243129775,-3.55261492953664,-3.5495480314098766,-3.546473645682071,-3.543393408492027,-3.540308588556203,-3.5372201723500676,-3.534128928962382,-3.5310354596057674,-3.5279402355130474,-3.524843627018764,-3.521745925933051,-3.5186473627982915,-3.5155481202321295,-3.5124483432698894,-3.509348147400889,-3.5062476248280765,-3.5031468493556295,-3.5000458802144645,-3.496944765063665,-3.4938435423509886,-3.490742243173758,-3.4876408927493636,-3.4845395115800377,-3.481438116377643,-3.4783367207996454,-3.4752353360361994,-3.472133971279569,-3.469032634100328,-3.4659313307495605,-3.462830066402178,-3.4597288453532746,-3.4566276711769506,-3.4535265468550733,-3.450425474881899,-3.4473244573492825,-3.444223496016217,-3.441122592365733,-3.4380217476515464,-3.4349209629363875,-3.4318202391235717,-3.4287195769830547,-3.4256189771729915,-3.422518440257602,-3.41941796672202,-3.4163175569846547,-3.4132172114075146,-3.4101169303048353,-3.4070167139503167,-3.403916562583202,-3.400816476413401,-3.397716455625813,-3.394616500383984,-3.391516610833217,-3.388416787103213,-3.385317029310328,-3.3822173375595046,-3.3791177119459372,-3.376018152556502,-3.3729186594710048,-3.3698192327632635,-3.3667198725020646,-3.3636205787520037,-3.360521351574238,-3.3574221910271644,-3.354323097167039,-3.35122407004855,-3.348125109725357,-3.345026216250605,-3.3419273896774246,-3.338828630059431,-3.3357299374512244,-3.3326313119089104,-3.3295327534906454,-3.326434262257211,-3.323335838272648,-3.320237481604943,-3.317139192326796,-3.3140409705164715,-3.3109428162587786,-3.307844729646171,-3.304746710780016,-3.3016487597720565,-3.298550876746104,-3.295453061840006,-3.2923553152079537,-3.289257637023174,-3.2861600272091644,-3.2830624856962127,-3.279965012420768,-3.276867607324877,-3.2737702703556812,-3.2706730014649676,-3.26757580060876,-3.264478667746955,-3.261381602842995,-3.2582846058635675,-3.2551876767783416,-3.252090815559724,-3.248994022182639,-3.2458972966243294,-3.2428006388641766,-3.239704048883537,-3.2366075266655923,-3.233511072195213,-3.230414685458839,-3.227318366444362,-3.2242221151410253,-3.2211259315393317,-3.2180298156309584,-3.2149337674086795,-3.211837786866296,-3.2087418739985756,-3.2056460288011963,-3.202550251270697,-3.1994545414044353,-3.196358899200549,-3.1932633246579343,-3.190167817776218,-3.1870723785557473,-3.1839770069975852,-3.180881703103522,-3.1777864668760936,-3.1746912983186197,-3.1715961974352633,-3.1685011642311127,-3.1654061987122932,-3.1623113008861257,-3.159216470761333,-3.1561217083483077,-3.1530270136594756,-3.1499323867097617,-3.1468378275172073,-3.1437433361037748,-3.1406489124964008,-3.137554556728381,-3.1344602688411847,-3.1313660488868473,-3.1282718969311167,-3.1251778130576207,-3.122083797373376,-3.118989850016106,-3.1158959711639747,-3.1128021610485717,-3.1097084199722724,-3.106614748331511,-3.1035211466480517,-3.100427615611125,-3.0973341561343255,-3.09424076943267,-3.091147457127197,-3.088054221387328,-3.084961065125115,-3.0818679922609555,-3.078775008088012,-3.075682119773254,-3.0725893370481296,-3.069496673163036,-3.06640414620973,-3.0633117809581702,-3.060219611414401,-3.0571276843915656,-3.054036064507962,-3.0509448412000912,-3.0478541385878413,-3.044764129386513,-3.0416750545746307,-3.0385872512675096,-3.035501192316542,-3.032417542701886,-3.0293372400285072,-3.0262616096880257,-3.023192529970236,-3.020132669262521,-3.0170858274173185,-3.014057427754815,-3.011055226896051,-3.0080903392604337,-3.005178714919883,-3.0023432674398554,-2.9996169259191205,-2.997046983563506,-2.9947012264756845,-2.992676423820767,-2.9911097759032144,-2.9901937074297087
-3.5928055758628457,-3.5920159105639504,-3.590647538274759,-3.5888517658101238,-3.586738296847858,-3.5843873727745303,-3.5818581130400062,-3.5791943428792843,-3.57642872189132,-3.573585701987265,-3.570683666370871,-3.5677364882920233,-3.564754674402111,-3.561746208117896,-3.558717174747449,-3.555672226860576,-3.5526149320841403,-3.5495480339572785,-3.546473648229373,-3.54339341103923,-3.5403085911033063,-3.5372201748970706,-3.534128931509285,-3.5310354621525706,-3.5279402380597524,-3.524843629565371,-3.521745928479559,-3.518647365344702,-3.5155481227784406,-3.5124483458161007,-3.509348149946999,-3.5062476273740866,-3.5031468519015405,-3.5000458827602756,-3.496944767609376,-3.4938435448965985,-3.4907422457192667,-3.4876408952947715,-3.4845395141253452,-3.48143811892285,-3.478336723344751,-3.475235338581204,-3.4721339738244725,-3.4690326366451303,-3.4659313332942623,-3.462830068946779,-3.459728847897774,-3.4566276737213486,-3.4535265493993696,-3.4504254774260947,-3.4473244598933768,-3.4442234985602105,-3.441122594909625,-3.4380217501953356,-3.4349209654800745,-3.4318202416671566,-3.4287195795265397,-3.4256189797163765,-3.4225184428008864,-3.419417969265203,-3.4163175595277364,-3.413217213950495,-3.410116932847715,-3.4070167164930942,-3.4039165651258783,-3.400816478955976,-3.3977164581682864,-3.394616502926356,-3.391516613375488,-3.388416789645383,-3.3853170318523977,-3.3822173401014735,-3.3791177144878035,-3.376018155098267,-3.372918662012668,-3.3698192353048255,-3.366719875043526,-3.363620581293364,-3.3605213541154972,-3.357422193568323,-3.3543230997080964,-3.351224072589507,-3.3481251122662137,-3.3450262187913604,-3.341927392218079,-3.338828632599984,-3.3357299399916767,-3.332631314449263,-3.329532756030898,-3.3264342647973626,-3.3233358408126983,-3.3202374841448923,-3.3171391948666424,-3.314040973056217,-3.310942818798423,-3.3078447321857154,-3.30474671331946,-3.3016487623114,-3.298550879285346,-3.2954530643791466,-3.2923553177469933,-3.2892576395621114,-3.2861600297480007,-3.283062488234948,-3.2799650149594033,-3.276867609863412,-3.273770272894116,-3.270673004003301,-3.267575803146992,-3.2644786702850856,-3.261381605381023,-3.2582846084014947,-3.2551876793161676,-3.2520908180974493,-3.2489940247202624,-3.2458972991618507,-3.2428006414015953,-3.2397040514208526,-3.2366075292028054,-3.2335110747323252,-3.2304146879958493,-3.2273183689812703,-3.224222117677832,-3.221125934076037,-3.2180298181675626,-3.214933769945182,-3.211837789402696,-3.208741876534873,-3.2056460313373925,-3.2025502538067925,-3.1994545439404285,-3.196358901736441,-3.1932633271937245,-3.1901678203119066,-3.187072381091333,-3.1839770095330677,-3.180881705638903,-3.177786469411372,-3.174691300853796,-3.1715961999703373,-3.1685011667660836,-3.1654062012471615,-3.162311303420892,-3.159216473295997,-3.1561217108828705,-3.153027016193937,-3.149932389244122,-3.1468378300514654,-3.143743338637931,-3.1406489150304555,-3.1375545592623344,-3.134460271375038,-3.131366051420599,-3.128271899464768,-3.1251778155911705,-3.122083799906824,-3.1189898525494524,-3.115895973697218,-3.112802163581712,-3.109708422505311,-3.106614750864448,-3.1035211491808883,-3.10042761814386,-3.09733415866696,-3.094240771965204,-3.09114745965963,-3.0880542239196593,-3.0849610676573445,-3.0818679947930847,-3.0787750106200398,-3.0756821223051807,-3.0725893395799546,-3.0694966756947584,-3.0664041487413503,-3.0633117834896884,-3.060219613945817,-3.0571276869228794,-3.0540360670391724,-3.0509448437311986,-3.047854141118847,-3.0447641319174172,-3.041675057105433,-3.038587253798208,-3.0355011948471375,-3.0324175452323794,-3.029337242558899,-3.0262616122183155,-3.023192532500424,-3.020132671792607,-3.0170858299473036,-3.014057430284699,-3.011055229425835,-3.0080903417901177,-3.00517871744947,-3.002343269969347,-2.999616928448521,-2.9970469860928186,-2.9947012290049173,-2.9926764263499313,-2.9911097784323255,-2.9901937099587883
-3.592805578321473,-3.5920159130225566,-3.5906475407333263,-3.5888517682686407,-3.5867382993063135,-3.5843873752329185,-3.581858115498321,-3.5791943453375206,-3.5764287243494737,-3.5735857044453327,-3.570683668828852,-3.5677364907499163,-3.5647546768599137,-3.561746210575607,-3.5587171772050676,-3.5556722293181022,-3.5526149345415723,-3.5495480364146155,-3.546473650686615,-3.5433934134963754,-3.5403085935603555,-3.537220177354024,-3.5341289339661413,-3.5310354646093303,-3.527940240516415,-3.5248436320219354,-3.5217459309360253,-3.51864736780107,-3.515548125234711,-3.5124483482722733,-3.5093481524030734,-3.5062476298300624,-3.503146854357418,-3.5000458852160548,-3.496944770065057,-3.4938435473521823,-3.4907422481747536,-3.4876408977501616,-3.4845395165806403,-3.4814381213780488,-3.4783367257998536,-3.4752353410362105,-3.4721339762793813,-3.4690326390999418,-3.465931335748976,-3.4628300714013944,-3.459728850352292,-3.456627676175768,-3.4535265518536913,-3.45042547988032,-3.447324462347506,-3.444223501014243,-3.441122597363562,-3.438021752649177,-3.43492096793382,-3.4318202441208063,-3.428719581980092,-3.4256189821698313,-3.422518445254243,-3.4194179717184614,-3.416317561980897,-3.4132172164035577,-3.4101169353006795,-3.4070167189459624,-3.4039165675786482,-3.4008164814086483,-3.3977164606208614,-3.394616505378835,-3.3915166158278702,-3.3884167920976695,-3.3853170343045873,-3.382217342553567,-3.379117716939801,-3.376018157550167,-3.3729186644644713,-3.3698192377565324,-3.3667198774951355,-3.363620583744876,-3.3605213565669123,-3.3574221960196398,-3.3543231021593147,-3.3512240750406272,-3.3481251147172357,-3.3450262212422843,-3.3419273946689056,-3.338828635050712,-3.335729942442306,-3.332631316899793,-3.3295327584813283,-3.3264342672476954,-3.323335843262933,-3.3202374865950297,-3.3171391973166826,-3.314040975506159,-3.3109428212482666,-3.3078447346354602,-3.3047467157691077,-3.301648764760951,-3.298550881734801,-3.2954530668285047,-3.292355320196253,-3.289257642011274,-3.286160032197065,-3.283062490683915,-3.2799650174082706,-3.2768676123121803,-3.2737702753427858,-3.2706730064518736,-3.267575805595467,-3.2644786727334636,-3.2613816078293043,-3.2582846108496777,-3.2551876817642524,-3.252090820545435,-3.2489940271681497,-3.2458973016096397,-3.2428006438492867,-3.2397040538684467,-3.2366075316503014,-3.2335110771797235,-3.2304146904431494,-3.227318371428473,-3.2242221201249373,-3.2211259365230447,-3.218029820614473,-3.214933772391994,-3.211837791849411,-3.2087418789814905,-3.205646033783911,-3.2025502562532115,-3.1994545463867494,-3.196358904182665,-3.193263329639852,-3.1901678227579366,-3.187072383537266,-3.1839770119789055,-3.1808817080846428,-3.177786471857015,-3.174691303299341,-3.1715962024157847,-3.1685011692114333,-3.1654062036924135,-3.1623113058660457,-3.1592164757410517,-3.1561217133278268,-3.1530270186387943,-3.1499323916888806,-3.1468378324961273,-3.1437433410824958,-3.1406489174749215,-3.1375545617067013,-3.134460273819305,-3.1313660538647663,-3.128271901908834,-3.1251778180351373,-3.122083802350692,-3.118989854993221,-3.115895976140888,-3.1128021660252836,-3.109708424948783,-3.1066147533078206,-3.103521151624161,-3.1004276205870345,-3.0973341611100365,-3.094240774408182,-3.09114746210251,-3.0880542263624413,-3.0849610701000283,-3.081867997235669,-3.078775013062525,-3.075682124747568,-3.0725893420222437,-3.0694966781369497,-3.0664041511834434,-3.0633117859316834,-3.0602196163877142,-3.0571276893646786,-3.054036069480874,-3.0509448461728024,-3.047854143560352,-3.044764134358824,-3.041675059546741,-3.0385872562394183,-3.035501197288249,-3.0324175476733917,-3.029337244999812,-3.0262616146591284,-3.023192534941137,-3.020132674233222,-3.0170858323878202,-3.014057432725118,-3.0110552318661585,-3.0080903442303466,-3.005178719889605,-3.0023432724093904,-2.999616930888476,-2.99704698853269,-2.994701231444713,-2.9926764287896606,-2.991109780872003,-2.990193712398436
-3.592805580693168,-3.592015915394229,-3.590647543104962,-3.5888517706402263,-3.5867383016778387,-3.584387377604376,-3.581858117869707,-3.57919434770883,-3.5764287267207036,-3.5735857068164796,-3.5706836711999124,-3.5677364931208886,-3.564754679230797,-3.5617462129464026,-3.558717179575773,-3.555672231688717,-3.5526149369120974,-3.5495480387850504,-3.546473653056959,-3.5433934158666287,-3.5403085959305174,-3.537220179724094,-3.5341289363361192,-3.5310354669792168,-3.5279402428862077,-3.5248436343916345,-3.5217459333056307,-3.5186473701705814,-3.515548127604128,-3.5124483506415958,-3.5093481547723036,-3.5062476321992,-3.5031468567264636,-3.5000458875850082,-3.4969447724339164,-3.493843549720947,-3.490742250543424,-3.487640900118739,-3.484539518949122,-3.4814381237464365,-3.4783367281681463,-3.4752353434044085,-3.472133978647486,-3.4690326414679538,-3.4659313381168952,-3.462830073769221,-3.459728852720025,-3.4566276785434082,-3.4535265542212383,-3.4504254822477725,-3.4473244647148635,-3.4442235033815063,-3.441122599730731,-3.4380217550162517,-3.4349209703008006,-3.4318202464876926,-3.4287195843468843,-3.4256189845365297,-3.422518447620848,-3.419417974084972,-3.416317564347313,-3.4132172187698795,-3.410116937666907,-3.4070167213120954,-3.4039165699446885,-3.400816483774596,-3.397716462986716,-3.3946165077445953,-3.391516618193536,-3.38841679446324,-3.385317036670063,-3.3822173449189483,-3.379117719305088,-3.37601815991536,-3.372918666829569,-3.369819240121536,-3.3667198798600446,-3.3636205861096906,-3.3605213589316327,-3.357422198384266,-3.3543231045238473,-3.3512240774050657,-3.3481251170815804,-3.345026223606536,-3.3419273970330625,-3.3388286374147755,-3.3357299448062756,-3.33263131926367,-3.329532760845112,-3.3264342696113847,-3.3233358456265294,-3.320237488958532,-3.31713919968009,-3.314040977869472,-3.310942823611486,-3.3078447369985864,-3.30474671813214,-3.301648767123889,-3.298550884097644,-3.2954530691912534,-3.2923553225589077,-3.289257644373834,-3.2861600345595314,-3.2830624930462875,-3.27996501977055,-3.276867614674366,-3.2737702777048776,-3.2706730088138705,-3.26757580795737,-3.2644786750952712,-3.261381610191017,-3.258284613211296,-3.255187684125777,-3.2520908229068657,-3.248994029529486,-3.245897303970881,-3.2428006462104326,-3.239704056229497,-3.236607534011257,-3.2335110795405835,-3.2304146928039152,-3.2273183737891444,-3.224222122485515,-3.221125938883529,-3.2180298229748616,-3.2149337747522884,-3.2118377942096106,-3.2087418813415955,-3.2056460361439227,-3.2025502586131296,-3.1994545487465724,-3.1963589065423914,-3.193263331999482,-3.1901678251174705,-3.187072385896704,-3.183977014338248,-3.1808817104438907,-3.1777864742161674,-3.1746913056583987,-3.171596204774747,-3.1685011715702998,-3.165406206051185,-3.162311308224722,-3.1592164780996335,-3.1561217156863135,-3.1530270209971873,-3.1499323940471795,-3.146837834854331,-3.1437433434406037,-3.140648919832935,-3.137554564064619,-3.1344602761771285,-3.1313660562224954,-3.1282719042664704,-3.12517782039268,-3.122083804708141,-3.1189898573505768,-3.115895978498151,-3.112802168382453,-3.1097084273058586,-3.1066147556648014,-3.1035211539810477,-3.1004276229438266,-3.0973341634667326,-3.0942407767647833,-3.0911474644590156,-3.088054228718851,-3.084961072456342,-3.081867999591888,-3.0787750154186493,-3.075682127103597,-3.0725893443781778,-3.069496680492789,-3.066404153539187,-3.0633117882873315,-3.0602196187432673,-3.0571276917201353,-3.0540360718362356,-3.0509448485280686,-3.0478541459155246,-3.0447641367139013,-3.0416750619017243,-3.038587258594308,-3.035501199643044,-3.0324175500280917,-3.0293372473544173,-3.026261617013641,-3.0231925372955546,-3.0201326765875454,-3.0170858347420495,-3.0140574350792533,-3.0110552342201995,-3.008090346584294,-3.0051787222434614,-3.0023432747631578,-2.999616933242158,-2.9970469908862913,-2.9947012337982404,-2.9926764311431238,-2.9911097832254168,-2.9901937147518205
-3.592805582980998,-3.5920159176820383,-3.5906475453927347,-3.5888517729279514,-3.5867383039655083,-3.5843873798919828,-3.5818581201572446,-3.5791943499962953,-3.5764287290080934,-3.5735857091037917,-3.5706836734871437,-3.5677364954080373,-3.564754681517861,-3.56174621523338,-3.558717181862662,-3.555672233975517,-3.5526149391988078,-3.5495480410716693,-3.546473655343487,-3.5433934181530655,-3.540308598216864,-3.5372201820103495,-3.5341289386222856,-3.531035469265293,-3.5279402451721946,-3.524843636677533,-3.5217459355914404,-3.518647372456302,-3.515548129889759,-3.5124483529271373,-3.509348157057755,-3.506247634484562,-3.5031468590117347,-3.500045889870188,-3.496944774719005,-3.493843552005945,-3.4907422528283316,-3.487640902403556,-3.4845395212338492,-3.481438126031073,-3.4783367304526926,-3.4752353456888656,-3.4721339809318534,-3.4690326437522314,-3.465931340401083,-3.4628300760533195,-3.4597288550040335,-3.456627680827327,-3.4535265565050675,-3.4504254845315123,-3.4473244669985132,-3.444223505665066,-3.4411226020142003,-3.438021757299632,-3.4349209725840906,-3.431820248770892,-3.428719586629992,-3.425618986819546,-3.422518449903774,-3.419417976367807,-3.4163175666300583,-3.413217221052534,-3.41011693994947,-3.407016723594568,-3.40391657222707,-3.400816486056886,-3.397716465268914,-3.3946165100267014,-3.391516620475551,-3.3884167967451644,-3.3853170389518974,-3.382217347200692,-3.379117721586741,-3.376018162196923,-3.372918669111043,-3.369819242402918,-3.3667198821413353,-3.363620588390891,-3.3605213612127423,-3.3574222006652854,-3.354323106804777,-3.3512240796859056,-3.348125119362331,-3.3450262258871954,-3.341927399313632,-3.3388286396952545,-3.3357299470866635,-3.332631321543966,-3.329532763125316,-3.326434271891498,-3.3233358479065505,-3.3202374912384616,-3.3171392019599293,-3.3140409801492203,-3.3109428258911433,-3.3078447392781523,-3.304746720411614,-3.3016487694032706,-3.2985508863769333,-3.295453071470452,-3.2923553248380157,-3.2892576466528514,-3.2861600368384574,-3.283062495325122,-3.279965022049293,-3.2768676169530178,-3.2737702799834385,-3.2706730110923408,-3.2675758102357486,-3.2644786773735595,-3.2613816124692137,-3.2582846154894005,-3.2551876864037896,-3.252090825184786,-3.2489940318073156,-3.24589730624862,-3.2428006484880814,-3.239704058507056,-3.236607536288725,-3.233511081817961,-3.230414695081201,-3.227318376066339,-3.2242221247626177,-3.2211259411605395,-3.2180298252517816,-3.2149337770291173,-3.211837796486349,-3.208741883618243,-3.205646038420479,-3.202550260889594,-3.1994545510229453,-3.196358908818674,-3.1932633342756733,-3.1901678273935716,-3.1870723881727145,-3.183977016614167,-3.1808817127197173,-3.177786476491902,-3.174691307934042,-3.1715962070502983,-3.16850117384576,-3.165406208326554,-3.1623113105000007,-3.1592164803748215,-3.1561217179614105,-3.153027023272193,-3.149932396322093,-3.146837837129153,-3.1437433457153343,-3.1406489221075744,-3.1375545663391677,-3.1344602784515856,-3.1313660584968614,-3.128271906540745,-3.125177822666864,-3.1220838069822334,-3.1189898596245773,-3.1158959807720596,-3.112802170656269,-3.109708429579583,-3.1066147579384347,-3.1035211562545904,-3.1004276252172778,-3.0973341657400932,-3.094240779038052,-3.0911474667321923,-3.0880542309919368,-3.084961074729338,-3.0818680018647937,-3.078775017691464,-3.0756821293763204,-3.0725893466508096,-3.069496682765329,-3.0664041558116364,-3.0633117905596903,-3.060219621015534,-3.057127693992311,-3.0540360741083195,-3.050944850800061,-3.0478541481874237,-3.044764138985708,-3.041675064173439,-3.0385872608659303,-3.035501201914575,-3.032417552299531,-3.0293372496257653,-3.0262616192848975,-3.0231925395667205,-3.02013267885862,-3.017085837013032,-3.0140574373501456,-3.011055236491002,-3.0080903488550086,-3.0051787245140886,-3.0023432770336993,-2.999616935512615,-2.99704699315667,-2.994701236068547,-2.992676433413368,-2.9911097854956132,-2.990193717021989
-3.592805585187939,-3.5920159198889596,-3.5906475475996205,-3.588851775134792,-3.5867383061722933,-3.584387382098704,-3.5818581223638963,-3.5791943522028737,-3.5764287312145955,-3.5735857113102156,-3.570683675693487,-3.5677364976142982,-3.564754683724039,-3.5617462174394743,-3.558717184068674,-3.555672236181445,-3.552614941404652,-3.5495480432774307,-3.546473657549164,-3.5433934203586586,-3.540308600422372,-3.5372201842157724,-3.534128940827622,-3.5310354714705423,-3.5279402473773573,-3.524843638882609,-3.5217459377964278,-3.518647374661201,-3.5155481320945716,-3.512448355131864,-3.5093481592623945,-3.506247636689114,-3.5031468612161993,-3.5000458920745663,-3.4969447769232973,-3.493843554210151,-3.4907422550324516,-3.4876409046075896,-3.4845395234377965,-3.4814381282349345,-3.478336732656468,-3.475235347892553,-3.4721339831354534,-3.469032645955743,-3.465931342604506,-3.462830078256654,-3.4597288572072804,-3.456627683030487,-3.4535265587081407,-3.450425486734498,-3.447324469201412,-3.4442235078678776,-3.441122604216925,-3.4380217595022695,-3.434920974786642,-3.4318202509733577,-3.4287195888323723,-3.42561898902184,-3.4225184521059804,-3.4194179785699275,-3.416317568832091,-3.41321722325448,-3.4101169421513298,-3.407016725796339,-3.4039165744287536,-3.400816488258482,-3.3977164674704223,-3.3946165122281227,-3.3915166226768854,-3.3884167989464102,-3.3853170411530544,-3.3822173494017593,-3.37911772378772,-3.376018164397813,-3.3729186713118446,-3.3698192446036335,-3.366719884341965,-3.363620590591434,-3.360521363413199,-3.3574222028656546,-3.3543231090050587,-3.3512240818860994,-3.348125121562436,-3.345026228087213,-3.341927401513561,-3.3388286418950957,-3.335729949286417,-3.332631323743632,-3.3295327653248945,-3.326434274090989,-3.3233358501059547,-3.3202374934377774,-3.317139204159156,-3.314040982348358,-3.3109428280901927,-3.3078447414771137,-3.304746722610488,-3.3016487716020575,-3.2985508885756327,-3.2954530736690626,-3.2923553270365375,-3.2892576488512852,-3.2861600390368038,-3.283062497523381,-3.2799650242474647,-3.2768676191511017,-3.2737702821814345,-3.2706730132902497,-3.267575812433571,-3.264478679571295,-3.2613816146668624,-3.2582846176869626,-3.255187688601265,-3.2520908273821747,-3.248994034004616,-3.2458973084458322,-3.242800650685205,-3.2397040607040912,-3.2366075384856723,-3.2335110840148205,-3.2304146972779724,-3.2273183782630217,-3.224222126959212,-3.221125943357045,-3.2180298274481984,-3.214933779225446,-3.211837798682589,-3.2087418858143946,-3.2056460406165423,-3.20255026308557,-3.1994545532188337,-3.196358911014473,-3.1932633364713845,-3.190167829589194,-3.1870723903682485,-3.1839770188096126,-3.1808817149150754,-3.177786478687173,-3.1746913101292247,-3.1715962092453927,-3.1685011760407655,-3.165406210521471,-3.162311312694829,-3.159216482569562,-3.1561217201560616,-3.153027025466755,-3.1499323985165684,-3.1468378393235414,-3.143743347909635,-3.140648924301788,-3.1375545685332935,-3.1344602806456234,-3.131366060690812,-3.1282719087346065,-3.125177824860636,-3.1220838091759164,-3.1189898618181706,-3.115895982965563,-3.112802172849683,-3.1097084317729076,-3.1066147601316705,-3.103521158447738,-3.1004276274103373,-3.097334167933064,-3.094240781230934,-3.091147468924986,-3.088054233184642,-3.0849610769219544,-3.0818680040573203,-3.0787750198839015,-3.0756821315686693,-3.0725893488430702,-3.069496684957501,-3.06640415800372,-3.0633117927516844,-3.06021962320744,-3.057127696184129,-3.0540360763000485,-3.0509448529917025,-3.047854150378977,-3.0447641411771733,-3.0416750663648155,-3.0385872630572184,-3.0355012041057745,-3.032417554490643,-3.0293372518167887,-3.0262616214758324,-3.0231925417575676,-3.020132681049379,-3.0170858392037045,-3.0140574395407307,-3.0110552386815006,-3.008090351045421,-3.0051787267044157,-3.002343279223944,-2.9996169377027817,-2.997046995346762,-2.9947012382585707,-2.992676435603333,-2.9911097876855317,-2.990193719211881
-3.5928055873168274,-3.5920159220178287,-3.5906475497284562,-3.5888517772635806,-3.5867383083010287,-3.5843873842273806,-3.581858124492509,-3.579194354331418,-3.576428733343069,-3.5735857134386144,-3.5706836778218096,-3.5677364997425443,-3.5647546858522072,-3.5617462195675635,-3.558717186196682,-3.5556722383093713,-3.5526149435324967,-3.5495480454051935,-3.546473659676845,-3.5433934224862567,-3.540308602549886,-3.5372201863432027,-3.5341289429549687,-3.531035473597805,-3.5279402495045353,-3.5248436410097024,-3.5217459399234388,-3.5186473767881297,-3.5155481342214165,-3.5124483572586245,-3.5093481613890707,-3.5062476388157076,-3.50314686334271,-3.500045894200993,-3.49694477904964,-3.4938435563364103,-3.490742257158627,-3.4876409067336804,-3.484539525563803,-3.481438130360857,-3.4783367347823066,-3.475235350018308,-3.4721339852611255,-3.4690326480813316,-3.465931344730012,-3.462830080382076,-3.459728859332619,-3.456627685155741,-3.4535265608333106,-3.4504254888595836,-3.4473244713264135,-3.444223509992795,-3.4411226063417586,-3.4380217616270192,-3.4349209769113065,-3.4318202530979374,-3.4287195909568684,-3.4256189911462536,-3.4225184542303118,-3.4194179806941754,-3.416317570956255,-3.41321722537856,-3.4101169442753263,-3.407016727920252,-3.403916576552582,-3.400816490382226,-3.397716469594083,-3.3946165143516995,-3.391516624800377,-3.388416801069818,-3.385317043276378,-3.3822173515250005,-3.3791177259108776,-3.3760181665208866,-3.372918673434834,-3.369819246726538,-3.366719886464784,-3.3636205927141676,-3.360521365535846,-3.3574222049882163,-3.354323111127535,-3.35122408400849,-3.3481251236847416,-3.3450262302094336,-3.3419274036356965,-3.3388286440171466,-3.3357299514083834,-3.3326313258655134,-3.3295327674466915,-3.326434276212701,-3.3233358522275815,-3.32023749555932,-3.317139206280615,-3.314040984469733,-3.3109428302114834,-3.3078447435983205,-3.304746724731611,-3.3016487737230964,-3.2985508906965877,-3.2954530757899336,-3.2923553291573238,-3.2892576509719866,-3.2861600411574203,-3.283062499643912,-3.27996502636791,-3.2768676212714616,-3.273770284301709,-3.270673015410439,-3.2675758145536746,-3.2644786816913127,-3.261381616786794,-3.2582846198068087,-3.2551876907210255,-3.2520908295018502,-3.248994036124207,-3.2458973105653386,-3.2428006528046276,-3.2397040628234293,-3.236607540604926,-3.2335110861339893,-3.2304146993970573,-3.2273183803820222,-3.2242221290781283,-3.2211259454758774,-3.2180298295669467,-3.2149337813441092,-3.2118378008011668,-3.2087418879328875,-3.2056460427349487,-3.2025502652038895,-3.1994545553370664,-3.1963589131326207,-3.1932633385894476,-3.190167831707172,-3.187072392486142,-3.183977020927421,-3.1808817170327983,-3.177786480804811,-3.1746913122467784,-3.171596211362863,-3.1685011781581514,-3.1654062126387714,-3.1623113148120434,-3.159216484686691,-3.1561217222731073,-3.1530270275837156,-3.1499324006334426,-3.14683784144033,-3.1437433500263388,-3.1406489264184065,-3.1375545706498276,-3.1344602827620722,-3.131366062807174,-3.128271910850884,-3.125177826976828,-3.122083811292025,-3.1189898639341953,-3.1158959850815036,-3.11280217496554,-3.1097084338886805,-3.10661476224736,-3.103521160563342,-3.1004276295258557,-3.097334170048497,-3.0942407833462817,-3.0911474710402485,-3.0880542352998206,-3.084961079037047,-3.081868006172328,-3.0787750219988244,-3.075682133683507,-3.0725893509578226,-3.069496687072168,-3.0664041601183016,-3.0633117948661814,-3.0602196253218525,-3.0571276982984563,-3.0540360784142915,-3.05094485510586,-3.0478541524930503,-3.0447641432911605,-3.041675068478717,-3.0385872651710337,-3.035501206219504,-3.032417556604287,-3.029337253930347,-3.0262616235893054,-3.0231925438709553,-3.020132683162682,-3.0170858413169226,-3.014057441653865,-3.01105524079455,-3.008090353158387,-3.0051787288173,-3.0023432813367488,-2.999616939815509,-2.997046997459417,-2.9947012403711586,-2.992676437715863,-2.991109789798017,-2.99019372132434
-3.5928055893704482,-3.59201592407143,-3.5906475517820233,-3.588851779317106,-3.586738310354503,-3.5843873862807967,-3.5818581265458627,-3.5791943563847055,-3.5764287353962865,-3.5735857154917614,-3.5706836798748847,-3.5677365017955442,-3.5647546879051304,-3.56174622162041,-3.5587171882494504,-3.5556722403620613,-3.552614945585106,-3.549548047457721,-3.5464736617292916,-3.543393424538622,-3.5403086046021714,-3.537220188395408,-3.5341289450070934,-3.531035475649849,-3.527940251556499,-3.5248436430615846,-3.5217459419752393,-3.518647378839849,-3.5155481362730545,-3.5124483593101825,-3.5093481634405483,-3.5062476408671026,-3.5031468653940228,-3.500045896252224,-3.4969447811007908,-3.4938435583874803,-3.490742259209617,-3.48764090878459,-3.484539527614633,-3.481438132411606,-3.4783367368329747,-3.4752353520688963,-3.4721339873116324,-3.469032650131758,-3.465931346780358,-3.462830082432342,-3.4597288613828048,-3.4566276872058466,-3.4535265628833347,-3.4504254909095264,-3.4473244733762747,-3.444223512042575,-3.4411226083914572,-3.4380217636766366,-3.434920978960843,-3.4318202551473935,-3.428719593006243,-3.4256189931955463,-3.4225184562795214,-3.4194179827433024,-3.416317573005302,-3.4132172274275265,-3.4101169463242114,-3.407016729969057,-3.403916578601307,-3.4008164924308706,-3.397716471642646,-3.3946165164001814,-3.3915166268487784,-3.388416803118139,-3.385317045324618,-3.3822173535731594,-3.3791177279589544,-3.376018168568882,-3.372918675482747,-3.369819248774369,-3.3667198885125336,-3.3636205947618354,-3.360521367583433,-3.357422207035722,-3.354323113174959,-3.351224086055833,-3.3481251257320035,-3.345026232256614,-3.341927405682796,-3.3388286460641634,-3.3357299534553184,-3.3326313279123667,-3.3295327694934636,-3.3264342782593914,-3.32333585427419,-3.3202374976058477,-3.3171392083270614,-3.3140409865160994,-3.310942832257769,-3.3078447456445246,-3.304746726777732,-3.3016487757691353,-3.298550892742544,-3.2954530778358078,-3.292355331203116,-3.289257653017696,-3.286160043203047,-3.2830625016894563,-3.2799650284133715,-3.276867623316841,-3.2737702863470073,-3.270673017455655,-3.267575816598809,-3.264478683736365,-3.2613816188317646,-3.2582846218516974,-3.2551876927658325,-3.252090831546576,-3.2489940381688514,-3.245897312609902,-3.242800654849109,-3.2397040648678286,-3.2366075426492436,-3.233511088178225,-3.230414701441212,-3.227318382426095,-3.2242221311221195,-3.221125947519787,-3.2180298316107745,-3.214933783387855,-3.211837802844831,-3.20874188997647,-3.2056460447784496,-3.2025502672473096,-3.199454557380407,-3.1963589151758804,-3.1932633406326247,-3.1901678337502677,-3.187072394529155,-3.1839770229703523,-3.1808817190756478,-3.177786482847578,-3.1746913142894635,-3.1715962134054654,-3.168501180200672,-3.1654062146812114,-3.1623113168544035,-3.15921648672897,-3.156121724315304,-3.1530270296258314,-3.149932402675476,-3.146837843482281,-3.1437433520682068,-3.1406489284601906,-3.137554572691528,-3.1344602848036898,-3.1313660648487103,-3.128271912892339,-3.1251778290182015,-3.122083813333315,-3.1189898659754034,-3.1158959871226295,-3.1128021770065835,-3.109708435929642,-3.106614764288239,-3.103521162604138,-3.100427631566569,-3.0973341720891283,-3.0942407853868303,-3.0911474730807154,-3.088054237340204,-3.0849610810773487,-3.081868008212547,-3.0787750240389604,-3.0756821357235604,-3.072589352997794,-3.069496689112058,-3.0664041621581095,-3.063311796905907,-3.0602196273614948,-3.057127700338017,-3.0540360804537694,-3.0509448571452547,-3.0478541545323616,-3.04476414533039,-3.0416750705178632,-3.038587267210098,-3.035501208258487,-3.0324175586431874,-3.0293372559691663,-3.0262616256280426,-3.023192545909611,-3.020132685201257,-3.017085843355417,-3.0140574436922782,-3.0110552428328843,-3.0080903551966425,-3.0051787308554774,-3.00234328337485,-2.9996169418535366,-2.997046999497374,-2.994701242409051,-2.9926764397536996,-2.991109791835811,-2.9901937233621085
-3.5928055913514485,-3.592015926052413,-3.590647553762977,-3.5888517812980174,-3.5867383123353638,-3.5843873882616024,-3.5818581285266076,-3.5791943583653865,-3.5764287373768995,-3.573585717472305,-3.570683681855357,-3.567736503775945,-3.5647546898854583,-3.561746223600663,-3.5587171902296295,-3.555672242342165,-3.552614947565135,-3.5495480494376754,-3.54647366370917,-3.5433934265184233,-3.5403086065818954,-3.5372201903750558,-3.5341289469866637,-3.531035477629342,-3.527940253535915,-3.5248436450409244,-3.521745943954503,-3.518647380819037,-3.515548138252166,-3.512448361289215,-3.509348165419503,-3.50624764284598,-3.5031468673728225,-3.500045898230947,-3.4969447830794356,-3.493843560366047,-3.490742261188105,-3.4876409107630004,-3.4845395295929644,-3.481438134389859,-3.478336738811149,-3.4752353540469905,-3.4721339892896483,-3.469032652109696,-3.465931348758217,-3.4628300844101214,-3.4597288633605046,-3.4566276891834673,-3.453526564860877,-3.450425492886991,-3.447324475353661,-3.4442235140198822,-3.4411226103686854,-3.4380217656537857,-3.434920980937913,-3.431820257124383,-3.4287195949831535,-3.425618995172377,-3.4225184582562744,-3.4194179847199773,-3.416317574981897,-3.4132172294040424,-3.4101169483006495,-3.407016731945416,-3.403916580577587,-3.400816494407071,-3.397716473618768,-3.3946165183762247,-3.391516628824744,-3.388416805094026,-3.385317047300426,-3.3822173555488884,-3.3791177299346056,-3.3760181705444547,-3.3729186774582414,-3.369819250749784,-3.36671989048787,-3.363620596737094,-3.360521369558613,-3.3574222090108234,-3.354323115149981,-3.351224088030776,-3.3481251277068673,-3.3450262342313994,-3.341927407657502,-3.3388286480387914,-3.3357299554298683,-3.3326313298868384,-3.3295327714678566,-3.3264342802337055,-3.323335856248425,-3.3202374995800032,-3.317139210301137,-3.3140409884900954,-3.310942834231686,-3.3078447476183617,-3.3047467287514904,-3.3016487777428147,-3.2985508947161457,-3.2954530798093304,-3.2923553331765603,-3.2892576549910624,-3.2861600451763353,-3.2830625036626664,-3.279965030386504,-3.2768676252898965,-3.2737702883199837,-3.270673019428553,-3.267575818571628,-3.2644786857091064,-3.2613816208044293,-3.2582846238242844,-3.255187694738342,-3.252090833519006,-3.2489940401412025,-3.2458973145821735,-3.2428006568213017,-3.2397040668399435,-3.2366075446212803,-3.233511090150184,-3.23041470341309,-3.2273183843978943,-3.2242221330938388,-3.2211259494914257,-3.218029833582334,-3.214933785359335,-3.211837804816232,-3.208741891947792,-3.205646046749693,-3.202550269218475,-3.199454559351493,-3.196358917146888,-3.193263342603554,-3.1901678357211187,-3.187072396499928,-3.183977024941046,-3.180881721046264,-3.1777864848181143,-3.1746913162599193,-3.171596215375842,-3.16850118217097,-3.1654062166514305,-3.1623113188245418,-3.1592164886990277,-3.1561217262852828,-3.153027031595731,-3.149932404645297,-3.146837845452023,-3.14374335403787,-3.1406489304297756,-3.1375545746610345,-3.134460286773117,-3.131366066818058,-3.1282719148616063,-3.1251778309873903,-3.122083815302426,-3.1189898679444346,-3.1158959890915825,-3.112802178975458,-3.109708437898436,-3.106614766256952,-3.1035211645727716,-3.1004276335351233,-3.097334174057603,-3.0942407873552265,-3.0911474750490315,-3.088054239308442,-3.084961083045507,-3.081868010180626,-3.0787750260069604,-3.0756821376914814,-3.072589354965636,-3.069496691079821,-3.0664041641257933,-3.063311798873512,-3.060219629329021,-3.057127702305463,-3.0540360824211366,-3.050944859112543,-3.0478541564995707,-3.0447641472975193,-3.0416750724849146,-3.03858726917707,-3.0355012102253793,-3.0324175606100012,-3.0293372579359015,-3.026261627594699,-3.023192547876188,-3.020132687167754,-3.0170858453218345,-3.0140574456586187,-3.0110552447991465,-3.008090357162827,-3.005178732821587,-3.002343285340885,-2.9996169438194995,-2.9970470014632693,-2.994701244374885,-2.99267644171948,-2.991109793801549,-2.990193725327823
-3.592805593262406,-3.5920159279633537,-3.5906475556738875,-3.588851783208888,-3.5867383142461873,-3.584387390172372,-3.5818581304373205,-3.579194360276038,-3.57642873928749,-3.5735857193828298,-3.5706836837658162,-3.567736505686334,-3.5647546917957786,-3.5617462255109116,-3.558717192139805,-3.5556722442522672,-3.552614949475162,-3.549548051347628,-3.5464736656190463,-3.5433934284282254,-3.5403086084916224,-3.5372201922847064,-3.534128948896239,-3.531035479538842,-3.5279402554453396,-3.5248436469502726,-3.521745945863775,-3.5186473827282314,-3.515548140161284,-3.512448363198258,-3.509348167328471,-3.5062476447548745,-3.503146869281643,-3.500045900139693,-3.496944784988107,-3.4938435622746438,-3.490742263096627,-3.4876409126714467,-3.484539531501335,-3.481438136298153,-3.4783367407193664,-3.4752353559551317,-3.472133991197712,-3.469032654017682,-3.465931350666127,-3.4628300863179566,-3.4597288652682643,-3.456627691091151,-3.453526566768485,-3.4504254947945228,-3.447324477261118,-3.444223515927265,-3.4411226122759926,-3.4380217675610165,-3.434920982845068,-3.4318202590314626,-3.428719596890157,-3.4256189970793054,-3.4225184601631273,-3.419417986626756,-3.4163175768886007,-3.413217231310671,-3.410116950207202,-3.4070167338518926,-3.4039165824839874,-3.4008164963133964,-3.3977164755250175,-3.394616520282398,-3.3915166307308398,-3.388416807000045,-3.3853170492063693,-3.382217357454756,-3.3791177318403967,-3.37601817245017,-3.372918679363881,-3.369819252655349,-3.366719892393359,-3.363620598642506,-3.3605213714639484,-3.357422210916082,-3.354323117055165,-3.351224089935885,-3.3481251296119012,-3.345026236136357,-3.341927409562384,-3.338828649943598,-3.3357299573345998,-3.332631331791495,-3.3295327733724376,-3.3264342821382114,-3.323335858152856,-3.320237501484359,-3.3171392122054186,-3.314040990394302,-3.3109428361358164,-3.307844749522417,-3.30474673065547,-3.301648779646718,-3.298550896619973,-3.2954530817130827,-3.292355335080238,-3.289257656894665,-3.2861600470798624,-3.2830625055661184,-3.27996503228988,-3.276867627193195,-3.2737702902232058,-3.270673021331698,-3.267575820474697,-3.264478687612099,-3.261381622707345,-3.2582846257271236,-3.2551876966411033,-3.2520908354216913,-3.248994042043812,-3.245897316484708,-3.2428006587237608,-3.2397040687423266,-3.236607546523587,-3.2335110920524146,-3.230414705315246,-3.227318386299974,-3.2242221349958426,-3.2211259513933546,-3.218029835484187,-3.214933787261113,-3.211837806717934,-3.2087418938494165,-3.2056460486512415,-3.2025502711199465,-3.1994545612528875,-3.1963589190482056,-3.1932633445047958,-3.1901678376222837,-3.1870723984010163,-3.183977026842059,-3.1808817229472,-3.1777864867189756,-3.174691318160705,-3.1715962172765515,-3.168501184071603,-3.1654062185519876,-3.1623113207250237,-3.159216490599434,-3.156121728185613,-3.1530270334959845,-3.1499324065454744,-3.146837847352124,-3.1437433559378953,-3.1406489323297246,-3.137554576560908,-3.1344602886729156,-3.1313660687177802,-3.1282719167612516,-3.1251778328869575,-3.1220838172019145,-3.1189898698438454,-3.1158959909909147,-3.112802180874713,-3.1097084397976147,-3.1066147681560548,-3.1035211664717974,-3.100427635434073,-3.097334175956476,-3.0942407892540222,-3.091147476947751,-3.0880542412070837,-3.084961084944072,-3.081868012079114,-3.078775027905372,-3.0756821395898166,-3.072589356863895,-3.069496692978004,-3.0664041660239008,-3.0633118007715434,-3.0602196312269756,-3.057127704203342,-3.0540360843189385,-3.0509448610102683,-3.04785415839722,-3.0447641491950925,-3.0416750743824097,-3.0385872710744892,-3.0355012121227207,-3.0324175625072654,-3.0293372598330874,-3.026261629491807,-3.0231925497732197,-3.020132689064709,-3.017085847218714,-3.0140574475554214,-3.011055246695874,-3.0080903590594805,-3.005178734718167,-3.0023432872373936,-2.9996169457159403,-2.9970470033596452,-2.9947012462712017,-2.992676443615745,-2.991109795697774,-2.990193727224024
-3.592805595105792,-3.5920159298067227,-3.5906475575172263,-3.5888517850521877,-3.586738316089442,-3.584387392015576,-3.5818581322804683,-3.5791943621191273,-3.576428741130517,-3.573585721225792,-3.570683685608711,-3.567736507529163,-3.5647546936385393,-3.5617462273536042,-3.558717193982428,-3.55567224609482,-3.552614951317645,-3.5495480531900396,-3.546473667461389,-3.5433934302704966,-3.540308610333822,-3.537220194126834,-3.5341289507382947,-3.531035481380825,-3.5279402572872494,-3.5248436487921095,-3.52174594770554,-3.5186473845699253,-3.515548142002906,-3.5124483650398073,-3.509348169169947,-3.5062476465962757,-3.5031468711229703,-3.5000459019809465,-3.4969447868292867,-3.4938435641157493,-3.490742264937658,-3.4876409145124034,-3.4845395333422187,-3.4814381381389636,-3.478336742560104,-3.475235357795796,-3.472133993038304,-3.469032655858202,-3.4659313525065736,-3.4628300881583303,-3.4597288671085655,-3.4566276929313795,-3.4535265686086403,-3.450425496634604,-3.4473244791011246,-3.4442235177671967,-3.441122614115851,-3.438021769400803,-3.434920984684782,-3.431820260871105,-3.428719598729728,-3.425618998918805,-3.4225184620025546,-3.4194179884661096,-3.416317578727881,-3.4132172331498767,-3.4101169520463337,-3.4070167356909513,-3.403916584322973,-3.400816498152308,-3.397716477363856,-3.394616522121164,-3.391516632569534,-3.3884168088386675,-3.385317051044919,-3.382217359293232,-3.3791177336788,-3.376018174288501,-3.3729186812021394,-3.3698192544935344,-3.3667198942314718,-3.3636206004805476,-3.360521373301918,-3.35742221275398,-3.35432311889299,-3.3512240917736373,-3.348125131449581,-3.345026237973965,-3.3419274113999204,-3.338828651781062,-3.3357299591719904,-3.332631333628812,-3.329532775209681,-3.326434283975381,-3.3233358599899527,-3.3202375033213833,-3.3171392140423697,-3.31404099223118,-3.3109428379726227,-3.307844751359151,-3.3047467324921316,-3.301648781483307,-3.298550898456489,-3.2954530835495257,-3.2923553369166068,-3.2892576587309597,-3.286160048916083,-3.283062507402264,-3.2799650341259525,-3.2768676290291943,-3.273770292059132,-3.2706730231675514,-3.2675758223104765,-3.264478689447804,-3.261381624542976,-3.258284627562681,-3.255187698476588,-3.252090837257103,-3.2489940438791503,-3.245897318319972,-3.242800660558951,-3.239704070577443,-3.2366075483586303,-3.2335110938873837,-3.230414707150142,-3.227318388134797,-3.2242221368305923,-3.221125953228031,-3.2180298373187894,-3.214933789095641,-3.2118378085523878,-3.208741895683797,-3.205646050485549,-3.2025502729541797,-3.1994545630870475,-3.1963589208822922,-3.1932633463388074,-3.1901678394562207,-3.1870724002348805,-3.183977028675849,-3.180881724780916,-3.1777864885526173,-3.1746913199942735,-3.171596219110046,-3.1685011859050247,-3.1654062203853353,-3.1623113225582977,-3.1592164924326345,-3.1561217300187403,-3.153027035329038,-3.1499324083784543,-3.146837849185031,-3.143743357770729,-3.1406489341624857,-3.137554578393595,-3.1344602905055288,-3.1313660705503206,-3.128271918593719,-3.1251778347193517,-3.122083819034236,-3.118989871676095,-3.115895992823092,-3.112802182706816,-3.109708441629644,-3.1066147699880102,-3.10352116830368,-3.1004276372658817,-3.0973341777882104,-3.0942407910856837,-3.0911474787793383,-3.0880542430385978,-3.084961086775512,-3.081868013910481,-3.0787750297366654,-3.0756821414210354,-3.072589358695039,-3.0694966948090734,-3.0664041678548957,-3.0633118026024646,-3.060219633057823,-3.057127706034114,-3.0540360861496367,-3.050944862840892,-3.047854160227769,-3.0447641510255674,-3.041675076212811,-3.038587272904815,-3.035501213952973,-3.032417564337443,-3.0293372616631915,-3.0262616313218382,-3.0231925516031777,-3.0201326908945942,-3.0170858490485264,-3.0140574493851613,-3.011055248525543,-3.0080903608890788,-3.0051787365476947,-3.0023432890668524,-2.9996169475453316,-2.9970470051889726,-2.9947012481004696,-2.992676445444962,-2.9911097975269527,-2.9901937290531806
-3.5928055968839985,-3.592015931584913,-3.5906475592953897,-3.5888517868303147,-3.5867383178675243,-3.584387393793609,-3.581858134058448,-3.579194363897049,-3.5764287429083774,-3.5735857230035903,-3.570683687386445,-3.5677365093068305,-3.5647546954161378,-3.5617462291311344,-3.5587171957598907,-3.5556722478722147,-3.552614953094972,-3.5495480549672984,-3.546473669238578,-3.5433934320476164,-3.540308612110873,-3.5372201959038163,-3.5341289525152066,-3.531035483157667,-3.5279402590640214,-3.5248436505688114,-3.5217459494821717,-3.5186473863464864,-3.5155481437793963,-3.5124483668162285,-3.5093481709462977,-3.506247648372557,-3.5031468728991833,-3.5000459037570897,-3.4969447886053597,-3.493843565891753,-3.4907422667135912,-3.4876409162882664,-3.484539535118011,-3.4814381399146854,-3.4783367443357567,-3.4752353595713807,-3.47213399481382,-3.4690326576336483,-3.4659313542819503,-3.462830089933637,-3.4597288688838024,-3.456627694706547,-3.453526570383738,-3.450425498409633,-3.447324480876085,-3.4442235195420876,-3.4411226158906723,-3.4380217711755536,-3.4349209864594625,-3.431820262645714,-3.428719600504266,-3.42561900069327,-3.422518463776947,-3.4194179902404307,-3.4163175805021315,-3.4132172349240575,-3.410116953820444,-3.407016737464991,-3.4039165860969423,-3.4008164999262065,-3.397716479137684,-3.3946165238949213,-3.3915166343432213,-3.388416810612284,-3.3853170528184657,-3.382217361066709,-3.379117735452208,-3.3760181760618386,-3.372918682975407,-3.369819256266732,-3.3667198960045988,-3.363620602253603,-3.360521375074902,-3.3574222145268924,-3.354323120665831,-3.3512240935464073,-3.34812513322228,-3.345026239746593,-3.3419274131724785,-3.338828653553549,-3.3357299609444078,-3.3326313354011594,-3.3295327769819596,-3.3264342857475904,-3.3233358617620925,-3.320237505093452,-3.3171392158143678,-3.314040994003108,-3.31094283974448,-3.3078447531309374,-3.304746734263847,-3.301648783254952,-3.2985509002280633,-3.295453085321029,-3.29235533868804,-3.289257660502322,-3.286160050687375,-3.2830625091734853,-3.279965035897102,-3.2768676308002727,-3.2737702938301387,-3.270673024938487,-3.2675758240813417,-3.2644786912185992,-3.2613816263137005,-3.2582846293333345,-3.2551877002471707,-3.2520908390276144,-3.2489940456495905,-3.2458973200903407,-3.2428006623292487,-3.2397040723476693,-3.236607550128785,-3.2335110956574677,-3.2304147089201543,-3.2273183899047386,-3.2242221386004637,-3.2211259549978313,-3.218029839088519,-3.214933790865301,-3.211837810321978,-3.2087418974533164,-3.2056460522549965,-3.2025502747235577,-3.199454564856355,-3.196358922651529,-3.1932633481079735,-3.1901678412253163,-3.1870724020039045,-3.1839770304448027,-3.1808817265497984,-3.1777864903214295,-3.1746913217630146,-3.1715962208787167,-3.168501187673624,-3.1654062221538637,-3.1623113243267555,-3.1592164942010217,-3.156121731787056,-3.1530270370972824,-3.1499324101466275,-3.1468378509531334,-3.143743359538761,-3.1406489359304466,-3.1375545801614853,-3.134460292273347,-3.1313660723180674,-3.1282719203613945,-3.125177836486957,-3.12208382080177,-3.1189898734435566,-3.1158959945904816,-3.1128021844741345,-3.109708443396891,-3.1066147717551864,-3.103521170070784,-3.1004276390329144,-3.0973341795551725,-3.0942407928525744,-3.091147480546158,-3.0880542448053454,-3.0849610885421885,-3.0818680156770863,-3.0787750315031985,-3.0756821431874983,-3.072589360461431,-3.0694966965753943,-3.066404169621146,-3.063311804368644,-3.060219634823932,-3.057127707800153,-3.0540360879156045,-3.0509448646067896,-3.047854161993596,-3.044764152791324,-3.041675077978497,-3.0385872746704305,-3.035501215718517,-3.032417566102916,-3.0293372634285936,-3.0262616330871683,-3.023192553368436,-3.0201326926597813,-3.017085850813642,-3.0140574511502054,-3.0110552502905157,-3.0080903626539803,-3.0051787383125275,-3.0023432908316185,-2.999616949310034,-2.997047006953615,-2.994701249865057,-2.992676447209502,-2.9911097992914555,-2.990193730817661
-3.5928055985993317,-3.5920159333002313,-3.5906475610106794,-3.588851788545568,-3.5867383195827354,-3.5843873955087715,-3.5818581357735573,-3.579194365612103,-3.5764287446233727,-3.5735857247185248,-3.5706836891013167,-3.5677365110216392,-3.5647546971308834,-3.561746230845815,-3.558717197474505,-3.5556722495867628,-3.5526149548094526,-3.5495480566817124,-3.546473670952925,-3.5433934337618975,-3.540308613825088,-3.5372201976179656,-3.5341289542292906,-3.531035484871684,-3.527940260777972,-3.5248436522826974,-3.521745951195991,-3.518647388060239,-3.515548145493082,-3.5124483685298458,-3.5093481726598483,-3.5062476500860393,-3.503146874612596,-3.5000459054704347,-3.4969447903186373,-3.4938435676049617,-3.490742268426732,-3.4876409180013392,-3.484539536831016,-3.481438141627623,-3.4783367460486274,-3.475235361284184,-3.4721339965265545,-3.4690326593463148,-3.4659313559945484,-3.4628300916461665,-3.4597288705962637,-3.456627696418941,-3.4535265720960644,-3.4504255001218915,-3.447324482588276,-3.444223521254211,-3.441122617602727,-3.4380217728875393,-3.4349209881713794,-3.431820264357563,-3.428719602216046,-3.425619002404983,-3.4225184654885927,-3.419417991952009,-3.416317582213642,-3.4132172366355005,-3.4101169555318194,-3.4070167391762993,-3.4039165878081836,-3.4008165016373817,-3.3977164808487927,-3.3946165256059633,-3.3915166360541944,-3.388416812323188,-3.3853170545293017,-3.3822173627774776,-3.379117737162908,-3.3760181777724707,-3.3729186846859713,-3.369819257977227,-3.3667198977150257,-3.3636206039639625,-3.3605213767851936,-3.357422216237117,-3.354323122375988,-3.3512240952564962,-3.348125134932301,-3.345026241456545,-3.3419274148823614,-3.3388286552633635,-3.3357299626541534,-3.332631337110837,-3.3295327786915685,-3.326434287457131,-3.3233358634715646,-3.320237506802856,-3.317139217523703,-3.314040995712374,-3.310942841453677,-3.3078447548400645,-3.304746735972905,-3.3016487849639407,-3.298550901936982,-3.2954530870298786,-3.2923553403968193,-3.289257662211033,-3.286160052396018,-3.2830625108820604,-3.2799650376056095,-3.2768676325087127,-3.2737702955385117,-3.2706730266467927,-3.2675758257895793,-3.264478692926769,-3.2613816280218018,-3.2582846310413673,-3.255187701955135,-3.252090840735511,-3.2489940473574195,-3.245897321798102,-3.2428006640369422,-3.2397040740552954,-3.2366075518363426,-3.233511097364956,-3.2304147106275742,-3.22731839161209,-3.2242221403077473,-3.2211259567050474,-3.218029840795667,-3.21493379257238,-3.211837812028988,-3.2087418991602585,-3.2056460539618707,-3.2025502764303635,-3.1994545665630927,-3.196358924358198,-3.193263349814575,-3.190167842931851,-3.1870724037103715,-3.1839770321512013,-3.180881728256129,-3.177786492027691,-3.174691323469207,-3.17159622258484,-3.1685011893796773,-3.165406223859847,-3.162311326032669,-3.159216495906866,-3.1561217334928315,-3.15302703880299,-3.1499324118522667,-3.1468378526587037,-3.1437433612442613,-3.1406489376358775,-3.137554581866847,-3.1344602939786403,-3.1313660740232927,-3.128271922066552,-3.125177838192045,-3.1220838225067897,-3.1189898751485092,-3.1158959962953663,-3.112802186178952,-3.109708445101641,-3.106614773459868,-3.1035211717753977,-3.1004276407374594,-3.097334181259648,-3.0942407945569816,-3.0911474822504976,-3.0880542465096172,-3.084961090246393,-3.081868017381223,-3.0787750332072688,-3.0756821448915,-3.0725893621653646,-3.0694966982792584,-3.06640417132494,-3.063311806072368,-3.0602196365275867,-3.057127709503739,-3.0540360896191223,-3.050944866310239,-3.047854163696976,-3.044764154494635,-3.0416750796817396,-3.0385872763736046,-3.035501217421624,-3.032417567805956,-3.0293372651315655,-3.026261634790072,-3.023192555071271,-3.0201326943625477,-3.017085852516339,-3.0140574528528337,-3.0110552519930747,-3.0080903643564723,-3.0051787400149537,-3.0023432925339795,-2.9996169510123334,-2.9970470086558554,-2.9947012515672435,-2.9926764489116424,-2.99110980099356,-2.9901937325197454
-3.592805600253997,-3.592015934954882,-3.5906475626653056,-3.5888517902001604,-3.5867383212372865,-3.584387397163277,-3.5818581374280134,-3.579194367266506,-3.57642874627772,-3.5735857263728152,-3.570683690755548,-3.5677365126758107,-3.564754698784994,-3.561746232499865,-3.5587171991284934,-3.555672251240689,-3.552614956463316,-3.5495480583355112,-3.5464736726066604,-3.5433934354155676,-3.540308615478692,-3.5372201992715024,-3.5341289558827618,-3.531035486525091,-3.527940262431315,-3.5248436539359744,-3.5217459528492037,-3.518647389713386,-3.5155481471461645,-3.5124483701828635,-3.5093481743128003,-3.5062476517389265,-3.5031468762654185,-3.5000459071231917,-3.4969447919713295,-3.49384356925759,-3.490742270079296,-3.4876409196538383,-3.484539538483451,-3.481438143279994,-3.478336747700933,-3.4752353629364228,-3.4721339981787294,-3.4690326609984248,-3.465931357646594,-3.462830093298147,-3.4597288722481774,-3.456627698070788,-3.4535265737478453,-3.4504255017736067,-3.447324484239925,-3.4442235229057956,-3.4411226192542475,-3.438021774538995,-3.4349209898227713,-3.43182026600889,-3.4287196038673082,-3.425619004056179,-3.422518467139723,-3.4194179936030733,-3.4163175838646396,-3.413217238286432,-3.410116957182685,-3.407016740827098,-3.403916589458915,-3.4008165032880466,-3.3977164824993906,-3.3946165272564945,-3.3915166377046604,-3.38841681397359,-3.3853170561796384,-3.382217364427748,-3.3791177388131124,-3.3760181794226094,-3.3729186863360443,-3.369819259627235,-3.366719899364968,-3.3636206056138396,-3.3605213784350063,-3.3574222178868647,-3.354323124025671,-3.3512240969061144,-3.3481251365818547,-3.345026243106035,-3.341927416531787,-3.338828656912724,-3.3357299643034484,-3.332631338760066,-3.329532780340731,-3.326434289106227,-3.323335865120595,-3.3202375084518203,-3.317139219172601,-3.314040997361205,-3.310942843102441,-3.307844756488763,-3.3047467376215374,-3.3016487866125073,-3.2985509035854834,-3.295453088678314,-3.2923553420451896,-3.2892576638593374,-3.286160054044256,-3.283062512530233,-3.279965039253717,-3.2768676341567544,-3.2737702971864877,-3.2706730282947016,-3.267575827437422,-3.2644786945745445,-3.261381629669512,-3.258284632689013,-3.255187703602716,-3.2520908423830264,-3.248994049004869,-3.2458973234454858,-3.242800665684259,-3.2397040757025453,-3.2366075534835272,-3.233511099012075,-3.230414712274628,-3.227318393259077,-3.2242221419546677,-3.2211259583519016,-3.2180298424424545,-3.214933794219101,-3.2118378136756425,-3.208741900806847,-3.2056460556083923,-3.202550278076818,-3.1994545682094806,-3.1963589260045193,-3.19326335146083,-3.1901678445780384,-3.1870724053564925,-3.1839770337972553,-3.180881729902117,-3.177786493673613,-3.174691325115064,-3.1715962242306315,-3.1685011910254044,-3.1654062255055093,-3.162311327678268,-3.159216497552401,-3.1561217351383006,-3.1530270404483933,-3.1499324134976043,-3.146837854303975,-3.1437433628894658,-3.140648939281015,-3.1375545835119185,-3.134460295623646,-3.1313660756682316,-3.128271923711425,-3.1251778398368524,-3.122083824151531,-3.1189898767931834,-3.1158959979399743,-3.112802187823494,-3.1097084467461173,-3.106614775104279,-3.1035211734197437,-3.10042764238174,-3.0973341829038636,-3.09424079620113,-3.0911474838945785,-3.0880542481536315,-3.0849610918903405,-3.0818680190251038,-3.0787750348510823,-3.075682146535247,-3.0725893638090445,-3.0694966999228726,-3.066404172968488,-3.0633118077158494,-3.0602196381710014,-3.057127711147086,-3.054036091262401,-3.0509448679534503,-3.0478541653401208,-3.0447641561377137,-3.041675081324752,-3.0385872780165517,-3.0355012190645048,-3.0324175694487696,-3.0293372667743133,-3.0262616364327535,-3.023192556713887,-3.0201326960050983,-3.017085854158825,-3.014057454495255,-3.011055253635433,-3.008090365998767,-3.0051787416571853,-3.0023432941761494,-2.999616952654443,-2.997047010297908,-2.994701253209245,-2.992676450553599,-2.991109802635482,-2.9901937341616462
-3.5928056018501673,-3.5920159365510362,-3.5906475642614333,-3.588851791796253,-3.586738322833339,-3.584387398759284,-3.5818581390239723,-3.579194368862414,-3.5764287478735755,-3.573585727968615,-3.5706836923512912,-3.567736514271495,-3.5647547003806195,-3.5617462340954305,-3.5587172007239993,-3.555672252836135,-3.5526149580587023,-3.5495480599308387,-3.546473674201927,-3.5433934370107742,-3.5403086170738374,-3.537220200866587,-3.5341289574777845,-3.5310354881200516,-3.5279402640262125,-3.5248436555308094,-3.521745954443975,-3.5186473913080945,-3.515548148740809,-3.5124483717774435,-3.5093481759073173,-3.5062476533333795,-3.503146877859808,-3.500045908717517,-3.4969447935655897,-3.4938435708517863,-3.49074227167343,-3.4876409212479094,-3.4845395400774586,-3.481438144873939,-3.478336749294814,-3.475235364530241,-3.472133999772484,-3.469032662592116,-3.4659313592402223,-3.462830094891712,-3.45972887384168,-3.456627699664227,-3.4535265753412205,-3.450425503366918,-3.447324485833172,-3.4442235244989767,-3.441122620847364,-3.438021776132049,-3.4349209914157615,-3.4318202676018177,-3.428719605460173,-3.4256190056489824,-3.422518468732464,-3.4194179951957517,-3.4163175854572567,-3.413217239878987,-3.410116958775178,-3.407016742419529,-3.403916591051284,-3.400816504880352,-3.3977164840916325,-3.3946165288486725,-3.391516639296774,-3.388416815565639,-3.3853170577716214,-3.382217366019666,-3.3791177404049653,-3.3760181810143974,-3.3729186879277684,-3.3698192612188964,-3.3667199009565665,-3.363620607205375,-3.3605213800264786,-3.3574222194782735,-3.354323125617016,-3.3512240984973967,-3.3481251381730734,-3.3450262446971903,-3.341927418122878,-3.3388286585037523,-3.335729965894414,-3.332631340350968,-3.3295327819315714,-3.326434290697005,-3.323335866711309,-3.3202375100424706,-3.3171392207631882,-3.314040998951729,-3.310942844692903,-3.3078447580791632,-3.3047467392118755,-3.301648788202782,-3.298550905175694,-3.295453090268462,-3.2923553436352746,-3.289257665449359,-3.2861600556342143,-3.283062514120128,-3.2799650408435483,-3.276867635746522,-3.273770298776191,-3.270673029884341,-3.267575829026998,-3.264478696164058,-3.261381631258962,-3.2582846342784,-3.255187705192039,-3.2520908439722853,-3.2489940505940638,-3.2458973250346164,-3.2428006672733263,-3.2397040772915497,-3.2366075550724682,-3.2335111006009525,-3.230414713863442,-3.2273183948478277,-3.2242221435433547,-3.2211259599405233,-3.218029844031013,-3.2149337958075965,-3.211837815264075,-3.208741902395216,-3.205646057196698,-3.202550279665059,-3.199454569797658,-3.196358927592634,-3.1932633530488803,-3.1901678461660254,-3.187072406944416,-3.183977035385115,-3.180881731489913,-3.1777864952613455,-3.174691326702733,-3.1715962258182375,-3.168501192612947,-3.1654062270929884,-3.1623113292656813,-3.1592164991397493,-3.156121736725585,-3.1530270420356143,-3.1499324150847623,-3.1468378558910697,-3.143743364476497,-3.140648940867983,-3.1375545850988225,-3.134460297210486,-3.1313660772550076,-3.1282719252981366,-3.1251778414235014,-3.122083825738117,-3.118989878379706,-3.1158959995264333,-3.1128021894098885,-3.109708448332448,-3.1066147766905448,-3.1035211750059446,-3.1004276439678753,-3.0973341844899336,-3.094240797787136,-3.0911474854805205,-3.0880542497395096,-3.084961093476155,-3.081868020610854,-3.078775036436767,-3.075682148120868,-3.072589365394602,-3.0694967015083665,-3.0664041745539192,-3.0633118093012186,-3.060219639756307,-3.057127712732329,-3.0540360928475816,-3.0509448695385677,-3.0478541669251746,-3.0447641577227036,-3.0416750829096775,-3.038587279601412,-3.0355012206493006,-3.032417571033502,-3.0293372683589803,-3.0262616380173575,-3.023192558298426,-3.0201326975895726,-3.0170858557432343,-3.0140574560796005,-3.0110552552197145,-3.0080903675829864,-3.0051787432413426,-3.002343295760248,-2.9996169542384847,-2.997047011881896,-2.9947012547931835,-2.992676452137495,-2.991109804219344,-2.9901937357454886
-3.592805603389891,-3.592015938090748,-3.5906475658011217,-3.5888517933359108,-3.586738324372959,-3.5843874002988616,-3.581858140563503,-3.5791943704018943,-3.576428749413003,-3.5735857295079883,-3.5706836938906106,-3.5677365158107595,-3.564754701919826,-3.5617462356345793,-3.5587172022630873,-3.555672254375162,-3.5526149595976686,-3.5495480614697446,-3.546473675740773,-3.5433934385495602,-3.5403086186125643,-3.537220202405254,-3.534128959016392,-3.5310354896585987,-3.5279402655646983,-3.524843657069234,-3.5217459559823374,-3.5186473928463955,-3.515548150279049,-3.512448373315624,-3.509348177445439,-3.506247654871442,-3.50314687939781,-3.500045910255459,-3.496944795103472,-3.4938435723896064,-3.490742273211187,-3.487640922785605,-3.4845395416150935,-3.4814381464115116,-3.4783367508323257,-3.4752353660676922,-3.472134001309874,-3.469032664129445,-3.46593136077749,-3.4628300964289194,-3.459728875378827,-3.4566277012013136,-3.4535265768782475,-3.450425504903886,-3.4473244873700812,-3.4442235260358287,-3.441122622384157,-3.4380217776687814,-3.434920992952433,-3.4318202691384285,-3.4287196069967227,-3.4256190071854706,-3.4225184702688916,-3.4194179967321183,-3.416317586993561,-3.413217241415229,-3.4101169603113584,-3.407016743955648,-3.403916592587341,-3.400816506416349,-3.3977164856275697,-3.3946165303845497,-3.3915166408325916,-3.388416817101396,-3.3853170593073187,-3.3822173675553033,-3.379117741940543,-3.3760181825499145,-3.3729186894632246,-3.3698192627542913,-3.3667199024918997,-3.363620608740646,-3.3605213815616874,-3.3574222210134206,-3.3543231271521026,-3.351224100032421,-3.3481251397080354,-3.3450262462320897,-3.3419274196577153,-3.3388286600385277,-3.335729967429127,-3.3326313418856204,-3.329532783466161,-3.3264342922315326,-3.3233358682457754,-3.3202375115768765,-3.3171392222975333,-3.3140410004860144,-3.3109428462271278,-3.3078447596133267,-3.3047467407459776,-3.3016487897368236,-3.298550906709675,-3.295453091802382,-3.292355345169133,-3.2892576669831564,-3.2861600571679506,-3.283062515653802,-3.2799650423771607,-3.2768676372800734,-3.273770300309682,-3.2706730314177728,-3.267575830560368,-3.2644786976973665,-3.2613816327922094,-3.2582846358115853,-3.2551877067251622,-3.252090845505347,-3.2489940521270637,-3.245897326567556,-3.242800668806205,-3.239704078824367,-3.2366075566052235,-3.2335111021336465,-3.2304147153960745,-3.2273183963803995,-3.224222145075865,-3.221125961472972,-3.2180298455633993,-3.2149337973399206,-3.2118378167963373,-3.2087419039274163,-3.2056460587288367,-3.2025502811971367,-3.199454571329674,-3.196358929124588,-3.1932633545807736,-3.1901678476978588,-3.187072408476188,-3.183977036916826,-3.1808817330215624,-3.177786496792934,-3.174691328234259,-3.171596227349701,-3.168501194144348,-3.1654062286243274,-3.1623113307969595,-3.159216500670966,-3.1561217382567404,-3.153027043566708,-3.1499324166157927,-3.1468378574220384,-3.1437433660074054,-3.140648942398831,-3.1375545866296095,-3.1344602987412125,-3.1313660787856734,-3.128271926828741,-3.125177842954044,-3.1220838272685985,-3.118989879910127,-3.1158960010567935,-3.1128021909401866,-3.109708449862684,-3.1066147782207185,-3.1035211765360566,-3.1004276454979256,-3.0973341860199226,-3.0942407993170638,-3.0911474870103866,-3.088054251269312,-3.084961095005894,-3.0818680221405303,-3.0787750379663823,-3.075682149650421,-3.072589366924093,-3.069496703037795,-3.0664041760832847,-3.063311810830522,-3.06021964128555,-3.0571277142615108,-3.0540360943767024,-3.0509448710676272,-3.047854168454173,-3.0447641592516406,-3.041675084438553,-3.0385872811302272,-3.0355012221780546,-3.032417572562194,-3.029337269887612,-3.0262616395459276,-3.023192559826936,-3.020132699118023,-3.017085857271626,-3.0140574576079326,-3.0110552567479876,-3.0080903691111995,-3.005178744769498,-3.0023432972883444,-2.9996169557665247,-2.9970470134098828,-2.9947012563211213,-2.99267645366539,-2.9911098057472074,-2.990193737273333
-3.592805604875173,-3.5920159395760156,-3.590647567286365,-3.5888517948211236,-3.5867383258581342,-3.584387401783995,-3.5818581420485907,-3.579194371886934,-3.5764287508979926,-3.5735857309929266,-3.570683695375496,-3.56773651729559,-3.5647547034046023,-3.5617462371192996,-3.558717203747754,-3.5556722558597733,-3.5526149610822224,-3.54954806295424,-3.5464736772252103,-3.5433934400339373,-3.5403086200968814,-3.537220203889511,-3.53412896050059,-3.531035491142739,-3.527940267048781,-3.524843658553258,-3.521745957466305,-3.5186473943303063,-3.515548151762902,-3.51244837479942,-3.5093481789291756,-3.5062476563551206,-3.5031468808814292,-3.5000459117390186,-3.4969447965869715,-3.493843573873048,-3.4907422746945698,-3.4876409242689297,-3.484539543098359,-3.4814381478947194,-3.4783367523154753,-3.475235367550782,-3.4721340027929046,-3.4690326656124166,-3.4659313622604033,-3.4628300979117737,-3.4597288768616226,-3.4566277026840506,-3.453526578360926,-3.4504255063865052,-3.447324488852641,-3.4442235275183286,-3.4411226238665975,-3.4380217791511636,-3.4349209944347567,-3.431820270620693,-3.4287196084789295,-3.425619008667619,-3.4225184717509816,-3.4194179982141506,-3.416317588475536,-3.4132172428971477,-3.410116961793219,-3.4070167454374505,-3.4039165940690856,-3.4008165078980346,-3.3977164871091956,-3.3946165318661166,-3.391516642314099,-3.3884168185828445,-3.3853170607887084,-3.3822173690366335,-3.3791177434218134,-3.376018184031127,-3.372918690944378,-3.3698192642353857,-3.366719903972936,-3.3636206102216235,-3.3605213830426055,-3.357422222494279,-3.354323128632901,-3.3512241015131603,-3.3481251411887163,-3.3450262477127124,-3.3419274211382795,-3.3388286615190332,-3.335729968909574,-3.3326313433660086,-3.3295327849464895,-3.3264342937118023,-3.3233358697259856,-3.3202375130570263,-3.3171392237776236,-3.3140410019660456,-3.310942847707099,-3.307844761093239,-3.304746742225831,-3.301648791216619,-3.298550908189411,-3.2954530932820587,-3.2923553466487516,-3.2892576684627155,-3.286160058647451,-3.283062517133245,-3.279965043856545,-3.276867638759399,-3.273770301788949,-3.2706730328969793,-3.267575832039516,-3.264478699176455,-3.2613816342712374,-3.2582846372905534,-3.2551877082040708,-3.252090846984196,-3.2489940536058532,-3.245897328046286,-3.242800670284876,-3.2397040803029795,-3.2366075580837768,-3.233511103612141,-3.23041471687451,-3.227318397858776,-3.2242221465541823,-3.2211259629512314,-3.2180298470416004,-3.2149337988180617,-3.2118378182744185,-3.208741905405438,-3.2056460602067993,-3.2025502826750403,-3.199454572807518,-3.1963589306023734,-3.1932633560585004,-3.1901678491755256,-3.187072409953796,-3.1839770383943753,-3.1808817344990534,-3.1777864982703647,-3.1746913297116315,-3.1715962288270148,-3.168501195621603,-3.165406230101523,-3.1623113322740957,-3.1592165021480425,-3.1561217397337575,-3.1530270450436655,-3.149932418092691,-3.1468378588988766,-3.1437433674841837,-3.1406489438755503,-3.13755458810627,-3.134460300217814,-3.1313660802622154,-3.1282719283052236,-3.1251778444304663,-3.1220838287449615,-3.1189898813864296,-3.115896002533036,-3.11280219241637,-3.1097084513388076,-3.1066147796967836,-3.103521178012062,-3.1004276469738725,-3.097334187495811,-3.0942408007928925,-3.091147488486156,-3.0880542527450237,-3.084961096481547,-3.081868023616124,-3.078775039441916,-3.0756821511258954,-3.072589368399508,-3.06949670451315,-3.0664041775585797,-3.0633118123057557,-3.060219642760723,-3.0571277157366232,-3.054036095851754,-3.0509448725426185,-3.0478541699291046,-3.0447641607265123,-3.0416750859133663,-3.038587282604981,-3.0355012236527488,-3.0324175740368293,-3.0293372713621878,-3.0262616410204446,-3.023192561301394,-3.020132700592422,-3.0170858587459652,-3.014057459082214,-3.01105525822221,-3.0080903705853648,-3.005178746243605,-3.002343298762396,-2.9996169572405225,-2.99704701488383,-2.9947012577950223,-2.992676455139252,-2.9911098072210387,-2.9901937387471476
-3.5928056063079388,-3.5920159410087673,-3.5906475687190933,-3.588851796253819,-3.586738327290793,-3.584387403216612,-3.5818581434811643,-3.5791943733194613,-3.576428752330473,-3.573585732425358,-3.570683696807876,-3.5677365187279184,-3.5647547048368775,-3.5617462385515206,-3.5587172051799194,-3.5556722572918837,-3.552614962514278,-3.5495480643862405,-3.5464736786571547,-3.5433934414658275,-3.540308621528716,-3.537220205321291,-3.5341289619323146,-3.5310354925744076,-3.527940268480394,-3.524843659984816,-3.521745958897806,-3.518647395761751,-3.515548153194291,-3.5124483762307515,-3.5093481803604503,-3.506247657786337,-3.50314688231259,-3.5000459131701254,-3.4969447980180237,-3.493843575304044,-3.490742276125511,-3.487640925699815,-3.4845395445291887,-3.4814381493254927,-3.4783367537461927,-3.4752353689814433,-3.472134004223509,-3.4690326670429643,-3.465931363690894,-3.462830099342208,-3.459728878292,-3.4566277041143723,-3.4535265797911907,-3.4504255078167128,-3.4473244902827918,-3.444223528948422,-3.441122625296633,-3.438021780581142,-3.4349209958646783,-3.431820272050557,-3.4287196099087365,-3.4256190100973694,-3.4225184731806735,-3.419417999643785,-3.4163175899051126,-3.4132172443266664,-3.410116963222682,-3.4070167468668573,-3.403916595498435,-3.400816509327327,-3.3977164885384306,-3.3946165332952947,-3.391516643743221,-3.38841682001191,-3.3853170622177178,-3.382217370465587,-3.3791177448507104,-3.376018185459967,-3.3729186923731618,-3.3698192656641126,-3.366719905401605,-3.363620611650235,-3.36052138447116,-3.357422223922778,-3.3543231300613434,-3.3512241029415466,-3.3481251426170444,-3.3450262491409832,-3.3419274225664934,-3.33882866294719,-3.335729970337674,-3.3326313447940508,-3.329532786374475,-3.32643429513973,-3.3233358711538563,-3.3202375144848406,-3.3171392252053806,-3.3140410033937453,-3.310942849134743,-3.3078447625208254,-3.3047467436533613,-3.3016487926440923,-3.2985509096168286,-3.2954530947094196,-3.292355348076056,-3.2892576698899636,-3.2861600600746423,-3.2830625185603792,-3.2799650452836224,-3.27686764018642,-3.273770303215913,-3.2706730343238872,-3.2675758334663674,-3.2644787006032496,-3.2613816356979757,-3.258284638717235,-3.255187709630695,-3.2520908484107633,-3.2489940550323633,-3.245897329472738,-3.2428006717112696,-3.2397040817293146,-3.236607559510055,-3.2335111050383625,-3.2304147183006737,-3.227318399284882,-3.2242221479802318,-3.2211259643772245,-3.218029848467537,-3.2149338002439425,-3.2118378197002437,-3.2087419068312064,-3.205646061632511,-3.202550284100694,-3.199454574233114,-3.1963589320279113,-3.19326335748398,-3.190167850600948,-3.1870724113791615,-3.1839770398196836,-3.1808817359243036,-3.1777864996955576,-3.174691331136766,-3.1715962302520917,-3.168501197046622,-3.165406231526485,-3.1623113336990007,-3.1592165035728903,-3.156121741158548,-3.153027046468399,-3.1499324195173677,-3.1468378603234957,-3.143743368908744,-3.1406489453000517,-3.137554589530713,-3.1344603016421986,-3.131366081686542,-3.128271929729493,-3.125177845854678,-3.1220838301691147,-3.1189898828105256,-3.115896003957075,-3.112802193840353,-3.1097084527627348,-3.1066147811206544,-3.1035211794358766,-3.1004276483976305,-3.0973341889195116,-3.094240802216537,-3.0911474899097433,-3.088054254168554,-3.08496109790502,-3.0818680250395407,-3.078775040865276,-3.0756821525491977,-3.072589369822753,-3.0694967059363383,-3.066404178981711,-3.06331181372883,-3.0602196441837397,-3.0571277171595828,-3.0540360972746563,-3.0509448739654643,-3.047854171351893,-3.044764162149244,-3.04167508733604,-3.0385872840275967,-3.0355012250753064,-3.0324175754593283,-3.0293372727846277,-3.026261642442826,-3.0231925627237173,-3.0201327020146875,-3.017085860168173,-3.014057460504364,-3.0110552596443045,-3.0080903720074033,-3.0051787476655893,-3.002343300184327,-2.999616958662403,-2.9970470163056624,-2.994701259216811,-2.9926764565610022,-2.9911098086427588,-2.9901937401688494
-3.592805607690035,-3.5920159423908524,-3.590647570101158,-3.5888517976358565,-3.586738328672798,-3.5843874045985804,-3.5818581448630904,-3.579194374701344,-3.5764287537123085,-3.5735857338071453,-3.5706836981896144,-3.5677365201096065,-3.5647547062185154,-3.5617462399331075,-3.5587172065614543,-3.555672258673367,-3.5526149638957087,-3.5495480657676177,-3.5464736800384786,-3.5433934428470972,-3.540308622909932,-3.537220206702453,-3.534128963313421,-3.531035493955458,-3.5279402698613898,-3.5248436613657574,-3.5217459602786922,-3.5186473971425816,-3.5155481545750664,-3.5124483776114723,-3.5093481817411183,-3.5062476591669527,-3.503146883693153,-3.5000459145506344,-3.4969447993984786,-3.4938435766844447,-3.4907422775058565,-3.487640927080105,-3.484539545909423,-3.481438150705671,-3.478336755126315,-3.47523537036151,-3.4721340056035204,-3.4690326684229205,-3.4659313650707944,-3.462830100722054,-3.459728879671792,-3.45662770549411,-3.453526581170875,-3.4504255091963434,-3.4473244916623687,-3.444223530327945,-3.441122626676103,-3.4380217819605567,-3.434920997244038,-3.431820273429862,-3.4287196112879856,-3.425619011476563,-3.4225184745598125,-3.4194180010228683,-3.41631759128414,-3.4132172457056376,-3.410116964601596,-3.4070167482457148,-3.4039165968772376,-3.400816510706075,-3.3977164899171255,-3.3946165346739354,-3.391516645121807,-3.3884168213904413,-3.385317063596195,-3.38221737184401,-3.37911774622908,-3.376018186838282,-3.3729186937514215,-3.3698192670423177,-3.3667199067797555,-3.3636206130283317,-3.360521385849203,-3.3574222253007657,-3.3543231314392754,-3.3512241043194217,-3.3481251439948645,-3.3450262505187482,-3.3419274239442034,-3.3388286643248453,-3.3357299717152746,-3.332631346171597,-3.3295327877519676,-3.326434296517169,-3.3233358725312425,-3.3202375158621726,-3.317139226582659,-3.314041004770969,-3.310942850511911,-3.3078447638979376,-3.304746745030418,-3.3016487940210935,-3.298550910993774,-3.2954530960863093,-3.2923553494528894,-3.2892576712667423,-3.2861600614513655,-3.283062519937047,-3.279965046660236,-3.276867641562979,-3.2737703045924174,-3.270673035700337,-3.2675758348427624,-3.2644787019795896,-3.2613816370742614,-3.2582846400934655,-3.2551877110068714,-3.2520908497868843,-3.24899405640843,-3.24589733084875,-3.2428006730872276,-3.239704083105218,-3.236607560885903,-3.2335111064141544,-3.2304147196764115,-3.2273184006605646,-3.2242221493558585,-3.2211259657527953,-3.218029849843053,-3.214933801619403,-3.211837821075648,-3.208741908206555,-3.2056460630078027,-3.2025502854759305,-3.1994545756082964,-3.1963589334030393,-3.193263358859054,-3.190167851975966,-3.1870724127541235,-3.1839770411945905,-3.180881737299155,-3.177786501070355,-3.1746913325115096,-3.1715962316267796,-3.1685011984212545,-3.1654062329010615,-3.1623113350735212,-3.159216504947356,-3.1561217425329584,-3.153027047842754,-3.1499324208916675,-3.1468378616977413,-3.1437433702829365,-3.1406489466741894,-3.1375545909047946,-3.1344603030162244,-3.1313660830605117,-3.128271931103407,-3.1251778472285365,-3.1220838315429176,-3.1189898841842734,-3.1158960053307685,-3.1128021952139906,-3.109708454136317,-3.106614782494181,-3.103521180809348,-3.1004276497710466,-3.097334190292872,-3.0942408035898414,-3.0911474912829924,-3.0880542555417474,-3.084961099278158,-3.0818680264126233,-3.078775042238304,-3.075682153922171,-3.0725893711956713,-3.0694967073092023,-3.0664041803545206,-3.063311815101585,-3.06021964555644,-3.0571277185322274,-3.054036098647246,-3.0509448753379975,-3.047854172724371,-3.044764163521665,-3.0416750887084048,-3.0385872853999056,-3.03550122644756,-3.0324175768315267,-3.029337274156772,-3.026261643814915,-3.0231925640957504,-3.020132703386664,-3.017085861540094,-3.01405746187623,-3.011055261016116,-3.0080903733791615,-3.005178749037296,-3.002343301555982,-2.999616960034007,-2.997047017677219,-2.994701260588324,-2.9926764579324767,-2.9911098100142035,-2.9901937415402773
-3.592805609023273,-3.5920159437240784,-3.5906475714343626,-3.5888517989690314,-3.5867383300059377,-3.5843874059316803,-3.58185814619615,-3.5791943760343585,-3.576428755045276,-3.5735857351400644,-3.5706836995224838,-3.567736521442427,-3.564754707551287,-3.5617462412658307,-3.5587172078941283,-3.555672260005989,-3.5526149652282797,-3.5495480671001376,-3.5464736813709465,-3.5433934441795136,-3.5403086242422965,-3.537220208034765,-3.534128964645681,-3.5310354952876666,-3.527940271193545,-3.5248436626978594,-3.521745961610743,-3.5186473984745805,-3.5155481559070143,-3.512448378943369,-3.5093481830729623,-3.5062476604987443,-3.5031468850248926,-3.5000459158823207,-3.496944800730113,-3.4938435780160275,-3.4907422788373874,-3.487640928411583,-3.484539547240848,-3.481438152037045,-3.478336756457637,-3.47523537169278,-3.4721340069347386,-3.4690326697540868,-3.465931366401909,-3.4628301020531165,-3.4597288810028015,-3.456627706825066,-3.4535265825017776,-3.4504255105271926,-3.447324492993165,-3.444223531658688,-3.441122628006792,-3.4380217832911915,-3.4349209985746176,-3.431820274760388,-3.428719612618458,-3.425619012806982,-3.422518475890178,-3.4194180023531815,-3.4163175926144014,-3.4132172470358464,-3.4101169659317536,-3.4070167495758206,-3.4039165982072914,-3.400816512036076,-3.3977164912470728,-3.3946165360038294,-3.3915166464516475,-3.3884168227202283,-3.385317064925928,-3.3822173731736886,-3.379117747558704,-3.376018188167853,-3.3729186950809393,-3.369819268371782,-3.3667199081091668,-3.36362061435769,-3.3605213871785082,-3.3574222266300184,-3.3543231327684766,-3.3512241056485723,-3.3481251453239635,-3.3450262518477953,-3.3419274252731994,-3.3388286656537898,-3.335729973044167,-3.332631347500438,-3.3295327890807553,-3.3264342978459034,-3.323335873859923,-3.320237517190799,-3.3171392279112317,-3.314041006099488,-3.3109428518403767,-3.3078447652263514,-3.3047467463587794,-3.301648795349402,-3.2985509123220296,-3.2954530974145135,-3.2923553507810412,-3.2892576725948413,-3.286160062779412,-3.2830625212650406,-3.2799650479881763,-3.276867642890865,-3.27377030592025,-3.2706730370281156,-3.267575836170487,-3.264478703307261,-3.261381638401879,-3.2582846414210302,-3.255187712334383,-3.252090851114343,-3.2489940577358354,-3.245897332176103,-3.2428006744145277,-3.239704084432465,-3.236607562213097,-3.2335111077412955,-3.230414721003498,-3.227318401987598,-3.224222150682838,-3.2211259670797214,-3.218029851169925,-3.214933802946221,-3.2118378224024133,-3.2087419095332685,-3.2056460643344646,-3.202550286802541,-3.1994545769348535,-3.196358934729544,-3.193263360185505,-3.1901678533023645,-3.1870724140804687,-3.1839770425208833,-3.1808817386253962,-3.177786502396543,-3.174691333837643,-3.17159623295286,-3.1685011997472823,-3.165406234227036,-3.162311336399441,-3.159216506273222,-3.1561217438587708,-3.153027049168512,-3.149932422217372,-3.1468378630233924,-3.143743371608534,-3.1406489479997344,-3.1375545922302877,-3.134460304341665,-3.131366084385901,-3.1282719324287442,-3.125177848553822,-3.1220838328681513,-3.1189898855094538,-3.1158960066558947,-3.1128021965390635,-3.1097084554613357,-3.1066147838191465,-3.103521182134259,-3.1004276510959032,-3.0973341916176746,-3.09424080491459,-3.0911474926076874,-3.08805425686639,-3.084961100602748,-3.0818680277371606,-3.0787750435627883,-3.0756821552466023,-3.0725893725200493,-3.0694967086335265,-3.066404181678792,-3.063311816425803,-3.060219646880604,-3.057127719856338,-3.0540360999713037,-3.0509448766620024,-3.0478541740483225,-3.0447641648455637,-3.0416750900322502,-3.0385872867236974,-3.0355012277712983,-3.0324175781552114,-3.0293372754804033,-3.026261645138493,-3.0231925654192766,-3.0201327047101376,-3.017085862863515,-3.014057463199598,-3.011055262339431,-3.0080903747024244,-3.005178750360507,-3.0023433028791437,-2.99961696135712,-2.9970470190002865,-2.9947012619113496,-2.9926764592554664,-2.991109811337166,-2.9901937428632235
-3.5928056103093495,-3.5920159450101425,-3.5906475727204055,-3.588851800255049,-3.586738331291924,-3.584387407217633,-3.5818581474820634,-3.579194377320231,-3.5764287563311057,-3.573585736425851,-3.570683700808225,-3.5677365227281213,-3.564754708836932,-3.5617462425514264,-3.558717209179675,-3.5556722612914866,-3.5526149665137283,-3.5495480683855374,-3.546473682656298,-3.543393445464816,-3.5403086255275507,-3.5372202093199703,-3.5341289659308375,-3.5310354965727737,-3.527940272478602,-3.524843663982867,-3.5217459628957,-3.518647399759487,-3.515548157191869,-3.5124483802281725,-3.5093481843577137,-3.5062476617834437,-3.503146886309538,-3.5000459171669145,-3.4969448020146543,-3.4938435793005183,-3.490742280121828,-3.487640929695974,-3.4845395485251895,-3.4814381533213354,-3.478336757741877,-3.4752353729769703,-3.472134008218879,-3.4690326710381774,-3.46593136768595,-3.4628301033371067,-3.4597288822867416,-3.4566277081089556,-3.4535265837856164,-3.45042551181098,-3.4473244942769,-3.4442235329423716,-3.4411226292904242,-3.4380217845747736,-3.434920999858151,-3.4318202760438705,-3.4287196139018907,-3.4256190140903637,-3.4225184771735093,-3.419418003636461,-3.4163175938976296,-3.413217248319024,-3.4101169672148797,-3.4070167508588947,-3.4039165994903136,-3.4008165133190458,-3.3977164925299905,-3.394616537286695,-3.3915166477344614,-3.3884168240029906,-3.3853170662086387,-3.3822173744563484,-3.3791177488413133,-3.3760181894504124,-3.3729186963634494,-3.3698192696542426,-3.3667199093915787,-3.3636206156400514,-3.3605213884608185,-3.357422227912278,-3.354323134050685,-3.35122410693073,-3.34812514660607,-3.3450262531298507,-3.3419274265552037,-3.338828666935742,-3.335729974326067,-3.3326313487822854,-3.3295327903625513,-3.3264342991276483,-3.323335875141617,-3.3202375184724433,-3.3171392291928257,-3.314041007381031,-3.3109428531218676,-3.3078447665077904,-3.3047467476401655,-3.3016487966307357,-3.298550913603313,-3.2954530986957447,-3.2923553520622213,-3.2892576738759702,-3.286160064060491,-3.2830625225460692,-3.279965049269154,-3.276867644171792,-3.2737703072011253,-3.27067303830894,-3.2675758374512593,-3.264478704587982,-3.2613816396825492,-3.258284642701649,-3.2551877136149505,-3.25209085239486,-3.248994059016302,-3.2458973334565187,-3.2428006756948924,-3.2397040857127792,-3.2366075634933607,-3.233511109021509,-3.2304147222836614,-3.227318403267711,-3.224222151962901,-3.2211259683597335,-3.2180298524498863,-3.214933804226133,-3.2118378236822744,-3.2087419108130786,-3.205646065614223,-3.202550288082248,-3.19945457821451,-3.1963589360091476,-3.1932633614650574,-3.1901678545818655,-3.1870724153599186,-3.1839770438002803,-3.1808817399047418,-3.1777865036758364,-3.174691335116886,-3.171596234232052,-3.168501201026423,-3.1654062355061257,-3.1623113376784806,-3.1592165075522103,-3.1561217451377077,-3.153027050447398,-3.1499324234962063,-3.1468378643021744,-3.1437433728872652,-3.1406489492784146,-3.1375545935089177,-3.134460305620245,-3.13136608566443,-3.128271933707221,-3.1251778498322476,-3.1220838341465242,-3.118989886787775,-3.1158960079341633,-3.11280219781728,-3.1097084567395,-3.1066147850972574,-3.103521183412319,-3.100427652373912,-3.0973341928956333,-3.0942408061924978,-3.091147493885544,-3.088054258144194,-3.0849611018805,-3.08186802901486,-3.078775044840435,-3.0756821565241967,-3.0725893737975922,-3.0694967099110175,-3.0664041829562314,-3.063311817703191,-3.06021964815794,-3.0571277211336225,-3.054036101248537,-3.0509448779391843,-3.047854175325453,-3.044764166122643,-3.0416750913092785,-3.0385872880006746,-3.035501229048224,-3.032417579432086,-3.029337276757226,-3.0262616464152634,-3.0231925666959945,-3.020132705986804,-3.0170858641401304,-3.0140574644761626,-3.011055263615945,-3.0080903759788877,-3.005178751636921,-3.0023433041555103,-2.999616962633442,-2.997047020276565,-2.9947012631875873,-2.992676460531669,-2.9911098126133404,-2.9901937441393813
-3.592805611549963,-3.592015946250745,-3.590647573960989,-3.588851801495606,-3.58673833253245,-3.5843874084581233,-3.5818581487225165,-3.5791943785606453,-3.5764287575714784,-3.57358573766618,-3.5706837020485094,-3.56773652396836,-3.564754710077125,-3.5617462437915726,-3.5587172104197733,-3.5556722625315373,-3.5526149677537315,-3.549548069625494,-3.5464736838962074,-3.5433934467046773,-3.540308626767363,-3.5372202105597332,-3.5341289671705516,-3.531035497812439,-3.5279402737182197,-3.524843665222437,-3.5217459641352225,-3.5186474009989612,-3.5155481584312946,-3.512448381467549,-3.5093481855970414,-3.5062476630227226,-3.50314688754877,-3.500045918406099,-3.496944803253791,-3.493843580539606,-3.4907422813608657,-3.487640930934961,-3.484539549764125,-3.481438154560221,-3.4783367589807117,-3.475235374215755,-3.4721340094576134,-3.4690326722768616,-3.465931368924584,-3.462830104575692,-3.459728883525277,-3.4566277093474422,-3.4535265850240533,-3.4504255130493684,-3.4473244955152405,-3.444223534180664,-3.4411226305286693,-3.4380217858129702,-3.434921001096298,-3.4318202772819686,-3.4287196151399386,-3.4256190153283623,-3.4225184784114586,-3.419418004874361,-3.4163175951354803,-3.4132172495568254,-3.410116968452632,-3.407016752096599,-3.40391660072797,-3.4008165145566545,-3.3977164937675517,-3.394616538524208,-3.3915166489719275,-3.388416825240409,-3.3853170674460107,-3.3822173756936733,-3.379117750078591,-3.3760181906876405,-3.372918697600628,-3.369819270891371,-3.366719910628656,-3.3636206168770784,-3.3605213896977957,-3.357422229149205,-3.3543231352875615,-3.351224108167555,-3.348125147842845,-3.345026254366576,-3.341927427791879,-3.338828668172368,-3.3357299755626437,-3.332631350018813,-3.32953279159903,-3.3264343003640775,-3.323335876377997,-3.3202375197087735,-3.3171392304291065,-3.3140410086172634,-3.310942854358052,-3.307844767743926,-3.3047467488762523,-3.3016487978667732,-3.2985509148393,-3.2954530999316827,-3.29235535329811,-3.2892576751118097,-3.2861600652962792,-3.2830625237818074,-3.279965050504842,-3.276867645407431,-3.273770308436715,-3.2706730395444805,-3.267575838686752,-3.2644787058234264,-3.2613816409179446,-3.2582846439369955,-3.255187714850248,-3.2520908536301074,-3.248994060251499,-3.245897334691666,-3.2428006769299897,-3.2397040869478255,-3.2366075647283568,-3.2335111102564538,-3.230414723518556,-3.227318404502555,-3.2242221531976947,-3.2211259695944774,-3.2180298536845804,-3.2149338054607774,-3.21183782491687,-3.208741912047625,-3.2056460668487206,-3.202550289316696,-3.1994545794489087,-3.196358937243498,-3.193263362699359,-3.1901678558161173,-3.1870724165941207,-3.183977045034433,-3.180881741138845,-3.177786504909891,-3.1746913363508913,-3.1715962354660086,-3.1685012022603307,-3.1654062367399836,-3.1623113389122888,-3.1592165087859683,-3.156121746371417,-3.153027051681058,-3.1499324247298164,-3.146837865535735,-3.1437433741207754,-3.140648950511874,-3.1375545947423262,-3.134460306853602,-3.131366086897736,-3.1282719349404764,-3.1251778510654518,-3.1220838353796796,-3.1189898880208813,-3.1158960091672205,-3.1128021990502877,-3.1097084579724585,-3.106614786330167,-3.103521184645179,-3.1004276536067237,-3.0973341941283956,-3.0942408074252112,-3.0911474951182085,-3.08805425937681,-3.0849611031130655,-3.081868030247376,-3.078775046072902,-3.075682157756615,-3.07258937502996,-3.0694967111433367,-3.0664041841885017,-3.0633118189354125,-3.060219649390113,-3.057127722365747,-3.054036102480612,-3.050944879171209,-3.0478541765574274,-3.0447641673545665,-3.041675092541151,-3.038587289232496,-3.035501230279995,-3.032417580663806,-3.0293372779888954,-3.0262616476468835,-3.023192567927565,-3.0201327072183255,-3.017085865371603,-3.014057465707587,-3.0110552648473203,-3.008090377210216,-3.005178752868202,-3.002343305386745,-2.9996169638646317,-2.9970470215077114,-2.994701264418695,-2.9926764617627426,-2.991109813844389,-2.9901937453704157
-3.5928056127467025,-3.592015947447474,-3.590647575157699,-3.58885180269229,-3.586738333729104,-3.5843874096547443,-3.581858149919101,-3.579194379757192,-3.576428758767987,-3.5735857388626475,-3.570683703244937,-3.567736525164745,-3.5647547112734665,-3.561746244987869,-3.558717211616025,-3.5556722637277445,-3.5526149689498925,-3.549548070821607,-3.5464736850922716,-3.5433934479006934,-3.5403086279633316,-3.5372202117556553,-3.5341289683664274,-3.5310354990082686,-3.5279402749140023,-3.524843666418171,-3.521745965330908,-3.518647402194598,-3.5155481596268845,-3.5124483826630906,-3.5093481867925362,-3.506247664218171,-3.5031468887441704,-3.50004591960145,-3.4969448044490945,-3.4938435817348603,-3.4907422825560723,-3.487640932130121,-3.4845395509592394,-3.4814381557552876,-3.4783367601757313,-3.475235375410727,-3.4721340106525385,-3.4690326734717387,-3.465931370119414,-3.4628301057704745,-3.459728884720012,-3.4566277105421306,-3.453526586218695,-3.4504255142439635,-3.4473244967097894,-3.4442235353751665,-3.441122631723125,-3.438021787007379,-3.4349210022906598,-3.431820278476284,-3.428719616334208,-3.4256190165225853,-3.422518479605635,-3.4194180060684913,-3.4163175963295647,-3.413217250750863,-3.410116969646623,-3.407016753290544,-3.4039166019218685,-3.4008165157505066,-3.397716494961357,-3.3946165397179664,-3.3915166501656375,-3.388416826434071,-3.3853170686396226,-3.3822173768872363,-3.379117751272106,-3.3760181918811063,-3.3729186987940465,-3.369819272084743,-3.3667199118219813,-3.3636206180703576,-3.360521390891028,-3.3574222303423893,-3.354323136480699,-3.3512241093606465,-3.3481251490358903,-3.345026255559574,-3.3419274289848286,-3.338828669365269,-3.3357299767554967,-3.332631351211617,-3.329532792791785,-3.3264343015567843,-3.323335877570655,-3.320237520901384,-3.317139231621669,-3.3140410098097783,-3.3109428555505187,-3.3078447689363455,-3.3047467500686243,-3.301648799059098,-3.2985509160315774,-3.2954531011239125,-3.2923553544902924,-3.2892576763039436,-3.286160066488366,-3.2830625249738463,-3.2799650516968333,-3.2768676465993734,-3.2737703096286097,-3.2706730407363267,-3.26757583987855,-3.264478707015177,-3.261381642109647,-3.2582846451286502,-3.2551877160418554,-3.2520908548216676,-3.248994061443012,-3.2458973358831313,-3.242800678121408,-3.239704088139197,-3.2366075659196807,-3.233511111447731,-3.230414724709786,-3.227318405693738,-3.2242221543888308,-3.221125970785566,-3.2180298548756214,-3.21493380665177,-3.2118378261078138,-3.2087419132385206,-3.205646068039569,-3.2025502905074976,-3.1994545806396624,-3.196358938434203,-3.193263363890015,-3.1901678570067262,-3.187072417784682,-3.1839770462249466,-3.180881742329309,-3.177786506100306,-3.1746913375412578,-3.1715962366563257,-3.1685012034505986,-3.165406237930203,-3.162311340102461,-3.1592165099760936,-3.156121747561494,-3.153027052871088,-3.1499324259198,-3.146837866725672,-3.143743375310665,-3.1406489517017167,-3.1375545959321225,-3.134460308043352,-3.131366088087439,-3.128271936130133,-3.1251778522550606,-3.1220838365692396,-3.118989889210393,-3.115896010356684,-3.1128022002397033,-3.1097084591618267,-3.106614787519488,-3.1035211858344516,-3.1004276547959475,-3.0973341953175715,-3.0942408086143387,-3.0911474963072876,-3.0880542605658405,-3.0849611043020486,-3.0818680314363105,-3.078775047261788,-3.075682158945452,-3.0725893762187493,-3.0694967123320773,-3.0664041853771926,-3.063311820124054,-3.060219650578705,-3.0571277235542906,-3.0540361036691075,-3.050944880359657,-3.047854177745828,-3.04476416854292,-3.0416750937294568,-3.038587290420754,-3.0355012314682055,-3.0324175818519694,-3.0293372791770117,-3.0262616488349523,-3.023192569115587,-3.0201327084062997,-3.0170858665595293,-3.0140574668954656,-3.0110552660351524,-3.008090378398001,-3.005178754055941,-3.002343306574438,-2.999616965052281,-2.9970470226953205,-2.994701265606268,-2.992676462950284,-2.9911098150319066,-2.990193746557919
-3.5928056139011373,-3.5920159486018974,-3.590647576312104,-3.588851803846673,-3.586738334883459,-3.5843874108090676,-3.581858151073389,-3.579194380911442,-3.576428759922198,-3.5735857400168176,-3.5706837043990647,-3.5677365263188303,-3.564754712427509,-3.56174624614187,-3.5587172127699835,-3.5556722648816588,-3.552614970103762,-3.5495480719754315,-3.546473686246052,-3.543393449054429,-3.5403086291170225,-3.5372202129093004,-3.5341289695200255,-3.5310355001618197,-3.527940276067507,-3.5248436675716297,-3.5217459664843207,-3.5186474033479658,-3.5155481607802064,-3.51244838381637,-3.5093481879457706,-3.5062476653713603,-3.503146889897315,-3.500045920754551,-3.4969448056021504,-3.493843582887873,-3.4907422837090403,-3.4876409332830436,-3.4845395521121154,-3.4814381569081174,-3.478336761328515,-3.4752353765634645,-3.4721340118052306,-3.469032674624386,-3.4659313712720152,-3.4628301069230294,-3.459728885872521,-3.456627711694592,-3.4535265873711096,-3.4504255153963324,-3.4473244978621107,-3.44422353652744,-3.4411226328753513,-3.438021788159559,-3.434921003442794,-3.4318202796283717,-3.4287196174862484,-3.4256190176745793,-3.422518480757583,-3.4194180072203935,-3.4163175974814215,-3.4132172519026747,-3.4101169707983883,-3.407016754442263,-3.403916603073542,-3.4008165169021334,-3.3977164961129374,-3.3946165408695013,-3.3915166513171267,-3.3884168275855147,-3.3853170697910215,-3.3822173780385905,-3.3791177524234146,-3.3760181930323703,-3.372918699945263,-3.3698192732359122,-3.366719912973103,-3.363620619221433,-3.360521392042057,-3.357422231493373,-3.3543231376316367,-3.3512241105115375,-3.3481251501867337,-3.34502625671037,-3.341927430135579,-3.3388286705159738,-3.3357299779061558,-3.3326313523622315,-3.329532793942356,-3.3264343027073107,-3.323335878721137,-3.32023752205182,-3.3171392327720586,-3.3140410109601213,-3.310942856700816,-3.307844770086596,-3.304746751218829,-3.301648800209257,-3.2985509171816907,-3.2954531022739793,-3.292355355640313,-3.2892576774539184,-3.286160067638295,-3.2830625261237296,-3.27996505284667,-3.276867647749164,-3.273770310778354,-3.2706730418860257,-3.267575841028203,-3.2644787081647832,-3.261381643259208,-3.2582846462781663,-3.255187717191326,-3.2520908559710926,-3.2489940625923914,-3.245897337032465,-3.242800679270695,-3.239704089288439,-3.236607567068878,-3.233511112596883,-3.2304147258588918,-3.2273184068427976,-3.2242221555378445,-3.221125971934534,-3.2180298560245437,-3.214933807800648,-3.211837827256647,-3.208741914387308,-3.2056460691883104,-3.202550291656192,-3.1994545817883107,-3.1963589395828054,-3.1932633650385704,-3.1901678581552337,-3.187072418933143,-3.183977047373362,-3.18088174347768,-3.1777865072486327,-3.1746913386895392,-3.1715962378045623,-3.1685012045987904,-3.1654062390783495,-3.1623113412505615,-3.1592165111241473,-3.1561217487095017,-3.1530270540190486,-3.149932427067714,-3.1468378678735385,-3.143743376458485,-3.1406489528494914,-3.13755459707985,-3.1344603091910326,-3.131366089235072,-3.1282719372777192,-3.125177853402601,-3.1220838377167337,-3.1189898903578404,-3.115896011504086,-3.112802201387059,-3.109708460309135,-3.1066147886667497,-3.103521186981667,-3.1004276559431156,-3.097334196464692,-3.0942408097614127,-3.091147497454315,-3.0880542617128217,-3.0849611054489845,-3.0818680325832024,-3.0787750484086356,-3.0756821600922546,-3.072589377365506,-3.069496713478788,-3.0664041865238567,-3.063311821270672,-3.0602196517252773,-3.0571277247008166,-3.0540361048155873,-3.0509448815060902,-3.047854178892215,-3.0447641696892616,-3.041675094875753,-3.038587291567006,-3.035501232614412,-3.0324175829981304,-3.0293372803231273,-3.026261649981022,-3.0231925702616103,-3.020132709552277,-3.0170858677054615,-3.014057468041352,-3.0110552671809936,-3.0080903795437965,-3.0051787552016918,-3.0023433077201465,-2.9996169661979484,-2.997047023840948,-2.994701266751858,-2.9926764640958425,-2.991109816177439,-2.9901937477034366
-3.592805615014747,-3.5920159497154978,-3.5906475774256856,-3.588851804960229,-3.5867383359969867,-3.5843874119225627,-3.58185815218685,-3.5791943820248675,-3.5764287610355856,-3.573585741130168,-3.570683705512375,-3.567736527432101,-3.5647547135407383,-3.561746247255056,-3.5587172138831265,-3.555672265994759,-3.5526149712168205,-3.549548073088448,-3.5464736873590255,-3.54339345016736,-3.54030863022991,-3.537220214022145,-3.5341289706328265,-3.5310355012745767,-3.527940277180221,-3.524843668684299,-3.5217459675969467,-3.5186474044605482,-3.5155481618927436,-3.512448384928861,-3.509348189058217,-3.5062476664837616,-3.503146891009672,-3.500045921866864,-3.4969448067144198,-3.4938435840000976,-3.490742284821221,-3.48764093439518,-3.48453955322421,-3.4814381580201696,-3.478336762440525,-3.475235377675432,-3.4721340129171545,-3.469032675736266,-3.4659313723838516,-3.462830108034822,-3.45972888698427,-3.4566277128062977,-3.4535265884827715,-3.4504255165079494,-3.447324498973683,-3.4442235376389676,-3.441122633986834,-3.438021789270998,-3.4349210045541896,-3.4318202807397244,-3.4287196185975586,-3.425619018785845,-3.422518481868806,-3.4194180083315726,-3.4163175985925567,-3.4132172530137654,-3.410116971909435,-3.407016755553265,-3.403916604184499,-3.4008165180130465,-3.3977164972238065,-3.3946165419803247,-3.391516652427906,-3.3884168286962506,-3.385317070901714,-3.382217379149239,-3.379117753534019,-3.3760181941429304,-3.3729187010557795,-3.369819274346385,-3.3667199140835318,-3.3636206203318166,-3.3605213931523963,-3.3574222326036685,-3.3543231387418877,-3.351224111621745,-3.348125151296897,-3.345026257820489,-3.3419274312456526,-3.338828671626003,-3.3357299790161417,-3.332631353472173,-3.3295327950522524,-3.3264343038171624,-3.3233358798309443,-3.320237523161584,-3.31713923388178,-3.3140410120697985,-3.310942857810449,-3.3078447711961854,-3.304746752328374,-3.301648801318757,-3.298550918291146,-3.29545310338339,-3.292355356749679,-3.2892576785632404,-3.2861600687475723,-3.283062527232962,-3.2799650539558574,-3.276867648858306,-3.2737703118874513,-3.270673042995078,-3.2675758421372114,-3.264478709273747,-3.2613816443681265,-3.25828464738704,-3.2551877183001556,-3.252090857079879,-3.2489940637011334,-3.245897338141163,-3.2428006803793488,-3.2397040903970473,-3.2366075681774413,-3.233511113705401,-3.230414726967366,-3.2273184079512274,-3.22422215664623,-3.2211259730428763,-3.218029857132842,-3.2149338089089015,-3.2118378283648568,-3.208741915495474,-3.205646070296432,-3.2025502927642697,-3.199454582896344,-3.1963589406907937,-3.193263366146515,-3.190167859263134,-3.187072420040999,-3.1839770484811725,-3.180881744585445,-3.177786508356353,-3.174691339797215,-3.171596238912194,-3.1685012057063777,-3.165406240185893,-3.1623113423580604,-3.159216512231602,-3.1561217498169123,-3.1530270551264152,-3.149932428175037,-3.1468378689808176,-3.14374337756572,-3.140648953956682,-3.137554598186997,-3.134460310298135,-3.131366090342131,-3.128271938384734,-3.125177854509572,-3.1220838388236607,-3.1189898914647243,-3.1158960126109263,-3.1128022024938553,-3.109708461415887,-3.1066147897734564,-3.103521188088328,-3.100427657049732,-3.097334197571264,-3.094240810867939,-3.0911474985607965,-3.0880542628192584,-3.084961106555377,-3.0818680336895503,-3.078775049514938,-3.0756821611985115,-3.0725893784717178,-3.0694967145849543,-3.0664041876299795,-3.0633118223767504,-3.0602196528313113,-3.0571277258068057,-3.05403610592153,-3.050944882611988,-3.0478541799980667,-3.0447641707950677,-3.041675095981514,-3.0385872926727213,-3.035501233720083,-3.032417584103756,-3.029337281428708,-3.0262616510865583,-3.0231925713671024,-3.020132710657726,-3.0170858688108657,-3.014057469146713,-3.011055268286311,-3.0080903806490715,-3.005178756306926,-3.0023433088253397,-2.9996169673031017,-2.997047024946064,-2.9947012678569394,-2.9926764652008937,-2.9911098172824664,-2.99019374880845
-3.592805616088974,-3.5920159507897136,-3.5906475784998846,-3.588851806034406,-3.5867383370711354,-3.5843874129966817,-3.581858153260937,-3.57919438309892,-3.5764287621096007,-3.573585742204145,-3.5706837065863137,-3.567736528506,-3.5647547146145984,-3.5617462483288755,-3.5587172149569057,-3.555672267068498,-3.5526149722905176,-3.549548074162103,-3.5464736884326378,-3.5433934512409304,-3.540308631303439,-3.5372202150956324,-3.5341289717062736,-3.5310355023479825,-3.5279402782535842,-3.5248436697576206,-3.521745968670226,-3.518647405533785,-3.5155481629659393,-3.512448386002015,-3.5093481901313295,-3.5062476675568326,-3.5031468920827007,-3.50004592293985,-3.4969448077873624,-3.4938435850729976,-3.490742285894079,-3.4876409354679976,-3.4845395542969855,-3.4814381590929044,-3.4783367635132176,-3.4752353787480823,-3.472134013989763,-3.469032676808832,-3.465931373456375,-3.4628301091073026,-3.4597288880567083,-3.456627713878693,-3.4535265895551253,-3.4504255175802605,-3.447324500045952,-3.444223538711195,-3.441122635059019,-3.43802179034314,-3.4349210056262884,-3.4318202818117807,-3.4287196196695717,-3.4256190198578165,-3.4225184829407334,-3.419418009403457,-3.416317599664397,-3.4132172540855628,-3.4101169729811893,-3.407016756624977,-3.4039166052561693,-3.400816519084675,-3.3977164982953934,-3.3946165430518715,-3.39151665349941,-3.3884168297677117,-3.385317071973132,-3.3822173802206144,-3.3791177546053506,-3.3760181952142196,-3.372918702127026,-3.3698192754175884,-3.3667199151546923,-3.363620621402934,-3.3605213942234706,-3.3574222336746993,-3.354323139812876,-3.351224112692689,-3.348125152367799,-3.3450262588913495,-3.341927432316472,-3.3388286726967804,-3.335729980086876,-3.3326313545428645,-3.3295327961229013,-3.326434304887769,-3.323335880901508,-3.320237524232104,-3.317139234952257,-3.3140410131402334,-3.310942858880842,-3.3078447722665354,-3.3047467533986823,-3.3016488023890234,-3.2985509193613707,-3.295453104453572,-3.2923553578198184,-3.2892576796333364,-3.2861600698176257,-3.2830625283029726,-3.279965055025827,-3.276867649928234,-3.2737703129573372,-3.270673044064922,-3.2675758432070126,-3.2644787103435053,-3.2613816454378424,-3.2582846484567125,-3.255187719369785,-3.2520908581494647,-3.2489940647706765,-3.2458973392106634,-3.242800681448806,-3.2397040914664625,-3.236607569246814,-3.233511114774731,-3.230414728036653,-3.227318409020471,-3.2242221577154297,-3.2211259741120313,-3.218029858201953,-3.214933809977969,-3.2118378294338803,-3.2087419165644535,-3.205646071365368,-3.2025502938331623,-3.1994545839651938,-3.1963589417596023,-3.1932633672152817,-3.19016786033186,-3.187072421109684,-3.1839770495498168,-3.1808817456540477,-3.1777865094249127,-3.174691340865732,-3.171596239980668,-3.168501206774809,-3.1654062412542805,-3.1623113434264054,-3.1592165132999046,-3.156121750885172,-3.1530270561946323,-3.1499324292432105,-3.1468378700489485,-3.143743378633809,-3.1406489550247274,-3.1375545992549982,-3.1344603113660927,-3.1313660914100447,-3.1282719394526044,-3.125177855577399,-3.1220838398914443,-3.1189898925324635,-3.1158960136786216,-3.112802203561506,-3.1097084624834945,-3.1066147908410207,-3.10352118915585,-3.1004276581172117,-3.0973341986387006,-3.0942408119353337,-3.091147499628149,-3.088054263886568,-3.084961107622642,-3.0818680347567713,-3.0787750505821156,-3.0756821622656463,-3.0725893795388095,-3.0694967156520034,-3.0664041886969855,-3.0633118234437138,-3.060219653898231,-3.057127726873682,-3.0540361069883635,-3.0509448836787776,-3.047854181064813,-3.0447641718617704,-3.041675097048174,-3.0385872937393383,-3.0355012347866563,-3.0324175851702866,-3.029337282495195,-3.026261652153003,-3.0231925724335036,-3.0201327117240835,-3.017085869877181,-3.014057470212985,-3.011055269352541,-3.0080903817152596,-3.0051787573730713,-3.0023433098914434,-2.9996169683691654,-2.997047026012091,-2.9947012689229333,-2.9926764662668583,-2.9911098183484093,-2.99019374987438
-3.5928056171252196,-3.592015951825952,-3.5906475795361077,-3.588851807070608,-3.5867383381073132,-3.584387414032831,-3.5818581542970533,-3.5791943841350013,-3.5764287631456475,-3.573585743240155,-3.5706837076222864,-3.5677365295419348,-3.5647547156504937,-3.5617462493647327,-3.558717215992723,-3.5556722681042756,-3.552614973326256,-3.549548075197802,-3.5464736894682987,-3.543393452276551,-3.5403086323390194,-3.537220216131172,-3.534128972741771,-3.5310355033834386,-3.5279402792889996,-3.5248436707929978,-3.521745969705563,-3.5186474065690825,-3.515548164001196,-3.512448387037231,-3.5093481911665028,-3.506247668591964,-3.5031468931177914,-3.5000459239749,-3.496944808822373,-3.4938435861079684,-3.4907422869290086,-3.4876409365028858,-3.4845395553318315,-3.481438160127708,-3.47833676454798,-3.4752353797828044,-3.472134015024444,-3.4690326778434724,-3.4659313744909745,-3.4628301101418613,-3.459728889091226,-3.4566277149131706,-3.453526590589562,-3.4504255186146557,-3.447324501080306,-3.444223539745508,-3.441122636093291,-3.438021791377371,-3.434921006660479,-3.43182028284593,-3.4287196207036805,-3.4256190208918853,-3.4225184839747618,-3.419418010437445,-3.416317600698345,-3.41321725511947,-3.4101169740150548,-3.4070167576587997,-3.40391660628995,-3.400816520118414,-3.397716499329091,-3.3946165440855265,-3.391516654533024,-3.3884168308012845,-3.3853170730066635,-3.3822173812541036,-3.379117755638799,-3.376018196247626,-3.3729187031603916,-3.3698192764509134,-3.3667199161879777,-3.36362062243618,-3.360521395256677,-3.357422234707865,-3.3543231408460006,-3.3512241137257734,-3.3481251534008423,-3.345026259924351,-3.341927433349432,-3.3388286737296995,-3.3357299811197536,-3.332631355575702,-3.3295327971556974,-3.3264343059205235,-3.3233358819342205,-3.3202375252647753,-3.3171392359848864,-3.3140410141728216,-3.3109428599133883,-3.3078447732990406,-3.3047467544311453,-3.301648803421445,-3.2985509203937506,-3.2954531054859113,-3.292355358852116,-3.2892576806655938,-3.2861600708498417,-3.283062529335148,-3.2799650560579607,-3.2768676509603267,-3.273770313989389,-3.270673045096933,-3.267575844238983,-3.264478711375436,-3.261381646469733,-3.258284649488563,-3.2551877204015947,-3.2520908591812336,-3.248994065802404,-3.245897340242349,-3.2428006824804503,-3.239704092498065,-3.2366075702783736,-3.233511115806249,-3.230414729068129,-3.227318410051906,-3.2242221587468243,-3.2211259751433854,-3.2180298592332663,-3.214933811009241,-3.2118378304651105,-3.2087419175956438,-3.205646072396518,-3.2025502948642717,-3.1994545849962615,-3.1963589427906283,-3.1932633682462654,-3.190167861362801,-3.1870724221405813,-3.183977050580671,-3.180881746684859,-3.177786510455682,-3.1746913418964597,-3.171596241011354,-3.168501207805453,-3.165406242284884,-3.1623113444569673,-3.1592165143304243,-3.15612175191565,-3.1530270572250694,-3.1499324302736063,-3.1468378710793026,-3.1437433796641208,-3.1406489560549975,-3.137554600285226,-3.1344603123962793,-3.131366092440189,-3.1282719404827066,-3.1251778566074586,-3.122083840921462,-3.1189898935624396,-3.1158960147085555,-3.112802204591399,-3.109708463513346,-3.1066147918708316,-3.103521190185621,-3.1004276591469417,-3.09733419966839,-3.094240812964982,-3.0911475006577556,-3.088054264916133,-3.0849611086521653,-3.0818680357862527,-3.078775051611555,-3.0756821632950437,-3.072589380568165,-3.0694967166813165,-3.0664041897262573,-3.0633118244729443,-3.0602196549274208,-3.057127727902831,-3.0540361080174714,-3.050944884707846,-3.047854182093841,-3.0447641728907575,-3.0416750980771194,-3.038587294768241,-3.0355012358155173,-3.0324175861991067,-3.029337283523975,-3.026261653181741,-3.0231925734622003,-3.0201327127527375,-3.0170858709057935,-3.0140574712415567,-3.011055270381072,-3.00809038274375,-3.005178758401523,-3.0023433109198563,-2.9996169693975414,-2.997047027040431,-2.9947012699512405,-2.9926764672951385,-2.9911098193766676,-2.9901937509026264
-3.59280561812482,-3.592015952825543,-3.5906475805356832,-3.588851808070162,-3.5867383391068413,-3.5843874150323307,-3.5818581552965245,-3.5791943851344423,-3.5764287641450547,-3.5735857442395287,-3.5706837086216257,-3.5677365305412385,-3.564754716649761,-3.5617462503639628,-3.5587172169919157,-3.5556722691034297,-3.5526149743253708,-3.549548076196877,-3.546473690467334,-3.5433934532755478,-3.540308633337976,-3.5372202171300886,-3.5341289737406494,-3.5310355043822783,-3.5279402802877997,-3.5248436717917566,-3.521745970704282,-3.5186474075677605,-3.5155481649998346,-3.512448388035829,-3.5093481921650618,-3.506247669590483,-3.503146894116269,-3.5000459249733367,-3.4969448098207683,-3.493843587106323,-3.4907422879273238,-3.4876409375011623,-3.4845395563300703,-3.481438161125909,-3.4783367655461426,-3.475235380780928,-3.4721340160225282,-3.4690326788415176,-3.465931375488981,-3.462830111139829,-3.4597288900891545,-3.456627715911059,-3.45352659158741,-3.4504255196124647,-3.447324502078076,-3.444223540743238,-3.441122637090982,-3.4380217923750225,-3.43492100765809,-3.4318202838434995,-3.42871962170121,-3.425619021889374,-3.422518484972211,-3.419418011434855,-3.4163176016957157,-3.4132172561168015,-3.410116975012349,-3.4070167586560567,-3.4039166072871674,-3.400816521115592,-3.397716500326229,-3.3946165450826244,-3.3915166555300824,-3.3884168317983017,-3.38531707400364,-3.38221738225104,-3.3791177566356962,-3.3760181972444854,-3.372918704157212,-3.369819277447695,-3.36671991718472,-3.3636206234328823,-3.3605213962533393,-3.3574222357044885,-3.3543231418425847,-3.3512241147223176,-3.3481251543973465,-3.3450262609208163,-3.3419274343458585,-3.338828674726086,-3.3357299821161,-3.3326313565720076,-3.329532798151964,-3.326434306916751,-3.323335882930409,-3.3202375262609247,-3.317139236980996,-3.314041015168892,-3.3109428609094196,-3.3078447742950314,-3.304746755427096,-3.301648804417357,-3.298550921389623,-3.2954531064817436,-3.2923553598479094,-3.289257681661346,-3.286160071845554,-3.2830625303308203,-3.2799650570535936,-3.2768676519559206,-3.273770314984943,-3.2706730460924467,-3.2675758452344565,-3.264478712370869,-3.261381647465126,-3.258284650483916,-3.255187721396907,-3.252090860176505,-3.2489940667976356,-3.245897341237541,-3.2428006834756027,-3.2397040934931773,-3.2366075712734466,-3.2335111168012816,-3.2304147300631216,-3.2273184110468587,-3.224222159741737,-3.221125976138258,-3.2180298602280994,-3.2149338120040345,-3.211837831459865,-3.208741918590358,-3.205646073391192,-3.202550295858907,-3.1994545859908583,-3.1963589437851856,-3.193263369240784,-3.1901678623572804,-3.187072423135022,-3.1839770515750727,-3.180881747679222,-3.1777865114500057,-3.174691342890743,-3.171596242005597,-3.1685012087996562,-3.165406243279047,-3.162311345451091,-3.1592165153245086,-3.1561217529096948,-3.1530270582190734,-3.14993243126757,-3.1468378720732257,-3.143743380658003,-3.1406489570488385,-3.1375546012790285,-3.1344603133900426,-3.131366093433914,-3.128271941476392,-3.1251778576011056,-3.1220838419150696,-3.118989894556008,-3.1158960157020834,-3.1128022055848867,-3.1097084645067947,-3.1066147928642405,-3.103521191178989,-3.100427660140269,-3.097334200661677,-3.0942408139582303,-3.091147501650964,-3.088054265909302,-3.0849611096452954,-3.0818680367793427,-3.078775052604604,-3.075682164288052,-3.0725893815611327,-3.0694967176742436,-3.066404190719142,-3.0633118254657883,-3.060219655920225,-3.057127728895595,-3.0540361090101955,-3.0509448857005284,-3.0478541830864834,-3.04476417388336,-3.041675099069682,-3.0385872957607645,-3.035501236808001,-3.03241758719155,-3.0293372845163784,-3.0262616541741036,-3.023192574454523,-3.020132713745021,-3.017085871898038,-3.014057472233762,-3.0110552713732384,-3.0080903837358774,-3.0051787593936115,-3.002343311911907,-2.999616970389556,-2.9970470280324126,-2.994701270943192,-2.992676468287063,-2.991109820368571,-2.990193751894516
-3.5928056190890767,-3.59201595378979,-3.5906475814999146,-3.5888518090343746,-3.586738340071031,-3.5843874159964937,-3.581858156260658,-3.579194386098544,-3.5764287651091236,-3.573585745203562,-3.5706837095856225,-3.567736531505199,-3.564754717613685,-3.5617462513278504,-3.558717217955767,-3.5556722700672445,-3.5526149752891505,-3.5495480771606207,-3.54647369143104,-3.543393454239215,-3.5403086343016055,-3.5372202180936805,-3.5341289747042026,-3.5310355053457942,-3.527940281251279,-3.5248436727551984,-3.521745971667686,-3.518647408531128,-3.515548165963166,-3.5124483889991245,-3.5093481931283206,-3.5062476705537042,-3.5031468950794538,-3.5000459259364836,-3.4969448107838765,-3.4938435880693928,-3.490742288890355,-3.487640938464154,-3.484539557293023,-3.481438162088823,-3.4783367665090186,-3.4752353817437647,-3.472134016985326,-3.4690326798042763,-3.4659313764517012,-3.46283011210251,-3.4597288910517974,-3.456627716873665,-3.4535265925499794,-3.450425520574998,-3.447324503040573,-3.444223541705699,-3.4411226380534057,-3.4380217933374078,-3.434921008620438,-3.431820284805811,-3.428719622663483,-3.4256190228516097,-3.422518485934408,-3.419418012397012,-3.4163176026578337,-3.4132172570788795,-3.4101169759743866,-3.4070167596180543,-3.4039166082491272,-3.4008165220775135,-3.3977165012881114,-3.3946165460444693,-3.391516656491889,-3.388416832760072,-3.3853170749653736,-3.382217383212738,-3.3791177575973563,-3.376018198206106,-3.3729187051187943,-3.369819278409238,-3.3667199181462233,-3.3636206243943474,-3.3605213972147667,-3.357422236665877,-3.3543231428039357,-3.3512241156836313,-3.3481251553586224,-3.345026261882054,-3.3419274353070576,-3.3388286756872465,-3.3357299830772216,-3.332631357533091,-3.329532799113007,-3.3264343078777547,-3.3233358838913745,-3.3202375272218516,-3.3171392379418854,-3.3140410161297424,-3.310942861870232,-3.3078447752558073,-3.304746756387835,-3.3016488053780573,-3.2985509223502847,-3.2954531074423667,-3.292355360808494,-3.289257682621892,-3.2861600728060614,-3.283062531291289,-3.2799650580140236,-3.276867652916312,-3.2737703159452964,-3.2706730470527625,-3.267575846194734,-3.2644787133311093,-3.261381648425328,-3.258284651444079,-3.255187722357031,-3.2520908611365904,-3.2489940677576823,-3.2458973421975488,-3.2428006844355717,-3.2397040944531077,-3.2366075722333387,-3.233511117761136,-3.230414731022938,-3.227318412006637,-3.224222160701477,-3.22112597709796,-3.218029861187763,-3.2149338129636593,-3.211837832419451,-3.208741919549905,-3.205646074350701,-3.202550296818376,-3.1994545869502877,-3.1963589447445764,-3.193263370200136,-3.190167863316593,-3.187072424094296,-3.183977052534307,-3.180881748638417,-3.177786512409161,-3.17469134384986,-3.1715962429646756,-3.1685012097586958,-3.1654062442380475,-3.162311346410052,-3.159216516283431,-3.156121753868579,-3.15302705917792,-3.1499324322263793,-3.146837873031997,-3.1437433816167375,-3.140648958007535,-3.1375546022376866,-3.1344603143486607,-3.131366094392493,-3.128271942434933,-3.125177858559608,-3.122083842873533,-3.1189898955144333,-3.1158960166604706,-3.112802206543236,-3.1097084654651046,-3.1066147938225104,-3.103521192137219,-3.10042766109846,-3.097334201619828,-3.0942408149163407,-3.0911475026090347,-3.088054266867333,-3.0849611106032877,-3.081868037737296,-3.07877505356252,-3.07568216524593,-3.0725893825189727,-3.069496718632046,-3.066404191676907,-3.063311826423515,-3.0602196568779134,-3.0571277298532453,-3.0540361099678073,-3.050944886658103,-3.047854184044019,-3.0447641748408576,-3.041675100027142,-3.0385872967181857,-3.035501237765383,-3.032417588148893,-3.029337285473682,-3.02626165513137,-3.023192575411751,-3.020132714702212,-3.0170858728551897,-3.0140574731908756,-3.011055272330313,-3.0080903846929146,-3.0051787603506113,-3.002343312868871,-2.9996169713464855,-2.9970470289893085,-2.9947012719000576,-2.992676469243902,-2.99110982132539,-2.9901937528513245
-3.5928056200192366,-3.5920159547199426,-3.5906475824300523,-3.588851809964492,-3.5867383410011255,-3.5843874169265635,-3.581858157190701,-3.579194387028557,-3.5764287660391063,-3.5735857461335137,-3.5706837105155405,-3.567736532435082,-3.564754718543533,-3.561746252257663,-3.558717218885543,-3.555672270996985,-3.552614976218853,-3.5495480780902873,-3.5464736923606712,-3.5433934551688124,-3.5403086352311672,-3.5372202190232067,-3.534128975633693,-3.531035506275248,-3.5279402821806958,-3.524843673684579,-3.5217459725970284,-3.5186474094604323,-3.5155481668924318,-3.512448389928351,-3.5093481940575098,-3.5062476714828565,-3.5031468960085688,-3.5000459268655626,-3.4969448117129205,-3.4938435889984003,-3.4907422898193263,-3.4876409393930885,-3.4845395582219196,-3.4814381630176823,-3.4783367674378405,-3.4752353826725493,-3.472134017914074,-3.4690326807329877,-3.465931377380376,-3.4628301130311483,-3.4597288919803986,-3.4566277178022284,-3.4535265934785055,-3.450425521503487,-3.447324503969025,-3.4442235426341132,-3.4411226389817835,-3.438021794265749,-3.4349210095487432,-3.431820285734079,-3.4287196235917152,-3.425619023779805,-3.4225184868625673,-3.4194180133251364,-3.416317603585922,-3.4132172580069313,-3.410116976902403,-3.4070167605460333,-3.403916609177069,-3.400816523005418,-3.3977165022159794,-3.394616546972301,-3.3915166574196838,-3.3884168336878298,-3.3853170758930946,-3.382217384140421,-3.3791177585250023,-3.376018199133717,-3.3729187060463692,-3.3698192793367765,-3.366719919073726,-3.363620625321813,-3.3605213981421946,-3.357422237593268,-3.3543231437312895,-3.351224116610948,-3.348125156285903,-3.3450262628092977,-3.341927436234264,-3.338828676614415,-3.3357299840043546,-3.3326313584601865,-3.3295328000400666,-3.3264343088047776,-3.3233358848183605,-3.3202375281488026,-3.3171392388688004,-3.314041017056622,-3.310942862797075,-3.3078447761826135,-3.304746757314604,-3.3016488063047884,-3.2985509232769785,-3.2954531083690233,-3.2923553617351122,-3.2892576835484735,-3.286160073732606,-3.283062532217796,-3.2799650589404936,-3.2768676538427446,-3.2737703168716914,-3.2706730479791197,-3.2675758471210545,-3.2644787142573914,-3.2613816493515726,-3.258284652370286,-3.255187723283202,-3.252090862062725,-3.24899406868378,-3.2458973431236102,-3.242800685361597,-3.239704095379097,-3.2366075731592914,-3.2335111186870518,-3.230414731948817,-3.2273184129324783,-3.22422216162728,-3.221125978023726,-3.2180298621134917,-3.2149338138893517,-3.2118378333451054,-3.2087419204755223,-3.2056460752762805,-3.2025502977439184,-3.1994545878757936,-3.1963589456700445,-3.1932633711255667,-3.190167864241986,-3.1870724250196503,-3.1839770534596226,-3.1808817495636945,-3.1777865133344014,-3.174691344775063,-3.1715962438898413,-3.168501210683824,-3.1654062451631386,-3.162311347335106,-3.159216517208448,-3.1561217547935585,-3.1530270601028616,-3.149932433151284,-3.1468378739568656,-3.1437433825415684,-3.1406489589323296,-3.1375546031624433,-3.134460315273381,-3.1313660953171767,-3.1282719433595805,-3.125177859484218,-3.1220838437981056,-3.118989896438969,-3.11589601758497,-3.1128022074676998,-3.1097084663895327,-3.106614794746902,-3.103521193061574,-3.100427662022779,-3.097334202544111,-3.0942408158405867,-3.0911475035332443,-3.088054267791506,-3.084961111527423,-3.081868038661395,-3.0787750544865826,-3.0756821661699556,-3.072589383442961,-3.0694967195559966,-3.0664041926008205,-3.0633118273473907,-3.0602196578017513,-3.0571277307770455,-3.05403611089157,-3.050944887581828,-3.047854184967707,-3.044764175764508,-3.041675100950755,-3.0385872976417625,-3.0355012386889233,-3.032417589072396,-3.029337286397148,-3.0262616560547984,-3.0231925763351413,-3.020132715625564,-3.0170858737785045,-3.014057474114152,-3.011055273253552,-3.0080903856161174,-3.005178761273779,-3.0023433137920064,-2.999616972269588,-2.99704702991238,-2.9947012728231,-2.992676470166921,-2.9911098222483905,-2.9901937537743133
-3.592805620916522,-3.592015955617219,-3.5906475833273137,-3.5888518108617338,-3.5867383418983443,-3.584387417823755,-3.5818581580878623,-3.5791943879256864,-3.576428766936204,-3.573585747030578,-3.570683711412572,-3.5677365333320803,-3.5647547194404967,-3.5617462531545923,-3.5587172197824395,-3.5556722718938487,-3.5526149771156854,-3.5495480789870864,-3.5464736932574366,-3.5433934560655422,-3.5403086361278624,-3.5372202199198677,-3.534128976530319,-3.53103550717184,-3.5279402830772524,-3.5248436745811005,-3.521745973493516,-3.5186474103568863,-3.515548167788851,-3.5124483908247375,-3.509348194953861,-3.506247672379173,-3.50314689690485,-3.5000459277618075,-3.4969448126091294,-3.493843589894574,-3.490742290715465,-3.4876409402891926,-3.4845395591179886,-3.481438163913714,-3.4783367683338358,-3.475235383568508,-3.4721340188099963,-3.469032681628874,-3.4659313782762267,-3.4628301139269637,-3.459728892876179,-3.4566277186979737,-3.4535265943742157,-3.45042552239916,-3.447324504864661,-3.4442235435297137,-3.441122639877347,-3.4380217951612777,-3.434921010444236,-3.4318202866295375,-3.4287196244871394,-3.425619024675194,-3.422518487757921,-3.419418014220453,-3.416317604481203,-3.4132172589021783,-3.4101169777976144,-3.4070167614412106,-3.4039166100722107,-3.4008165239005246,-3.3977165031110506,-3.3946165478673365,-3.3915166583146834,-3.3884168345827934,-3.385317076788022,-3.382217385035312,-3.3791177594198576,-3.3760182000285353,-3.372918706941151,-3.369819280231522,-3.3667199199684354,-3.3636206262164867,-3.360521399036833,-3.3574222384878705,-3.3543231446258552,-3.351224117505477,-3.348125157180396,-3.3450262637037538,-3.3419274371286836,-3.3388286775087996,-3.3357299848987028,-3.332631359354499,-3.3295328009343437,-3.32643430969902,-3.3233358857125683,-3.3202375290429744,-3.3171392397629362,-3.314041017950722,-3.3109428636911384,-3.3078447770766393,-3.3047467582085934,-3.301648807198742,-3.2985509241708977,-3.2954531092629087,-3.2923553626289634,-3.2892576844422914,-3.286160074626389,-3.283062533111544,-3.279965059834206,-3.276867654736421,-3.2737703177653326,-3.2706730488727254,-3.2675758480146238,-3.264478715150925,-3.2613816502450703,-3.2582846532637486,-3.255187724176628,-3.252090862956115,-3.2489940695771344,-3.245897344016928,-3.2428006862548786,-3.2397040962723427,-3.2366075740525013,-3.233511119580226,-3.2304147328419552,-3.2273184138255826,-3.2242221625203498,-3.22112597891676,-3.2180298630064894,-3.214933814782313,-3.211837834238032,-3.208741921368413,-3.2056460761691357,-3.2025502986367376,-3.1994545887685764,-3.196358946562793,-3.1932633720182806,-3.1901678651346654,-3.187072425912295,-3.183977054352233,-3.1808817504562694,-3.1777865142269404,-3.1746913456675663,-3.171596244782308,-3.1685012115762543,-3.1654062460555332,-3.1623113482274645,-3.15921651810077,-3.1561217556858447,-3.1530270609951128,-3.149932434043498,-3.146837874849044,-3.1437433834337107,-3.1406489598244356,-3.1375546040545137,-3.1344603161654154,-3.131366096209175,-3.128271944251542,-3.125177860376144,-3.1220838446899966,-3.1189898973308234,-3.115896018476788,-3.1128022083594806,-3.1097084672812776,-3.1066147956386114,-3.1035211939532483,-3.1004276629144165,-3.097334203435712,-3.0942408167321505,-3.0911475044247716,-3.0880542686829973,-3.0849611124188785,-3.0818680395528135,-3.078775055377964,-3.075682167061301,-3.0725893843342704,-3.069496720447271,-3.0664041934920596,-3.063311828238595,-3.0602196586929202,-3.0571277316681793,-3.0540361117826693,-3.050944888472892,-3.0478541858587356,-3.0447641766555003,-3.0416751018417103,-3.038587298532681,-3.035501239579805,-3.032417589963241,-3.0293372872879565,-3.0262616569455707,-3.0231925772258785,-3.0201327165162652,-3.01708587466917,-3.0140574750047824,-3.011055274144148,-3.0080903865066784,-3.005178762164306,-3.0023433146824985,-2.999616973160048,-2.99704703080281,-2.9947012737135017,-2.9926764710572966,-2.991109823138747,-2.9901937546646593
-3.5928056217820608,-3.59201595648275,-3.5906475841928325,-3.588851811727235,-3.586738342763825,-3.5843874186892113,-3.581858158953293,-3.5791943887910915,-3.5764287678015805,-3.573585747895926,-3.5706837122778907,-3.567736534197369,-3.5647547203057557,-3.5617462540198206,-3.5587172206476367,-3.5556722727590118,-3.5526149779808147,-3.5495480798521823,-3.546473694122499,-3.5433934569305703,-3.5403086369928563,-3.5372202207848265,-3.534128977395242,-3.5310355080367275,-3.5279402839421055,-3.524843675445919,-3.5217459743583017,-3.5186474112216386,-3.51554816865357,-3.512448391689421,-3.5093481958185104,-3.5062476732437893,-3.5031468977694313,-3.5000459286263554,-3.496944813473642,-3.493843590759051,-3.490742291579906,-3.487640941153598,-3.4845395599823585,-3.4814381647780506,-3.478336769198138,-3.475235384432777,-3.4721340196742316,-3.4690326824930753,-3.465931379140393,-3.4628301147910956,-3.459728893740277,-3.4566277195620376,-3.4535265952382446,-3.450425523263155,-3.4473245057286217,-3.4442235443936395,-3.441122640741239,-3.4380217960251347,-3.4349210113080577,-3.4318202874933244,-3.4287196253508907,-3.42561902553891,-3.422518488621602,-3.419418015084101,-3.4163176053448168,-3.413217259765757,-3.4101169786611587,-3.407016762304721,-3.4039166109356866,-3.4008165247639655,-3.3977165039744577,-3.394616548730708,-3.3915166591780213,-3.3884168354460975,-3.3853170776512918,-3.382217385898548,-3.3791177602830587,-3.376018200891702,-3.3729187078042835,-3.3698192810946206,-3.3667199208314997,-3.363620627079516,-3.3605213998998273,-3.357422239350831,-3.3543231454887827,-3.3512241183683718,-3.3481251580432567,-3.345026264566582,-3.341927437991478,-3.33882867837156,-3.33572998576143,-3.332631360217193,-3.3295328017970047,-3.326434310561647,-3.323335886575161,-3.320237529905532,-3.3171392406254583,-3.314041018813209,-3.3109428645535908,-3.3078447779390574,-3.3047467590709774,-3.301648808061092,-3.2985509250332132,-3.2954531101251896,-3.29235536349121,-3.2892576853045017,-3.2861600754885645,-3.283062533973685,-3.2799650606963127,-3.2768676555984935,-3.27377031862737,-3.2706730497347287,-3.2675758488765925,-3.2644787160128597,-3.2613816511069715,-3.258284654125616,-3.2551877250384624,-3.2520908638179162,-3.2489940704389015,-3.245897344878662,-3.242800687116579,-3.2397040971340094,-3.2366075749141343,-3.2335111204418254,-3.2304147337035207,-3.2273184146871126,-3.224222163381846,-3.2211259797782215,-3.2180298638679172,-3.2149338156437066,-3.211837835099391,-3.2087419222297378,-3.2056460770304254,-3.2025502994979926,-3.1994545896297963,-3.1963589474239766,-3.193263372879428,-3.190167865995778,-3.1870724267733728,-3.1839770552132767,-3.180881751317278,-3.1777865150879148,-3.174691346528505,-3.171596245643214,-3.168501212437127,-3.165406246916372,-3.16231134908827,-3.1592165189615424,-3.156121756546583,-3.153027061855816,-3.149932434904167,-3.1468378757096773,-3.1437433842943094,-3.1406489606849997,-3.137554604915043,-3.1344603170259107,-3.1313660970696353,-3.128271945111967,-3.125177861236534,-3.1220838455503515,-3.118989898191143,-3.115896019337072,-3.112802209219729,-3.1097084681414895,-3.1066147964987882,-3.1035211948133896,-3.100427663774523,-3.097334204295785,-3.0942408175921905,-3.091147505284778,-3.08805426954297,-3.0849611132788164,-3.0818680404127172,-3.0787750562378333,-3.0756821679211357,-3.0725893851940715,-3.069496721307037,-3.066404194351791,-3.063311829098291,-3.0602196595525806,-3.0571277325278046,-3.0540361126422586,-3.0509448893324462,-3.047854186718254,-3.0447641775149834,-3.0416751027011593,-3.0385872993920953,-3.035501240439185,-3.0324175908225874,-3.029337288147268,-3.0262616578048473,-3.0231925780851197,-3.020132717375472,-3.0170858755283425,-3.014057475863921,-3.0110552750032524,-3.0080903873657507,-3.005178763023345,-3.0023433155415047,-2.9996169740190224,-2.997047031661754,-2.994701274572418,-2.9926764719161896,-2.9911098239976206,-2.990193755523522
-3.592805622617004,-3.5920159573176864,-3.590647585027755,-3.5888518125621403,-3.5867383435987086,-3.584387419524073,-3.581858159788129,-3.5791943896259006,-3.576428768636361,-3.573585748730676,-3.5706837131126092,-3.5677365350320556,-3.5647547211404103,-3.561746254854443,-3.558717221482225,-3.5556722735935677,-3.5526149788153365,-3.5495480806866695,-3.5464736949569517,-3.5433934577649895,-3.540308637827243,-3.537220221619182,-3.534128978229568,-3.5310355088710206,-3.527940284776368,-3.5248436762801485,-3.521745975192497,-3.518647412055799,-3.5155481694876967,-3.5124483925235155,-3.509348196652572,-3.506247674077818,-3.503146898603429,-3.5000459294603217,-3.4969448143075774,-3.493843591592955,-3.4907422924137794,-3.4876409419874403,-3.4845395608161702,-3.48143816561183,-3.4783367700318855,-3.475235385266493,-3.472134020507915,-3.469032683326726,-3.465931379974011,-3.4628301156246803,-3.459728894573828,-3.4566277203955553,-3.4535265960717285,-3.4504255240966057,-3.4473245065620395,-3.4442235452270245,-3.4411226415745904,-3.438021796858454,-3.4349210121413445,-3.431820288326578,-3.4287196261841113,-3.425619026372098,-3.422518489454758,-3.419418015917224,-3.416317606177906,-3.4132172605988127,-3.4101169794941804,-3.407016763137708,-3.4039166117686404,-3.400816525596887,-3.397716504807347,-3.3946165495635654,-3.3915166600108466,-3.388416836278889,-3.3853170784840505,-3.382217386731275,-3.379117761115753,-3.376018201724364,-3.3729187086369117,-3.369819281927215,-3.3667199216640604,-3.363620627912044,-3.3605214007323227,-3.3574222401832934,-3.354323146321212,-3.3512241192007672,-3.3481251588756185,-3.3450262653989102,-3.3419274388237734,-3.3388286792038233,-3.3357299865936603,-3.3326313610493896,-3.3295328026291666,-3.3264343113937738,-3.3233358874072527,-3.32023753073759,-3.3171392414574834,-3.3140410196452,-3.3109428653855493,-3.3078447787709844,-3.3047467599028715,-3.301648808892954,-3.298550925865041,-3.295453110956984,-3.2923553643229706,-3.2892576861362297,-3.2861600763202587,-3.2830625348053464,-3.279965061527941,-3.276867656430089,-3.273770319458932,-3.270673050566257,-3.267575849708088,-3.2644787168443217,-3.2613816519384002,-3.258284654957011,-3.255187725869823,-3.2520908646492437,-3.2489940712701957,-3.2458973457099227,-3.2428006879478066,-3.2397040979652028,-3.236607575745294,-3.2335111212729517,-3.2304147345346137,-3.2273184155181727,-3.2242221642128723,-3.2211259806092145,-3.2180298646988756,-3.2149338164746313,-3.211837835930282,-3.208741923060594,-3.2056460778612474,-3.202550300328781,-3.1994545904605514,-3.1963589482546984,-3.1932633737101175,-3.1901678668264344,-3.1870724276039963,-3.183977056043867,-3.1808817521478354,-3.177786515918439,-3.1746913473589977,-3.171596246473672,-3.1685012132675516,-3.165406247746764,-3.1623113499186286,-3.159216519791868,-3.156121757376875,-3.1530270626860752,-3.1499324357343927,-3.14683787653987,-3.143743385124469,-3.1406489615151254,-3.137554605745135,-3.1344603178559685,-3.1313660978996594,-3.1282719459419583,-3.125177862066493,-3.1220838463802782,-3.1189898990210363,-3.1158960201669323,-3.1128022100495567,-3.109708468971284,-3.106614797328549,-3.103521195643117,-3.1004276646042173,-3.0973342051254447,-3.094240818421816,-3.09114750611437,-3.0880542703725276,-3.0849611141083404,-3.081868041242207,-3.0787750570672894,-3.075682168750557,-3.072589386023458,-3.0694967221363894,-3.0664041951811085,-3.063311829927574,-3.0602196603818297,-3.057127733357019,-3.054036113471439,-3.0509448901615936,-3.0478541875473693,-3.044764178344066,-3.0416751035302076,-3.03858730022111,-3.0355012412681663,-3.032417591651535,-3.029337288976183,-3.02626165863373,-3.023192578913971,-3.020132718204291,-3.017085876357129,-3.014057476692675,-3.011055275831975,-3.0080903881944403,-3.005178763852003,-3.0023433163701307,-2.999616974847618,-2.9970470324903205,-2.994701275400959,-2.992676472744708,-2.991109824826123,-2.990193756352014
-3.592805623422423,-3.5920159581230973,-3.5906475858331524,-3.5888518133675205,-3.5867383444040692,-3.5843874203294104,-3.581858160593443,-3.5791943904311876,-3.5764287694416224,-3.573585749535911,-3.5706837139178185,-3.5677365358372377,-3.5647547219455635,-3.5617462556595663,-3.558717222287318,-3.55567227439863,-3.5526149796203685,-3.5495480814916704,-3.546473695761921,-3.543393458569927,-3.5403086386321476,-3.5372202224240534,-3.534128979034407,-3.531035509675829,-3.5279402855811433,-3.524843677084893,-3.5217459759972107,-3.518647412860481,-3.5155481702923472,-3.5124483933281345,-3.509348197457159,-3.5062476748823714,-3.50314689940795,-3.5000459302648097,-3.4969448151120317,-3.493843592397377,-3.4907422932181684,-3.487640942791795,-3.4845395616204917,-3.4814381664161194,-3.4783367708361435,-3.4752353860707186,-3.47213402131211,-3.46903268413089,-3.4659313807781436,-3.4628301164287816,-3.4597288953778977,-3.4566277211995935,-3.4535265968757347,-3.4504255249005795,-3.4473245073659817,-3.4442235460309356,-3.441122642378471,-3.4380217976623033,-3.4349210129451633,-3.431820289130366,-3.4287196269878675,-3.425619027175823,-3.422518490258452,-3.4194180167208863,-3.4163176069815364,-3.4132172614024117,-3.410116980297748,-3.4070167639412436,-3.4039166125721447,-3.4008165264003596,-3.3977165056107865,-3.394616550366972,-3.391516660814219,-3.3884168370822287,-3.3853170792873573,-3.3822173875345483,-3.3791177619189945,-3.376018202527573,-3.37291870944009,-3.3698192827303624,-3.3667199224671767,-3.3636206287151285,-3.3605214015353755,-3.3574222409863146,-3.354323147124202,-3.3512241200037263,-3.3481251596785464,-3.3450262662018067,-3.3419274396266374,-3.338828680006654,-3.335729987396458,-3.332631361852155,-3.3295328034318996,-3.326434312196476,-3.3233358882099235,-3.3202375315402293,-3.317139242260091,-3.3140410204477773,-3.3109428661880944,-3.3078447795734967,-3.3047467607053513,-3.3016488096954006,-3.2985509266674553,-3.295453111759365,-3.2923553651253195,-3.2892576869385466,-3.2861600771225445,-3.2830625356076015,-3.2799650623301644,-3.2768676572322804,-3.273770320261092,-3.2706730513683855,-3.267575850510183,-3.264478717646384,-3.261381652740429,-3.2582846557590064,-3.2551877266717857,-3.252090865451173,-3.248994072072092,-3.245897346511786,-3.2428006887496377,-3.2397040987670014,-3.23660757654706,-3.2335111220746855,-3.230414735336316,-3.2273184163198443,-3.2242221650145115,-3.2211259814108213,-3.2180298655004504,-3.2149338172761737,-3.211837836731792,-3.208741923862072,-3.205646078662694,-3.2025503011301955,-3.1994545912619343,-3.19635894905605,-3.1932633745114365,-3.190167867627722,-3.1870724284052527,-3.183977056845092,-3.18088175294903,-3.1777865167196024,-3.174691348160129,-3.171596247274772,-3.16850121406862,-3.1654062485477996,-3.1623113507196314,-3.1592165205928375,-3.1561217581778127,-3.1530270634869813,-3.1499324365352663,-3.146837877340711,-3.143743385925277,-3.1406489623159004,-3.1375546065458786,-3.13446031865668,-3.1313660987003393,-3.128271946742606,-3.125177862867108,-3.1220838471808614,-3.118989899821588,-3.1158960209674524,-3.1128022108500453,-3.109708469771741,-3.1066147981289736,-3.1035211964435097,-3.100427665404577,-3.097334205925772,-3.094240819222111,-3.0911475069146324,-3.0880542711727577,-3.0849611149085376,-3.0818680420423727,-3.0787750578674227,-3.0756821695506598,-3.0725893868235294,-3.0694967229364294,-3.066404195981116,-3.0633118307275495,-3.0602196611817734,-3.0571277341569307,-3.054036114271318,-3.0509448909614387,-3.047854188347181,-3.044764179143846,-3.0416751043299564,-3.0385873010208266,-3.0355012420678515,-3.032417592451189,-3.029337289775805,-3.02626165943332,-3.0231925797135286,-3.0201327190038163,-3.0170858771566222,-3.0140574774921367,-3.0110552766314047,-3.0080903889938386,-3.0051787646513697,-3.0023433171694673,-2.999616975646925,-2.9970470332895998,-2.994701276200214,-2.9926764735439417,-2.9911098256253394,-2.9901937571512205
-3.5928056241993542,-3.5920159589000225,-3.5906475866100664,-3.5888518141444177,-3.586738345180947,-3.5843874211062663,-3.581858161370275,-3.579194391207997,-3.576428770218406,-3.573585750312667,-3.570683714694545,-3.5677365366139338,-3.56475472272223,-3.5617462564362024,-3.558717223063925,-3.555672275175207,-3.5526149803969154,-3.5495480822681875,-3.5464736965384094,-3.5433934593463867,-3.5403086394085794,-3.537220223200457,-3.5341289798107813,-3.5310355104521727,-3.5279402863574574,-3.524843677861177,-3.5217459767734636,-3.5186474136367036,-3.5155481710685392,-3.512448394104296,-3.5093481982332912,-3.5062476756584755,-3.5031469001840247,-3.5000459310408543,-3.4969448158880465,-3.493843593173361,-3.490742293994121,-3.4876409435677176,-3.484539562396383,-3.48143816719198,-3.478336771611972,-3.4752353868465167,-3.472134022087876,-3.469032684906625,-3.465931381553849,-3.4628301172044558,-3.4597288961535404,-3.4566277219752046,-3.453526597651316,-3.4504255256761316,-3.447324508141504,-3.444223546806427,-3.4411226431539306,-3.43802179843773,-3.434921013720557,-3.431820289905727,-3.4287196277631966,-3.42561902795112,-3.422518491033716,-3.419418017496119,-3.416317607756739,-3.413217262177584,-3.41011698107289,-3.4070167647163565,-3.4039166133472274,-3.4008165271754116,-3.397716506385808,-3.3946165511419633,-3.3915166615891805,-3.38841683785716,-3.385317080062259,-3.3822173883094195,-3.379117762693835,-3.376018203302383,-3.372918710214869,-3.3698192835051115,-3.3667199232418965,-3.3636206294898185,-3.3605214023100354,-3.3574222417609434,-3.3543231478987994,-3.3512241207782916,-3.34812516045308,-3.3450262669763093,-3.3419274404011095,-3.338828680781095,-3.3357299881708684,-3.3326313626265356,-3.329532804206251,-3.3264343129707967,-3.323335888984213,-3.320237532314488,-3.3171392430343185,-3.314041021221972,-3.310942866962258,-3.307844780347629,-3.3047467614794517,-3.30164881046947,-3.298550927441494,-3.295453112533373,-3.2923553658992963,-3.289257687712492,-3.286160077896459,-3.2830625363814834,-3.2799650631040156,-3.276867658006101,-3.2737703210348816,-3.2706730521421448,-3.2675758512839135,-3.264478718420084,-3.2613816535140985,-3.2582846565326458,-3.255187727445395,-3.252090866224752,-3.248994072845641,-3.2458973472853043,-3.2428006895231247,-3.239704099540457,-3.2366075773204845,-3.233511122848078,-3.230414736109676,-3.2273184170931715,-3.2242221657878076,-3.221125982184086,-3.218029866273685,-3.214933818049377,-3.2118378375049645,-3.208741924635214,-3.205646079435805,-3.2025503019032753,-3.199454592034982,-3.1963589498290657,-3.193263375284421,-3.1901678684006747,-3.187072429178174,-3.183977057617982,-3.180881753721889,-3.17778651749243,-3.1746913489329263,-3.1715962480475386,-3.1685012148413554,-3.165406249320504,-3.1623113514923054,-3.159216521365481,-3.1561217589504245,-3.1530270642595597,-3.149932437307814,-3.1468378781132285,-3.143743386697764,-3.140648963088358,-3.1375546073183047,-3.1344603194290754,-3.1313660994727046,-3.12827194751494,-3.1251778636394105,-3.1220838479531308,-3.1189899005938257,-3.1158960217396596,-3.1128022116222214,-3.109708470543886,-3.106614798901089,-3.103521197215594,-3.1004276661766315,-3.0973342066977967,-3.094240819994105,-3.091147507686596,-3.08805427194469,-3.0849611156804393,-3.0818680428142433,-3.0787750586392626,-3.0756821703224677,-3.0725893875953063,-3.069496723708175,-3.0664041967528317,-3.063311831499234,-3.0602196619534268,-3.057127734928553,-3.0540361150429103,-3.0509448917330015,-3.0478541891187123,-3.0447641799153455,-3.0416751051014237,-3.038587301792263,-3.0355012428392554,-3.032417593222562,-3.0293372905471476,-3.0262616602046317,-3.02319258048481,-3.020132719775068,-3.017085877927844,-3.014057478263328,-3.011055277402565,-3.008090389764968,-3.0051787654224693,-3.0023433179405385,-2.999616976417968,-2.9970470340606163,-2.9947012769712056,-2.9926764743149126,-2.991109826396294,-2.990193757922165
-3.5928056249488174,-3.592015959649478,-3.59064758735951,-3.5888518148938457,-3.5867383459303555,-3.5843874218556544,-3.581858162119641,-3.5791943919573375,-3.57642877096772,-3.573585751061953,-3.570683715443803,-3.567736537363164,-3.5647547234714327,-3.5617462571853773,-3.5587172238130713,-3.555672275924325,-3.5526149811460046,-3.549548083017249,-3.5464736972874427,-3.5433934600953925,-3.5403086401575568,-3.537220223949405,-3.5341289805596996,-3.531035511201062,-3.5279402871063175,-3.524843678610008,-3.521745977522266,-3.5186474143854785,-3.515548171817285,-3.5124483948530125,-3.509348198981977,-3.506247676407129,-3.5031469009326464,-3.5000459317894457,-3.4969448166366086,-3.4938435939218953,-3.4907422947426268,-3.4876409443161944,-3.4845395631448315,-3.4814381679403996,-3.4783367723603638,-3.4752353875948785,-3.472134022836209,-3.4690326856549287,-3.465931382302122,-3.4628301179527,-3.4597288969017566,-3.456627722723392,-3.453526598399474,-3.4504255264242607,-3.447324508889604,-3.444223547554498,-3.441122643901974,-3.4380217991857456,-3.434921014468544,-3.431820290653685,-3.428719628511126,-3.4256190286990194,-3.4225184917815867,-3.419418018243961,-3.4163176085045515,-3.4132172629253676,-3.410116981820644,-3.40701676546408,-3.4039166140949204,-3.400816527923075,-3.3977165071334405,-3.394616551889566,-3.3915166623367536,-3.3884168386047038,-3.3853170808097732,-3.382217389056904,-3.3791177634412892,-3.3760182040498066,-3.3729187109622627,-3.3698192842524746,-3.3667199239892285,-3.3636206302371203,-3.360521403057307,-3.3574222425081848,-3.35432314864601,-3.351224121525472,-3.34812516120023,-3.345026267723428,-3.341927441148198,-3.3388286815281534,-3.3357299889178966,-3.3326313633735323,-3.329532804953216,-3.326434313717731,-3.3233358897311174,-3.3202375330613627,-3.3171392437811633,-3.3140410219687886,-3.3109428677090453,-3.307844781094387,-3.304746762226182,-3.3016488112161717,-3.2985509281881664,-3.2954531132800153,-3.2923553666459098,-3.2892576884590756,-3.286160078643012,-3.283062537128006,-3.2799650638505073,-3.2768676587525625,-3.273770321781314,-3.2706730528885464,-3.2675758520302844,-3.264478719166425,-3.26138165426041,-3.2582846572789275,-3.2551877281916473,-3.252090866970974,-3.2489940735918332,-3.2458973480314675,-3.2428006902692577,-3.239704100286561,-3.236607578066559,-3.233511123594123,-3.230414736855692,-3.227318417839158,-3.2242221665337643,-3.2211259829300136,-3.218029867019582,-3.214933818795244,-3.211837838250801,-3.2087419253810205,-3.2056460801815816,-3.2025503026490223,-3.1994545927806994,-3.1963589505747536,-3.193263376030079,-3.1901678691463022,-3.1870724299237705,-3.183977058363548,-3.1808817544674235,-3.1777865182379346,-3.1746913496783997,-3.1715962487929823,-3.16850121558677,-3.1654062500658884,-3.1623113522376602,-3.1592165221108064,-3.1561217596957207,-3.153027065004828,-3.1499324380530527,-3.1468378788584364,-3.1437433874429406,-3.140648963833504,-3.1375546080634202,-3.134460320174161,-3.131366100217761,-3.128271948259967,-3.125177864384407,-3.1220838486980984,-3.118989901338764,-3.1158960224845673,-3.112802212367098,-3.1097084712887324,-3.1066147996459046,-3.1035211979603803,-3.1004276669213873,-3.097334207442522,-3.0942408207388,-3.09114750843126,-3.088054272689325,-3.0849611164250454,-3.08186804355882,-3.0787750593838097,-3.0756821710669855,-3.072589388339794,-3.069496724452632,-3.066404197497258,-3.063311832243631,-3.0602196626977944,-3.0571277356728914,-3.0540361157872193,-3.050944892477281,-3.0478541898629627,-3.044764180659565,-3.0416751058456133,-3.038587302536422,-3.0355012435833846,-3.0324175939666613,-3.029337291291216,-3.0262616609486694,-3.023192581228816,-3.020132720519042,-3.0170858786717867,-3.0140574790072394,-3.0110552781464457,-3.0080903905088197,-3.005178766166293,-3.0023433186843342,-2.999616977161737,-2.99704703480436,-2.9947012777149253,-2.992676475058611,-2.991109827139976,-2.9901937586658383
-3.5928056256717853,-3.5920159603724398,-3.59064758808246,-3.588851815616782,-3.5867383466532745,-3.5843874225785526,-3.5818581628425172,-3.5791943926801912,-3.57642877169055,-3.5735857517847607,-3.570683716166587,-3.5677365380859225,-3.5647547241941644,-3.561746257908082,-3.5587172245357483,-3.555672276646974,-3.552614981868627,-3.5495480837398428,-3.546473698010008,-3.543393460817928,-3.540308640880063,-3.5372202246718816,-3.534128981282147,-3.5310355119234806,-3.5279402878287067,-3.5248436793323688,-3.5217459782445975,-3.5186474151077807,-3.5155481725395585,-3.5124483955752566,-3.509348199704193,-3.5062476771293163,-3.503146901654805,-3.5000459325115765,-3.496944817358711,-3.493843594643968,-3.4907422954646705,-3.4876409450382098,-3.484539563866818,-3.4814381686623577,-3.478336773082294,-3.475235388316781,-3.4721340235580826,-3.469032686376774,-3.465931383023939,-3.4628301186744883,-3.4597288976235157,-3.456627723445122,-3.453526599121176,-3.450425527145933,-3.4473245096112475,-3.444223548276112,-3.441122644623558,-3.4380217999073013,-3.4349210151900715,-3.4318202913751854,-3.428719629232599,-3.425619029420465,-3.422518492503004,-3.419418018965348,-3.416317609225909,-3.4132172636466955,-3.4101169825419424,-3.4070167661853494,-3.4039166148161617,-3.4008165286442864,-3.3977165078546236,-3.394616552610721,-3.3915166630578804,-3.388416839325802,-3.3853170815308427,-3.3822173897779453,-3.3791177641623023,-3.3760182047707916,-3.3729187116832184,-3.3698192849734014,-3.3667199247101265,-3.363620630957989,-3.360521403778147,-3.3574222432289957,-3.3543231493667927,-3.351224122246226,-3.348125161920955,-3.3450262684441237,-3.341927441868865,-3.338828682248792,-3.335729989638507,-3.332631364094116,-3.3295328056737725,-3.32643431443826,-3.3233358904516193,-3.3202375337818353,-3.3171392445016075,-3.314041022689203,-3.3109428684294304,-3.307844781814743,-3.3047467629465075,-3.3016488119364675,-3.2985509289084334,-3.295453114000254,-3.292355367366119,-3.2892576891792564,-3.2861600793631656,-3.283062537848132,-3.279965064570604,-3.276867659472631,-3.273770322501353,-3.2706730536085558,-3.2675758527502645,-3.264478719886376,-3.261381654980331,-3.2582846579988196,-3.2551877289115096,-3.252090867690808,-3.248994074311638,-3.2458973487512424,-3.2428006909890037,-3.239704101006278,-3.236607578786247,-3.233511124313782,-3.2304147375753223,-3.22731841855876,-3.224222167253337,-3.2211259836495576,-3.218029867739098,-3.2149338195147315,-3.2118378389702604,-3.2087419261004526,-3.205646080900985,-3.2025503033683966,-3.199454593500045,-3.19635895129407,-3.1932633767493663,-3.1901678698655607,-3.1870724306430005,-3.18397705908275,-3.180881755186597,-3.1777865189570793,-3.174691350397516,-3.171596249512069,-3.1685012163058266,-3.165406250784916,-3.162311352956658,-3.159216522829774,-3.156121760414658,-3.153027065723736,-3.1499324387719323,-3.1468378795772876,-3.1437433881617642,-3.1406489645523,-3.1375546087821884,-3.1344603208929005,-3.13136610093647,-3.1282719489786475,-3.125177865103059,-3.1220838494167205,-3.118989902057357,-3.1158960232031316,-3.112802213085635,-3.109708472007242,-3.1066148003643854,-3.103521198678832,-3.1004276676398104,-3.0973342081609174,-3.0942408214571673,-3.091147509149599,-3.0880542734076344,-3.084961117143326,-3.081868044277072,-3.078775060102033,-3.0756821717851794,-3.07258938905796,-3.0694967251707697,-3.0664041982153676,-3.0633118329617117,-3.0602196634158454,-3.057127736390912,-3.0540361165052103,-3.0509448931952416,-3.047854190580894,-3.0447641813774675,-3.041675106563487,-3.038587303254267,-3.0355012443012006,-3.0324175946844463,-3.0293372920089707,-3.0262616616663944,-3.0231925819465117,-3.020132721236709,-3.017085879389425,-3.0140574797248507,-3.0110552788640303,-3.0080903912263763,-3.0051787668838212,-3.002343319401835,-2.999616977879211,-2.997047035521809,-2.9947012784323523,-2.9926764757760185,-2.991109827857369,-2.990193759383223
-3.592805626369195,-3.5920159610698437,-3.5906475887798535,-3.5888518163141603,-3.5867383473506362,-3.584387423275896,-3.58185816353984,-3.57919439337749,-3.5764287723878243,-3.57358575248201,-3.5706837168638095,-3.5677365387831204,-3.5647547248913356,-3.561746258605226,-3.5587172252328645,-3.555672277344063,-3.552614982565687,-3.5495480844368754,-3.5464736987070125,-3.543393461514906,-3.540308641577013,-3.537220225368805,-3.534128981979044,-3.531035512620351,-3.5279402885255506,-3.524843680029185,-3.521745978941387,-3.518647415804542,-3.5155481732362914,-3.512448396271962,-3.5093482004008707,-3.5062476778259666,-3.5031469023514283,-3.5000459332081717,-3.4969448180552773,-3.4938435953405063,-3.4907422961611814,-3.4876409457346944,-3.4845395645632764,-3.48143816935879,-3.4783367737786985,-3.475235389013158,-3.4721340242544323,-3.4690326870730956,-3.4659313837202332,-3.4628301193707545,-3.4597288983197534,-3.4566277241413315,-3.453526599817357,-3.450425527842086,-3.447324510307371,-3.4442235489722073,-3.441122645319625,-3.438021800603339,-3.434921015886081,-3.431820292071167,-3.428719629928552,-3.425619030116391,-3.422518493198902,-3.419418019661219,-3.4163176099217525,-3.413217264342512,-3.4101169832377316,-3.4070167668811124,-3.403916615511897,-3.4008165293399943,-3.397716508550304,-3.3946165533063732,-3.391516663753505,-3.3884168400213994,-3.3853170822264125,-3.382217390473487,-3.3791177648578175,-3.3760182054662784,-3.372918712378678,-3.369819285668834,-3.366719925405533,-3.3636206316533688,-3.3605214044734995,-3.3574222439243204,-3.3543231500620894,-3.351224122941495,-3.3481251626161965,-3.345026269139339,-3.341927442564053,-3.3388286829439537,-3.3357299903336415,-3.332631364789222,-3.32953280636885,-3.326434315133309,-3.3233358911466393,-3.320237534476827,-3.31713924519657,-3.3140410233841378,-3.3109428691243368,-3.3078447825096218,-3.304746763641359,-3.301648812631292,-3.298550929603231,-3.2954531146950243,-3.292355368060863,-3.2892576898739736,-3.286160080057855,-3.2830625385427954,-3.2799650652652415,-3.276867660167241,-3.2737703231959356,-3.2706730543031126,-3.2675758534447947,-3.26447872058088,-3.2613816556748083,-3.25828465869327,-3.255187729605933,-3.2520908683852023,-3.2489940750060033,-3.245897349445579,-3.2428006916833123,-3.2397041017005583,-3.236607579480499,-3.233511125008006,-3.230414738269518,-3.227318419252927,-3.224222167947477,-3.22112598434367,-3.218029868433183,-3.21493382020879,-3.2118378396642915,-3.2087419267944557,-3.205646081594961,-3.202550304062346,-3.199454594193967,-3.1963589519879645,-3.1932633774432326,-3.190167870559399,-3.1870724313368104,-3.183977059776531,-3.1808817558803506,-3.177786519650805,-3.174691351091213,-3.171596250205738,-3.1685012169994686,-3.165406251478531,-3.1623113536502454,-3.1592165235233347,-3.156121761108191,-3.15302706641724,-3.149932439465407,-3.1468378802707333,-3.143743388855182,-3.1406489652456893,-3.137554609475549,-3.134460321586233,-3.131366101629776,-3.1282719496719253,-3.1251778657963087,-3.1220838501099437,-3.118989902750553,-3.1158960238962994,-3.112802213778773,-3.1097084727003512,-3.1066148010574675,-3.103521199371886,-3.1004276683328365,-3.0973342088539146,-3.0942408221501356,-3.091147509842539,-3.0880542741005463,-3.084961117836209,-3.0818680449699265,-3.0787750607948587,-3.0756821724779764,-3.0725893897507275,-3.0694967258635084,-3.066404198908077,-3.0633118336543923,-3.0602196641084976,-3.0571277370835372,-3.054036117197807,-3.0509448938878103,-3.047854191273435,-3.0447641820699807,-3.0416751072559727,-3.0385873039467244,-3.03550124499363,-3.0324175953768475,-3.0293372927013444,-3.0262616623587406,-3.0231925826388304,-3.0201327219289995,-3.0170858800816887,-3.0140574804170863,-3.011055279556238,-3.0080903919185564,-3.0051787675759742,-3.0023433200939627,-2.9996169785713147,-2.997047036213889,-2.9947012791244108,-2.992676476468059,-2.9911098285493956,-2.990193760075241
-3.5928056270419324,-3.5920159617425744,-3.590647589452573,-3.5888518169868657,-3.586738348023325,-3.5843874239485665,-3.5818581642124903,-3.5791943940501203,-3.576428773060433,-3.5735857531545956,-3.570683717536372,-3.5677365394556575,-3.5647547255638483,-3.561746259277715,-3.55871722590533,-3.5556722780165035,-3.552614983238102,-3.5495480851092642,-3.546473699379376,-3.5433934621872427,-3.540308642249323,-3.5372202260410885,-3.5341289826513007,-3.531035513292581,-3.527940289197754,-3.5248436807013612,-3.5217459796135357,-3.5186474164766635,-3.5155481739083863,-3.5124483969440305,-3.5093482010729127,-3.5062476784979832,-3.5031469030234184,-3.5000459338801337,-3.4969448187272136,-3.4938435960124155,-3.490742296833064,-3.487640946406549,-3.4845395652351034,-3.4814381700305894,-3.478336774450471,-3.475235389684903,-3.472134024926151,-3.4690326877447872,-3.4659313843918977,-3.4628301200423923,-3.459728898991366,-3.4566277248129174,-3.4535266004889156,-3.4504255285136174,-3.4473245109788757,-3.4442235496436866,-3.4411226459910784,-3.4380218012747665,-3.4349210165574826,-3.431820292742542,-3.4287196305999013,-3.4256190307877135,-3.4225184938701987,-3.4194180203324906,-3.416317610592999,-3.413217265013732,-3.410116983908926,-3.407016767552279,-3.403916616183036,-3.4008165300111064,-3.3977165092213895,-3.3946165539774316,-3.3915166644245365,-3.388416840692404,-3.385317082897391,-3.3822173911444406,-3.3791177655287443,-3.3760182061371795,-3.3729187130495526,-3.369819286339682,-3.3667199260763536,-3.3636206323241633,-3.360521405144267,-3.357422244595062,-3.354323150732805,-3.3512241236121856,-3.348125163286862,-3.345026269809977,-3.3419274432346646,-3.3388286836145378,-3.3357299910041984,-3.3326313654597524,-3.329532807039354,-3.326434315803786,-3.3233358918170897,-3.32023753514725,-3.3171392458669664,-3.314041024054507,-3.3109428697946797,-3.307844783179938,-3.304746764311648,-3.301648813301554,-3.298550930273466,-3.2954531153652336,-3.292355368731045,-3.289257690544129,-3.2861600807279827,-3.283062539212894,-3.279965065935312,-3.276867660837284,-3.2737703238659517,-3.2706730549731007,-3.2675758541147557,-3.264478721250813,-3.261381656344714,-3.2582846593631487,-3.255187730275785,-3.2520908690550283,-3.2489940756758036,-3.2458973501153534,-3.242800692353061,-3.239704102370281,-3.2366075801501952,-3.2335111256776763,-3.230414738939162,-3.227318419922544,-3.2242221686170676,-3.221125985013233,-3.2180298691027183,-3.214933820878297,-3.2118378403337715,-3.2087419274639086,-3.205646082264387,-3.202550304731746,-3.1994545948633415,-3.1963589526573126,-3.193263378112555,-3.1901678712286943,-3.187072432006079,-3.183977060445773,-3.1808817565495655,-3.177786520319992,-3.1746913517603748,-3.171596250874874,-3.1685012176685774,-3.1654062521476116,-3.162311354319298,-3.15921652419236,-3.1561217617771895,-3.1530270670862124,-3.1499324401343536,-3.146837880939655,-3.1437433895240767,-3.140648965914557,-3.1375546101443903,-3.1344603222550473,-3.131366102298563,-3.1282719503406855,-3.1251778664650423,-3.1220838507786492,-3.118989903419231,-3.1158960245649503,-3.1128022144473966,-3.1097084733689475,-3.106614801726036,-3.103521200040428,-3.1004276690013515,-3.0973342095224026,-3.094240822818598,-3.0911475105109743,-3.0880542747689543,-3.0849611185045895,-3.0818680456382794,-3.0787750614631846,-3.0756821731462765,-3.0725893904190014,-3.069496726531756,-3.066404199576298,-3.0633118343225867,-3.0602196647766657,-3.0571277377516775,-3.05403611786592,-3.0509448945558963,-3.0478541919414934,-3.044764182738012,-3.0416751079239757,-3.0385873046147003,-3.035501245661579,-3.0324175960447706,-3.0293372933692404,-3.026261663026611,-3.023192583306675,-3.020132722596818,-3.01708588074948,-3.0140574810848504,-3.011055280223976,-3.0080903925862676,-3.005178768243659,-3.002343320761621,-2.9996169792389478,-2.9970470368814985,-2.9947012797919976,-2.9926764771356265,-2.9911098292169487,-2.9901937607427858
-3.592805627690893,-3.5920159623915286,-3.5906475901015162,-3.588851817635793,-3.5867383486722333,-3.5843874245974545,-3.5818581648613583,-3.5791943946989684,-3.5764287737092593,-3.573585753803398,-3.5706837181851507,-3.5677365401044123,-3.564754726212579,-3.561746259926421,-3.5587172265540117,-3.5556722786651616,-3.5526149838867362,-3.5495480857578756,-3.546473700027963,-3.543393462835805,-3.540308642897861,-3.5372202266896005,-3.5341289832997864,-3.5310355139410405,-3.527940289846187,-3.5248436813497688,-3.5217459802619175,-3.518647417125021,-3.5155481745567188,-3.5124483975923373,-3.5093482017211928,-3.5062476791462385,-3.5031469036716483,-3.5000459345283392,-3.496944819375394,-3.49384359666057,-3.4907422974811926,-3.4876409470546514,-3.4845395658831793,-3.4814381706786395,-3.4783367750984953,-3.475235390332902,-3.472134025574123,-3.4690326883927334,-3.465931385039817,-3.4628301206902847,-3.4597288996392317,-3.4566277254607582,-3.4535266011367316,-3.4504255291614085,-3.447324511626642,-3.444223550291426,-3.4411226466387914,-3.4380218019224547,-3.434921017205145,-3.4318202933901785,-3.4287196312475117,-3.4256190314352972,-3.4225184945177562,-3.419418020980021,-3.416317611240503,-3.41321726566121,-3.410116984556378,-3.4070167681997066,-3.403916616830439,-3.4008165306584854,-3.3977165098687436,-3.394616554624761,-3.391516665071839,-3.388416841339681,-3.385317083544642,-3.3822173917916647,-3.3791177661759426,-3.376018206784353,-3.3729187136967007,-3.369819286986804,-3.36671992672345,-3.3636206329712337,-3.360521405791311,-3.3574222452420805,-3.354323151379798,-3.351224124259152,-3.3481251639338017,-3.3450262704568914,-3.341927443881552,-3.3388286842613986,-3.335729991651033,-3.3326313661065607,-3.3295328076861366,-3.326434316450543,-3.3233358924638217,-3.3202375357939578,-3.317139246513649,-3.3140410247011647,-3.310942870441312,-3.3078447838265457,-3.304746764958231,-3.3016488139481126,-3.29855093092,-3.2954531160117417,-3.292355369377528,-3.2892576911905853,-3.286160081374413,-3.2830625398592996,-3.2799650665816924,-3.2768676614836383,-3.2737703245122796,-3.270673055619403,-3.2675758547610316,-3.264478721897063,-3.2613816569909377,-3.258284660009345,-3.2551877309219543,-3.2520908697011714,-3.2489940763219205,-3.245897350761445,-3.242800692999126,-3.2397041030163196,-3.2366075807962083,-3.2335111263236636,-3.2304147395851244,-3.2273184205684817,-3.2242221692629793,-3.2211259856591186,-3.218029869748578,-3.214933821524131,-3.2118378409795802,-3.2087419281096916,-3.2056460829101443,-3.202550305377476,-3.1994545955090437,-3.196358953302988,-3.193263378758204,-3.1901678718743183,-3.1870724326516773,-3.1839770610913463,-3.180881757195113,-3.177786520965515,-3.1746913524058713,-3.171596251520344,-3.1685012183140215,-3.1654062527930305,-3.1623113549646917,-3.159216524837727,-3.1561217624225306,-3.1530270677315277,-3.1499324407796427,-3.146837881584918,-3.1437433901693144,-3.1406489665597688,-3.1375546107895764,-3.1344603229002077,-3.1313661029436965,-3.128271950985793,-3.1251778671101236,-3.1220838514237044,-3.1189899040642595,-3.1158960252099543,-3.1128022150923766,-3.109708474013902,-3.106614802370965,-3.1035212006853317,-3.1004276696462285,-3.097334210167253,-3.094240823463421,-3.0911475111557714,-3.0880542754137257,-3.0849611191493356,-3.081868046283,-3.07877506210788,-3.075682173790946,-3.0725893910636453,-3.0694967271763742,-3.066404200220891,-3.0633118349671538,-3.060219665421207,-3.057127738396194,-3.0540361185104112,-3.0509448952003617,-3.047854192585934,-3.0447641833824273,-3.0416751085683655,-3.038587305259065,-3.0355012463059174,-3.0324175966890827,-3.0293372940135272,-3.026261663670871,-3.023192583950909,-3.0201327232410256,-3.0170858813936623,-3.014057481729007,-3.011055280868106,-3.0080903932303737,-3.005178768887742,-3.00234332140568,-2.9996169798829837,-2.9970470375255127,-2.994701280435992,-2.9926764777796033,-2.9911098298609105,-2.9901937613867386
-3.5928056283168903,-3.5920159630175217,-3.5906475907275004,-3.5888518182617655,-3.5867383492981912,-3.584387425223396,-3.5818581654872803,-3.5791943953248695,-3.57642877433514,-3.5735857544292573,-3.570683718810989,-3.567736540730229,-3.5647547268383737,-3.561746260552192,-3.5587172271797587,-3.5556722792908833,-3.5526149845124326,-3.5495480863835462,-3.546473700653608,-3.5433934634614244,-3.5403086435234545,-3.537220227315169,-3.5341289839253296,-3.531035514566559,-3.52794029047168,-3.5248436819752365,-3.5217459808873617,-3.51864741775044,-3.5155481751821136,-3.5124483982177077,-3.509348202346539,-3.5062476797715596,-3.5031469042969463,-3.5000459351536137,-3.4969448200006443,-3.4938435972857973,-3.4907422981063965,-3.4876409476798322,-3.484539566508338,-3.481438171303773,-3.478336775723605,-3.4752353909579865,-3.472134026199184,-3.469032689017771,-3.465931385664832,-3.462830121315277,-3.4597289002641998,-3.456627726085702,-3.453526601761651,-3.4504255297863025,-3.44732451225151,-3.4442235509162695,-3.44112264726361,-3.438021802547248,-3.434921017829913,-3.431820294014921,-3.428719631872229,-3.4256190320599895,-3.422518495142423,-3.4194180216046632,-3.41631761186512,-3.4132172662858027,-3.410116985180946,-3.40701676882425,-3.403916617454957,-3.400816531282976,-3.397716510493209,-3.3946165552492014,-3.3915166656962557,-3.3884168419640726,-3.3853170841690075,-3.382217392416005,-3.3791177668002583,-3.3760182074086433,-3.372918714320965,-3.3698192876110427,-3.3667199273476633,-3.3636206335954215,-3.3605214064154754,-3.3574222458662204,-3.3543231520039134,-3.351224124883243,-3.3481251645578687,-3.345026271080935,-3.3419274445055716,-3.3388286848853936,-3.335729992275003,-3.3326313667305056,-3.3295328083100557,-3.3264343170744377,-3.323335893087691,-3.3202375364178023,-3.3171392471374688,-3.31404102532496,-3.3109428710650826,-3.3078447844502903,-3.304746765581951,-3.301648814571806,-3.298550931543667,-3.2954531166353833,-3.2923553700011436,-3.2892576918141754,-3.2861600819979775,-3.283062540482838,-3.279965067205206,-3.2768676621071275,-3.2737703251357444,-3.2706730562428437,-3.2675758553844485,-3.264478722520456,-3.2613816576143075,-3.2582846606326914,-3.2551877315452766,-3.2520908703244698,-3.248994076945195,-3.2458973513846945,-3.2428006936223506,-3.2397041036395198,-3.2366075814193844,-3.2335111269468153,-3.23041474020825,-3.2273184211915815,-3.224222169886054,-3.221125986282169,-3.218029870371604,-3.2149338221471324,-3.2118378416025557,-3.2087419287326417,-3.2056460835330696,-3.202550306000376,-3.1994545961319196,-3.1963589539258397,-3.1932633793810306,-3.1901678724971196,-3.187072433274454,-3.183977061714097,-3.1808817578178386,-3.1777865215882137,-3.174691353028544,-3.1715962521429906,-3.1685012189366417,-3.165406253415625,-3.1623113555872604,-3.15921652546027,-3.156121763045048,-3.15302706835402,-3.14993244140211,-3.14683788220736,-3.1437433907917307,-3.1406489671821602,-3.137554611411943,-3.134460323522549,-3.1313661035660125,-3.1282719516080837,-3.125177867732389,-3.1220838520459457,-3.118989904686477,-3.115896025832146,-3.1128022157145434,-3.109708474636044,-3.106614802993083,-3.103521201307425,-3.100427670268299,-3.0973342107893003,-3.0942408240854444,-3.0911475117777707,-3.088054276035701,-3.0849611197712865,-3.081868046904926,-3.0787750627297807,-3.075682174412822,-3.0725893916854963,-3.069496727798201,-3.0664042008426926,-3.063311835588931,-3.0602196660429595,-3.0571277390179215,-3.0540361191321126,-3.0509448958220378,-3.0478541932075838,-3.044764184004051,-3.0416751091899634,-3.038587305880637,-3.0355012469274643,-3.032417597310605,-3.0293372946350248,-3.0262616642923432,-3.0231925845723557,-3.0201327238624485,-3.01708588201506,-3.0140574823503803,-3.011055281489455,-3.0080903938516976,-3.0051787695090417,-3.0023433220269564,-2.999616980504238,-2.9970470381467464,-2.994701281057207,-2.9926764784008024,-2.991109830482098,-2.9901937620079195
-3.5928056289207615,-3.5920159636213875,-3.5906475913313574,-3.58885181886561,-3.5867383499020207,-3.5843874258272064,-3.5818581660910698,-3.579194395928637,-3.5764287749388854,-3.5735857550329824,-3.5706837194146908,-3.5677365413339075,-3.564754727442028,-3.561746261155824,-3.558717227783367,-3.5556722798944693,-3.552614985115995,-3.5495480869870857,-3.546473701257125,-3.5433934640649194,-3.5403086441269287,-3.5372202279186213,-3.5341289845287602,-3.531035515169966,-3.5279402910750637,-3.524843682578596,-3.5217459814906964,-3.518647418353751,-3.5155481757854004,-3.512448398820972,-3.5093482029497816,-3.5062476803747793,-3.5031469049001425,-3.500045935756787,-3.4969448206037943,-3.493843597888924,-3.4907422987095,-3.487640948282912,-3.484539567111393,-3.481438171906804,-3.47833677632661,-3.4752353915609686,-3.4721340268021423,-3.4690326896207053,-3.465931386267741,-3.4628301219181616,-3.4597289008670606,-3.4566277266885383,-3.4535266023644624,-3.45042553038909,-3.447324512854275,-3.444223551519011,-3.4411226478663286,-3.438021803149942,-3.434921018432583,-3.431820294617567,-3.4287196324748503,-3.4256190326625875,-3.422518495744998,-3.4194180222072146,-3.4163176124676475,-3.413217266888305,-3.410116985783425,-3.407016769426704,-3.4039166180573868,-3.4008165318853827,-3.397716511095591,-3.39461655585156,-3.39151666629859,-3.3884168425663823,-3.385317084771293,-3.3822173930182657,-3.3791177674024944,-3.376018208010856,-3.372918714923156,-3.369819288213212,-3.3667199279498097,-3.3636206341975443,-3.360521407017573,-3.3574222464682935,-3.3543231526059625,-3.351224125485268,-3.3481251651598702,-3.3450262716829124,-3.3419274451075256,-3.3388286854873246,-3.3357299928769106,-3.3326313673323895,-3.3295328089119165,-3.326434317676274,-3.3233358936895026,-3.3202375370195893,-3.3171392477392314,-3.314041025926698,-3.310942871666796,-3.3078447850519788,-3.304746766183614,-3.3016488151734453,-3.298550932145283,-3.2954531172369754,-3.292355370602713,-3.2892576924157226,-3.2861600825995025,-3.2830625410843406,-3.279965067806686,-3.2768676627085838,-3.273770325737177,-3.2706730568442524,-3.267575855985833,-3.264478723121817,-3.2613816582156447,-3.258284661234004,-3.2551877321465654,-3.2520908709257346,-3.2489940775464348,-3.2458973519859096,-3.2428006942235417,-3.239704104240687,-3.2366075820205262,-3.2335111275479322,-3.2304147408093424,-3.2273184217926496,-3.2242221704870975,-3.2211259868831887,-3.2180298709726,-3.2149338227481037,-3.2118378422035034,-3.2087419293335655,-3.205646084133968,-3.20255030660125,-3.1994545967327697,-3.196358954526666,-3.1932633799818335,-3.190167873097898,-3.187072433875208,-3.183977062314827,-3.1808817584185443,-3.1777865221888955,-3.1746913536292007,-3.171596252743624,-3.168501219537251,-3.1654062540162107,-3.162311356187822,-3.1592165260608085,-3.1561217636455616,-3.1530270689545086,-3.1499324420025743,-3.1468378828078003,-3.1437433913921464,-3.1406489677825515,-3.13755461201231,-3.1344603241228923,-3.1313661041663323,-3.1282719522083795,-3.125177868332662,-3.122083852646196,-3.118989905286703,-3.1158960264323485,-3.1128022163147215,-3.1097084752361988,-3.106614803593213,-3.103521201907529,-3.1004276708683776,-3.097334211389353,-3.0942408246854733,-3.0911475123777747,-3.08805427663568,-3.0849611203712417,-3.081868047504858,-3.078775063329688,-3.075682175012705,-3.072589392285354,-3.0694967283980334,-3.066404201442501,-3.063311836188715,-3.060219666642719,-3.0571277396176564,-3.054036119731825,-3.0509448964217265,-3.0478541938072494,-3.0447641846036926,-3.041675109789581,-3.0385873064802302,-3.0355012475270335,-3.0324175979101495,-3.029337295234545,-3.02626166489184,-3.0231925851718287,-3.020132724461898,-3.017085882614485,-3.0140574829497804,-3.0110552820888317,-3.008090394451051,-3.005178770108371,-3.002343322626263,-2.999616981103523,-2.99704703874601,-2.9947012816564524,-2.9926764790000324,-2.9911098310813147,-2.9901937626071287
-3.5928056295032866,-3.5920159642039065,-3.590647591913865,-3.5888518194481054,-3.586738350484502,-3.584387426409674,-3.5818581666735216,-3.579194396511071,-3.5764287755212996,-3.5735857556153756,-3.5706837199970645,-3.567736541916261,-3.564754728024363,-3.561746261738138,-3.5587172283656594,-3.5556722804767387,-3.552614985698242,-3.5495480875693097,-3.5464737018393264,-3.5433934646470977,-3.540308644709083,-3.5372202285007512,-3.534128985110866,-3.5310355157520488,-3.527940291657123,-3.5248436831606327,-3.521745982072709,-3.5186474189357395,-3.515548176367366,-3.5124483994029125,-3.5093482035316974,-3.506247680956671,-3.503146905482009,-3.5000459363386285,-3.496944821185613,-3.4938435984707197,-3.4907422992912718,-3.487640948864661,-3.484539567693119,-3.481438172488509,-3.4783367769082942,-3.47523539214263,-3.472134027383781,-3.469032690202321,-3.4659313868493347,-3.4628301224997324,-3.4597289014486083,-3.456627727270063,-3.4535266029459644,-3.4504255309705707,-3.4473245134357335,-3.444223552100447,-3.4411226484477413,-3.438021803731332,-3.4349210190139496,-3.4318202951989103,-3.428719633056172,-3.4256190332438865,-3.422518496326274,-3.419418022788468,-3.416317613048878,-3.413217267469513,-3.4101169863646086,-3.4070167700078637,-3.4039166186385232,-3.4008165324664965,-3.3977165116766814,-3.394616556432626,-3.3915166668796326,-3.388416843147402,-3.38531708535229,-3.3822173935992406,-3.3791177679834448,-3.3760182085917823,-3.3729187155040576,-3.3698192887940888,-3.366719928530662,-3.3636206347783735,-3.36052140759838,-3.357422247049077,-3.3543231531867215,-3.3512241260660036,-3.3481251657405817,-3.3450262722636,-3.34192744568819,-3.338828686067965,-3.335729993457528,-3.3326313679129838,-3.3295328094924876,-3.3264343182568226,-3.3233358942700293,-3.3202375376000934,-3.3171392483197133,-3.3140410265071574,-3.3109428722472334,-3.3078447856323945,-3.3047467667640085,-3.3016488157538175,-3.2985509327256324,-3.295453117817301,-3.2923553711830147,-3.2892576929960002,-3.286160083179756,-3.2830625416645702,-3.279965068386891,-3.276867663288766,-3.273770326317336,-3.2706730574243874,-3.2675758565659447,-3.2644787237019046,-3.2613816587957083,-3.2582846618140437,-3.2551877327265815,-3.252090871505726,-3.248994078126403,-3.245897352565854,-3.242800694803463,-3.239704104820585,-3.2366075826004015,-3.233511128127785,-3.2304147413891724,-3.227318422372457,-3.224222171066882,-3.2211259874629494,-3.218029871552337,-3.214933823327818,-3.2118378427831953,-3.208741929913235,-3.2056460847136155,-3.202550307180875,-3.1994545973123714,-3.1963589551062443,-3.1932633805613877,-3.1901678736774297,-3.1870724344547163,-3.1839770628943116,-3.1808817589980065,-3.1777865227683346,-3.1746913542086164,-3.1715962533230155,-3.1685012201166196,-3.1654062545955557,-3.162311356767145,-3.159216526640108,-3.15612176422484,-3.1530270695337643,-3.1499324425818074,-3.1468378833870094,-3.1437433919713333,-3.140648968361715,-3.1375546125914497,-3.134460324702009,-3.131366104745426,-3.12827195278745,-3.1251778689117087,-3.1220838532252184,-3.118989905865702,-3.115896027011324,-3.1128022168936735,-3.1097084758151263,-3.1066148041721156,-3.103521202486408,-3.1004276714472323,-3.0973342119681844,-3.0942408252642806,-3.091147512956559,-3.0880542772144413,-3.084961120949979,-3.081868048083571,-3.078775063908378,-3.075682175591372,-3.072589392863999,-3.0694967289766555,-3.0664042020210998,-3.0633118367672902,-3.0602196672212716,-3.0571277401961856,-3.0540361203103306,-3.050944897000208,-3.0478541943857076,-3.044764185182127,-3.0416751103679935,-3.0385873070586205,-3.035501248105401,-3.032417598488495,-3.029337295812867,-3.0262616654701375,-3.0231925857501016,-3.0201327250401464,-3.0170858831927108,-3.0140574835279836,-3.0110552826670123,-3.008090395029209,-3.0051787706865083,-3.002343323204381,-2.99961698168162,-2.9970470393240882,-2.994701282234512,-2.9926764795780754,-2.991109831659345,-2.990193763185152
-3.5928056300652145,-3.5920159647658285,-3.590647592475779,-3.5888518200100075,-3.5867383510463915,-3.5843874269715474,-3.581858167235378,-3.5791943970729103,-3.5764287760831217,-3.57358575617718,-3.570683720558849,-3.5677365424780247,-3.564754728586103,-3.5617462622998555,-3.5587172289273554,-3.5556722810384143,-3.5526149862598957,-3.549548088130941,-3.5464737024009345,-3.543393465208684,-3.540308645270647,-3.5372202290622945,-3.5341289856723876,-3.531035516313549,-3.5279402922186027,-3.5248436837220902,-3.521745982634145,-3.518647419497153,-3.515548176928757,-3.5124483999642817,-3.5093482040930453,-3.506247681517996,-3.503146906043311,-3.5000459368999075,-3.496944821746868,-3.493843599031951,-3.4907422998524797,-3.487640949425845,-3.48453956825428,-3.4814381730496455,-3.478336777469407,-3.4752353927037207,-3.472134027944849,-3.4690326907633664,-3.4659313874103574,-3.4628301230607326,-3.4597289020095867,-3.4566277278310205,-3.4535266035069005,-3.4504255315314842,-3.447324513996624,-3.444223552661315,-3.441122649008588,-3.4380218042921564,-3.4349210195747526,-3.4318202957596915,-3.42871963361693,-3.425619033804623,-3.4225184968869877,-3.4194180233491593,-3.4163176136095474,-3.4132172680301607,-3.410116986925235,-3.4070167705684686,-3.4039166191991073,-3.4008165330270588,-3.397716512237223,-3.3946165569931464,-3.391516667440131,-3.388416843707878,-3.385317085912743,-3.38221739415967,-3.379117768543852,-3.376018209152166,-3.372918716064418,-3.3698192893544263,-3.366719929090977,-3.363620635338665,-3.360521408158648,-3.357422247609322,-3.3543231537469436,-3.351224126626202,-3.3481251663007576,-3.345026272823753,-3.341927446248321,-3.3388286866280743,-3.3357299940176146,-3.3326313684730478,-3.3295328100525294,-3.326434318816842,-3.3233358948300262,-3.320237538160068,-3.3171392488796667,-3.3140410270670886,-3.3109428728071424,-3.307844786192281,-3.304746767323872,-3.301648816313658,-3.2985509332854503,-3.295453118377098,-3.2923553717427896,-3.289257693555753,-3.2861600837394866,-3.2830625422242785,-3.2799650689465762,-3.276867663848428,-3.273770326876975,-3.270673057984005,-3.26757585712554,-3.2644787242614783,-3.2613816593552603,-3.2582846623735744,-3.25518773328609,-3.2520908720652137,-3.248994078685869,-3.245897353125299,-3.242800695362886,-3.239704105379985,-3.2366075831597794,-3.2335111286871405,-3.2304147419485054,-3.227318422931767,-3.2242221716261694,-3.221125988022215,-3.2180298721115794,-3.2149338238870384,-3.2118378433423924,-3.2087419304724087,-3.205646085272765,-3.2025503077400015,-3.1994545978714743,-3.1963589556653242,-3.193263381120445,-3.1901678742364648,-3.187072435013729,-3.183977063453303,-3.180881759556976,-3.1777865233272826,-3.174691354767545,-3.1715962538819236,-3.168501220675507,-3.1654062551544233,-3.1623113573259913,-3.1592165271989336,-3.1561217647836433,-3.1530270700925453,-3.149932443140566,-3.1468378839457474,-3.143743392530048,-3.1406489689204076,-3.1375546131501193,-3.134460325260655,-3.131366105304049,-3.1282719533460495,-3.1251778694702845,-3.12208385378377,-3.118989906424229,-3.1158960275698266,-3.1128022174521526,-3.109708476373583,-3.106614804730551,-3.1035212030448216,-3.1004276720056243,-3.097334212526554,-3.094240825822628,-3.0911475135148843,-3.0880542777727444,-3.0849611215082593,-3.081868048641829,-3.0787750644666123,-3.0756821761495825,-3.0725893934221857,-3.0694967295348192,-3.066404202579241,-3.0633118373254082,-3.060219667779365,-3.0571277407542565,-3.0540361208683784,-3.0509448975582334,-3.0478541949437097,-3.044764185740108,-3.0416751109259517,-3.038587307616557,-3.0355012486633153,-3.0324175990463864,-3.029337296370736,-3.026261666027984,-3.0231925863079274,-3.020132725597951,-3.0170858837504935,-3.014057484085745,-3.0110552832247524,-3.008090395586928,-3.0051787712442053,-3.0023433237620556,-2.9996169822392744,-2.9970470398817226,-2.9947012827921284,-2.992676480135676,-2.991109832216934,-2.990193763742733
-3.592805630607268,-3.5920159653078776,-3.5906475930178194,-3.5888518205520374,-3.586738351588407,-3.5843874275135463,-3.5818581677773595,-3.579194397614874,-3.5764287766250664,-3.573585756719105,-3.5706837211007536,-3.567736543019909,-3.5647547291279666,-3.561746262841697,-3.5587172294691753,-3.555672281580212,-3.552614986801674,-3.5495480886727,-3.546473702942674,-3.543393465750402,-3.5403086458123436,-3.53722022960397,-3.534128986214042,-3.531035516855182,-3.5279402927602126,-3.5248436842636792,-3.521745983175715,-3.518647420038704,-3.5155481774702877,-3.5124484005057925,-3.5093482046345357,-3.506247682059466,-3.503146906584761,-3.500045937441337,-3.496944822288276,-3.493843599573339,-3.4907423003938476,-3.4876409499671914,-3.484539568795605,-3.4814381735909485,-3.478336778010687,-3.475235393244977,-3.4721340284860824,-3.4690326913045775,-3.4659313879515476,-3.462830123601902,-3.459728902550735,-3.4566277283721476,-3.453526604048006,-3.450425532072569,-3.447324514537689,-3.4442235532023595,-3.441122649549611,-3.438021804833158,-3.4349210201157314,-3.4318202963006486,-3.428719634157866,-3.425619034345536,-3.422518497427879,-3.419418023890027,-3.416317614150392,-3.4132172685709823,-3.410116987466034,-3.4070167711092463,-3.403916619739863,-3.4008165335677942,-3.397716512777937,-3.3946165575338396,-3.3915166679808038,-3.38841684424853,-3.3853170864533744,-3.382217394700281,-3.3791177690844423,-3.376018209692736,-3.3729187166049672,-3.369819289894954,-3.3667199296314823,-3.3636206358791485,-3.3605214086991095,-3.3574222481497618,-3.3543231542873624,-3.3512241271666,-3.3481251668411343,-3.3450262733641094,-3.341927446788656,-3.3388286871683888,-3.335729994557908,-3.33263136901332,-3.32953281059278,-3.326434319357071,-3.3233358953702328,-3.3202375387002525,-3.3171392494198284,-3.314041027607228,-3.3109428733472597,-3.307844786732376,-3.304746767863945,-3.3016488168537093,-3.2985509338254793,-3.2954531189171044,-3.292355372282775,-3.289257694095717,-3.2861600842794294,-3.2830625427641995,-3.279965069486476,-3.276867664388307,-3.273770327416833,-3.2706730585238404,-3.2675758576653537,-3.2644787248012697,-3.26138165989503,-3.2582846629133217,-3.255187733825816,-3.2520908726049176,-3.248994079225552,-3.2458973536649602,-3.2428006959025257,-3.2397041059196043,-3.2366075836993775,-3.2335111292267165,-3.230414742488059,-3.2273184234712993,-3.2242221721656805,-3.221125988561705,-3.2180298726510483,-3.214933824426485,-3.2118378438818165,-3.2087419310118106,-3.205646085812146,-3.202550308279361,-3.199454598410813,-3.196358956204642,-3.1932633816597416,-3.190167874775739,-3.1870724355529827,-3.183977063992535,-3.180881760096186,-3.1777865238664704,-3.174691355306709,-3.1715962544210647,-3.168501221214626,-3.165406255693519,-3.1623113578650646,-3.1592165277379842,-3.156121765322671,-3.1530270706315515,-3.1499324436795497,-3.1468378844847082,-3.143743393068988,-3.1406489694593263,-3.137554613689018,-3.1344603257995334,-3.1313661058429063,-3.1282719538848864,-3.1251778700091015,-3.1220838543225673,-3.118989906963006,-3.1158960281085837,-3.1128022179908887,-3.1097084769122962,-3.1066148052692415,-3.1035212035834907,-3.100427672544272,-3.09733421306518,-3.094240826361232,-3.091147514053466,-3.088054278311304,-3.0849611220467974,-3.0818680491803443,-3.0787750650051064,-3.0756821766880544,-3.0725893939606355,-3.069496730073247,-3.066404203117646,-3.0633118378637922,-3.0602196683177287,-3.0571277412925983,-3.0540361214066993,-3.050944898096534,-3.047854195481989,-3.044764186278366,-3.041675111464187,-3.038587308154769,-3.035501249201505,-3.032417599584554,-3.0293372969088823,-3.0262616665661097,-3.0231925868460316,-3.020132726136034,-3.017085884288555,-3.0140574846237853,-3.011055283762771,-3.0080903961249255,-3.0051787717821807,-3.0023433243000106,-2.9996169827772095,-2.99704704041964,-2.9947012833300284,-2.9926764806735617,-2.9911098327548085,-2.990193764280602
-3.592805631130154,-3.5920159658307593,-3.5906475935406923,-3.5888518210748988,-3.586738352111254,-3.58438742803638,-3.5818581683001782,-3.5791943981376773,-3.5764287771478522,-3.573585757241872,-3.5706837216235012,-3.567736543542637,-3.5647547296506756,-3.5617462633643875,-3.5587172299918457,-3.5556722821028632,-3.5526149873243047,-3.5495480891953095,-3.5464737034652627,-3.5433934662729705,-3.5403086463348914,-3.5372202301264957,-3.5341289867365457,-3.531035517377664,-3.527940293282676,-3.524843684786122,-3.521745983698137,-3.518647420561105,-3.515548177992668,-3.5124484010281516,-3.509348205156874,-3.506247682581784,-3.5031469071070593,-3.5000459379636153,-3.496944822810534,-3.4938436000955746,-3.490742300916061,-3.487640950489385,-3.484539569317777,-3.4814381741131015,-3.4783367785328214,-3.475235393767093,-3.4721340290081786,-3.469032691826654,-3.4659313884736025,-3.4628301241239354,-3.4597289030727465,-3.4566277288941367,-3.4535266045699746,-3.4504255325945157,-3.4473245150596132,-3.4442235537242625,-3.4411226500714927,-3.4380218053550196,-3.4349210206375735,-3.4318202968224707,-3.4287196346796676,-3.4256190348673177,-3.4225184979496404,-3.4194180244117702,-3.416317614672116,-3.413217269092687,-3.410116987987719,-3.407016771630911,-3.4039166202615063,-3.4008165340894165,-3.397716513299538,-3.394616558055419,-3.3915166685023617,-3.3884168447700667,-3.3853170869748905,-3.382217395221776,-3.3791177696059163,-3.376018210214188,-3.372918717126398,-3.369819290416364,-3.3667199301528723,-3.3636206364005177,-3.360521409220459,-3.3574222486710914,-3.3543231548086716,-3.3512241276878885,-3.348125167362402,-3.3450262738853556,-3.341927447309881,-3.3388286876895923,-3.335729995079091,-3.3326313695344827,-3.3295328111139226,-3.3264343198781927,-3.3233358958913346,-3.3202375392213344,-3.31713924994089,-3.314041028128269,-3.31094287386828,-3.307844787253376,-3.3047467683849243,-3.301648817374668,-3.2985509343464177,-3.295453119438022,-3.29235537280367,-3.289257694616591,-3.2861600848002825,-3.283062543285032,-3.279965070007289,-3.276867664909098,-3.2737703279376036,-3.2706730590445896,-3.267575858186082,-3.264478725321976,-3.261381660415714,-3.2582846634339853,-3.255187734346458,-3.2520908731255385,-3.2489940797461507,-3.245897354185538,-3.242800696423082,-3.239704106440139,-3.2366075842198914,-3.2335111297472094,-3.2304147430085326,-3.227318423991753,-3.224222172686113,-3.221125989082116,-3.2180298731714383,-3.2149338249468538,-3.2118378444021647,-3.208741931532139,-3.2056460863324534,-3.202550308799649,-3.199454598931079,-3.1963589567248865,-3.1932633821799654,-3.1901678752959426,-3.187072436073165,-3.1839770645126957,-3.1808817606163253,-3.17778652438659,-3.174691355826808,-3.171596254941144,-3.1685012217346844,-3.1654062562135565,-3.1623113583850806,-3.15921652825798,-3.156121765842646,-3.1530270711515054,-3.149932444199483,-3.1468378850046204,-3.143743393588878,-3.140648969979195,-3.137554614208863,-3.134460326319356,-3.1313661063627065,-3.128271954404665,-3.125177870528858,-3.1220838548423018,-3.11898990748272,-3.115896028628276,-3.1128022185105597,-3.109708477431947,-3.1066148057888716,-3.1035212041031004,-3.1004276730638605,-3.0973342135847477,-3.094240826880778,-3.0911475145729916,-3.0880542788308087,-3.084961122566282,-3.081868049699809,-3.0787750655245523,-3.0756821772074807,-3.072589394480042,-3.0694967305926326,-3.066404203637012,-3.0633118383831373,-3.0602196688370533,-3.057127741811903,-3.0540361219259826,-3.050944898615796,-3.04785419600123,-3.044764186797586,-3.041675111983387,-3.038587308673949,-3.035501249720664,-3.032417600103692,-3.029337297428,-3.026261667085206,-3.023192587365106,-3.020132726655088,-3.0170858848075883,-3.0140574851427977,-3.0110552842817624,-3.008090396643897,-3.005178772301133,-3.002343324818943,-2.999616983296123,-2.9970470409385346,-2.994701283848906,-2.992676481192425,-2.9911098332736605,-2.9901937647994474
-3.5928056316345396,-3.5920159663351408,-3.590647594045067,-3.588851821579263,-3.5867383526156056,-3.5843874285407176,-3.5818581688045,-3.5791943986419814,-3.57642877765214,-3.5735857577461423,-3.5706837221277543,-3.567736544046872,-3.5647547301548923,-3.561746263868585,-3.5587172304960233,-3.5556722826070204,-3.5526149878284423,-3.5495480896994276,-3.54647370396936,-3.543393466777048,-3.5403086468389504,-3.537220230630537,-3.5341289872405697,-3.5310355178816697,-3.527940293786662,-3.5248436852900893,-3.5217459842020835,-3.5186474210650323,-3.5155481784965756,-3.5124484015320387,-3.5093482056607415,-3.5062476830856317,-3.503146907610888,-3.5000459384674247,-3.496944823314324,-3.4938436005993463,-3.4907423014198145,-3.487640950993118,-3.484539569821491,-3.4814381746167946,-3.478336779036494,-3.4752353942707455,-3.472134029511812,-3.469032692330268,-3.4659313889771974,-3.462830124627511,-3.459728903576303,-3.4566277293976744,-3.4535266050734927,-3.4504255330980147,-3.4473245155630927,-3.4442235542277224,-3.4411226505749335,-3.43802180585844,-3.4349210211409735,-3.4318202973258507,-3.4287196351830267,-3.4256190353706564,-3.422518498452958,-3.4194180249150663,-3.4163176151753905,-3.41321726959594,-3.410116988490952,-3.407016772134123,-3.4039166207646994,-3.400816534592589,-3.39771651380269,-3.39461655855855,-3.3915166690054717,-3.3884168452731567,-3.3853170874779606,-3.3822173957248265,-3.3791177701089468,-3.3760182107171985,-3.3729187176293878,-3.369819290919333,-3.3667199306558206,-3.363620636903447,-3.3605214097233675,-3.35742224917398,-3.35432315531154,-3.351224128190738,-3.348125167865231,-3.3450262743881654,-3.3419274478126715,-3.3388286881923634,-3.3357299955818425,-3.3326313700372143,-3.329532811616634,-3.3264343203808844,-3.323335896394006,-3.3202375397239847,-3.3171392504435206,-3.31404102863088,-3.3109428743708706,-3.307844787755946,-3.304746768887474,-3.3016488178771963,-3.2985509348489246,-3.295453119940508,-3.292355373306137,-3.289257695119038,-3.28616008530271,-3.2830625437874392,-3.279965070509674,-3.2768676654114617,-3.273770328439946,-3.2706730595469122,-3.2675758586883843,-3.264478725824259,-3.261381660917978,-3.25828466393623,-3.2551877348486844,-3.252090873627746,-3.2489940802483397,-3.2458973546877075,-3.2428006969252317,-3.2397041069422685,-3.2366075847219995,-3.2335111302492976,-3.2304147435106008,-3.227318424493801,-3.224222173188141,-3.2211259895841238,-3.2180298736734265,-3.2149338254488224,-3.2118378449041143,-3.2087419320340684,-3.2056460868343635,-3.202550309301538,-3.1994545994329497,-3.196358957226738,-3.1932633826817973,-3.1901678757977554,-3.1870724365749576,-3.183977065014469,-3.1808817611180777,-3.1777865248883206,-3.174691356328518,-3.1715962554428314,-3.1685012222363507,-3.165406256715202,-3.162311358886706,-3.1592165287595844,-3.156121766344231,-3.153027071653071,-3.149932444701028,-3.146837885506145,-3.1437433940903827,-3.140648970480679,-3.137554614710328,-3.1344603268208013,-3.1313661068641325,-3.1282719549060705,-3.1251778710302434,-3.122083855343668,-3.118989907984066,-3.1158960291296025,-3.1128022190118667,-3.1097084779332342,-3.1066148062901386,-3.1035212046043466,-3.1004276735650866,-3.0973342140859543,-3.094240827381966,-3.0911475150741596,-3.0880542793319563,-3.084961123067409,-3.0818680502009164,-3.078775066025638,-3.075682177708546,-3.0725893949810863,-3.0694967310936576,-3.0664042041380175,-3.0633118388841227,-3.060219669338019,-3.0571277423128476,-3.0540361224269073,-3.0509448991166996,-3.0478541965021133,-3.0447641872984486,-3.0416751124842296,-3.0385873091747717,-3.0355012502214676,-3.0324176006044747,-3.0293372979287607,-3.026261667585946,-3.023192587865826,-3.0201327271557856,-3.0170858853082656,-3.014057485643455,-3.0110552847824006,-3.0080903971445143,-3.005178772801732,-3.002343325319523,-2.999616983796684,-2.9970470414390786,-2.994701284349435,-2.99267648169294,-2.991109833774165,-2.9901937652999453
-3.5928056321210997,-3.5920159668216955,-3.5906475945316143,-3.5888518220658003,-3.5867383531021306,-3.5843874290272284,-3.581858169290996,-3.5791943991284616,-3.5764287781386033,-3.5735857582325896,-3.570683722614185,-3.5677365445332865,-3.564754730641289,-3.561746264354964,-3.5587172309823853,-3.5556722830933642,-3.552614988314767,-3.549548090185734,-3.546473704455649,-3.543393467263319,-3.5403086473252015,-3.5372202311167684,-3.534128987726781,-3.5310355183678626,-3.5279402942728373,-3.5248436857762457,-3.5217459846882213,-3.5186474215511505,-3.515548178982675,-3.5124484020181193,-3.5093482061468015,-3.506247683571673,-3.503146908096909,-3.500045938953426,-3.4969448238003067,-3.493843601085309,-3.490742301905756,-3.4876409514790394,-3.4845395703073936,-3.481438175102679,-3.478336779522359,-3.47523539475659,-3.472134029997636,-3.469032692816071,-3.4659313894629804,-3.4628301251132743,-3.4597289040620463,-3.456627729883398,-3.4535266055591953,-3.4504255335836973,-3.4473245160487553,-3.444223554713364,-3.4411226510605553,-3.4380218063440435,-3.434921021626559,-3.4318202978114174,-3.428719635668575,-3.425619035856186,-3.4225184989384703,-3.4194180254005597,-3.4163176156608657,-3.4132172700813967,-3.4101169889763887,-3.407016772619541,-3.4039166212500973,-3.4008165350779667,-3.397716514288048,-3.3946165590438886,-3.391516669490791,-3.3884168457584565,-3.3853170879632413,-3.3822173962100877,-3.37911777059419,-3.376018211202424,-3.372918718114595,-3.3698192914045224,-3.3667199311409917,-3.363620637388599,-3.360521410208501,-3.357422249659095,-3.354323155796636,-3.3512241286758138,-3.348125168350288,-3.345026274873201,-3.3419274482976866,-3.338828688677358,-3.335729996066817,-3.3326313705221686,-3.3295328121015686,-3.3264343208657996,-3.323335896878902,-3.3202375402088617,-3.3171392509283777,-3.314041029115717,-3.3109428748556877,-3.307844788240744,-3.3047467693722536,-3.3016488183619574,-3.298550935333667,-3.2954531204252326,-3.292355373790842,-3.2892576956037223,-3.286160085787374,-3.2830625442720835,-3.2799650709942996,-3.276867665896069,-3.273770328924534,-3.2706730600314815,-3.267575859172934,-3.264478726308789,-3.2613816614024884,-3.2582846644207204,-3.2551877353331546,-3.252090874112197,-3.2489940807327713,-3.245897355172121,-3.2428006974096264,-3.2397041074266446,-3.236607585206357,-3.233511130733636,-3.23041474399492,-3.2273184249781,-3.2242221736724206,-3.221125990068384,-3.2180298741576667,-3.214933825933043,-3.211837845388315,-3.2087419325182496,-3.205646087318525,-3.2025503097856802,-3.199454599917071,-3.196358957710838,-3.1932633831658768,-3.190167876281814,-3.1870724370589962,-3.183977065498488,-3.1808817616020777,-3.177786525372302,-3.1746913568124806,-3.1715962559267776,-3.1685012227202787,-3.165406257199111,-3.162311359370595,-3.1592165292434538,-3.1561217668280808,-3.153027072136901,-3.1499324451848394,-3.1468378859899366,-3.1437433945741557,-3.1406489709644325,-3.137554615194063,-3.1344603273045166,-3.1313661073478287,-3.1282719553897476,-3.125177871513901,-3.1220838558273054,-3.1189899084676838,-3.1158960296131992,-3.112802219495442,-3.1097084784167883,-3.106614806773673,-3.103521205087862,-3.100427674048583,-3.0973342145694307,-3.094240827865423,-3.0911475155575965,-3.088054279815374,-3.0849611235508076,-3.081868050684295,-3.078775066508998,-3.075682178191887,-3.072589395464408,-3.069496731576959,-3.0664042046212985,-3.0633118393673837,-3.0602196698212603,-3.05712774279607,-3.0540361229101096,-3.050944899599883,-3.0478541969852775,-3.044764187781594,-3.0416751129673565,-3.038587309657879,-3.035501250704555,-3.032417601087543,-3.02933729841181,-3.0262616680689756,-3.023192588348836,-3.0201327276387766,-3.017085885791236,-3.014057486126406,-3.0110552852653316,-3.0080903976274267,-3.0051787732846242,-3.0023433258023973,-2.9996169842795415,-2.9970470419219204,-2.9947012848322627,-2.992676482175755,-2.9911098342569717,-2.9901937657827466
-3.592805632590459,-3.592015967291051,-3.590647595000961,-3.588851822535135,-3.5867383535714534,-3.5843874294965388,-3.5818581697602934,-3.579194399597745,-3.5764287786078715,-3.5735857587018405,-3.5706837230834196,-3.5677365450025036,-3.56475473111049,-3.5617462648241487,-3.558717231451554,-3.555672283562517,-3.552614988783903,-3.549548090654851,-3.5464737049247463,-3.5433934677323973,-3.5403086477942614,-3.5372202315858097,-3.5341289881958042,-3.5310355188368665,-3.5279402947418212,-3.5248436862452097,-3.5217459851571657,-3.518647422020075,-3.5155481794515797,-3.5124484024870055,-3.5093482066156687,-3.5062476840405203,-3.5031469085657365,-3.5000459394222343,-3.496944824269095,-3.4938436015540786,-3.490742302374508,-3.4876409519477742,-3.4845395707761107,-3.4814381755713764,-3.4783367799910376,-3.47523539522525,-3.4721340304662776,-3.469032693284695,-3.4659313899315864,-3.4628301255818617,-3.459728904530615,-3.4566277303519475,-3.4535266060277277,-3.4504255340522105,-3.4473245165172495,-3.4442235551818396,-3.441122651529012,-3.438021806812481,-3.434921022094977,-3.431820298279817,-3.428719636136956,-3.425619036324549,-3.422518499406814,-3.4194180258688847,-3.4163176161291724,-3.4132172705496853,-3.4101169894446586,-3.4070167730877916,-3.4039166217183285,-3.4008165355461792,-3.3977165147562416,-3.394616559512063,-3.3915166699589467,-3.388416846226593,-3.385317088431359,-3.3822173966781865,-3.3791177710622686,-3.3760182116704835,-3.372918718582637,-3.3698192918725454,-3.3667199316089964,-3.363620637856586,-3.3605214106764696,-3.357422250127045,-3.3543231562645683,-3.351224129143729,-3.3481251688181852,-3.3450262753410827,-3.3419274487655515,-3.338828689145206,-3.335729996534648,-3.332631370989982,-3.3295328125693637,-3.326434321333576,-3.3233358973466594,-3.3202375406766005,-3.317139251396098,-3.3140410295834193,-3.3109428753233714,-3.307844788708409,-3.304746769839899,-3.3016488188295834,-3.298550935801274,-3.295453120892819,-3.292355374258409,-3.289257696071271,-3.286160086254904,-3.283062544739595,-3.2799650714617923,-3.2768676663635437,-3.273770329391991,-3.2706730604989205,-3.2675758596403544,-3.264478726776191,-3.2613816618698723,-3.2582846648880857,-3.255187735800501,-3.2520908745795234,-3.248994081200078,-3.2458973556394066,-3.242800697876893,-3.2397041078938926,-3.2366075856735876,-3.233511131200848,-3.2304147444621134,-3.2273184254452754,-3.224222174139577,-3.221125990535522,-3.218029874624786,-3.214933826400144,-3.2118378458553973,-3.208741932985312,-3.205646087785568,-3.2025503102527044,-3.199454600384078,-3.196358958177828,-3.1932633836328495,-3.1901678767487693,-3.1870724375259334,-3.1839770659654056,-3.1808817620689767,-3.1777865258391818,-3.174691357279342,-3.1715962563936193,-3.1685012231871013,-3.165406257665915,-3.162311359837382,-3.1592165297102226,-3.156121767294832,-3.1530270726036336,-3.149932445651553,-3.146837886456632,-3.1437433950408327,-3.1406489714310912,-3.1375546156607026,-3.1344603277711367,-3.1313661078144293,-3.1282719558563286,-3.125177871980463,-3.122083856293848,-3.118989908934208,-3.1158960300797047,-3.112802219961929,-3.1097084788832574,-3.106614807240123,-3.103521205554293,-3.1004276745149943,-3.0973342150358234,-3.0942408283317953,-3.0911475160239488,-3.088054280281707,-3.0849611240171217,-3.0818680511505896,-3.078775066975273,-3.075682178658143,-3.072589395930646,-3.0694967320431785,-3.0664042050874993,-3.0633118398335664,-3.060219670287423,-3.0571277432622126,-3.054036123376233,-3.0509449000659865,-3.0478541974513615,-3.044764188247659,-3.041675113433402,-3.038587310123905,-3.0355012511705626,-3.032417601553533,-3.0293372988777816,-3.026261668534929,-3.023192588814771,-3.0201327281046937,-3.017085886257136,-3.0140574865922876,-3.011055285731196,-3.0080903980932745,-3.005178773750456,-3.0023433262682113,-2.9996169847453387,-2.9970470423877003,-2.994701285298027,-2.992676482641507,-2.9911098347227125,-2.990193766248482
-3.592805633043234,-3.592015967743822,-3.5906475954537247,-3.5888518229878903,-3.5867383540241993,-3.584387429949272,-3.5818581702130117,-3.5791944000504485,-3.5764287790605587,-3.5735857591545117,-3.5706837235360736,-3.5677365454551406,-3.5647547315631085,-3.561746265276748,-3.558717231904134,-3.555672284015077,-3.5526149892364454,-3.549548091107376,-3.5464737053772546,-3.5433934681848873,-3.5403086482467336,-3.5372202320382637,-3.5341289886482397,-3.5310355192892846,-3.5279402951942203,-3.5248436866975914,-3.5217459856095297,-3.518647422472421,-3.5155481799039086,-3.512448402939316,-3.509348207067962,-3.5062476844927963,-3.5031469090179956,-3.500045939874475,-3.496944824721317,-3.4938436020062826,-3.4907423028266935,-3.487640952399941,-3.484539571228258,-3.4814381760235045,-3.478336780443147,-3.475235395677342,-3.472134030918352,-3.4690326937367515,-3.4659313903836244,-3.4628301260338814,-3.459728904982618,-3.456627730803933,-3.453526606479695,-3.45042553450416,-3.4473245169691817,-3.4442235556337546,-3.4411226519809084,-3.438021807264359,-3.434921022546837,-3.4318202987316573,-3.428719636588778,-3.425619036776353,-3.4225184998586,-3.4194180263206535,-3.416317616580923,-3.4132172710014177,-3.410116989896372,-3.407016773539487,-3.4039166221700072,-3.4008165359978406,-3.3977165152078865,-3.394616559963693,-3.39151667041056,-3.388416846678191,-3.3853170888829403,-3.382217397129751,-3.379117771513817,-3.3760182121220144,-3.3729187190341494,-3.3698192923240406,-3.3667199320604744,-3.3636206383080447,-3.3605214111279103,-3.357422250578467,-3.3543231567159717,-3.351224129595113,-3.348125169269551,-3.3450262757924287,-3.3419274492168776,-3.338828689596513,-3.3357299969859358,-3.332631371441251,-3.3295328130206143,-3.3264343217848085,-3.3233358977978744,-3.3202375411277982,-3.3171392518472773,-3.3140410300345806,-3.310942875774516,-3.3078447891595366,-3.30474677029101,-3.3016488192806777,-3.298550936252351,-3.2954531213438787,-3.2923553747094507,-3.289257696522295,-3.2861600867059106,-3.283062545190584,-3.2799650719127635,-3.2768676668144963,-3.2737703298429244,-3.2706730609498336,-3.2675758600912492,-3.264478727227068,-3.2613816623207303,-3.2582846653389255,-3.255187736251323,-3.2520908750303272,-3.248994081650864,-3.245897356090176,-3.2428006983276436,-3.239704108344624,-3.2366075861242996,-3.233511131651541,-3.2304147449127867,-3.2273184258959295,-3.2242221745902127,-3.2211259909861387,-3.2180298750753846,-3.214933826850725,-3.2118378463059605,-3.2087419334358587,-3.2056460882360978,-3.202550310703217,-3.199454600834573,-3.1963589586283048,-3.1932633840833082,-3.1901678771992095,-3.187072437976356,-3.183977066415812,-3.1808817625193657,-3.177786526289553,-3.1746913577296954,-3.1715962568439546,-3.168501223637419,-3.1654062581162146,-3.162311360287663,-3.1592165301604846,-3.156121767745075,-3.153027073053858,-3.1499324461017584,-3.1468378869068183,-3.1437433954909997,-3.1406489718812396,-3.1375546161108336,-3.1344603282212513,-3.131366108264526,-3.1282719563064085,-3.125177872430525,-3.122083856743892,-3.118989909384233,-3.115896030529712,-3.1128022204119183,-3.109708479333228,-3.1066148076900766,-3.103521206004228,-3.1004276749649113,-3.097334215485721,-3.0942408287816745,-3.0911475164738094,-3.0880542807315488,-3.0849611244669446,-3.0818680516003947,-3.0787750674250605,-3.0756821791079125,-3.0725893963803976,-3.0694967324929117,-3.066404205537213,-3.063311840283261,-3.0602196707370997,-3.057127743711872,-3.054036123825875,-3.0509449005156113,-3.047854197900969,-3.0447641886972483,-3.0416751138829734,-3.038587310573458,-3.035501251620097,-3.032417602003049,-3.02933729932728,-3.0262616689844095,-3.0231925892642324,-3.020132728554136,-3.0170858867065595,-3.014057487041693,-3.0110552861805826,-3.008090398542643,-3.005178774199807,-3.0023433267175466,-2.9996169851946584,-2.9970470428370053,-2.9947012857473183,-2.9926764830907864,-2.9911098351719825,-2.990193766697746
-3.592805633479976,-3.59201596818056,-3.5906475958904562,-3.5888518234246134,-3.586738354460911,-3.5843874303859704,-3.581858170649698,-3.57919440048712,-3.5764287794972156,-3.573585759591152,-3.5706837239726985,-3.567736545891749,-3.564754731999701,-3.561746265713326,-3.5587172323406957,-3.555672284451623,-3.5526149896729744,-3.54954809154389,-3.546473705813752,-3.543393468621368,-3.540308648683197,-3.53722023247471,-3.534128989084669,-3.531035519725697,-3.5279402956306165,-3.5248436871339712,-3.5217459860458926,-3.518647422908767,-3.5155481803402364,-3.512448403375626,-3.5093482075042535,-3.50624768492907,-3.503146909454252,-3.5000459403107147,-3.4969448251575406,-3.4938436024424897,-3.490742303262884,-3.487640952836115,-3.4845395716644156,-3.481438176459646,-3.4783367808792724,-3.4752353961134492,-3.4721340313544427,-3.4690326941728253,-3.465931390819682,-3.462830126469922,-3.45972890541864,-3.4566277312399376,-3.4535266069156823,-3.45042553494013,-3.4473245174051343,-3.4442235560696903,-3.441122652416827,-3.4380218077002604,-3.4349210229827216,-3.431820299167525,-3.4287196370246282,-3.425619037212184,-3.4225185002944127,-3.4194180267564476,-3.4163176170167007,-3.413217271437178,-3.410116990332116,-3.4070167739752146,-3.403916622605718,-3.4008165364335348,-3.397716515643564,-3.394616560399353,-3.3915166708462032,-3.3884168471138154,-3.3853170893185465,-3.3822173975653396,-3.3791177719493874,-3.376018212557567,-3.3729187194696846,-3.369819292759558,-3.3667199324959736,-3.3636206387435275,-3.360521411563376,-3.3574222510139156,-3.354323157151404,-3.351224130030528,-3.348125169704949,-3.345026276227809,-3.3419274496522404,-3.338828690031859,-3.3357299974212644,-3.332631371876562,-3.329532813455908,-3.3264343222200843,-3.3233358982331325,-3.320237541563038,-3.3171392522825,-3.314041030469785,-3.310942876209702,-3.307844789594704,-3.3047467707261595,-3.30164881971581,-3.298550936687467,-3.2954531217789778,-3.292355375144533,-3.2892576969573595,-3.2861600871409573,-3.283062545625613,-3.279965072347775,-3.276867667249491,-3.2737703302779027,-3.2706730613847954,-3.267575860526194,-3.2644787276619955,-3.2613816627556416,-3.2582846657738203,-3.2551877366862003,-3.2520908754651874,-3.2489940820857064,-3.245897356525001,-3.242800698762452,-3.2397041087794154,-3.2366075865590735,-3.2335111320862975,-3.230414745347526,-3.2273184263306516,-3.2242221750249174,-3.2211259914208266,-3.2180298755100556,-3.214933827285379,-3.211837846740597,-3.2087419338704777,-3.205646088670699,-3.2025503111378,-3.1994546012691374,-3.196358959062852,-3.1932633845178375,-3.190167877633721,-3.187072438410849,-3.183977066850286,-3.1808817629538217,-3.177786526723992,-3.1746913581641163,-3.171596257278357,-3.168501224071803,-3.1654062585505804,-3.1623113607220112,-3.159216530594816,-3.1561217681793883,-3.153027073488154,-3.149932446536038,-3.146837887341082,-3.1437433959252465,-3.1406489723154696,-3.1375546165450454,-3.1344603286554444,-3.131366108698701,-3.128271956740565,-3.125177872864664,-3.1220838571780143,-3.1189899098183393,-3.1158960309638024,-3.1128022208459925,-3.1097084797672863,-3.1066148081241174,-3.1035212064382525,-3.100427675398918,-3.0973342159197106,-3.0942408292156474,-3.0911475169077662,-3.0880542811654896,-3.084961124900868,-3.0818680520343,-3.0787750678589467,-3.075682179541781,-3.072589396814248,-3.069496732926745,-3.06640420597103,-3.0633118407170614,-3.0602196711708824,-3.057127744145637,-3.054036124259622,-3.0509449009493403,-3.0478541983346803,-3.0447641891309405,-3.0416751143166474,-3.038587311007115,-3.0355012520537366,-3.032417602436671,-3.0293372997608845,-3.0262616694179965,-3.023192589697803,-3.020132728987689,-3.0170858871400954,-3.0140574874752115,-3.011055286614084,-3.008090398976126,-3.0051787746332725,-3.002343327150994,-2.999616985628089,-2.9970470432704217,-2.9947012861807205,-2.9926764835241753,-2.9911098356053616,-2.9901937671311205
-3.5928056339012717,-3.5920159686018507,-3.590647596311742,-3.5888518238458924,-3.5867383548821805,-3.5843874308072294,-3.581858171070944,-3.579194400908352,-3.5764287799184324,-3.5735857600123557,-3.570683724393887,-3.5677365463129234,-3.5647547324208606,-3.561746266134469,-3.5587172327618215,-3.5556722848727325,-3.5526149900940673,-3.5495480919649656,-3.5464737062348113,-3.543393469042411,-3.540308649104223,-3.537220232895719,-3.534128989505661,-3.5310355201466717,-3.5279402960515744,-3.5248436875549127,-3.5217459864668186,-3.5186474233296776,-3.5155481807611317,-3.512448403796506,-3.5093482079251177,-3.5062476853499174,-3.503146909875083,-3.500045940731529,-3.4969448255783395,-3.493843602863272,-3.4907423036836494,-3.487640953256863,-3.484539572085146,-3.48143817688036,-3.4783367812999693,-3.4752353965341305,-3.4721340317751066,-3.4690326945934706,-3.46593139124031,-3.462830126890533,-3.459728905839234,-3.456627731660515,-3.453526607336242,-3.4504255353606728,-3.447324517825662,-3.4442235564902015,-3.4411226528373224,-3.438021808120739,-3.4349210234031835,-3.431820299587971,-3.4287196374450586,-3.4256190376325986,-3.4225185007148107,-3.41941802717683,-3.416317617437066,-3.413217271857527,-3.4101169907524493,-3.4070167743955317,-3.4039166230260185,-3.4008165368538195,-3.397716516063832,-3.394616560819604,-3.3915166712664377,-3.388416847534034,-3.385317089738749,-3.382217397985525,-3.379117772369555,-3.376018212977718,-3.3729187198898187,-3.369819293179675,-3.366719932916074,-3.3636206391636114,-3.3605214119834432,-3.357422251433966,-3.3543231575714376,-3.3512241304505452,-3.348125170124949,-3.345026276647792,-3.3419274500722063,-3.3388286904518067,-3.335729997841194,-3.3326313722964747,-3.3295328138758036,-3.3264343226399635,-3.323335898652994,-3.3202375419828822,-3.317139252702327,-3.3140410308895953,-3.310942876629496,-3.307844790014482,-3.304746771145921,-3.3016488201355547,-3.298550937107194,-3.2954531221986882,-3.292355375564227,-3.2892576973770375,-3.2861600875606185,-3.2830625460452585,-3.2799650727674052,-3.2768676676691046,-3.273770330697499,-3.2706730618043744,-3.2675758609457564,-3.26447872808154,-3.261381663175168,-3.2582846661933296,-3.2551877371056928,-3.2520908758846643,-3.248994082505167,-3.2458973569444445,-3.242800699181879,-3.2397041091988266,-3.2366075869784687,-3.2335111325056767,-3.230414745766889,-3.227318426749999,-3.2242221754442486,-3.221125991840142,-3.218029875929355,-3.2149338277046615,-3.2118378471598623,-3.208741934289726,-3.2056460890899294,-3.202550311557013,-3.1994546016883345,-3.196358959482032,-3.1932633849370013,-3.1901678780528684,-3.187072438829979,-3.1839770672693977,-3.180881763372916,-3.1777865271430685,-3.1746913585831757,-3.1715962576974004,-3.1685012244908295,-3.1654062589695906,-3.1623113611410045,-3.1592165310137923,-3.1561217685983483,-3.153027073907097,-3.1499324469549648,-3.146837887759991,-3.1437433963441395,-3.140648972734346,-3.137554616963906,-3.1344603290742894,-3.131366109117531,-3.1282719571593787,-3.125177873283461,-3.1220838575967944,-3.1189899102371017,-3.1158960313825466,-3.1128022212647197,-3.1097084801859958,-3.10661480854281,-3.103521206856927,-3.100427675817576,-3.0973342163383526,-3.0942408296342716,-3.0911475173263727,-3.0880542815840792,-3.08496112531944,-3.0818680524528568,-3.0787750682774884,-3.0756821799603062,-3.0725893972327563,-3.0694967333452365,-3.066404206389504,-3.0633118411355182,-3.060219671589323,-3.057127744564061,-3.054036124678029,-3.05094490136773,-3.047854198753052,-3.0447641895492956,-3.041675114734985,-3.038587311425436,-3.0355012524720397,-3.0324176028549563,-3.0293373001791517,-3.026261669836247,-3.023192590116037,-3.0201327294059075,-3.017085887558298,-3.0140574878933983,-3.0110552870322542,-3.0080903993942796,-3.0051787750514087,-3.0023433275691147,-2.999616986046195,-2.9970470436885126,-2.994701286598798,-2.992676483942242,-2.991109836023421,-2.990193767549174
-3.5928056343076764,-3.592015969008253,-3.590647596718137,-3.588851824252276,-3.5867383552885523,-3.5843874312135897,-3.5818581714772924,-3.5791944013146892,-3.576428780324758,-3.5735857604186663,-3.5706837248001837,-3.5677365467192064,-3.56475473282713,-3.5617462665407245,-3.558717233168064,-3.55567228527896,-3.552614990500279,-3.5495480923711615,-3.5464737066409926,-3.5433934694485774,-3.5403086495103757,-3.537220233301858,-3.534128989911785,-3.5310355205527806,-3.5279402964576683,-3.5248436879609906,-3.5217459868728804,-3.5186474237357244,-3.515548181167162,-3.5124484042025204,-3.5093482083311156,-3.5062476857558997,-3.5031469102810497,-3.5000459411374796,-3.4969448259842726,-3.4938436032691884,-3.490742304089549,-3.487640953662746,-3.484539572491012,-3.481438177286209,-3.4783367817058015,-3.4752353969399463,-3.472134032180906,-3.4690326949992545,-3.4659313916460768,-3.462830127296284,-3.4597289062449703,-3.4566277320662357,-3.453526607741947,-3.450425535766363,-3.4473245182313357,-3.444223556895859,-3.441122653242963,-3.4380218085263636,-3.434921023808791,-3.4318202999935616,-3.4287196378506324,-3.4256190380381564,-3.422518501120354,-3.419418027582357,-3.4163176178425774,-3.413217272263022,-3.410116991157928,-3.407016774800993,-3.4039166234314626,-3.400816537259246,-3.3977165164692424,-3.394616561224998,-3.391516671671815,-3.3884168479393946,-3.3853170901440937,-3.3822173983908543,-3.37911777277487,-3.3760182133830177,-3.372918720295103,-3.3698192935849436,-3.3667199333213254,-3.363620639568845,-3.3605214123886604,-3.357422251839168,-3.3543231579766224,-3.351224130855713,-3.3481251705301,-3.345026277052927,-3.3419274504773266,-3.338828690856912,-3.3357299982462836,-3.332631372701549,-3.3295328142808627,-3.326434323045007,-3.323335899058023,-3.320237542387895,-3.317139253107324,-3.3140410312945763,-3.310942877034461,-3.307844790419431,-3.3047467715508536,-3.3016488205404717,-3.2985509375120956,-3.2954531226035733,-3.292355375969096,-3.2892576977818897,-3.2861600879654547,-3.2830625464500773,-3.2799650731722063,-3.276867668073889,-3.2737703311022672,-3.270673062209127,-3.267575861350492,-3.2644787284862598,-3.2613816635798716,-3.258284666598016,-3.2551877375103615,-3.2520908762893153,-3.2489940829098005,-3.245897357349061,-3.2428006995864775,-3.239704109603408,-3.2366075873830336,-3.233511132910225,-3.230414746171421,-3.2273184271545152,-3.22422217584875,-3.2211259922446263,-3.2180298763338233,-3.214933828109113,-3.211837847564299,-3.208741934694147,-3.205646089494336,-3.202550311961405,-3.1994546020927097,-3.196358959886391,-3.193263385341343,-3.190167878457193,-3.187072439234288,-3.1839770676736925,-3.1808817637771947,-3.1777865275473314,-3.174691358987423,-3.171596258101631,-3.168501224895042,-3.165406259373786,-3.1623113615451817,-3.159216531417953,-3.156121769002492,-3.153027074311225,-3.149932447359076,-3.1468378881640873,-3.1437433967482202,-3.1406489731384104,-3.1375546173679534,-3.1344603294783204,-3.131366109521546,-3.128271957563378,-3.1251778736874445,-3.1220838580007615,-3.118989910641053,-3.115896031786482,-3.112802221668638,-3.1097084805898985,-3.106614808946695,-3.103521207260796,-3.100427676221428,-3.0973342167421882,-3.0942408300380926,-3.0911475177301786,-3.088054281987869,-3.0849611257232143,-3.0818680528566134,-3.078775068681228,-3.0756821803640286,-3.072589397636462,-3.069496733748926,-3.066404206793177,-3.0633118415391754,-3.060219671992964,-3.0571277449676852,-3.0540361250816384,-3.0509449017713233,-3.04785419915663,-3.044764189952858,-3.0416751151385317,-3.0385873118289664,-3.0355012528755543,-3.0324176032584536,-3.029337300582633,-3.0262616702397107,-3.0231925905194843,-3.0201327298093377,-3.017085887961711,-3.0140574882967948,-3.011055287435635,-3.008090399797646,-3.0051787754547603,-3.0023433279724507,-2.999616986449515,-2.9970470440918175,-2.9947012870020893,-2.992676484345521,-2.99110983642669,-2.990193767952438
-3.5928056346997197,-3.5920159694002916,-3.5906475971101686,-3.5888518246443004,-3.5867383556805685,-3.5843874316055953,-3.5818581718692855,-3.5791944017066673,-3.57642878071672,-3.5735857608106145,-3.570683725192116,-3.567736547111123,-3.5647547332190315,-3.561746266932611,-3.558717233559936,-3.555672285670819,-3.5526149908921236,-3.5495480927629908,-3.546473707032806,-3.5433934698403755,-3.540308649902157,-3.5372202336936227,-3.534128990303534,-3.5310355209445135,-3.527940296849385,-3.5248436883526924,-3.5217459872645667,-3.5186474241273937,-3.5155481815588168,-3.512448404594161,-3.509348208722742,-3.50624768614751,-3.5031469106726445,-3.5000459415290606,-3.4969448263758407,-3.4938436036607423,-3.4907423044810897,-3.487640954054273,-3.484539572882526,-3.4814381776777075,-3.478336782097284,-3.475235397331412,-3.4721340325723555,-3.469032695390688,-3.4659313920374952,-3.4628301276876865,-3.459728906636357,-3.456627732457607,-3.4535266081333034,-3.4504255361577028,-3.447324518622659,-3.4442235572871653,-3.4411226536342543,-3.43802180891764,-3.4349210242000523,-3.4318203003848082,-3.4287196382418643,-3.4256190384293728,-3.4225185015115542,-3.4194180279735416,-3.4163176182337454,-3.413217272654174,-3.410116991549063,-3.4070167751921123,-3.4039166238225658,-3.4008165376503325,-3.3977165168603127,-3.3946165616160524,-3.3915166720628536,-3.3884168483304182,-3.385317090535102,-3.3822173987818474,-3.3791177731658477,-3.376018213773979,-3.372918720686048,-3.369819293975873,-3.36671993371224,-3.3636206399597444,-3.3605214127795437,-3.357422252230034,-3.354323158367473,-3.351224131246548,-3.3481251709209188,-3.3450262774437305,-3.3419274508681145,-3.338828691247683,-3.3357299986370395,-3.3326313730922896,-3.3295328146715875,-3.326434323435716,-3.3233358994487157,-3.320237542778573,-3.3171392534979858,-3.3140410316852225,-3.310942877425092,-3.3078447908100466,-3.304746771941454,-3.3016488209310557,-3.2985509379026627,-3.2954531229941253,-3.292355376359632,-3.2892576981724106,-3.28616008835596,-3.2830625468405676,-3.279965073562681,-3.276867668464348,-3.273770331492711,-3.2706730625995553,-3.2675758617409056,-3.2644787288766586,-3.2613816639702558,-3.258284666988386,-3.2551877379007172,-3.2520908766796546,-3.2489940833001247,-3.24589735773937,-3.2428006999767724,-3.2397041099936876,-3.2366075877732974,-3.233511133300474,-3.230414746561654,-3.2273184275447315,-3.22422217623895,-3.22112599263481,-3.2180298767239908,-3.214933828499265,-3.2118378479544343,-3.208741935084266,-3.205646089884439,-3.202550312351492,-3.1994546024827812,-3.1963589602764464,-3.193263385731383,-3.1901678788472188,-3.187072439624299,-3.1839770680636885,-3.180881764167176,-3.1777865279372977,-3.174691359377374,-3.171596258491567,-3.1685012252849636,-3.1654062597636936,-3.1623113619350756,-3.1592165318078305,-3.156121769392354,-3.1530270747010705,-3.1499324477489052,-3.1468378885539,-3.143743397138015,-3.1406489735281893,-3.1375546177577163,-3.1344603298680664,-3.131366109911275,-3.128271957953091,-3.1251778740771403,-3.1220838583904413,-3.1189899110307158,-3.115896032176129,-3.1128022220582694,-3.1097084809795144,-3.106614809336296,-3.1035212076503815,-3.1004276766109995,-3.0973342171317446,-3.094240830427634,-3.0911475181197035,-3.088054282377378,-3.0849611261127086,-3.0818680532460925,-3.078775069070692,-3.075682180753477,-3.0725893980258956,-3.0694967341383443,-3.06640420718258,-3.063311841928562,-3.0602196723823347,-3.0571277453570405,-3.0540361254709767,-3.050944902160646,-3.0478541995459367,-3.0447641903421503,-3.0416751155278092,-3.0385873122182283,-3.0355012532648002,-3.032417603647685,-3.0293373009718487,-3.0262616706289105,-3.0231925909086677,-3.020132730198504,-3.017085888350861,-3.014057488685929,-3.011055287824753,-3.0080904001867483,-3.0051787758438486,-3.0023433283615257,-2.9996169868385776,-2.9970470444808677,-2.9947012873911274,-2.992676484734549,-2.9911098368157094,-2.990193768341453
-3.5928056350778994,-3.5920159697784686,-3.5906475974883407,-3.588851825022465,-3.5867383560587216,-3.5843874319837368,-3.5818581722474154,-3.579194402084785,-3.5764287810948256,-3.5735857611887067,-3.5706837255701958,-3.567736547489188,-3.5647547335970793,-3.561746267310644,-3.558717233937954,-3.5556722860488206,-3.552614991270111,-3.549548093140964,-3.5464737074107644,-3.54339347021832,-3.5403086502800885,-3.53722023407154,-3.534128990681436,-3.531035521322399,-3.527940297227255,-3.5248436887305474,-3.5217459876424067,-3.5186474245052195,-3.515548181936627,-3.5124484049719547,-3.5093482091005206,-3.506247686525275,-3.5031469110503957,-3.5000459419067975,-3.496944826753562,-3.4938436040384486,-3.490742304858781,-3.4876409544319484,-3.4845395732601854,-3.4814381780553543,-3.4783367824749187,-3.475235397709034,-3.472134032949964,-3.4690326957682838,-3.465931392415076,-3.4628301280652525,-3.459728907013907,-3.4566277328351407,-3.453526608510822,-3.4504255365352057,-3.4473245190001465,-3.444223557664638,-3.4411226540117115,-3.4380218092950825,-3.4349210245774806,-3.431820300762221,-3.4287196386192615,-3.425619038806754,-3.42251850188892,-3.4194180283508913,-3.416317618611081,-3.413217273031495,-3.41011699192637,-3.407016775569405,-3.403916624199845,-3.4008165380275974,-3.3977165172375616,-3.3946165619932853,-3.39151667244007,-3.388416848707618,-3.385317090912284,-3.3822173991590128,-3.3791177735429967,-3.376018214151113,-3.3729187210631677,-3.369819294352978,-3.366719934089331,-3.363620640336821,-3.360521413156606,-3.357422252607083,-3.3543231587445073,-3.3512241316235687,-3.348125171297926,-3.3450262778207236,-3.3419274512450925,-3.3388286916246477,-3.3357299990139895,-3.332631373469225,-3.3295328150485077,-3.3264343238126215,-3.3233358998256066,-3.320237543155449,-3.3171392538748465,-3.3140410320620677,-3.3109428778019203,-3.3078447911868585,-3.3047467723182495,-3.301648821307836,-3.2985509382794285,-3.2954531233708755,-3.2923553767363676,-3.2892576985491324,-3.2861600887326676,-3.2830625472172605,-3.2799650739393598,-3.2768676688410125,-3.27377033186936,-3.2706730629761895,-3.2675758621175257,-3.2644787292532644,-3.261381664346847,-3.258284667364962,-3.2551877382772783,-3.252090877056202,-3.2489940836766573,-3.2458973581158874,-3.242800700353274,-3.2397041103701736,-3.2366075881497682,-3.2335111336769295,-3.2304147469380955,-3.227318427921158,-3.2242221766153607,-3.221125993011206,-3.2180298771003715,-3.21493382887563,-3.2118378483307843,-3.208741935460601,-3.205646090260759,-3.2025503127277966,-3.1994546028590714,-3.1963589606527227,-3.193263386107644,-3.190167879223464,-3.1870724400005277,-3.1839770684399014,-3.180881764543374,-3.1777865283134803,-3.1746913597535418,-3.17159625886772,-3.1685012256611023,-3.1654062601398163,-3.1623113623111823,-3.1592165321839225,-3.1561217697684305,-3.1530270750771314,-3.1499324481249507,-3.14683788892993,-3.1437433975140308,-3.1406489739041894,-3.1375546181337026,-3.134460330244038,-3.1313661102872317,-3.1282719583290324,-3.1251778744530667,-3.122083858766352,-3.118989911406611,-3.1158960325520084,-3.112802222434134,-3.1097084813553626,-3.106614809712129,-3.1035212080261987,-3.1004276769868007,-3.097334217507531,-3.094240830803405,-3.09114751849546,-3.08805428275312,-3.0849611264884356,-3.081868053621805,-3.078775069446389,-3.0756821811291597,-3.0725893984015626,-3.069496734513996,-3.066404207558217,-3.0633118423041843,-3.0602196727579414,-3.0571277457326316,-3.054036125846553,-3.0509449025362074,-3.047854199921483,-3.0447641907176806,-3.041675115903323,-3.038587312593726,-3.0355012536402834,-3.032417604023153,-3.029337301347302,-3.0262616710043497,-3.0231925912840913,-3.020132730573913,-3.0170858887262555,-3.014057489061308,-3.0110552882001183,-3.008090400562098,-3.005178776219183,-3.0023433287368455,-2.9996169872138836,-2.9970470448561617,-2.994701287766411,-2.992676485109824,-2.9911098371909772,-2.990193768716716
-3.5928056354426943,-3.592015970143261,-3.590647597853128,-3.588851825387245,-3.5867383564234934,-3.5843874323484988,-3.581858172612167,-3.5791944024495272,-3.576428781459558,-3.573585761553428,-3.570683725934906,-3.5677365478538863,-3.5647547339617676,-3.561746267675319,-3.558717234302615,-3.5556722864134676,-3.5526149916347434,-3.5495480935055816,-3.5464737077753674,-3.543393470582907,-3.5403086506446595,-3.537220234436095,-3.534128991045977,-3.5310355216869276,-3.5279402975917704,-3.5248436890950474,-3.521745988006892,-3.51864742486969,-3.515548182301084,-3.5124484053363987,-3.509348209464952,-3.5062476868896937,-3.5031469114148,-3.500045942271188,-3.4969448271179377,-3.4938436044028087,-3.4907423052231255,-3.487640954796279,-3.4845395736245015,-3.481438178419654,-3.478336782839202,-3.475235398073302,-3.472134033314217,-3.4690326961325217,-3.4659313927793005,-3.4628301284294634,-3.4597289073781043,-3.456627733199325,-3.4535266088749914,-3.4504255368993615,-3.447324519364287,-3.4442235580287646,-3.441122654375824,-3.4380218096591797,-3.4349210249415627,-3.431820301126288,-3.428719638983313,-3.425619039170792,-3.422518502252944,-3.419418028714902,-3.4163176189750764,-3.413217273395475,-3.410116992290335,-3.407016775933355,-3.403916624563779,-3.400816538391517,-3.3977165176014683,-3.3946165623571782,-3.39151667280395,-3.388416849071485,-3.385317091276138,-3.3822173995228533,-3.3791177739068226,-3.376018214514924,-3.372918721426963,-3.3698192947167582,-3.366719934453096,-3.3636206407005704,-3.36052141352034,-3.3574222529708013,-3.354323159108211,-3.3512241319872573,-3.3481251716615996,-3.345026278184383,-3.3419274516087376,-3.3388286919882786,-3.3357299993776053,-3.3326313738328257,-3.329532815412094,-3.326434324176192,-3.323335900189162,-3.320237543518989,-3.3171392542383726,-3.31404103242558,-3.3109428781654184,-3.307844791550343,-3.304746772681721,-3.301648821671294,-3.2985509386428724,-3.2954531237343065,-3.292355377099785,-3.2892576989125346,-3.2861600890960543,-3.283062547580632,-3.2799650743027158,-3.2768676692043526,-3.2737703322326848,-3.2706730633394994,-3.2675758624808187,-3.2644787296165405,-3.261381664710107,-3.258284667728207,-3.2551877386405086,-3.2520908774194175,-3.248994084039858,-3.245897358479074,-3.242800700716447,-3.2397041107333324,-3.2366075885129124,-3.2335111340400595,-3.2304147473012113,-3.227318428284259,-3.2242221769784476,-3.221125993374279,-3.218029877463431,-3.2149338292386753,-3.2118378486938153,-3.208741935823617,-3.2056460906237607,-3.202550313090784,-3.199454603222043,-3.196358961015678,-3.193263386470585,-3.19016787958639,-3.1870724403634396,-3.1839770688027986,-3.1808817649062564,-3.1777865286763483,-3.1746913601163946,-3.171596259230558,-3.168501226023926,-3.1654062605026256,-3.162311362673978,-3.159216532546705,-3.1561217701311994,-3.1530270754398866,-3.1499324484876916,-3.146837889292656,-3.1437433978767424,-3.1406489742668873,-3.137554618496385,-3.1344603306067063,-3.131366110649886,-3.1282719586916725,-3.125177874815693,-3.1220838591289644,-3.1189899117692104,-3.1158960329145935,-3.112802222796703,-3.1097084817179175,-3.1066148100746696,-3.1035212083887247,-3.1004276773493125,-3.0973342178700274,-3.0942408311658856,-3.0911475188579263,-3.0880542831155706,-3.084961126850871,-3.0818680539842256,-3.078775069808796,-3.075682181491552,-3.0725893987639403,-3.069496734876359,-3.066404207920566,-3.063311842666519,-3.0602196731202618,-3.0571277460949373,-3.054036126208843,-3.050944902898483,-3.0478542002837443,-3.0447641910799277,-3.0416751162655555,-3.0385873129559444,-3.0355012540024866,-3.0324176043853415,-3.0293373017094756,-3.026261671366508,-3.023192591646234,-3.0201327309360413,-3.0170858890883685,-3.014057489423406,-3.0110552885622006,-3.0080904009241656,-3.0051787765812366,-3.0023433290988857,-2.9996169875759104,-2.997047045218175,-2.9947012881284127,-2.9926764854718146,-2.99110983755296,-2.9901937690786937
-3.592805635794598,-3.592015970495162,-3.590647598205022,-3.5888518257391313,-3.5867383567753715,-3.584387432700367,-3.5818581729640244,-3.5791944028013725,-3.57642878181139,-3.573585761905248,-3.570683726286712,-3.5677365482056786,-3.5647547343135453,-3.5617462680270826,-3.5587172346543663,-3.555672286765207,-3.552614991986472,-3.5495480938572976,-3.5464737081270687,-3.5433934709345944,-3.5403086509963346,-3.537220234787759,-3.534128991397629,-3.5310355220385654,-3.5279402979433954,-3.52484368944666,-3.5217459883584916,-3.5186474252212774,-3.515548182652658,-3.5124484056879584,-3.5093482098164963,-3.506247687241222,-3.5031469117663123,-3.500045942622683,-3.496944827469418,-3.4938436047542747,-3.490742305574578,-3.487640955147718,-3.4845395739759275,-3.481438178771066,-3.4783367831906014,-3.4752353984246875,-3.472134033665589,-3.46903269648388,-3.4659313931306444,-3.4628301287807934,-3.4597289077294198,-3.456627733550625,-3.453526609226277,-3.4504255372506325,-3.447324519715544,-3.4442235583800076,-3.441122654727052,-3.4380218100103943,-3.4349210252927636,-3.431820301477475,-3.428719639334487,-3.425619039521953,-3.4225185026040914,-3.4194180290660365,-3.4163176193261986,-3.4132172737465862,-3.410116992641434,-3.407016776284441,-3.4039166249148525,-3.400816538742578,-3.397716517952515,-3.394616562708211,-3.3915166731549693,-3.3884168494224896,-3.385317091627129,-3.38221739987383,-3.379117774257786,-3.376018214865874,-3.3729187217778995,-3.3698192950676806,-3.3667199348040033,-3.3636206410514635,-3.3605214138712194,-3.357422253321667,-3.354323159459063,-3.351224132338095,-3.348125172012424,-3.345026278535192,-3.3419274519595317,-3.338828692339057,-3.33572999972837,-3.332631374183576,-3.329532815762829,-3.3264343245269132,-3.3233359005398695,-3.320237543869683,-3.3171392545890526,-3.3140410327762457,-3.3109428785160713,-3.307844791900981,-3.3047467730323437,-3.3016488220219027,-3.2985509389934684,-3.2954531240848874,-3.2923553774503507,-3.2892576992630866,-3.2861600894465925,-3.2830625479311566,-3.2799650746532274,-3.2768676695548504,-3.27377033258317,-3.2706730636899715,-3.2675758628312774,-3.2644787299669864,-3.261381665060539,-3.2582846680786246,-3.255187738990912,-3.252090877769806,-3.2489940843902323,-3.245897358829434,-3.2428007010667916,-3.239704111083663,-3.236607588863229,-3.233511134390361,-3.2304147476514973,-3.2273184286345304,-3.2242221773287043,-3.221125993724521,-3.218029877813658,-3.214933829588888,-3.211837849044014,-3.2087419361738005,-3.2056460909739295,-3.2025503134409385,-3.199454603572184,-3.1963589613658057,-3.1932633868206985,-3.19016787993649,-3.187072440713526,-3.183977069152871,-3.1808817652563146,-3.1777865290263927,-3.174691360466424,-3.171596259580572,-3.168501226373925,-3.1654062608526092,-3.162311363023947,-3.1592165328966595,-3.1561217704811395,-3.153027075789812,-3.149932448837604,-3.1468378896425553,-3.143743398226628,-3.1406489746167594,-3.1375546188462433,-3.1344603309565504,-3.1313661109997164,-3.128271959041488,-3.1251778751654946,-3.122083859478752,-3.1189899121189844,-3.1158960332643537,-3.1128022231464505,-3.109708482067651,-3.1066148104243902,-3.103521208738432,-3.100427677699005,-3.097334218219705,-3.094240831515549,-3.091147519207576,-3.0880542834652065,-3.084961127200494,-3.081868054333835,-3.0787750701583905,-3.075682181841132,-3.0725893991135065,-3.069496735225911,-3.0664042082701033,-3.0633118430160415,-3.0602196734697693,-3.0571277464444306,-3.0540361265583233,-3.0509449032479496,-3.047854200633197,-3.0447641914293664,-3.0416751166149805,-3.0385873133053547,-3.0355012543518827,-3.032417604734723,-3.029337302058843,-3.0262616717158624,-3.0231925919955764,-3.0201327312853716,-3.017085889437686,-3.0140574897727106,-3.0110552889114923,-3.0080904012734444,-3.0051787769305016,-3.0023433294481365,-2.999616987925147,-2.997047045567399,-2.9947012884776254,-2.9926764858210175,-2.9911098379021555,-2.990193769427885
-3.5928056361340674,-3.592015970834627,-3.5906475985444817,-3.588851826078582,-3.586738357114813,-3.5843874330397973,-3.5818581733034436,-3.5791944031407796,-3.5764287821507854,-3.573585762244631,-3.5706837266260827,-3.567736548545038,-3.5647547346528916,-3.561746268366417,-3.558717234993687,-3.555672287104514,-3.552614992325765,-3.549548094196578,-3.5464737084663382,-3.5433934712738524,-3.54030865133558,-3.537220235126991,-3.534128991736847,-3.53103552237777,-3.5279402982825863,-3.5248436897858366,-3.5217459886976545,-3.5186474255604248,-3.5155481829917896,-3.5124484060270755,-3.5093482101555997,-3.506247687580312,-3.5031469121053886,-3.5000459429617474,-3.496944827808469,-3.493843605093313,-3.4907423059136033,-3.4876409554867296,-3.4845395743149252,-3.4814381791100515,-3.478336783529573,-3.4752353987636453,-3.4721340340045335,-3.4690326968228113,-3.465931393469563,-3.462830129119699,-3.4597289080683122,-3.456627733889506,-3.453526609565146,-3.45042553758949,-3.4473245200543903,-3.4442235587188414,-3.441122655065874,-3.438021810349203,-3.4349210256315583,-3.431820301816257,-3.4287196396732553,-3.425619039860707,-3.422518502942831,-3.4194180294047616,-3.4163176196649085,-3.4132172740852815,-3.410116992980115,-3.4070167766231085,-3.4039166252535065,-3.400816539081218,-3.397716518291142,-3.394616563046825,-3.3915166734935704,-3.3884168497610774,-3.385317091965703,-3.382217400212391,-3.3791177745963337,-3.376018215204408,-3.37291872211642,-3.3698192954061876,-3.366719935142497,-3.363620641389944,-3.3605214142096864,-3.35742225366012,-3.3543231597975023,-3.3512241326765206,-3.3481251723508345,-3.345026278873589,-3.3419274522979143,-3.3388286926774255,-3.3357300000667247,-3.3326313745219176,-3.329532816101159,-3.32643432486523,-3.323335900878173,-3.3202375442079735,-3.3171392549273295,-3.3140410331145094,-3.31094287885432,-3.3078447922392167,-3.304746773370567,-3.301648822360112,-3.298550939331663,-3.2954531244230685,-3.2923553777885175,-3.289257699601239,-3.2861600897847314,-3.2830625482692817,-3.279965074991339,-3.2768676698929493,-3.2737703329212544,-3.270673064028041,-3.267575863169334,-3.2644787303050293,-3.261381665398569,-3.258284668416641,-3.255187739328915,-3.2520908781077966,-3.24899408472821,-3.245897359167398,-3.2428007014047426,-3.2397041114216,-3.236607589201153,-3.2335111347282726,-3.230414747989396,-3.2273184289724157,-3.2242221776665763,-3.2211259940623798,-3.218029878151503,-3.21493382992672,-3.211837849381832,-3.2087419365116068,-3.205646091311722,-3.2025503137787172,-3.199454603909949,-3.196358961703556,-3.193263387158434,-3.190167880274211,-3.1870724410512334,-3.1839770694905645,-3.1808817655939943,-3.177786529364059,-3.1746913608040774,-3.1715962599182133,-3.1685012267115535,-3.165406261190226,-3.162311363361551,-3.1592165332342494,-3.156121770818716,-3.1530270761273758,-3.1499324491751532,-3.14683788998009,-3.143743398564148,-3.1406489749542645,-3.137554619183734,-3.1344603312940267,-3.1313661113371785,-3.1282719593789365,-3.1251778755029296,-3.1220838598161738,-3.1189899124563922,-3.1158960336017487,-3.1128022234838326,-3.1097084824050203,-3.1066148107617457,-3.1035212090757733,-3.1004276780363336,-3.097334218557022,-3.0942408318528534,-3.0911475195448674,-3.088054283802485,-3.084961127537758,-3.081868054671085,-3.078775070495628,-3.0756821821783564,-3.0725893994507176,-3.0694967355631086,-3.0664042086072874,-3.0633118433532114,-3.060219673806925,-3.057127746781571,-3.0540361268954497,-3.0509449035850613,-3.0478542009702947,-3.0447641917664487,-3.0416751169520486,-3.0385873136424095,-3.0355012546889246,-3.032417605071753,-3.0293373023958594,-3.0262616720528652,-3.0231925923325664,-3.0201327316223474,-3.017085889774649,-3.01405749010966,-3.0110552892484277,-3.008090401610367,-3.0051787772674112,-3.0023433297850337,-2.9996169882620336,-2.9970470459042757,-2.9947012888144924,-2.9926764861578765,-2.9911098382390082,-2.990193769764734
-3.5928056364615277,-3.5920159711620836,-3.5906475988719326,-3.588851826406027,-3.5867383574422513,-3.5843874333672283,-3.5818581736308666,-3.579194403468194,-3.5764287824781893,-3.5735857625720238,-3.570683726953464,-3.5677365488724067,-3.5647547349802484,-3.561746268693762,-3.5587172353210206,-3.5556722874318356,-3.5526149926530732,-3.549548094523872,-3.5464737087936187,-3.5433934716011204,-3.540308651662835,-3.537220235454233,-3.5341289920640766,-3.5310355227049866,-3.5279402986097885,-3.5248436901130242,-3.5217459890248275,-3.5186474258875844,-3.515548183318937,-3.5124484063542085,-3.5093482104827194,-3.5062476879074196,-3.5031469124324843,-3.5000459432888293,-3.496944828135538,-3.4938436054203703,-3.490742306240648,-3.4876409558137613,-3.4845395746419436,-3.4814381794370557,-3.4783367838565638,-3.4752353990906233,-3.4721340343314977,-3.4690326971497614,-3.465931393796498,-3.46283012944662,-3.459728908395221,-3.4566277342164016,-3.4535266098920285,-3.45042553791636,-3.447324520381247,-3.444223559045686,-3.441122655392705,-3.43802181067602,-3.4349210259583622,-3.4318203021430476,-3.4287196400000326,-3.4256190401874704,-3.4225185032695813,-3.419418029731499,-3.416317619991634,-3.4132172744119935,-3.4101169933068136,-3.4070167769497934,-3.4039166255801776,-3.4008165394078755,-3.3977165186177865,-3.3946165633734564,-3.3915166738201874,-3.388416850087681,-3.385317092292293,-3.3822174005389676,-3.3791177749228964,-3.3760182155309586,-3.3729187224429564,-3.3698192957327118,-3.3667199354690083,-3.3636206417164427,-3.360521414536173,-3.357422253986594,-3.354323160123964,-3.3512241330029697,-3.3481251726772725,-3.345026279200015,-3.3419274526243283,-3.3388286930038276,-3.335730000393114,-3.3326313748482934,-3.32953281642752,-3.326434325191579,-3.3233359012045076,-3.320237544534294,-3.3171392552536365,-3.3140410334408026,-3.3109428791806,-3.3078447925654837,-3.3047467736968197,-3.3016488226863516,-3.298550939657889,-3.295453124749281,-3.292355378114718,-3.2892576999274277,-3.2861600901109083,-3.283062548595447,-3.279965075317492,-3.2768676702190898,-3.2737703332473833,-3.2706730643541575,-3.267575863495437,-3.26447873063112,-3.261381665724646,-3.258284668742705,-3.2551877396549656,-3.2520908784338345,-3.2489940850542345,-3.2458973594934095,-3.2428007017307423,-3.2397041117475873,-3.2366075895271265,-3.2335111350542323,-3.230414748315342,-3.2273184292983483,-3.224222177992495,-3.2211259943882844,-3.218029878477394,-3.214933830252597,-3.211837849707696,-3.2087419368374572,-3.2056460916375595,-3.202550314104542,-3.199454604235762,-3.196358962029358,-3.193263387484226,-3.1901678805999913,-3.187072441377001,-3.183977069816319,-3.1808817659197364,-3.177786529689788,-3.1746913611297933,-3.1715962602439163,-3.168501227037244,-3.1654062615159044,-3.162311363687216,-3.159216533559903,-3.156121771144358,-3.153027076453006,-3.1499324495007714,-3.146837890305697,-3.143743398889743,-3.140648975279847,-3.1375546195093036,-3.1344603316195836,-3.1313661116627207,-3.1282719597044646,-3.1251778758284434,-3.122083860141673,-3.118989912781877,-3.115896033927219,-3.1128022238092887,-3.1097084827304626,-3.1066148110871747,-3.103521209401189,-3.1004276783617355,-3.097334218882409,-3.094240832178227,-3.091147519870227,-3.088054284127832,-3.084961127863092,-3.0818680549964053,-3.0787750708209334,-3.0756821825036487,-3.0725893997759965,-3.0694967358883747,-3.066404208932541,-3.0633118436784526,-3.0602196741321546,-3.0571277471067893,-3.0540361272206553,-3.0509449039102545,-3.0478542012954755,-3.0447641920916175,-3.041675117277205,-3.0385873139675534,-3.0355012550140557,-3.03241760539687,-3.0293373027209634,-3.0262616723779554,-3.0231925926576415,-3.0201327319474087,-3.017085890099696,-3.014057490434694,-3.011055289573449,-3.0080904019353745,-3.0051787775924064,-3.0023433301100173,-2.999616988587005,-2.997047046229236,-2.9947012891394413,-2.9926764864828166,-2.9911098385639407,-2.9901937700896624
-3.5928056367774133,-3.592015971477968,-3.590647599187812,-3.588851826721899,-3.5867383577581142,-3.5843874336830814,-3.5818581739467086,-3.5791944037840238,-3.5764287827940078,-3.5735857628878307,-3.5706837272692593,-3.5677365491881914,-3.564754735296023,-3.5617462690095256,-3.5587172356367716,-3.5556722877475724,-3.5526149929687962,-3.549548094839584,-3.5464737091093173,-3.543393471916806,-3.540308651978508,-3.537220235769894,-3.534128992379726,-3.531035523020625,-3.5279402989254165,-3.5248436904286407,-3.5217459893404333,-3.518647426203179,-3.5155481836345195,-3.5124484066697796,-3.509348210798277,-3.506247688222963,-3.5031469127480155,-3.500045943604348,-3.4969448284510434,-3.493843605735861,-3.490742306556126,-3.4876409561292268,-3.484539574957397,-3.4814381797524976,-3.478336784171993,-3.475235399406041,-3.4721340346469027,-3.469032697465154,-3.4659313941118794,-3.4628301297619895,-3.459728908710578,-3.4566277345317458,-3.45352661020736,-3.450425538231678,-3.4473245206965517,-3.4442235593609767,-3.441122655707983,-3.4380218109912857,-3.4349210262736154,-3.431820302458287,-3.428719640315259,-3.4256190405026845,-3.4225185035847825,-3.4194180300466877,-3.4163176203068097,-3.4132172747271556,-3.410116993621962,-3.4070167772649285,-3.4039166258952998,-3.400816539722985,-3.397716518932883,-3.3946165636885395,-3.391516674135258,-3.388416850402739,-3.3853170926073393,-3.3822174008540005,-3.379117775237917,-3.3760182158459657,-3.3729187227579533,-3.3698192960476963,-3.366719935783982,-3.363620642031405,-3.3605214148511227,-3.3574222543015324,-3.35432316043889,-3.3512241333178845,-3.348125172992174,-3.3450262795149035,-3.3419274529392045,-3.3388286933186913,-3.3357300007079655,-3.332631375163132,-3.3295328167423457,-3.326434325506391,-3.3233359015193082,-3.3202375448490833,-3.317139255568414,-3.314041033755568,-3.3109428794953546,-3.3078447928802257,-3.3047467740115497,-3.3016488230010688,-3.298550939972594,-3.295453125063974,-3.2923553784293986,-3.2892577002420946,-3.286160090425561,-3.283062548910086,-3.279965075632117,-3.2768676705337016,-3.2737703335619823,-3.270673064668744,-3.267575863810012,-3.2644787309456826,-3.2613816660391977,-3.258284669057245,-3.2551877399694935,-3.2520908787483487,-3.2489940853687367,-3.2458973598078993,-3.2428007020452196,-3.239704112062052,-3.2366075898415794,-3.2335111353686727,-3.23041474862977,-3.227318429612764,-3.2242221783068983,-3.221125994702675,-3.2180298787917723,-3.214933830566964,-3.21183785002205,-3.208741937151799,-3.2056460919518894,-3.20255031441886,-3.199454604550066,-3.196358962343649,-3.1932633877985035,-3.190167880914256,-3.1870724416912526,-3.1839770701305574,-3.1808817662339615,-3.177786530004,-3.1746913614439936,-3.1715962605581036,-3.168501227351419,-3.1654062618300665,-3.1623113640013667,-3.15921653387404,-3.1561217714584813,-3.153027076767115,-3.149932449814867,-3.146837890619779,-3.1437433992038124,-3.140648975593903,-3.137554619823347,-3.1344603319336146,-3.1313661119767398,-3.128271960018472,-3.1251778761424385,-3.1220838604556564,-3.118989913095848,-3.1158960342411772,-3.1128022241232336,-3.1097084830443946,-3.106614811401093,-3.1035212097150944,-3.100427678675628,-3.0973342191962896,-3.094240832492096,-3.0911475201840837,-3.0880542844416756,-3.0849611281769227,-3.081868055310223,-3.0787750711347392,-3.0756821828174408,-3.072589400089775,-3.0694967362021393,-3.0664042092462913,-3.0633118439921896,-3.060219674445879,-3.0571277474205023,-3.0540361275343555,-3.0509449042239427,-3.0478542016091503,-3.04476419240528,-3.041675117590855,-3.0385873142811906,-3.03550125532768,-3.032417605710482,-3.0293373030345623,-3.0262616726915414,-3.023192592971215,-3.0201327322609695,-3.0170858904132447,-3.0140574907482303,-3.0110552898869734,-3.008090402248887,-3.0051787779059067,-3.002343330423505,-2.999616988900482,-2.997047046542702,-2.994701289452898,-2.992676486796264,-2.9911098388773825,-2.9901937704031005
-3.592805637082111,-3.5920159717826627,-3.5906475994925033,-3.588851827026586,-3.586738358062796,-3.5843874339877573,-3.581858174251377,-3.5791944040886836,-3.5764287830986587,-3.5735857631924723,-3.570683727573891,-3.5677365494928113,-3.56475473560063,-3.56174626931412,-3.5587172359413546,-3.5556722880521447,-3.552614993273358,-3.5495480951441323,-3.546473709413854,-3.54339347222133,-3.540308652283019,-3.537220236074392,-3.534128992684211,-3.5310355233250967,-3.527940299229875,-3.5248436907330873,-3.521745989644868,-3.5186474265076018,-3.5155481839389306,-3.51244840697418,-3.5093482111026666,-3.506247688527341,-3.5031469130523814,-3.500045943908703,-3.4969448287553866,-3.493843606040193,-3.4907423068604437,-3.487640956433531,-3.4845395752616874,-3.481438180056776,-3.47833678447626,-3.4752353997102947,-3.472134034951145,-3.4690326977693857,-3.4659313944161,-3.4628301300661994,-3.4597289090147765,-3.456627734835932,-3.4535266105115334,-3.4504255385358387,-3.447324521000701,-3.4442235596651134,-3.4411226560121086,-3.4380218112954,-3.4349210265777184,-3.4318203027623797,-3.4287196406193408,-3.425619040806754,-3.42251850388884,-3.419418030350732,-3.4163176206108403,-3.4132172750311733,-3.4101169939259677,-3.4070167775689226,-3.4039166261992815,-3.4008165400269545,-3.3977165192368397,-3.3946165639924843,-3.3915166744391914,-3.3884168507066614,-3.38531709291125,-3.3822174011578996,-3.379117775541804,-3.3760182161498413,-3.3729187230618165,-3.3698192963515483,-3.366719936087822,-3.3636206423352335,-3.360521415154939,-3.357422254605337,-3.3543231607426827,-3.351224133621664,-3.348125173295941,-3.3450262798186583,-3.341927453242947,-3.3388286936224225,-3.335730001011685,-3.332631375466841,-3.329532817046044,-3.3264343258100784,-3.3233359018229844,-3.320237545152748,-3.317139255872067,-3.31404103405921,-3.3109428797989837,-3.3078447931838433,-3.3047467743151553,-3.3016488233046632,-3.2985509402761766,-3.2954531253675445,-3.2923553787329563,-3.28925770054564,-3.286160090729094,-3.2830625492136063,-3.2799650759356247,-3.276867670837197,-3.273770333865464,-3.2706730649722138,-3.2675758641134682,-3.2644787312491266,-3.2613816663426287,-3.2582846693606635,-3.2551877402728997,-3.252090879051745,-3.248994085672121,-3.2458973601112717,-3.2428007023485796,-3.2397041123654,-3.236607590144914,-3.2335111356719946,-3.2304147489330792,-3.227318429916061,-3.2242221786101823,-3.2211259950059463,-3.21802987909503,-3.214933830870208,-3.2118378503252822,-3.2087419374550197,-3.205646092255097,-3.2025503147220546,-3.1994546048532477,-3.1963589626468183,-3.193263388101661,-3.190167881217402,-3.187072441994387,-3.183977070433681,-3.1808817665370728,-3.1777865303070993,-3.1746913617470804,-3.17159626086118,-3.1685012276544824,-3.1654062621331165,-3.1623113643044025,-3.159216534177063,-3.1561217717614913,-3.1530270770701128,-3.149932450117853,-3.1468378909227526,-3.143743399506773,-3.1406489758968528,-3.1375546201262856,-3.134460332236542,-3.1313661122796557,-3.128271960321376,-3.125177876445331,-3.1220838607585364,-3.118989913398716,-3.115896034544033,-3.1128022244260793,-3.10970848334723,-3.106614811703918,-3.103521210017908,-3.1004276789784297,-3.097334219499079,-3.0942408327948714,-3.091147520486847,-3.088054284744426,-3.084961128479659,-3.081868055612946,-3.0787750714374487,-3.075682183120137,-3.072589400392458,-3.0694967365048096,-3.066404209548949,-3.0633118442948355,-3.0602196747485113,-3.0571277477231207,-3.0540361278369614,-3.0509449045265353,-3.0478542019117305,-3.0447641927078473,-3.04167511789341,-3.0385873145837334,-3.03550125563021,-3.032417606012999,-3.0293373033370674,-3.026261672994034,-3.0231925932736967,-3.0201327325634404,-3.0170858907157045,-3.0140574910506785,-3.0110552901894097,-3.0080904025513124,-3.005178778208321,-3.002343330725909,-2.9996169892028743,-2.9970470468450836,-2.9947012897552696,-2.9926764870986275,-2.991109839179738,-2.990193770705452
-3.5928056373760415,-3.592015972076591,-3.5906475997864282,-3.5888518273205046,-3.586738358356706,-3.5843874342816573,-3.581858174545267,-3.579194404382565,-3.5764287833925295,-3.573585763486332,-3.57068372786774,-3.567736549786649,-3.5647547358944576,-3.561746269607936,-3.5587172362351587,-3.555672288345938,-3.55261499356714,-3.5495480954379026,-3.546473709707614,-3.5433934725150804,-3.5403086525767584,-3.5372202363681207,-3.5341289929779296,-3.531035523618805,-3.5279402995235722,-3.524843691026774,-3.5217459899385424,-3.5186474268012637,-3.5155481842325798,-3.512448407267816,-3.5093482113962904,-3.5062476888209533,-3.5031469133459816,-3.5000459442022898,-3.496944829048962,-3.493843606333756,-3.4907423071539956,-3.487640956727072,-3.4845395755552175,-3.4814381803502936,-3.478336784769766,-3.47523540000379,-3.472134035244629,-3.4690326980628567,-3.4659313947095596,-3.4628301303596465,-3.4597289093082115,-3.4566277351293557,-3.4535266108049467,-3.4504255388292413,-3.447324521294092,-3.4442235599584934,-3.441122656305476,-3.438021811588755,-3.4349210268710615,-3.431820303055711,-3.4287196409126595,-3.425619041100062,-3.4225185041821375,-3.419418030644019,-3.416317620904117,-3.41321727532444,-3.4101169942192247,-3.40701677786217,-3.4039166264925185,-3.40081654032018,-3.3977165195300545,-3.394616564285688,-3.391516674732383,-3.388416850999841,-3.3853170932044185,-3.382217401451058,-3.3791177758349518,-3.3760182164429775,-3.3729187233549407,-3.36981929664466,-3.3667199363809206,-3.363620642628319,-3.360521415448013,-3.3574222548983985,-3.354323161035732,-3.3512241339147018,-3.3481251735889677,-3.345026280111674,-3.341927453535952,-3.3388286939154153,-3.3357300013046656,-3.3326313757598087,-3.329532817339,-3.326434326103023,-3.3233359021159172,-3.3202375454456683,-3.3171392561649746,-3.314041034352105,-3.3109428800918668,-3.3078447934767135,-3.304746774608013,-3.3016488235975077,-3.2985509405690077,-3.295453125660363,-3.2923553790257634,-3.2892577008384354,-3.2861600910218787,-3.28306254950638,-3.2799650762283883,-3.2768676711299496,-3.2737703341582063,-3.270673065264944,-3.2675758644061883,-3.2644787315418347,-3.261381666635325,-3.2582846696533476,-3.255187740565572,-3.2520908793444043,-3.248994085964768,-3.2458973604039065,-3.242800702641202,-3.239704112658011,-3.2366075904375147,-3.2335111359645845,-3.230414749225658,-3.2273184302086286,-3.2242221789027403,-3.2211259952984936,-3.218029879387567,-3.214933831162733,-3.211837850617795,-3.20874193774752,-3.2056460925475863,-3.2025503150145322,-3.1994546051457147,-3.1963589629392737,-3.1932633883941044,-3.1901678815098338,-3.1870724422868077,-3.18397707072609,-3.180881766829471,-3.177786530599487,-3.1746913620394563,-3.171596261153542,-3.168501227946832,-3.1654062624254524,-3.1623113645967256,-3.1592165344693734,-3.15612177205379,-3.1530270773623994,-3.1499324504101267,-3.1468378912150143,-3.1437433997990225,-3.1406489761890897,-3.13755462041851,-3.1344603325287537,-3.1313661125718557,-3.1282719606135645,-3.1251778767375074,-3.1220838610507013,-3.1189899136908696,-3.1158960348361764,-3.112802224718211,-3.109708483639349,-3.106614811996024,-3.103521210310003,-3.1004276792705125,-3.0973342197911498,-3.0942408330869307,-3.091147520778893,-3.08805428503646,-3.084961128771682,-3.0818680559049594,-3.078775071729451,-3.075682183412129,-3.07258940068444,-3.069496736796781,-3.0664042098409086,-3.0633118445867833,-3.0602196750404485,-3.0571277480150467,-3.054036128128876,-3.0509449048184387,-3.047854202203622,-3.0447641929997262,-3.0416751181852772,-3.038587314875589,-3.035501255922054,-3.032417606304832,-3.0293373036288886,-3.026261673285845,-3.023192593565496,-3.0201327328552274,-3.0170858910074796,-3.0140574913424416,-3.0110552904811616,-3.008090402843053,-3.0051787785000497,-3.002343331017626,-2.9996169894945806,-2.9970470471367796,-2.994701290046957,-2.9926764873903084,-2.9911098394714144,-2.990193770997126
-3.592805637659587,-3.5920159723601333,-3.590647600069963,-3.5888518276040333,-3.586738358640227,-3.5843874345651696,-3.5818581748287706,-3.5791944046660595,-3.576428783676016,-3.57358576376981,-3.5706837281512076,-3.567736550070107,-3.564754736177906,-3.561746269891375,-3.5587172365185884,-3.5556722886293577,-3.5526149938505487,-3.5495480957213004,-3.5464737099909995,-3.5433934727984533,-3.54030865286012,-3.537220236651471,-3.534128993261268,-3.5310355239021316,-3.5279402998068874,-3.524843691310077,-3.5217459902218335,-3.5186474270845434,-3.515548184515849,-3.512448407551075,-3.5093482116795385,-3.506247689104191,-3.503146913629209,-3.5000459444855068,-3.4969448293321674,-3.493843606616951,-3.4907423074371793,-3.487640957010245,-3.48453957583838,-3.4814381806334453,-3.4783367850529068,-3.4752354002869206,-3.472134035527749,-3.4690326983459676,-3.4659313949926593,-3.4628301306427347,-3.459728909591288,-3.4566277354124204,-3.453526611087998,-3.4504255391122802,-3.447324521577118,-3.444223560241508,-3.4411226565884796,-3.4380218118717476,-3.4349210271540436,-3.4318203033386814,-3.4287196411956185,-3.42561904138301,-3.422518504465075,-3.4194180309269453,-3.4163176211870327,-3.413217275607345,-3.410116994502118,-3.40701677814505,-3.4039166267753873,-3.400816540603038,-3.3977165198129002,-3.3946165645685227,-3.391516675015206,-3.388416851282653,-3.3853170934872185,-3.3822174017338456,-3.379117776117727,-3.376018216725741,-3.372918723637694,-3.3698192969274023,-3.366719936663652,-3.36362064291104,-3.3605214157307217,-3.3574222551810955,-3.354323161318417,-3.351224134197376,-3.3481251738716304,-3.345026280394325,-3.3419274538185912,-3.3388286941980434,-3.335730001587283,-3.3326313760424155,-3.3295328176215953,-3.3264343263856064,-3.3233359023984885,-3.320237545728228,-3.3171392564475237,-3.3140410346346427,-3.3109428803743928,-3.3078447937592284,-3.304746774890517,-3.3016488238800004,-3.2985509408514897,-3.295453125942835,-3.2923553793082245,-3.2892577011208854,-3.2861600913043176,-3.2830625497888084,-3.279965076510805,-3.276867671412355,-3.2737703344406004,-3.270673065547327,-3.2675758646885598,-3.264478731824195,-3.261381666917674,-3.258284669935686,-3.2551877408479,-3.252090879626721,-3.2489940862470736,-3.2458973606862007,-3.242800702923484,-3.239704112940281,-3.236607590719772,-3.2335111362468294,-3.230414749507891,-3.2273184304908504,-3.22422217918495,-3.221125995580692,-3.2180298796697544,-3.214933831444911,-3.2118378508999625,-3.208741938029677,-3.205646092829731,-3.2025503152966652,-3.1994546054278366,-3.196358963221384,-3.193263388676203,-3.1901678817919206,-3.187072442568882,-3.1839770710081527,-3.180881767111522,-3.1777865308815256,-3.1746913623214836,-3.171596261435558,-3.168501228228837,-3.1654062627074473,-3.1623113648787107,-3.159216534751349,-3.1561217723357546,-3.153027077644354,-3.149932450692071,-3.146837891496948,-3.1437434000809463,-3.140648976471002,-3.1375546207004104,-3.134460332810642,-3.131366112853732,-3.1282719608954297,-3.1251778770193614,-3.1220838613325457,-3.1189899139727033,-3.1158960351179994,-3.112802225000022,-3.1097084839211484,-3.106614812277812,-3.1035212105917784,-3.100427679552277,-3.097334220072902,-3.094240833368671,-3.091147521060622,-3.088054285318177,-3.084961129053388,-3.0818680561866536,-3.078775072011134,-3.075682183693801,-3.0725894009661,-3.069496737078429,-3.066404210122547,-3.063311844868411,-3.0602196753220636,-3.0571277482966503,-3.054036128410468,-3.0509449051000197,-3.0478542024851927,-3.044764193281287,-3.0416751184668263,-3.038587315157126,-3.0355012562035797,-3.032417606586346,-3.0293373039103924,-3.0262616735673373,-3.023192593846977,-3.0201327331366965,-3.0170858912889367,-3.0140574916238876,-3.0110552907625956,-3.0080904031244757,-3.005178778781463,-3.0023433312990293,-2.999616989775974,-2.9970470474181634,-2.994701290328332,-2.9926764876716745,-2.991109839752774,-2.9901937712784807
-3.5928056379331164,-3.5920159726336602,-3.590647600343486,-3.5888518278775488,-3.586738358913735,-3.5843874348386713,-3.5818581751022642,-3.579194404939544,-3.5764287839494897,-3.5735857640432727,-3.5706837284246604,-3.5677365503435494,-3.5647547364513366,-3.561746270164795,-3.558717236791997,-3.5556722889027546,-3.5526149941239358,-3.549548095994679,-3.5464737102643684,-3.5433934730718115,-3.5403086531334673,-3.5372202369248065,-3.534128993534592,-3.531035524175445,-3.5279403000801897,-3.5248436915833685,-3.5217459904951145,-3.5186474273578137,-3.5155481847891084,-3.512448407824323,-3.5093482119527772,-3.5062476893774193,-3.5031469139024263,-3.500045944758713,-3.496944829605363,-3.4938436068901364,-3.4907423077103554,-3.4876409572834106,-3.4845395761115343,-3.481438180906589,-3.4783367853260394,-3.4752354005600417,-3.472134035800859,-3.469032698619066,-3.4659313952657462,-3.46283013091581,-3.459728909864352,-3.456627735685474,-3.453526611361042,-3.4504255393853134,-3.447324521850141,-3.4442235605145206,-3.441122656861481,-3.438021812144738,-3.434921027427022,-3.431820303611649,-3.428719641468575,-3.4256190416559558,-3.422518504738009,-3.419418031199868,-3.416317621459944,-3.4132172758802457,-3.410116994775007,-3.4070167784179284,-3.403916627048254,-3.4008165408758937,-3.397716520085746,-3.3946165648413578,-3.3915166752880306,-3.3884168515554665,-3.3853170937600217,-3.3822174020066376,-3.3791177763905087,-3.3760182169985113,-3.3729187239104523,-3.36981929720015,-3.3667199369363887,-3.363620643183766,-3.3605214160034373,-3.3574222554538005,-3.354323161591111,-3.3512241344700584,-3.3481251741443017,-3.345026280666984,-3.3419274540912385,-3.338828694470679,-3.3357300018599076,-3.332631376315029,-3.329532817894197,-3.326434326658196,-3.323335902671067,-3.3202375460007953,-3.31713925672008,-3.3140410349071887,-3.310942880646929,-3.3078447940317552,-3.3047467751630344,-3.301648824152509,-3.2985509411239895,-3.295453126215324,-3.292355379580703,-3.2892577013933537,-3.2861600915767757,-3.2830625500612554,-3.279965076783242,-3.2768676716847804,-3.2737703347130145,-3.270673065819729,-3.2675758649609503,-3.2644787320965736,-3.2613816671900415,-3.258284670208043,-3.255187741120246,-3.2520908798990558,-3.248994086519397,-3.245897360958514,-3.2428007031957873,-3.2397041132125732,-3.2366075909920533,-3.2335111365191,-3.230414749780152,-3.2273184307631,-3.2242221794571893,-3.2211259958529204,-3.2180298799419718,-3.214933831717117,-3.2118378511721577,-3.208741938301861,-3.205646093101904,-3.2025503155688266,-3.199454605699985,-3.196358963493521,-3.193263388948328,-3.190167882064034,-3.187072442840985,-3.1839770712802444,-3.1808817673836027,-3.177786531153595,-3.174691362593542,-3.1715962617076063,-3.168501228500875,-3.165406262979476,-3.1623113651507277,-3.1592165350233534,-3.1561217726077477,-3.153027077916334,-3.149932450964039,-3.1468378917689037,-3.14374340035289,-3.1406489767429346,-3.1375546209723324,-3.134460333082554,-3.1313661131256327,-3.1282719611673198,-3.1251778772912404,-3.1220838616044126,-3.1189899142445583,-3.1158960353898415,-3.112802225271853,-3.1097084841929683,-3.106614812549621,-3.103521210863576,-3.100427679824063,-3.097334220344678,-3.094240833640436,-3.0911475213323767,-3.088054285589921,-3.084961129325122,-3.0818680564583767,-3.0787750722828466,-3.075682183965503,-3.072589401237792,-3.069496737350111,-3.066404210394219,-3.0633118451400727,-3.0602196755937165,-3.057127748568294,-3.0540361286821023,-3.0509449053716433,-3.0478542027568056,-3.044764193552889,-3.041675118738418,-3.0385873154287073,-3.0355012564751513,-3.032417606857907,-3.0293373041819422,-3.0262616738388757,-3.0231925941185036,-3.020132733408213,-3.0170858915604413,-3.014057491895381,-3.0110552910340784,-3.0080904033959484,-3.0051787790529243,-3.0023433315704797,-2.999616990047415,-2.997047047689595,-2.9947012905997554,-2.9926764879430907,-2.9911098400241847,-2.9901937715498885
-3.592805638196966,-3.592015972897507,-3.590647600607328,-3.5888518281413853,-3.5867383591775632,-3.5843874351024905,-3.5818581753660736,-3.579194405203343,-3.5764287842132796,-3.5735857643070537,-3.5706837286884316,-3.567736550607311,-3.564754736715089,-3.5617462704285363,-3.558717237055728,-3.5556722891664756,-3.5526149943876457,-3.5495480962583787,-3.5464737105280584,-3.543393473335492,-3.5403086533971395,-3.53722023718847,-3.5341289937982454,-3.531035524439088,-3.5279403003438228,-3.5248436918469928,-3.5217459907587294,-3.5186474276214197,-3.515548185052704,-3.5124484080879093,-3.509348212216352,-3.5062476896409813,-3.5031469141659763,-3.500045945022252,-3.496944829868892,-3.493843607153655,-3.4907423079738633,-3.487640957546908,-3.484539576375023,-3.4814381811700685,-3.478336785589509,-3.4752354008235016,-3.472134036064308,-3.4690326988825038,-3.4659313955291733,-3.4628301311792264,-3.459728910127758,-3.4566277359488695,-3.4535266116244268,-3.4504255396486876,-3.447324522113505,-3.444223560777874,-3.4411226571248243,-3.438021812408071,-3.4349210276903452,-3.4318203038749617,-3.428719641731879,-3.4256190419192483,-3.4225185050012903,-3.4194180314631395,-3.416317621723205,-3.413217276143495,-3.410116995038247,-3.4070167786811587,-3.403916627311475,-3.400816541139105,-3.3977165203489474,-3.394616565104549,-3.391516675551212,-3.3884168518186364,-3.38531709402318,-3.3822174022697844,-3.379117776653644,-3.3760182172616355,-3.372918724173565,-3.369819297463251,-3.36671993719948,-3.3636206434468465,-3.360521416266508,-3.3574222557168603,-3.3543231618541602,-3.351224134733097,-3.34812517440733,-3.3450262809300026,-3.3419274543542468,-3.3388286947336776,-3.3357300021228955,-3.3326313765780067,-3.3295328181571655,-3.326434326921155,-3.3233359029340157,-3.3202375462637344,-3.3171392569830096,-3.3140410351701077,-3.3109428809098373,-3.307844794294652,-3.3047467754259197,-3.3016488244153828,-3.2985509413868512,-3.2954531264781752,-3.292355379843544,-3.289257701656184,-3.286160091839595,-3.283062550324064,-3.2799650770460387,-3.2768676719475667,-3.27377033497579,-3.270673066082495,-3.267575865223706,-3.26447873235932,-3.261381667452777,-3.258284670470767,-3.2551877413829593,-3.2520908801617594,-3.24899408678209,-3.245897361221196,-3.242800703458458,-3.2397041134752325,-3.236607591254702,-3.2335111367817375,-3.2304147500427782,-3.227318431025716,-3.224222179719794,-3.2211259961155143,-3.218029880204555,-3.2149338319796894,-3.2118378514347183,-3.2087419385644096,-3.205646093364443,-3.2025503158313557,-3.1994546059625057,-3.1963589637560323,-3.193263389210831,-3.190167882326527,-3.1870724431034683,-3.1839770715427194,-3.1808817676460683,-3.177786531416051,-3.1746913628559876,-3.171596261970041,-3.168501228763299,-3.1654062632418882,-3.1623113654131285,-3.1592165352857435,-3.1561217728701263,-3.153027078178703,-3.1499324512263973,-3.146837892031251,-3.143743400615226,-3.1406489770052604,-3.137554621234647,-3.1344603333448577,-3.1313661133879265,-3.128271961429603,-3.125177877553514,-3.1220838618666753,-3.118989914506811,-3.115896035652085,-3.112802225534087,-3.1097084844551914,-3.106614812811834,-3.1035212111257793,-3.1004276800862565,-3.0973342206068617,-3.0942408339026097,-3.0911475215945394,-3.088054285852073,-3.0849611295872634,-3.0818680567205083,-3.078775072544967,-3.0756821842276127,-3.072589401499891,-3.0694967376121998,-3.0664042106562968,-3.0633118454021395,-3.0602196758557727,-3.0571277488303377,-3.0540361289441336,-3.050944905633663,-3.0478542030188147,-3.0447641938148866,-3.0416751190004048,-3.0385873156906826,-3.0355012567371147,-3.0324176071198594,-3.0293373044438834,-3.026261674100806,-3.023192594380424,-3.0201327336701227,-3.017085891822342,-3.014057492157272,-3.011055291295959,-3.008090403657818,-3.0051787793147837,-3.0023433318323294,-2.9996169903092547,-2.9970470479514244,-2.9947012908615758,-2.9926764882049035,-2.9911098402859917,-2.990193771811693
-3.59280563845147,-3.59201597315201,-3.590647600861827,-3.5888518283958795,-3.586738359432053,-3.5843874353569727,-3.5818581756205474,-3.579194405457809,-3.5764287844677365,-3.5735857645615012,-3.57068372894287,-3.5677365508617394,-3.564754736969509,-3.561746270682949,-3.5587172373101326,-3.555672289420871,-3.552614994642032,-3.5495480965127544,-3.5464737107824242,-3.5433934735898482,-3.540308653651485,-3.537220237442806,-3.534128994052571,-3.5310355246934035,-3.5279403005981287,-3.524843692101288,-3.5217459910130144,-3.518647427875694,-3.515548185306969,-3.5124484083421645,-3.5093482124705977,-3.506247689895217,-3.5031469144202023,-3.5000459452764683,-3.4969448301230988,-3.493843607407852,-3.490742308228051,-3.4876409578010876,-3.4845395766291927,-3.481438181424228,-3.47833678584366,-3.4752354010776423,-3.472134036318439,-3.4690326991366254,-3.4659313957832847,-3.4628301314333294,-3.4597289103818514,-3.4566277362029525,-3.4535266118785,-3.45042553990275,-3.4473245223675577,-3.4442235610319165,-3.4411226573788567,-3.438021812662093,-3.4349210279443576,-3.4318203041289643,-3.4287196419858703,-3.42561904217323,-3.422518505255263,-3.4194180317171012,-3.416317621977158,-3.413217276397439,-3.4101169952921815,-3.4070167789350823,-3.4039166275653874,-3.400816541393006,-3.397716520602837,-3.3946165653584277,-3.3915166758050805,-3.388416852072495,-3.3853170942770285,-3.382217402523624,-3.379117776907474,-3.3760182175154556,-3.372918724427376,-3.3698192977170534,-3.3667199374532717,-3.363620643700627,-3.360521416520277,-3.357422255970619,-3.3543231621079097,-3.3512241349868366,-3.348125174661059,-3.3450262811837224,-3.3419274546079567,-3.3388286949873773,-3.335730002376586,-3.332631376831687,-3.329532818410835,-3.3264343271748142,-3.323335903187665,-3.3202375465173724,-3.317139257236636,-3.3140410354237235,-3.310942881163443,-3.3078447945482483,-3.3047467756795057,-3.301648824668959,-3.2985509416404173,-3.2954531267317306,-3.2923553800970886,-3.2892577019097184,-3.2861600920931187,-3.283062550577577,-3.279965077299541,-3.2768676722010586,-3.2737703352292726,-3.270673066335968,-3.26757586547717,-3.264478732612774,-3.261381667706222,-3.2582846707242026,-3.2551877416363846,-3.252090880415173,-3.2489940870354936,-3.245897361474589,-3.242800703711842,-3.2397041137286076,-3.2366075915080676,-3.2335111370350944,-3.230414750296125,-3.2273184312790524,-3.22422217997312,-3.221125996368831,-3.2180298804578618,-3.2149338322329863,-3.2118378516880064,-3.2087419388176888,-3.205646093617712,-3.202550316084616,-3.199454606215756,-3.196358964009273,-3.1932633894640605,-3.190167882579747,-3.1870724433566773,-3.183977071795917,-3.1808817678992547,-3.1777865316692275,-3.174691363109153,-3.1715962622231966,-3.168501229016444,-3.165406263495023,-3.162311365666255,-3.159216535538861,-3.156121773123235,-3.1530270784318004,-3.1499324514794846,-3.1468378922843283,-3.143743400868294,-3.1406489772583175,-3.137554621487695,-3.1344603335978953,-3.1313661136409547,-3.128271961682622,-3.1251778778065233,-3.122083862119675,-3.118989914759801,-3.1158960359050645,-3.1128022257870556,-3.10970848470815,-3.1066148130647817,-3.1035212113787165,-3.1004276803391826,-3.0973342208597763,-3.0942408341555145,-3.0911475218474345,-3.0880542861049576,-3.0849611298401363,-3.081868056973369,-3.0787750727978174,-3.075682184480451,-3.0725894017527176,-3.069496737865015,-3.0664042109091008,-3.0633118456549324,-3.060219676108554,-3.0571277490831092,-3.0540361291968954,-3.0509449058864146,-3.0478542032715548,-3.044764194067617,-3.041675119253124,-3.0385873159433925,-3.035501256989815,-3.0324176073725506,-3.0293373046965644,-3.026261674353478,-3.0231925946330853,-3.0201327339227735,-3.0170858920749817,-3.0140574924098997,-3.011055291548576,-3.008090403910425,-3.005178779567381,-3.002343332084919,-2.999616990561836,-2.9970470482039993,-2.994701291114143,-2.9926764884574637,-2.9911098405385466,-2.9901937720642437
-3.592805638696987,-3.5920159733975243,-3.5906476011073383,-3.588851828641386,-3.5867383596775535,-3.5843874356024688,-3.581858175866038,-3.5791944057032907,-3.576428784713209,-3.5735857648069653,-3.570683729188326,-3.567736551107187,-3.5647547372149466,-3.561746270928376,-3.5587172375555505,-3.5556722896662802,-3.5526149948874317,-3.5495480967581456,-3.5464737110278066,-3.5433934738352195,-3.5403086538968456,-3.537220237688156,-3.534128994297913,-3.531035524938737,-3.527940300843453,-3.524843692346603,-3.5217459912583196,-3.5186474281209885,-3.5155481855522526,-3.512448408587437,-3.5093482127158597,-3.50624769014047,-3.503146914665446,-3.500045945521703,-3.496944830368323,-3.493843607653065,-3.4907423084732523,-3.4876409580462764,-3.4845395768743703,-3.4814381816693953,-3.478336786088816,-3.475235401322788,-3.4721340365635758,-3.4690326993817524,-3.4659313960284024,-3.462830131678437,-3.4597289106269495,-3.4566277364480404,-3.4535266121235786,-3.45042554014782,-3.4473245226126186,-3.444223561276969,-3.4411226576239007,-3.4380218129071274,-3.434921028189382,-3.4318203043739794,-3.4287196422308766,-3.4256190424182273,-3.4225185055002503,-3.41941803196208,-3.4163176222221274,-3.4132172766423983,-3.410116995537131,-3.4070167791800237,-3.4039166278103203,-3.400816541637931,-3.3977165208477533,-3.3946165656033345,-3.3915166760499775,-3.388416852317383,-3.3853170945219073,-3.382217402768494,-3.3791177771523357,-3.3760182177603086,-3.3729187246722194,-3.3698192979618864,-3.3667199376980945,-3.36362064394544,-3.3605214167650805,-3.3574222562154135,-3.354323162352694,-3.351224135231612,-3.3481251749058254,-3.3450262814284795,-3.341927454852704,-3.3388286952321145,-3.3357300026213124,-3.332631377076402,-3.32953281865554,-3.3264343274195096,-3.3233359034323495,-3.320237546762048,-3.3171392574813034,-3.3140410356683816,-3.3109428814080917,-3.3078447947928873,-3.3047467759241353,-3.3016488249135785,-3.2985509418850265,-3.2954531269763296,-3.292355380341678,-3.289257702154297,-3.2861600923376866,-3.2830625508221347,-3.2799650775440896,-3.276867672445597,-3.273770335473801,-3.2706730665804864,-3.267575865721677,-3.2644787328572704,-3.261381667950708,-3.2582846709686777,-3.255187741880849,-3.2520908806596274,-3.2489940872799377,-3.2458973617190225,-3.2428007039562647,-3.2397041139730205,-3.2366075917524704,-3.233511137279487,-3.2304147505405085,-3.2273184315234262,-3.224222180217485,-3.221125996613187,-3.2180298807022085,-3.214933832477324,-3.211837851932334,-3.208741939062007,-3.2056460938620215,-3.2025503163289164,-3.1994546064600464,-3.1963589642535535,-3.1932633897083313,-3.190167882824007,-3.1870724436009272,-3.183977072040156,-3.1808817681434833,-3.1777865319134446,-3.1746913633533613,-3.171596262467394,-3.1685012292606323,-3.165406263739203,-3.162311365910426,-3.159216535783022,-3.1561217733673868,-3.153027078675943,-3.1499324517236182,-3.1468378925284535,-3.1437434011124106,-3.1406489775024244,-3.1375546217317924,-3.134460333841985,-3.131366113885035,-3.1282719619266914,-3.125177878050581,-3.122083862363722,-3.1189899150038363,-3.1158960361490893,-3.1128022260310706,-3.109708484952155,-3.1066148133087768,-3.1035212116227013,-3.1004276805831577,-3.0973342211037407,-3.0942408343994674,-3.0911475220913758,-3.0880542863488896,-3.084961130084058,-3.081868057217281,-3.0787750730417196,-3.0756821847243456,-3.072589401996604,-3.069496738108892,-3.0664042111529675,-3.063311845898789,-3.0602196763524008,-3.0571277493269466,-3.054036129440723,-3.050944906130232,-3.0478542035153637,-3.044764194311416,-3.041675119496914,-3.0385873161871717,-3.035501257233584,-3.0324176076163094,-3.0293373049403134,-3.0262616745972166,-3.0231925948768144,-3.020132734166493,-3.0170858923186916,-3.014057492653601,-3.011055291792268,-3.0080904041541063,-3.0051787798110525,-3.0023433323285786,-2.999616990805485,-2.997047048447638,-2.9947012913577735,-2.9926764887010875,-2.9911098407821655,-2.9901937723078604
-3.5928056389338243,-3.592015973634359,-3.59064760134417,-3.5888518288782136,-3.586738359914376,-3.5843874358392838,-3.581858176102846,-3.579194405940093,-3.576428784950005,-3.5735857650437524,-3.570683729425103,-3.567736551343955,-3.5647547374517052,-3.5617462711651253,-3.5587172377922895,-3.5556722899030095,-3.552614995124152,-3.549548096994858,-3.5464737112645097,-3.5433934740719146,-3.5403086541335322,-3.5372202379248328,-3.534128994534581,-3.531035525175395,-3.527940301080102,-3.5248436925832425,-3.52174599149495,-3.5186474283576112,-3.5155481857888673,-3.5124484088240426,-3.5093482129524562,-3.506247690377058,-3.5031469149020245,-3.500045945758272,-3.4969448306048823,-3.493843607889615,-3.4907423087097937,-3.48764095828281,-3.4845395771108945,-3.481438181905909,-3.4783367863253183,-3.4752354015592806,-3.4721340368000573,-3.4690326996182232,-3.4659313962648635,-3.4628301319148886,-3.459728910863391,-3.456627736684473,-3.4535266123600015,-3.4504255403842325,-3.4473245228490215,-3.4442235615133607,-3.4411226578602827,-3.4380218131435005,-3.434921028425745,-3.431820304610333,-3.42871964246722,-3.42561904265456,-3.4225185057365737,-3.4194180321983945,-3.416317622458433,-3.413217276878695,-3.410116995773418,-3.407016779416301,-3.403916628046588,-3.400816541874188,-3.3977165210840012,-3.3946165658395744,-3.391516676286209,-3.388416852553606,-3.3853170947581206,-3.382217403004697,-3.3791177773885277,-3.376018217996491,-3.3729187249083923,-3.369819298198049,-3.3667199379342474,-3.363620644181584,-3.360521417001216,-3.3574222564515397,-3.3543231625888112,-3.351224135467719,-3.3481251751419228,-3.3450262816645675,-3.341927455088783,-3.3388286954681856,-3.3357300028573755,-3.332631377312458,-3.329532818891588,-3.3264343276555475,-3.323335903668379,-3.320237546998068,-3.317139257717313,-3.3140410359043813,-3.310942881644082,-3.3078447950288674,-3.3047467761601053,-3.3016488251495386,-3.2985509421209773,-3.295453127212271,-3.292355380577609,-3.2892577023902194,-3.2861600925736,-3.283062551058039,-3.2799650777799845,-3.276867672681483,-3.2737703357096772,-3.2706730668163524,-3.2675758659575336,-3.2644787330931173,-3.2613816681865453,-3.2582846712045064,-3.2551877421166693,-3.252090880895439,-3.2489940875157406,-3.245897361954817,-3.2428007041920504,-3.239704114208797,-3.236607591988238,-3.2335111375152463,-3.2304147507762586,-3.2273184317591674,-3.224222180453217,-3.2211259968489094,-3.2180298809379217,-3.2149338327130272,-3.2118378521680278,-3.2087419392976906,-3.205646094097694,-3.2025503165645772,-3.199454606695697,-3.1963589644891934,-3.1932633899439606,-3.190167883059625,-3.187072443836535,-3.1839770722757548,-3.1808817683790727,-3.177786532149024,-3.174691363588931,-3.171596262702955,-3.168501229496184,-3.1654062639747442,-3.1623113661459565,-3.1592165360185436,-3.156121773602899,-3.153027078911447,-3.1499324519591134,-3.1468378927639393,-3.1437434013478858,-3.14064897773789,-3.1375546219672477,-3.134460334077429,-3.131366114120469,-3.128271962162116,-3.1251778782859976,-3.1220838625991303,-3.118989915239236,-3.1158960363844797,-3.1128022262664516,-3.1097084851875265,-3.1066148135441383,-3.103521211858052,-3.100427680818499,-3.0973342213390733,-3.0942408346347916,-3.0911475223266915,-3.088054286584196,-3.084961130319356,-3.08186805745257,-3.078775073276999,-3.075682184959614,-3.0725894022318623,-3.0694967383441405,-3.066404211388207,-3.063311846134019,-3.0602196765876224,-3.0571277495621585,-3.054036129675925,-3.0509449063654253,-3.0478542037505463,-3.0447641945465898,-3.0416751197320786,-3.0385873164223285,-3.0355012574687312,-3.032417607851447,-3.0293373051754413,-3.026261674832335,-3.023192595111924,-3.0201327344015936,-3.017085892553783,-3.0140574928886825,-3.01105529202734,-3.00809040438917,-3.005178780046107,-3.0023433325636257,-2.999616991040525,-2.9970470486826706,-2.9947012915928,-2.992676488936109,-2.991109841017182,-2.9901937725428733
-3.592805639162287,-3.59201597386282,-3.590647601572626,-3.5888518291066642,-3.58673836014282,-3.5843874360677206,-3.5818581763312762,-3.579194406168515,-3.57642878517842,-3.57358576527216,-3.570683729653503,-3.567736551572345,-3.5647547376800874,-3.561746271393499,-3.5587172380206535,-3.555672290131365,-3.5526149953524992,-3.5495480972231954,-3.546473711492838,-3.5433934743002338,-3.540308654361842,-3.537220238153134,-3.534128994762871,-3.5310355254036754,-3.5279403013083717,-3.524843692811504,-3.5217459917232024,-3.518647428585854,-3.515548186017101,-3.512448409052268,-3.5093482131806737,-3.5062476906052673,-3.503146915130226,-3.5000459459864643,-3.496944830833066,-3.4938436081177895,-3.4907423089379592,-3.4876409585109656,-3.4845395773390413,-3.481438182134048,-3.478336786553451,-3.4752354017874043,-3.4721340370281726,-3.4690326998463306,-3.465931396492963,-3.462830132142979,-3.459728911091474,-3.4566277369125475,-3.453526612588067,-3.45042554061229,-3.4473245230770697,-3.444223561741401,-3.441122658088313,-3.4380218133715204,-3.4349210286537555,-3.431820304838334,-3.428719642695211,-3.425619042882542,-3.4225185059645455,-3.419418032426356,-3.4163176226863836,-3.4132172771066367,-3.4101169960013498,-3.407016779644223,-3.403916628274502,-3.4008165421020937,-3.397716521311898,-3.3946165660674614,-3.3915166765140867,-3.3884168527814738,-3.3853170949859805,-3.3822174032325485,-3.379117777616371,-3.3760182182243255,-3.3729187251362185,-3.3698192984258672,-3.3667199381620576,-3.363620644409385,-3.3605214172290077,-3.3574222566793224,-3.3543231628165846,-3.3512241356954844,-3.3481251753696797,-3.3450262818923147,-3.3419274553165215,-3.3388286956959137,-3.335730003085094,-3.332631377540167,-3.3295328191192874,-3.3264343278832382,-3.32333590389606,-3.3202375472257395,-3.3171392579449757,-3.314041036132036,-3.3109428818717275,-3.3078447952565044,-3.3047467763877334,-3.3016488253771574,-3.2985509423485873,-3.2954531274398717,-3.2923553808052013,-3.2892577026178027,-3.2861600928011745,-3.283062551285604,-3.27996507800754,-3.2768676729090287,-3.273770335937213,-3.2706730670438793,-3.267575866185051,-3.264478733320626,-3.2613816684140446,-3.2582846714319964,-3.25518774234415,-3.2520908811229106,-3.2489940877432035,-3.24589736218227,-3.2428007044194946,-3.2397041144362313,-3.2366075922156625,-3.2335111377426604,-3.2304147510036625,-3.227318431986562,-3.2242221806806013,-3.2211259970762844,-3.2180298811652883,-3.214933832940386,-3.2118378523953783,-3.208741939525033,-3.2056460943250293,-3.2025503167919047,-3.1994546069230165,-3.196358964716504,-3.193263390171262,-3.190167883286918,-3.1870724440638196,-3.1839770725030307,-3.1808817686063393,-3.1777865323762824,-3.174691363816179,-3.171596262930194,-3.168501229723413,-3.165406264201964,-3.1623113663731672,-3.1592165362457445,-3.156121773830091,-3.153027079138629,-3.1499324521862855,-3.146837892991101,-3.1437434015750383,-3.1406489779650326,-3.137554622194381,-3.1344603343045523,-3.131366114347582,-3.1282719623892183,-3.1251778785130893,-3.122083862826212,-3.1189899154663094,-3.115896036611545,-3.1128022264935096,-3.1097084854145773,-3.106614813771183,-3.1035212120850906,-3.1004276810455296,-3.0973342215660944,-3.0942408348618033,-3.091147522553695,-3.08805428681119,-3.0849611305463402,-3.081868057679545,-3.0787750735039645,-3.0756821851865705,-3.0725894024588105,-3.0694967385710803,-3.0664042116151387,-3.0633118463609423,-3.0602196768145364,-3.0571277497890637,-3.0540361299028214,-3.050944906592312,-3.047854203977424,-3.0447641947734576,-3.041675119958936,-3.0385873166491746,-3.0355012576955676,-3.0324176080782728,-3.029337305402257,-3.026261675059141,-3.0231925953387195,-3.0201327346283793,-3.0170858927805595,-3.0140574931154505,-3.0110552922541,-3.008090404615921,-3.00517878027285,-3.00234333279036,-2.9996169912672506,-2.9970470489093888,-2.99470129181951,-2.992676489162811,-2.991109841243879,-2.990193772769567
-3.5928056393826666,-3.5920159740831963,-3.5906476017929987,-3.588851829327032,-3.5867383603631824,-3.5843874362880777,-3.5818581765516253,-3.5791944063888566,-3.576428785398752,-3.573585765492483,-3.5706837298738185,-3.5677365517926547,-3.5647547379003894,-3.561746271613794,-3.5587172382409418,-3.5556722903516444,-3.5526149955727693,-3.5495480974434566,-3.546473711713091,-3.5433934745204785,-3.540308654582079,-3.5372202383733633,-3.534128994983092,-3.5310355256238872,-3.527940301528576,-3.5248436930316993,-3.5217459919433893,-3.518647428806033,-3.5155481862372713,-3.5124484092724293,-3.509348213400825,-3.5062476908254103,-3.5031469153503614,-3.500045946206593,-3.496944831053187,-3.4938436083379028,-3.490742309158064,-3.487640958731061,-3.484539577559126,-3.4814381823541236,-3.4783367867735167,-3.475235402007461,-3.4721340372482214,-3.469032700066371,-3.465931396712994,-3.4628301323630004,-3.4597289113114855,-3.45662773713255,-3.45352661280806,-3.4504255408322737,-3.4473245232970435,-3.4442235619613655,-3.441122658308269,-3.4380218135914693,-3.434921028873697,-3.4318203050582685,-3.428719642915139,-3.4256190431024622,-3.422518506184459,-3.4194180326462624,-3.416317622906282,-3.4132172773265257,-3.4101169962212308,-3.4070167798640956,-3.403916628494365,-3.400816542321948,-3.397716521531743,-3.3946165662872967,-3.3915166767339113,-3.388416853001289,-3.385317095205786,-3.3822174034523442,-3.3791177778361576,-3.3760182184441034,-3.3729187253559867,-3.369819298645626,-3.3667199383818076,-3.3636206446291266,-3.3605214174487408,-3.357422256899046,-3.354323163036299,-3.351224135915189,-3.3481251755893755,-3.345026282112003,-3.3419274555362013,-3.338828695915586,-3.3357300033047568,-3.3326313777598204,-3.3295328193389313,-3.326434328102873,-3.3233359041156865,-3.320237547445357,-3.317139258164584,-3.3140410363516337,-3.3109428820913154,-3.307844795476083,-3.304746776607303,-3.3016488255967182,-3.298550942568139,-3.2954531276594152,-3.2923553810247355,-3.289257702837328,-3.286160093020692,-3.283062551505113,-3.2799650782270398,-3.27686767312852,-3.273770336156696,-3.270673067263354,-3.2675758664045174,-3.2644787335400833,-3.261381668633493,-3.258284671651436,-3.25518774256358,-3.2520908813423315,-3.2489940879626147,-3.245897362401673,-3.2428007046388885,-3.239704114655617,-3.236607592435041,-3.2335111379620303,-3.230414751223024,-3.227318432205915,-3.2242221808999463,-3.2211259972956205,-3.2180298813846147,-3.214933833159703,-3.211837852614686,-3.2087419397443315,-3.205646094544318,-3.2025503170111835,-3.1994546071422865,-3.196358964935765,-3.1932633903905145,-3.190167883506162,-3.187072444283055,-3.183977072722256,-3.1808817688255555,-3.17778653259549,-3.1746913640353784,-3.171596263149384,-3.168501229942594,-3.1654062644211356,-3.1623113665923306,-3.1592165364649,-3.1561217740492364,-3.153027079357766,-3.1499324524054146,-3.146837893210223,-3.143743401794153,-3.1406489781841405,-3.1375546224134814,-3.134460334523646,-3.1313661145666676,-3.1282719626082955,-3.125177878732159,-3.122083863045273,-3.1189899156853618,-3.1158960368305877,-3.1128022267125415,-3.109708485633599,-3.106614813990194,-3.1035212123040914,-3.100427681264521,-3.0973342217850783,-3.0942408350807793,-3.0911475227726615,-3.0880542870301477,-3.084961130765289,-3.0818680578984856,-3.0787750737228965,-3.0756821854054937,-3.072589402677724,-3.069496738789984,-3.066404211834031,-3.063311846579825,-3.060219677033409,-3.0571277500079272,-3.054036130121675,-3.050944906811157,-3.04785420419626,-3.044764194992285,-3.0416751201777545,-3.038587316867985,-3.0355012579143708,-3.032417608297069,-3.0293373056210466,-3.0262616752779232,-3.023192595557494,-3.020132734847145,-3.017085892999317,-3.0140574933342,-3.0110552924728418,-3.0080904048346557,-3.0051787804915766,-3.0023433330090783,-2.9996169914859605,-2.9970470491280903,-2.9947012920382043,-2.992676489381499,-2.9911098414625616,-2.9901937729882477
-3.592805639595254,-3.5920159742957836,-3.5906476020055846,-3.588851829539615,-3.5867383605757595,-3.5843874365006476,-3.5818581767641877,-3.579194406601412,-3.576428785611301,-3.5735857657050247,-3.5706837300863525,-3.5677365520051803,-3.564754738112907,-3.5617462718263035,-3.5587172384534433,-3.5556722905641394,-3.5526149957852575,-3.549548097655937,-3.546473711925561,-3.5433934747329396,-3.5403086547945315,-3.5372202385858063,-3.534128995195526,-3.5310355258363137,-3.5279403017409936,-3.5248436932441085,-3.5217459921557905,-3.5186474290184253,-3.5155481864496543,-3.5124484094848034,-3.5093482136131904,-3.5062476910377662,-3.503146915562707,-3.5000459464189286,-3.4969448312655134,-3.4938436085502205,-3.490742309370373,-3.487640958943362,-3.4845395777714208,-3.4814381825664102,-3.4783367869857944,-3.47523540221973,-3.4721340374604814,-3.4690327002786217,-3.4659313969252366,-3.462830132575236,-3.459728911523713,-3.456627737344769,-3.4535266130202724,-3.450425541044478,-3.4473245235092405,-3.444223562173554,-3.44112265852045,-3.4380218138036422,-3.4349210290858614,-3.4318203052704233,-3.428719643127285,-3.4256190433145997,-3.4225185063965875,-3.419418032858383,-3.416317623118394,-3.4132172775386302,-3.4101169964333273,-3.407016780076184,-3.403916628706445,-3.400816542534018,-3.3977165217438032,-3.3946165664993475,-3.391516676945954,-3.388416853213324,-3.385317095417812,-3.3822174036643626,-3.379117778048168,-3.376018218656106,-3.372918725567981,-3.369819298857612,-3.366719938593786,-3.3636206448410975,-3.3605214176607023,-3.357422257111,-3.3543231632482455,-3.351224136127128,-3.348125175801306,-3.345026282323924,-3.341927455748114,-3.338828696127489,-3.3357300035166517,-3.332631377971707,-3.3295328195508107,-3.326434328314744,-3.3233359043275494,-3.3202375476572117,-3.3171392583764305,-3.3140410365634723,-3.310942882303146,-3.3078447956879042,-3.3047467768191154,-3.301648825808522,-3.2985509427799347,-3.295453127871202,-3.292355381236513,-3.289257703049096,-3.28616009323245,-3.283062551716862,-3.2799650784387806,-3.276867673340252,-3.2737703363684196,-3.2706730674750686,-3.267575866616224,-3.264478733751781,-3.2613816688451824,-3.2582846718631164,-3.2551877427752527,-3.2520908815539955,-3.248994088174271,-3.245897362613322,-3.2428007048505294,-3.23970411486725,-3.2366075926466644,-3.233511138173646,-3.2304147514346315,-3.2273184324175137,-3.2242221811115375,-3.2211259975072033,-3.218029881596189,-3.214933833371268,-3.2118378528262426,-3.208741939955879,-3.205646094755857,-3.2025503172227143,-3.1994546073538084,-3.196358965147279,-3.1932633906020205,-3.19016788371766,-3.1870724444945444,-3.183977072933738,-3.18088176903703,-3.177786532806956,-3.1746913642468364,-3.1715962633608323,-3.168501230154033,-3.1654062646325665,-3.1623113668037526,-3.159216536676312,-3.15612177426064,-3.1530270795691604,-3.1499324526167993,-3.1468378934215986,-3.1437434020055197,-3.1406489783954994,-3.1375546226248323,-3.1344603347349884,-3.1313661147780016,-3.1282719628196225,-3.125177878943477,-3.1220838632565826,-3.1189899158966625,-3.11589603704188,-3.1128022269238254,-3.1097084858448736,-3.1066148142014596,-3.1035212125153486,-3.10042768147577,-3.0973342219963174,-3.09424083529201,-3.091147522983884,-3.0880542872413628,-3.084961130976497,-3.0818680581096847,-3.078775073934088,-3.0756821856166767,-3.072589402888899,-3.069496739001152,-3.066404212045192,-3.063311846790977,-3.0602196772445525,-3.057127750219061,-3.0540361303328014,-3.050944907022274,-3.0478542044073684,-3.044764195203385,-3.0416751203888466,-3.0385873170790694,-3.035501258125446,-3.032417608508135,-3.0293373058321036,-3.026261675488971,-3.023192595768532,-3.020132735058174,-3.017085893210337,-3.0140574935452116,-3.0110552926838445,-3.00809040504565,-3.0051787807025634,-3.0023433332200575,-2.9996169916969326,-2.9970470493390566,-2.994701292249165,-2.992676489592456,-2.991109841673515,-2.990193773199198
-3.592805639800327,-3.5920159745008533,-3.5906476022106486,-3.5888518297446725,-3.586738360780812,-3.5843874367056947,-3.5818581769692313,-3.5791944068064505,-3.5764287858163337,-3.5735857659100523,-3.5706837302913734,-3.5677365522101954,-3.564754738317913,-3.5617462720313,-3.558717238658431,-3.555672290769118,-3.552614995990226,-3.5495480978608946,-3.546473712130511,-3.5433934749378806,-3.540308654999464,-3.537220238790731,-3.5341289954004442,-3.5310355260412236,-3.5279403019458955,-3.524843693449003,-3.5217459923606773,-3.5186474292233054,-3.5155481866545273,-3.5124484096896693,-3.509348213818049,-3.5062476912426157,-3.503146915767547,-3.5000459466237603,-3.4969448314703375,-3.4938436087550357,-3.49074230957518,-3.487640959148161,-3.4845395779762116,-3.481438182771192,-3.478336787190569,-3.4752354024244965,-3.47213403766524,-3.469032700483372,-3.4659313971299777,-3.462830132779968,-3.459728911728437,-3.456627737549485,-3.45352661322498,-3.4504255412491784,-3.4473245237139327,-3.4442235623782382,-3.4411226587251265,-3.438021814008311,-3.4349210292905226,-3.4318203054750773,-3.428719643331931,-3.4256190435192364,-3.422518506601215,-3.4194180330630006,-3.4163176233230024,-3.4132172777432292,-3.410116996637916,-3.4070167802807636,-3.403916628911015,-3.4008165427385793,-3.397716521948357,-3.394616566703894,-3.3915166771504937,-3.3884168534178563,-3.3853170956223373,-3.3822174038688786,-3.379117778252676,-3.376018218860606,-3.3729187257724735,-3.3698192990620974,-3.3667199387982625,-3.363620645045565,-3.3605214178651623,-3.3574222573154513,-3.354323163452689,-3.351224136331563,-3.3481251760057327,-3.3450262825283428,-3.3419274559525247,-3.3388286963318925,-3.3357300037210473,-3.3326313781760946,-3.3295328197551894,-3.3264343285191162,-3.3233359045319135,-3.3202375478615687,-3.317139258580779,-3.314041036767813,-3.3109428825074785,-3.307844795892229,-3.304746777023433,-3.3016488260128316,-3.298550942984236,-3.295453128075495,-3.2923553814407986,-3.289257703253374,-3.28616009343672,-3.283062551921124,-3.279965078643036,-3.2768676735445013,-3.2737703365726616,-3.270673067679304,-3.2675758668204518,-3.2644787339560017,-3.2613816690493955,-3.258284672067322,-3.2551877429794502,-3.252090881758185,-3.2489940883784523,-3.245897362817494,-3.2428007050546923,-3.239704115071403,-3.236607592850809,-3.2335111383777817,-3.230414751638758,-3.2273184326216318,-3.224222181315646,-3.221125997711303,-3.2180298818002804,-3.2149338335753512,-3.211837853030317,-3.2087419401599453,-3.205646094959915,-3.2025503174267644,-3.1994546075578505,-3.1963589653513127,-3.1932633908060466,-3.190167883921678,-3.1870724446985546,-3.18397707313774,-3.180881769241024,-3.177786533010942,-3.174691364450814,-3.1715962635648034,-3.168501230357998,-3.165406264836524,-3.162311367007703,-3.159216536880257,-3.156121774464578,-3.153027079773092,-3.1499324528207233,-3.1468378936255146,-3.1437434022094273,-3.1406489785993976,-3.1375546228287208,-3.134460334938868,-3.1313661149818732,-3.1282719630234848,-3.125177879147331,-3.122083863460428,-3.118989916100499,-3.1158960372457085,-3.1128022271276454,-3.109708486048686,-3.1066148144052637,-3.1035212127191447,-3.100427681679557,-3.097334222200097,-3.09424083549578,-3.091147523187646,-3.0880542874451162,-3.084961131180242,-3.081868058313422,-3.078775074137817,-3.0756821858203978,-3.072589403092612,-3.0694967392048564,-3.066404212248888,-3.063311846994665,-3.0602196774482326,-3.0571277504227337,-3.0540361305364656,-3.05094490722593,-3.047854204611016,-3.0447641954070237,-3.041675120592477,-3.038587317282691,-3.035501258329059,-3.03241760871174,-3.0293373060356994,-3.0262616756925587,-3.023192595972113,-3.0201327352617473,-3.0170858934139018,-3.0140574937487674,-3.011055292887392,-3.0080904052491886,-3.0051787809060935,-3.0023433334235805,-2.9996169919004485,-2.9970470495425654,-2.9947012924526675,-2.9926764897959526,-2.9911098418770075,-2.9901937734026887
-3.5928056399981507,-3.592015974698675,-3.5906476024084677,-3.588851829942487,-3.5867383609786216,-3.584387436903499,-3.581858177167028,-3.57919440700424,-3.576428786014116,-3.573585766107827,-3.570683730489141,-3.5677365524079545,-3.5647547385156666,-3.5617462722290476,-3.5587172388561723,-3.555672290966852,-3.552614996187954,-3.549548098058618,-3.546473712328228,-3.5433934751355904,-3.5403086551971663,-3.5372202389884255,-3.5341289955981297,-3.531035526238902,-3.5279403021435662,-3.5248436936466647,-3.52174599255833,-3.5186474294209478,-3.5155481868521616,-3.512448409887295,-3.509348214015666,-3.5062476914402256,-3.5031469159651505,-3.5000459468213574,-3.4969448316679266,-3.4938436089526186,-3.4907423097727577,-3.487640959345733,-3.4845395781737767,-3.4814381829687497,-3.478336787388118,-3.475235402622037,-3.4721340378627708,-3.469032700680894,-3.4659313973274917,-3.4628301329774738,-3.459728911925934,-3.4566277377469734,-3.4535266134224596,-3.4504255414466503,-3.4473245239113965,-3.444223562575694,-3.4411226589225743,-3.438021814205749,-3.4349210294879517,-3.4318203056724967,-3.4287196435293414,-3.4256190437166394,-3.4225185067986104,-3.419418033260387,-3.4163176235203814,-3.4132172779406003,-3.4101169968352805,-3.4070167804781195,-3.403916629108364,-3.4008165429359223,-3.397716522145693,-3.3946165669012225,-3.3915166773478145,-3.3884168536151686,-3.385317095819641,-3.3822174040661754,-3.3791177784499644,-3.3760182190578862,-3.372918725969746,-3.369819299259361,-3.366719938995518,-3.3636206452428126,-3.3605214180624015,-3.357422257512682,-3.3543231636499105,-3.3512241365287756,-3.3481251762029367,-3.345026282725538,-3.3419274561497105,-3.3388286965290694,-3.335730003918216,-3.332631378373256,-3.329532819952343,-3.3264343287162603,-3.3233359047290496,-3.3202375480586968,-3.3171392587778996,-3.3140410369649267,-3.3109428827045853,-3.307844796089329,-3.304746777220525,-3.3016488262099157,-3.2985509431813123,-3.2954531282725634,-3.29235538163786,-3.2892577034504282,-3.2861600936337667,-3.283062552118164,-3.279965078840068,-3.2768676737415254,-3.2737703367696787,-3.270673067876312,-3.267575867017451,-3.2644787341529926,-3.261381669246378,-3.258284672264297,-3.255187743176417,-3.252090881955145,-3.2489940885754045,-3.2458973630144388,-3.24280070525163,-3.239704115268334,-3.2366075930477325,-3.233511138574697,-3.2304147518356663,-3.2273184328185325,-3.224222181512539,-3.2211259979081888,-3.218029881997158,-3.214933833772221,-3.211837853227179,-3.2087419403568003,-3.205646095156762,-3.202550317623604,-3.199454607754682,-3.196358965548137,-3.1932633910028625,-3.1901678841184853,-3.1870724448953536,-3.1839770733345314,-3.180881769437807,-3.177786533207717,-3.1746913646475807,-3.171596263761561,-3.1685012305547464,-3.1654062650332637,-3.1623113672044334,-3.1592165370769782,-3.156121774661291,-3.1530270799697973,-3.149932453017421,-3.146837893822205,-3.1437434024061095,-3.1406489787960723,-3.1375546230253883,-3.134460335135528,-3.1313661151785253,-3.128271963220129,-3.125177879343967,-3.1220838636570556,-3.1189899162971195,-3.115896037442322,-3.1128022273242517,-3.109708486245285,-3.106614814601855,-3.103521212915729,-3.1004276818761336,-3.0973342223966664,-3.0942408356923425,-3.0911475233842003,-3.0880542876416617,-3.0849611313767786,-3.0818680585099507,-3.078775074334338,-3.075682186016912,-3.072589403289119,-3.069496739401355,-3.066404212445379,-3.063311847191149,-3.0602196776447084,-3.0571277506192014,-3.054036130732925,-3.050944907422381,-3.047854204807458,-3.0447641956034577,-3.0416751207889026,-3.038587317479109,-3.0355012585254695,-3.0324176089081427,-3.0293373062320943,-3.0262616758889456,-3.0231925961684913,-3.020132735458118,-3.0170858936102647,-3.0140574939451223,-3.0110552930837384,-3.0080904054455275,-3.0051787811024244,-3.002343333619903,-2.9996169920967635,-2.9970470497388724,-2.9947012926489673,-2.9926764899922462,-2.991109842073296,-2.990193773598975
-3.5928056401889688,-3.5920159748894926,-3.590647602599284,-3.588851830133301,-3.5867383611694317,-3.584387437094304,-3.581858177357827,-3.5791944071950335,-3.5764287862049033,-3.5735857662986072,-3.5706837306799146,-3.5677365525987215,-3.5647547387064256,-3.561746272419799,-3.5587172390469157,-3.5556722911575873,-3.5526149963786815,-3.5495480982493377,-3.5464737125189405,-3.543393475326297,-3.540308655387867,-3.53722023917912,-3.534128995788818,-3.5310355264295823,-3.5279403023342395,-3.5248436938373304,-3.521745992748988,-3.518647429611599,-3.5155481870428047,-3.5124484100779316,-3.509348214206297,-3.50624769163085,-3.503146916155767,-3.5000459470119636,-3.4969448318585235,-3.4938436091432066,-3.4907423099633355,-3.487640959536301,-3.484539578364335,-3.481438183159301,-3.4783367875786624,-3.4752354028125745,-3.4721340380533023,-3.469032700871419,-3.4659313975180095,-3.4628301331679845,-3.459728912116437,-3.4566277379374695,-3.4535266136129468,-3.4504255416371272,-3.447324524101865,-3.444223562766154,-3.4411226591130246,-3.4380218143961923,-3.4349210296783865,-3.4318203058629235,-3.428719643719761,-3.425619043907052,-3.4225185069890167,-3.419418033450786,-3.4163176237107726,-3.413217278130984,-3.4101169970256575,-3.40701678066849,-3.4039166292987266,-3.400816543126278,-3.3977165223360415,-3.394616567091565,-3.39151667753815,-3.3884168538054964,-3.3853170960099623,-3.3822174042564894,-3.3791177786402704,-3.376018219248183,-3.3729187261600337,-3.3698192994496408,-3.3667199391857903,-3.363620645433077,-3.360521418252658,-3.357422257702931,-3.3543231638401525,-3.351224136719011,-3.3481251763931654,-3.34502628291576,-3.341927456339926,-3.338828696719278,-3.335730004108418,-3.33263137856345,-3.32953282014253,-3.3264343289064398,-3.3233359049192206,-3.32023754824886,-3.3171392589680555,-3.314041037155075,-3.3109428828947256,-3.307844796279462,-3.3047467774106507,-3.301648826400034,-3.2985509433714233,-3.2954531284626674,-3.2923553818279565,-3.2892577036405175,-3.2861600938238498,-3.2830625523082393,-3.2799650790301347,-3.276867673931583,-3.2737703369597275,-3.2706730680663534,-3.2675758672074844,-3.2644787343430184,-3.2613816694363966,-3.258284672454307,-3.2551877433664194,-3.252090882145139,-3.2489940887653903,-3.2458973632044166,-3.2428007054416,-3.239704115458297,-3.2366075932376885,-3.233511138764647,-3.2304147520256095,-3.2273184330084685,-3.2242221817024674,-3.221125998098109,-3.21802988218707,-3.214933833962125,-3.2118378534170753,-3.208741940546688,-3.2056460953466424,-3.2025503178134778,-3.199454607944549,-3.1963589657379967,-3.193263391192715,-3.1901678843083308,-3.187072445085191,-3.18397707352436,-3.1808817696276277,-3.17778653339753,-3.174691364837386,-3.171596263951359,-3.1685012307445373,-3.165406265223048,-3.162311367394212,-3.159216537266749,-3.1561217748510546,-3.153027080159553,-3.1499324532071693,-3.146837894011945,-3.143743402595842,-3.1406489789857983,-3.1375546232151073,-3.134460335325239,-3.1313661153682277,-3.1282719634098233,-3.125177879533654,-3.1220838638467354,-3.1189899164867905,-3.115896037631983,-3.1128022275139036,-3.109708486434928,-3.1066148147914903,-3.103521213105356,-3.1004276820657535,-3.0973342225862788,-3.094240835881947,-3.091147523573797,-3.0880542878312514,-3.0849611315663603,-3.0818680586995244,-3.0787750745239038,-3.0756821862064694,-3.072589403478667,-3.0694967395908965,-3.066404212634913,-3.063311847380675,-3.060219677834227,-3.0571277508087125,-3.0540361309224284,-3.050944907611878,-3.047854204996948,-3.0447641957929403,-3.0416751209783777,-3.038587317668576,-3.0355012587149286,-3.0324176090975943,-3.0293373064215383,-3.0262616760783816,-3.02319259635792,-3.020132735647538,-3.017085893799677,-3.014057494134529,-3.011055293273138,-3.00809040563492,-3.0051787812918094,-3.0023433338092804,-2.9996169922861338,-2.997047049928237,-2.994701292838326,-2.9926764901816005,-2.9911098422626474,-2.9901937737883237
-3.592805640373033,-3.5920159750735543,-3.5906476027833425,-3.5888518303173558,-3.5867383613534822,-3.584387437278351,-3.5818581775418696,-3.579194407379071,-3.5764287863889344,-3.5735857664826325,-3.5706837308639328,-3.567736552782733,-3.564754738890431,-3.5617462726037976,-3.5587172392309068,-3.555672291341571,-3.5526149965626574,-3.549548098433305,-3.5464737127029005,-3.5433934755102476,-3.5403086555718075,-3.5372202393630516,-3.534128995972741,-3.5310355266134974,-3.527940302518146,-3.5248436940212295,-3.5217459929328805,-3.518647429795485,-3.5155481872266843,-3.5124484102618045,-3.5093482143901626,-3.5062476918147083,-3.5031469163396185,-3.5000459471958103,-3.496944832042365,-3.4938436093270417,-3.4907423101471635,-3.48764095972012,-3.484539578548147,-3.4814381833431045,-3.4783367877624576,-3.475235402996363,-3.472134038237085,-3.4690327010551956,-3.4659313977017803,-3.462830133351749,-3.4597289123001964,-3.456627738121222,-3.453526613796694,-3.450425541820869,-3.4473245242856008,-3.4442235629498827,-3.4411226592967457,-3.4380218145799053,-3.4349210298620916,-3.43182030604662,-3.4287196439034484,-3.42561904409073,-3.4225185071726845,-3.4194180336344457,-3.416317623894425,-3.413217278314629,-3.4101169972092946,-3.4070167808521212,-3.4039166294823513,-3.4008165433098947,-3.397716522519651,-3.3946165672751665,-3.3915166777217443,-3.388416853989084,-3.385317096193543,-3.3822174044400626,-3.3791177788238373,-3.3760182194317445,-3.3729187263435896,-3.369819299633191,-3.366719939369334,-3.363620645616615,-3.36052141843619,-3.3574222578864577,-3.354323164023673,-3.351224136902524,-3.348125176576672,-3.3450262830992594,-3.341927456523418,-3.3388286969027616,-3.335730004291893,-3.332631378746917,-3.3295328203259893,-3.3264343290898926,-3.3233359051026663,-3.320237548432297,-3.3171392591514843,-3.3140410373384954,-3.310942883078139,-3.307844796462868,-3.30474677759405,-3.3016488265834263,-3.2985509435548086,-3.2954531286460456,-3.292355382011327,-3.2892577038238815,-3.2861600940072067,-3.283062552491589,-3.279965079213478,-3.27686767411492,-3.2737703371430578,-3.270673068249676,-3.2675758673908,-3.2644787345263264,-3.261381669619697,-3.2582846726375996,-3.255187743549704,-3.252090882328415,-3.2489940889486584,-3.2458973633876766,-3.2428007056248522,-3.2397041156415405,-3.2366075934209237,-3.2335111389478732,-3.230414752208828,-3.2273184331916793,-3.224222181885671,-3.221125998281306,-3.2180298823702604,-3.2149338341453086,-3.211837853600252,-3.208741940729858,-3.2056460955298047,-3.202550317996631,-3.1994546081276938,-3.1963589659211338,-3.1932633913758455,-3.190167884491455,-3.187072445268308,-3.1839770737074704,-3.18088176981073,-3.177786533580625,-3.174691365020473,-3.1715962641344397,-3.168501230927611,-3.1654062654061135,-3.162311367577269,-3.1592165374497982,-3.156121775034097,-3.153027080342588,-3.1499324533901962,-3.146837894194965,-3.143743402778855,-3.1406489791688035,-3.137554623398105,-3.13446033550823,-3.1313661155512116,-3.1282719635928005,-3.1251778797166225,-3.1220838640296966,-3.118989916669744,-3.115896037814929,-3.112802227696842,-3.109708486617859,-3.1066148149744124,-3.10352121328827,-3.1004276822486596,-3.097334222769177,-3.094240836064838,-3.0911475237566814,-3.0880542880141286,-3.0849611317492323,-3.08186805888239,-3.078775074706763,-3.0756821863893213,-3.072589403661513,-3.069496739773734,-3.066404212817743,-3.0633118475634977,-3.060219678017043,-3.057127750991522,-3.054036131105231,-3.0509449077946735,-3.047854205179737,-3.0447641959757217,-3.0416751211611524,-3.038587317851343,-3.0355012588976886,-3.0324176092803463,-3.0293373066042837,-3.0262616762611194,-3.0231925965406505,-3.020132735830262,-3.0170858939823937,-3.0140574943172367,-3.011055293455838,-3.008090405817613,-3.0051787814744957,-3.0023433339919605,-2.9996169924688068,-2.997047050110904,-2.9947012930209875,-2.9926764903642566,-2.991109842445299,-2.9901937739709723
-3.592805640550592,-3.592015975251112,-3.590647602960897,-3.588851830494905,-3.5867383615310264,-3.5843874374558893,-3.5818581777194014,-3.5791944075565953,-3.5764287865664537,-3.573585766660145,-3.5706837310414388,-3.567736552960233,-3.5647547390679235,-3.5617462727812828,-3.5587172394083857,-3.555672291519043,-3.552614996740123,-3.5495480986107637,-3.546473712880352,-3.5433934756876924,-3.5403086557492465,-3.5372202395404826,-3.5341289961501645,-3.5310355267909137,-3.5279403026955554,-3.5248436941986316,-3.5217459931102746,-3.5186474299728707,-3.515548187404062,-3.5124484104391747,-3.509348214567525,-3.506247691992065,-3.5031469165169695,-3.5000459473731538,-3.496944832219701,-3.4938436095043715,-3.490742310324487,-3.4876409598974387,-3.4845395787254603,-3.4814381835204125,-3.4783367879397606,-3.47523540317366,-3.472134038414373,-3.469032701232476,-3.4659313978790527,-3.462830133529014,-3.4597289124774533,-3.4566277382984714,-3.4535266139739362,-3.4504255419981043,-3.447324524462829,-3.4442235631271063,-3.4411226594739652,-3.43802181475712,-3.434921030039302,-3.4318203062238255,-3.4287196440806484,-3.425619044267925,-3.422518507349876,-3.419418033811632,-3.416317624071605,-3.4132172784918025,-3.410116997386461,-3.4070167810292786,-3.403916629659501,-3.4008165434870365,-3.3977165226967854,-3.394616567452293,-3.391516677898862,-3.3884168541661945,-3.385317096370646,-3.3822174046171583,-3.379117779000925,-3.3760182196088238,-3.372918726520661,-3.3698192998102536,-3.3667199395463885,-3.3636206457936613,-3.360521418613229,-3.3574222580634876,-3.354323164200695,-3.35122413707954,-3.34812517675368,-3.34502628327626,-3.3419274567004114,-3.338828697079748,-3.3357300044688727,-3.33263137892389,-3.3295328205029557,-3.3264343292668523,-3.32333590527962,-3.3202375486092444,-3.317139259328425,-3.314041037515428,-3.3109428832550636,-3.3078447966397846,-3.304746777770959,-3.3016488267603283,-3.298550943731704,-3.2954531288229347,-3.2923553821882092,-3.289257704000755,-3.2861600941840714,-3.2830625526684463,-3.2799650793903274,-3.276867674291762,-3.273770337319892,-3.270673068426503,-3.2675758675676194,-3.2644787347031383,-3.2613816697965015,-3.2582846728143977,-3.2551877437264953,-3.2520908825052004,-3.2489940891254374,-3.2458973635644495,-3.2428007058016184,-3.2397041158182995,-3.236607593597676,-3.2335111391246185,-3.2304147523855664,-3.227318433368411,-3.2242221820623964,-3.2211259984580245,-3.218029882546973,-3.2149338343220135,-3.2118378537769496,-3.208741940906549,-3.205646095706489,-3.2025503181733095,-3.1994546083043653,-3.1963589660977982,-3.1932633915525024,-3.1901678846681043,-3.1870724454449513,-3.183977073884107,-3.18088176998736,-3.177786533757247,-3.174691365197089,-3.1715962643110487,-3.168501231104213,-3.1654062655827104,-3.1623113677538597,-3.1592165376263828,-3.1561217752106727,-3.1530270805191556,-3.1499324535667563,-3.1468378943715165,-3.143743402955398,-3.1406489793453374,-3.137554623574631,-3.1344603356847482,-3.1313661157277224,-3.1282719637693037,-3.1251778798931196,-3.122083864206187,-3.118989916846228,-3.1158960379914062,-3.112802227873313,-3.109708486794323,-3.1066148151508703,-3.1035212134647217,-3.100427682425105,-3.0973342229456162,-3.0942408362412723,-3.0911475239331097,-3.08805428819055,-3.0849611319256467,-3.0818680590587966,-3.078775074883161,-3.075682186565711,-3.0725894038378945,-3.0694967399501087,-3.0664042129941103,-3.0633118477398584,-3.0602196781933957,-3.057127751167865,-3.054036131281566,-3.050944907971001,-3.047854205356057,-3.0447641961520353,-3.0416751213374575,-3.038587318027642,-3.0355012590739796,-3.0324176094566297,-3.029337306780559,-3.0262616764373886,-3.023192596716912,-3.020132736006517,-3.0170858941586425,-3.0140574944934784,-3.011055293632073,-3.00809040599384,-3.005178781650715,-3.002343334168173,-2.999616992645013,-2.997047050287104,-2.9947012931971826,-2.9926764905404473,-2.9911098426214857,-2.990193774147157
-3.592805640721866,-3.592015975422384,-3.590647603132167,-3.588851830666173,-3.586738361702291,-3.5843874376271474,-3.5818581778906546,-3.5791944077278433,-3.576428786737694,-3.5735857668313775,-3.5706837312126645,-3.5677365531314496,-3.564754739239133,-3.5617462729524867,-3.5587172395795834,-3.5556722916902346,-3.5526149969113083,-3.549548098781943,-3.546473713051525,-3.54339347585886,-3.5403086559204078,-3.5372202397116395,-3.534128996321316,-3.5310355269620595,-3.527940302866695,-3.5248436943697645,-3.5217459932814017,-3.5186474301439925,-3.5155481875751775,-3.5124484106102822,-3.5093482147386257,-3.506247692163157,-3.503146916688055,-3.500045947544232,-3.496944832390773,-3.493843609675436,-3.490742310495545,-3.4876409600684903,-3.4845395788965043,-3.4814381836914494,-3.478336788110791,-3.475235403344683,-3.4721340385853914,-3.4690327014034885,-3.465931398050059,-3.462830133700013,-3.459728912648445,-3.4566277384694564,-3.4535266141449146,-3.4504255421690764,-3.4473245246337947,-3.4442235632980647,-3.441122659644916,-3.4380218149280632,-3.434921030210238,-3.431820306394754,-3.4287196442515717,-3.4256190444388417,-3.4225185075207847,-3.419418033982534,-3.4163176242424993,-3.413217278662691,-3.410116997557343,-3.4070167812001544,-3.4039166298303702,-3.4008165436579,-3.397716522867641,-3.394616567623143,-3.391516678069706,-3.3884168543370308,-3.385317096541475,-3.382217404787981,-3.379117779171742,-3.3760182197796347,-3.372918726691464,-3.36981929998105,-3.366719939717178,-3.3636206459644438,-3.360521418784004,-3.3574222582342554,-3.3543231643714555,-3.351224137250293,-3.348125176924426,-3.345026283446999,-3.341927456871143,-3.338828697250473,-3.33573000463959,-3.3326313790946,-3.329532820673658,-3.3264343294375474,-3.3233359054503078,-3.3202375487799256,-3.317139259499099,-3.314041037686096,-3.310942883425725,-3.307844796810439,-3.3047467779416055,-3.301648826930967,-3.298550943902335,-3.2954531289935582,-3.292355382358826,-3.2892577041713658,-3.2861600943546754,-3.2830625528390427,-3.2799650795609168,-3.276867674462344,-3.2737703374904665,-3.270673068597071,-3.2675758677381816,-3.2644787348736948,-3.2613816699670517,-3.258284672984942,-3.255187743897034,-3.252090882675733,-3.2489940892959637,-3.245897363734969,-3.2428007059721313,-3.2397041159888063,-3.236607593768176,-3.233511139295112,-3.2304147525560527,-3.227318433538891,-3.22422218223287,-3.221125998628491,-3.2180298827174316,-3.214933834492466,-3.2118378539473955,-3.2087419410769873,-3.20564609587692,-3.2025503183437327,-3.1994546084747824,-3.196358966268208,-3.193263391722905,-3.190167884838501,-3.1870724456153408,-3.183977074054489,-3.180881770157736,-3.1777865339276175,-3.1746913653674533,-3.1715962644814057,-3.1685012312745626,-3.165406265753051,-3.1623113679241914,-3.1592165377967065,-3.156121775380989,-3.153027080689465,-3.1499324537370605,-3.1468378945418145,-3.14374340312569,-3.1406489795156225,-3.137554623744908,-3.1344603358550174,-3.131366115897985,-3.128271963939559,-3.125177880063368,-3.1220838643764277,-3.1189899170164623,-3.1158960381616354,-3.1128022280435346,-3.109708486964538,-3.1066148153210795,-3.103521213634924,-3.1004276825953,-3.0973342231158028,-3.09424083641145,-3.091147524103278,-3.08805428836071,-3.0849611320957986,-3.081868059228942,-3.0787750750533007,-3.0756821867358464,-3.0725894040080237,-3.0694967401202313,-3.066404213164226,-3.0633118479099677,-3.0602196783634983,-3.0571277513379624,-3.0540361314516575,-3.0509449081410867,-3.047854205526136,-3.044764196322107,-3.0416751215075237,-3.0385873181977012,-3.035501259244032,-3.032417609626675,-3.0293373069505978,-3.02626167660742,-3.0231925968869375,-3.020132736176536,-3.0170858943286545,-3.0140574946634846,-3.011055293802072,-3.008090406163832,-3.005178781820701,-3.0023433343381525,-2.999616992814986,-2.9970470504570708,-2.9947012933671426,-2.9926764907104024,-2.9911098427914378,-2.990193774317108
-3.5928056408870632,-3.5920159755875796,-3.5906476032973598,-3.588851830831361,-3.5867383618674737,-3.5843874377923264,-3.58185817805583,-3.5791944078930142,-3.57642878690286,-3.5735857669965396,-3.5706837313778204,-3.5677365532966006,-3.564754739404278,-3.561746273117624,-3.558717239744712,-3.555672291855357,-3.5526149970764243,-3.5495480989470534,-3.546473713216629,-3.543393476023958,-3.5403086560855,-3.5372202398767247,-3.5341289964863933,-3.53103552712713,-3.5279403030317584,-3.5248436945348214,-3.5217459934464523,-3.518647430309036,-3.5155481877402144,-3.5124484107753124,-3.509348214903649,-3.5062476923281745,-3.503146916853065,-3.5000459477092365,-3.496944832555771,-3.493843609840427,-3.4907423106605298,-3.4876409602334686,-3.4845395790614764,-3.4814381838564143,-3.4783367882757488,-3.4752354035096342,-3.4721340387503346,-3.4690327015684237,-3.465931398214987,-3.462830133864934,-3.4597289128133597,-3.456627738634364,-3.4535266143098156,-3.450425542333971,-3.4473245247986832,-3.4442235634629466,-3.441122659809791,-3.4380218150929305,-3.4349210303750977,-3.4318203065596093,-3.4287196444164207,-3.4256190446036854,-3.422518507685622,-3.4194180341473652,-3.4163176244073243,-3.413217278827509,-3.4101169977221533,-3.4070167813649586,-3.4039166299951678,-3.4008165438226907,-3.397716523032426,-3.3946165677879216,-3.391516678234478,-3.3884168545017967,-3.3853170967062334,-3.382217404952732,-3.3791177793364855,-3.376018219944371,-3.3729187268561938,-3.369819300145773,-3.3667199398818943,-3.363620646129154,-3.360521418948708,-3.3574222583989535,-3.3543231645361464,-3.3512241374149765,-3.348125177089103,-3.345026283611669,-3.341927457035807,-3.3388286974151313,-3.335730004804243,-3.3326313792592486,-3.3295328208383017,-3.3264343296021854,-3.32333590561494,-3.3202375489445517,-3.3171392596637186,-3.314041037850709,-3.3109428835903314,-3.3078447969750395,-3.3047467781062005,-3.3016488270955557,-3.2985509440669163,-3.295453129158132,-3.292355382523392,-3.289257704335925,-3.2861600945192277,-3.2830625530035897,-3.2799650797254576,-3.2768676746268794,-3.2737703376549963,-3.270673068761594,-3.267575867902698,-3.2644787350382045,-3.2613816701315548,-3.2582846731494377,-3.2551877440615224,-3.2520908828402146,-3.248994089460438,-3.245897363899436,-3.2428007061365913,-3.23970411615326,-3.2366075939326233,-3.2335111394595533,-3.2304147527204874,-3.2273184337033185,-3.2242221823972903,-3.221125998792905,-3.2180298828818397,-3.214933834656868,-3.2118378541117907,-3.2087419412413762,-3.205646096041303,-3.20255031850811,-3.199454608639152,-3.1963589664325713,-3.1932633918872617,-3.1901678850028494,-3.187072445779682,-3.1839770742188245,-3.1808817703220647,-3.1777865340919407,-3.1746913655317694,-3.171596264645715,-3.168501231438866,-3.165406265917347,-3.1623113680884822,-3.159216537960991,-3.156121775545267,-3.1530270808537355,-3.149932453901322,-3.1468378947060676,-3.143743403289936,-3.1406489796798622,-3.1375546239091414,-3.1344603360192447,-3.1313661160622064,-3.1282719641037753,-3.1251778802275783,-3.122083864540633,-3.1189899171806603,-3.115896038325826,-3.112802228207719,-3.109708487128716,-3.10661481548525,-3.103521213799088,-3.1004276827594572,-3.0973342232799537,-3.0942408365755942,-3.091147524267417,-3.088054288524843,-3.0849611322599255,-3.081868059393062,-3.0787750752174134,-3.0756821868999515,-3.072589404172122,-3.069496740284321,-3.0664042133283083,-3.0633118480740413,-3.0602196785275653,-3.057127751502023,-3.054036131615711,-3.050944908305133,-3.047854205690176,-3.0447641964861405,-3.041675121671551,-3.0385873183617225,-3.035501259408048,-3.0324176097906865,-3.029337307114605,-3.026261676771421,-3.023192597050932,-3.0201327363405235,-3.0170858944926353,-3.0140574948274583,-3.0110552939660398,-3.008090406327794,-3.0051787819846565,-3.0023433345021013,-2.9996169929789303,-2.997047050621011,-2.9947012935310795,-2.9926764908743357,-2.9911098429553684,-2.9901937744810363
-3.5928056410463904,-3.592015975746905,-3.5906476034566825,-3.5888518309906803,-3.586738362026789,-3.5843874379516376,-3.581858178215135,-3.579194408052315,-3.5764287870621567,-3.5735857671558313,-3.5706837315371076,-3.5677365534558843,-3.5647547395635577,-3.5617462732768996,-3.558717239903984,-3.5556722920146235,-3.552614997235685,-3.549548099106308,-3.5464737133758764,-3.543393476183198,-3.540308656244733,-3.5372202400359503,-3.5341289966456118,-3.531035527286342,-3.5279403031909644,-3.5248436946940216,-3.5217459936056454,-3.518647430468222,-3.5155481878993937,-3.5124484109344865,-3.509348215062817,-3.506247692487335,-3.503146917012219,-3.5000459478683843,-3.4969448327149113,-3.493843609999561,-3.4907423108196576,-3.487640960392589,-3.484539579220591,-3.4814381840155226,-3.4783367884348504,-3.47523540366873,-3.472134038909424,-3.469032701727508,-3.465931398374065,-3.4628301340240064,-3.459728912972426,-3.4566277387934248,-3.4535266144688705,-3.450425542493021,-3.4473245249577276,-3.4442235636219842,-3.4411226599688223,-3.4380218152519566,-3.4349210305341176,-3.431820306718622,-3.4287196445754264,-3.4256190447626835,-3.4225185078446136,-3.419418034306351,-3.416317624566304,-3.4132172789864814,-3.41011699788112,-3.4070167815239185,-3.403916630154122,-3.4008165439816387,-3.3977165231913666,-3.394616567946855,-3.3915166783934043,-3.3884168546607167,-3.385317096865147,-3.382217405111639,-3.379117779495387,-3.376018220103267,-3.372918727015085,-3.3698193003046595,-3.3667199400407752,-3.3636206462880294,-3.360521419107578,-3.3574222585578175,-3.3543231646950047,-3.3512241375738285,-3.3481251772479483,-3.345026283770509,-3.3419274571946413,-3.3388286975739594,-3.3357300049630645,-3.332631379418063,-3.3295328209971076,-3.3264343297609837,-3.323335905773731,-3.3202375491033354,-3.3171392598224965,-3.3140410380094814,-3.3109428837490977,-3.307844797133799,-3.304746778264954,-3.3016488272543034,-3.298550944225658,-3.2954531293168676,-3.292355382682122,-3.289257704494649,-3.2861600946779457,-3.2830625531622997,-3.2799650798841604,-3.2768676747855747,-3.273770337813684,-3.2706730689202757,-3.267575868061373,-3.264478735196873,-3.261381670290217,-3.2582846733080943,-3.2551877442201724,-3.2520908829988584,-3.2489940896190763,-3.2458973640580684,-3.2428007062952173,-3.2397041163118785,-3.2366075940912356,-3.233511139618159,-3.2304147528790863,-3.2273184338619103,-3.224222182555875,-3.221125998951482,-3.21802988304041,-3.214933834815432,-3.2118378542703487,-3.208741941399928,-3.205646096199849,-3.2025503186666495,-3.1994546087976863,-3.196358966591099,-3.193263392045784,-3.190167885161367,-3.1870724459381954,-3.1839770743773324,-3.1808817704805676,-3.1777865342504374,-3.174691365690261,-3.1715962648042,-3.1685012315973435,-3.165406266075819,-3.162311368246947,-3.159216538119449,-3.1561217757037174,-3.1530270810121785,-3.1499324540597593,-3.146837894864499,-3.14374340344836,-3.1406489798382777,-3.13755462406755,-3.1344603361776464,-3.1313661162206015,-3.1282719642621633,-3.125177880385959,-3.122083864699007,-3.1189899173390288,-3.1158960384841876,-3.1128022283660735,-3.1097084872870635,-3.1066148156435918,-3.103521213957424,-3.1004276829177866,-3.0973342234382772,-3.0942408367339116,-3.0911475244257276,-3.088054288683148,-3.0849611324182247,-3.081868059551355,-3.0787750753757006,-3.0756821870582316,-3.072589404330395,-3.069496740442589,-3.0664042134865714,-3.0633118482322996,-3.060219678685818,-3.0571277516602695,-3.0540361317739517,-3.050944908463367,-3.0478542058484033,-3.0447641966443615,-3.041675121829766,-3.0385873185199306,-3.03550125956625,-3.032417609948881,-3.029337307272791,-3.0262616769296,-3.023192597209104,-3.0201327364986885,-3.0170858946507937,-3.0140574949856096,-3.011055294124184,-3.008090406485932,-3.0051787821427887,-3.002343334660228,-2.9996169931370513,-2.9970470507791265,-2.9947012936891904,-2.992676491032442,-2.9911098431134713,-2.990193774639137
-3.5928056412000515,-3.592015975900565,-3.5906476036103396,-3.588851831144335,-3.58673836218044,-3.5843874381052827,-3.5818581783687744,-3.579194408205947,-3.5764287872157827,-3.5735857673094515,-3.570683731690721,-3.5677365536094903,-3.5647547397171566,-3.561746273430491,-3.558717240057568,-3.5556722921682016,-3.552614997389258,-3.5495480992598742,-3.546473713529438,-3.543393476336754,-3.540308656398284,-3.5372202401894968,-3.5341289967991543,-3.53103552743988,-3.5279403033444976,-3.52484369484755,-3.5217459937591697,-3.518647430621742,-3.5155481880529087,-3.5124484110879957,-3.50934821521632,-3.5062476926408315,-3.5031469171657093,-3.500045948021868,-3.4969448328683908,-3.4938436101530352,-3.490742310973125,-3.48764096054605,-3.4845395793740446,-3.4814381841689697,-3.4783367885882908,-3.475235403822162,-3.47213403906285,-3.4690327018809275,-3.4659313985274793,-3.4628301341774153,-3.459728913125829,-3.4566277389468216,-3.4535266146222607,-3.4504255426464034,-3.4473245251111027,-3.4442235637753527,-3.4411226601221845,-3.438021815405313,-3.434921030687468,-3.4318203068719666,-3.428719644728765,-3.4256190449160173,-3.422518507997942,-3.4194180344596727,-3.4163176247196203,-3.413217279139793,-3.4101169980344275,-3.4070167816772208,-3.403916630307418,-3.400816544134928,-3.39771652334465,-3.3946165681001306,-3.3915166785466733,-3.38841685481398,-3.385317097018405,-3.3822174052648926,-3.3791177796486345,-3.376018220256509,-3.372918727168321,-3.3698193004578885,-3.366719940193998,-3.363620646441246,-3.360521419260788,-3.357422258711022,-3.3543231648482044,-3.351224137727022,-3.3481251774011356,-3.3450262839236897,-3.3419274573478153,-3.3388286977271266,-3.335730005116225,-3.3326313795712164,-3.3295328211502557,-3.326434329914126,-3.323335905926867,-3.3202375492564653,-3.31713925997562,-3.3140410381625984,-3.310942883902209,-3.3078447972869056,-3.304746778418054,-3.301648827407398,-3.2985509443787473,-3.2954531294699514,-3.2923553828351997,-3.2892577046477203,-3.2861600948310112,-3.283062553315361,-3.2799650800372158,-3.276867674938624,-3.2737703379667282,-3.2706730690733137,-3.2675758682144047,-3.2644787353498974,-3.2613816704432352,-3.258284673461105,-3.255187744373176,-3.252090883151855,-3.248994089772067,-3.245897364211054,-3.242800706448198,-3.2397041164648543,-3.2366075942442043,-3.233511139771121,-3.2304147530320426,-3.227318434014861,-3.22422218270882,-3.221125999104422,-3.218029883193343,-3.214933834968358,-3.2118378544232686,-3.2087419415528413,-3.2056460963527544,-3.2025503188195485,-3.199454608950579,-3.1963589667439853,-3.1932633921986633,-3.1901678853142394,-3.1870724460910593,-3.1839770745301887,-3.180881770633418,-3.177786534403281,-3.1746913658430977,-3.171596264957031,-3.1685012317501693,-3.165406266228639,-3.1623113683997612,-3.159216538272257,-3.1561217758565205,-3.153027081164977,-3.1499324542125526,-3.1468378950172875,-3.1437434036011447,-3.1406489799910595,-3.137554624220327,-3.134460336330419,-3.1313661163733673,-3.128271964414923,-3.1251778805387134,-3.122083864851755,-3.11898991749177,-3.1158960386369237,-3.1128022285188046,-3.1097084874397893,-3.1066148157963123,-3.103521214110138,-3.100427683070494,-3.0973342235909787,-3.0942408368866055,-3.0911475245784144,-3.0880542888358287,-3.084961132570898,-3.0818680597040213,-3.0787750755283603,-3.075682187210885,-3.072589404483042,-3.0694967405952287,-3.0664042136392036,-3.063311848384925,-3.060219678838436,-3.0571277518128803,-3.0540361319265554,-3.050944908615964,-3.047854206000995,-3.044764196796947,-3.0416751219823444,-3.0385873186725028,-3.0355012597188153,-3.0324176101014406,-3.0293373074253442,-3.026261677082147,-3.023192597361645,-3.0201327366512234,-3.0170858948033237,-3.014057495138135,-3.011055294276704,-3.008090406638447,-3.0051787822952982,-3.0023433348127324,-2.99961699328955,-2.9970470509316183,-2.9947012938416764,-2.9926764911849237,-2.991109843265949,-2.990193774791613
-3.592805641348217,-3.5920159760487307,-3.590647603758503,-3.5888518312924953,-3.5867383623285973,-3.5843874382534375,-3.5818581785169266,-3.579194408354096,-3.5764287873639278,-3.573585767457591,-3.570683731838855,-3.567736553757619,-3.5647547398652795,-3.5617462735786085,-3.558717240205681,-3.5556722923163084,-3.5526149975373578,-3.5495480994079687,-3.5464737136775257,-3.5433934764848374,-3.5403086565463617,-3.537220240337567,-3.534128996947218,-3.5310355275879375,-3.5279403034925494,-3.524843694995595,-3.5217459939072078,-3.5186474307697737,-3.5155481882009334,-3.5124484112360137,-3.509348215364332,-3.5062476927888384,-3.5031469173137104,-3.5000459481698623,-3.4969448330163773,-3.493843610301016,-3.4907423111211013,-3.4876409606940224,-3.484539579522012,-3.4814381843169326,-3.4783367887362484,-3.475235403970115,-3.4721340392107964,-3.4690327020288674,-3.4659313986754126,-3.4628301343253414,-3.4597289132737488,-3.456627739094735,-3.453526614770168,-3.4504255427943042,-3.447324525258998,-3.4442235639232424,-3.441122660270069,-3.4380218155531903,-3.4349210308353393,-3.431820307019832,-3.428719644876624,-3.4256190450638697,-3.422518508145788,-3.4194180346075127,-3.416317624867455,-3.4132172792876223,-3.4101169981822506,-3.4070167818250385,-3.40391663045523,-3.400816544282735,-3.3977165234924525,-3.3946165682479292,-3.3915166786944675,-3.3884168549617693,-3.3853170971661894,-3.3822174054126712,-3.3791177797964083,-3.3760182204042772,-3.372918727316083,-3.369819300605645,-3.3667199403417483,-3.363620646588989,-3.360521419408525,-3.357422258858753,-3.354323164995928,-3.3512241378747403,-3.3481251775488476,-3.345026284071396,-3.341927457495516,-3.338828697874821,-3.335730005263913,-3.332631379718899,-3.3295328212979323,-3.326434330061797,-3.3233359060745324,-3.3202375494041254,-3.317139260123274,-3.3140410383102465,-3.3109428840498505,-3.3078447974345404,-3.3047467785656823,-3.3016488275550198,-3.298550944526362,-3.29545312961756,-3.292355382982802,-3.289257704795316,-3.286160094978601,-3.283062553462944,-3.279965080184794,-3.2768676750861974,-3.2737703381142955,-3.2706730692208748,-3.2675758683619605,-3.2644787354974483,-3.2613816705907803,-3.258284673608645,-3.2551877445207107,-3.2520908832993842,-3.2489940899195893,-3.24589736435857,-3.2428007065957067,-3.239704116612357,-3.2366075943917023,-3.233511139918614,-3.2304147531795295,-3.227318434162342,-3.224222182856295,-3.2211259992518917,-3.2180298833408076,-3.214933835115817,-3.2118378545707222,-3.20874194170029,-3.2056460965001987,-3.2025503189669866,-3.19945460909801,-3.19635896689141,-3.193263392346081,-3.19016788546165,-3.1870724462384645,-3.1839770746775877,-3.180881770780809,-3.1777865345506644,-3.174691365990474,-3.1715962651044007,-3.1685012318975323,-3.165406266375996,-3.162311368547112,-3.1592165384196025,-3.1561217760038605,-3.1530270813123114,-3.14993245435988,-3.1468378951646088,-3.1437434037484597,-3.1406489801383684,-3.1375546243676298,-3.134460336477715,-3.1313661165206583,-3.1282719645622086,-3.125177880685994,-3.12208386499903,-3.1189899176390408,-3.1158960387841894,-3.112802228666065,-3.109708487587045,-3.106614815943561,-3.1035212142573805,-3.1004276832177315,-3.0973342237382098,-3.0942408370338312,-3.0911475247256344,-3.088054288983042,-3.0849611327181057,-3.081868059851223,-3.0787750756755554,-3.075682187358075,-3.0725894046302265,-3.0694967407424087,-3.0664042137863783,-3.063311848532094,-3.0602196789856007,-3.0571277519600404,-3.05403613207371,-3.0509449087631135,-3.0478542061481373,-3.044764196944083,-3.0416751221294733,-3.0385873188196255,-3.035501259865931,-3.03241761024855,-3.029337307572447,-3.026261677229243,-3.0231925975087344,-3.020132736798307,-3.0170858949504002,-3.0140574952852046,-3.0110552944237674,-3.0080904067855037,-3.0051787824423486,-3.0023433349597766,-2.999616993436588,-2.997047051078652,-2.9947012939887054,-2.9926764913319492,-2.991109843412972,-2.990193774938634
-3.592805641491046,-3.592015976191558,-3.5906476039013295,-3.58885183143532,-3.586738362471418,-3.584387438396253,-3.5818581786597354,-3.5791944084968987,-3.5764287875067238,-3.5735857676003824,-3.5706837319816422,-3.567736553900401,-3.5647547400080564,-3.5617462737213796,-3.5587172403484457,-3.555672292459066,-3.5526149976801094,-3.5495480995507145,-3.546473713820266,-3.5433934766275725,-3.540308656689091,-3.537220240480291,-3.5341289970899354,-3.531035527730649,-3.527940303635254,-3.5248436951382933,-3.5217459940499003,-3.5186474309124605,-3.5155481883436153,-3.5124484113786907,-3.5093482155070044,-3.5062476929315056,-3.5031469174563727,-3.500045948312521,-3.4969448331590316,-3.4938436104436645,-3.4907423112637437,-3.487640960836658,-3.4845395796646423,-3.4814381844595568,-3.4783367888788677,-3.4752354041127296,-3.4721340393534064,-3.4690327021714724,-3.465931398818011,-3.462830134467935,-3.459728913416337,-3.4566277392373177,-3.4535266149127453,-3.4504255429368764,-3.4473245254015645,-3.4442235640658034,-3.441122660412624,-3.4380218156957407,-3.434921030977885,-3.4318203071623725,-3.4287196450191595,-3.4256190452063997,-3.422518508288313,-3.4194180347500316,-3.416317625009968,-3.4132172794301288,-3.4101169983247512,-3.407016781967533,-3.4039166305977178,-3.4008165444252163,-3.397716523634926,-3.3946165683903957,-3.391516678836928,-3.3884168551042233,-3.385317097308637,-3.3822174055551133,-3.379117779938843,-3.3760182205467046,-3.3729187274585044,-3.3698193007480604,-3.366719940484158,-3.3636206467313934,-3.3605214195509236,-3.357422259001146,-3.354323165138316,-3.351224138017123,-3.3481251776912258,-3.345026284213768,-3.3419274576378815,-3.338828698017181,-3.3357300054062677,-3.3326313798612484,-3.329532821440276,-3.3264343302041346,-3.3233359062168653,-3.3202375495464533,-3.3171392602655962,-3.314041038452563,-3.3109428841921615,-3.3078447975768457,-3.3047467787079823,-3.3016488276973135,-3.29855094466865,-3.295453129759842,-3.2923553831250785,-3.289257704937587,-3.2861600951208656,-3.283062553605203,-3.2799650803270475,-3.276867675228445,-3.2737703382565386,-3.270673069363113,-3.267575868504194,-3.2644787356396763,-3.2613816707330026,-3.258284673750861,-3.2551877446629214,-3.2520908834415896,-3.2489940900617897,-3.2458973645007645,-3.2428007067378957,-3.2397041167545395,-3.2366075945338775,-3.2335111400607826,-3.230414753321692,-3.2273184343044985,-3.2242221829984463,-3.2211259993940367,-3.2180298834829473,-3.214933835257951,-3.2118378547128503,-3.2087419418424115,-3.205646096642313,-3.202550319109094,-3.1994546092401124,-3.196358967033507,-3.1932633924881735,-3.1901678856037368,-3.187072446380545,-3.183977074819663,-3.18088177092288,-3.1777865346927303,-3.174691366132535,-3.171596265246457,-3.168501232039583,-3.165406266518041,-3.162311368689151,-3.159216538561635,-3.1561217761458873,-3.1530270814543333,-3.149932454501897,-3.146837895306621,-3.143743403890466,-3.14064898028037,-3.137554624509627,-3.134460336619708,-3.1313661166626465,-3.1282719647041914,-3.125177880827971,-3.122083865141001,-3.1189899177810054,-3.115896038926148,-3.1128022288080173,-3.109708487728991,-3.1066148160855023,-3.1035212143993154,-3.1004276833596593,-3.09733422388013,-3.0942408371757444,-3.0911475248675413,-3.0880542891249427,-3.0849611328599997,-3.081868059993111,-3.0787750758174375,-3.0756821874999503,-3.0725894047720956,-3.0694967408842717,-3.066404213928237,-3.0633118486739477,-3.060219679127449,-3.0571277521018834,-3.0540361322155487,-3.0509449089049467,-3.0478542062899656,-3.044764197085906,-3.0416751222712923,-3.038587318961439,-3.035501260007739,-3.0324176103903517,-3.0293373077142434,-3.0262616773710347,-3.0231925976505214,-3.0201327369400888,-3.0170858950921766,-3.014057495426976,-3.0110552945655336,-3.008090406927264,-3.0051787825841036,-3.0023433351015263,-2.9996169935783317,-2.9970470512203904,-2.9947012941304387,-2.9926764914736768,-2.9911098435546952,-2.990193775080355
-3.592805641628649,-3.5920159763291593,-3.590647604038926,-3.5888518315729114,-3.5867383626090055,-3.5843874385338377,-3.581858178797318,-3.5791944086344776,-3.576428787644298,-3.5735857677379514,-3.570683732119206,-3.567736554037959,-3.56475474014561,-3.5617462738589296,-3.5587172404859926,-3.55567229259661,-3.5526149978176487,-3.5495480996882485,-3.546473713957795,-3.5433934767650954,-3.540308656826608,-3.537220240617803,-3.534128997227443,-3.53103552786815,-3.5279403037727484,-3.524843695275782,-3.521745994187383,-3.518647431049938,-3.5155481884810857,-3.5124484115161545,-3.509348215644462,-3.5062476930689583,-3.50314691759382,-3.5000459484499626,-3.4969448332964683,-3.4938436105810955,-3.490742311401169,-3.487640960974079,-3.484539579802058,-3.481438184596968,-3.4783367890162733,-3.47523540425013,-3.4721340394908013,-3.469032702308861,-3.465931398955395,-3.4628301346053134,-3.4597289135537097,-3.4566277393746856,-3.4535266150501087,-3.4504255430742354,-3.4473245255389187,-3.4442235642031527,-3.4411226605499676,-3.438021815833079,-3.434921031115217,-3.4318203072996982,-3.428719645156479,-3.4256190453437134,-3.422518508425621,-3.4194180348873338,-3.416317625147264,-3.4132172795674176,-3.4101169984620325,-3.407016782104808,-3.403916630734989,-3.4008165445624825,-3.397716523772188,-3.3946165685276526,-3.391516678974179,-3.3884168552414677,-3.3853170974458755,-3.3822174056923444,-3.3791177800760686,-3.376018220683924,-3.372918727595718,-3.369819300885269,-3.366719940621362,-3.363620646868592,-3.360521419688118,-3.3574222591383345,-3.354323165275499,-3.351224138154301,-3.3481251778283982,-3.3450262843509346,-3.3419274577750424,-3.338828698154336,-3.3357300055434176,-3.3326313799983915,-3.3295328215774136,-3.326434330341267,-3.3233359063539916,-3.3202375496835734,-3.3171392604027115,-3.314041038589673,-3.3109428843292665,-3.307844797713945,-3.3047467788450766,-3.301648827834403,-3.2985509448057355,-3.2954531298969227,-3.2923553832621546,-3.289257705074657,-3.2861600952579306,-3.2830625537422615,-3.2799650804641,-3.2768676753654913,-3.273770338393579,-3.2706730695001482,-3.2675758686412233,-3.264478735776701,-3.2613816708700227,-3.2582846738878763,-3.2551877447999313,-3.252090883578594,-3.248994090198788,-3.245897364637757,-3.242800706874883,-3.239704116891522,-3.2366075946708555,-3.2335111401977557,-3.23041475345866,-3.2273184344414623,-3.2242221831354048,-3.22112599953099,-3.2180298836198955,-3.2149338353948944,-3.211837854849788,-3.2087419419793437,-3.2056460967792404,-3.2025503192460167,-3.19945460937703,-3.1963589671704193,-3.19326339262508,-3.1901678857406384,-3.1870724465174414,-3.183977074956553,-3.180881771059764,-3.1777865348296084,-3.174691366269408,-3.171596265383324,-3.1685012321764443,-3.1654062666548968,-3.1623113688260016,-3.159216538698481,-3.1561217762827285,-3.1530270815911674,-3.149932454638726,-3.1468378954434435,-3.143743404027283,-3.140648980417181,-3.1375546246464316,-3.1344603367565056,-3.131366116799438,-3.1282719648409767,-3.1251778809647495,-3.1220838652777734,-3.1189899179177725,-3.115896039062909,-3.1128022289447728,-3.1097084878657406,-3.1066148162222453,-3.1035212145360536,-3.1004276834963935,-3.097334224016861,-3.094240837312472,-3.0911475250042644,-3.0880542892616605,-3.084961132996712,-3.081868060129818,-3.0787750759541397,-3.0756821876366476,-3.072589404908789,-3.06949674102096,-3.066404214064919,-3.0633118488106237,-3.060219679264118,-3.0571277522385456,-3.0540361323522043,-3.0509449090415957,-3.047854206426609,-3.0447641972225443,-3.0416751224079253,-3.0385873190980663,-3.035501260144361,-3.0324176105269687,-3.0293373078508554,-3.026261677507641,-3.023192597787122,-3.0201327370766826,-3.0170858952287642,-3.014057495563557,-3.011055294702109,-3.008090407063835,-3.0051787827206695,-3.002343335238088,-2.99961699371489,-2.9970470513569443,-2.994701294266989,-2.992676491610224,-2.9911098436912407,-2.990193775216899
-3.5928056417611027,-3.592015976461613,-3.5906476041713784,-3.5888518317053624,-3.586738362741453,-3.5843874386662806,-3.581858178929756,-3.5791944087669103,-3.576428787776726,-3.573585767870375,-3.5706837322516245,-3.5677365541703736,-3.56475474027802,-3.561746273991335,-3.5587172406183916,-3.555672292729004,-3.552614997950038,-3.5495480998206324,-3.5464737140901734,-3.5433934768974673,-3.5403086569589757,-3.5372202407501665,-3.534128997359802,-3.531035528000505,-3.5279403039051,-3.5248436954081295,-3.5217459943197267,-3.5186474311822766,-3.515548188613422,-3.5124484116484873,-3.50934821577679,-3.506247693201281,-3.5031469177261365,-3.5000459485822732,-3.4969448334287723,-3.4938436107133954,-3.490742311533463,-3.4876409611063677,-3.484539579934342,-3.4814381847292464,-3.478336789148545,-3.4752354043823943,-3.4721340396230587,-3.469032702441113,-3.465931399087643,-3.4628301347375565,-3.459728913685947,-3.4566277395069163,-3.4535266151823327,-3.450425543206453,-3.4473245256711293,-3.4442235643353576,-3.441122660682167,-3.4380218159652736,-3.434921031247407,-3.431820307431883,-3.4287196452886595,-3.425619045475889,-3.4225185085577907,-3.4194180350194983,-3.4163176252794223,-3.4132172796995714,-3.4101169985941815,-3.4070167822369513,-3.403916630867125,-3.400816544694611,-3.39771652390431,-3.394616568659769,-3.3915166791062896,-3.388416855373574,-3.385317097577977,-3.382217405824442,-3.379117780208161,-3.376018220816012,-3.372918727727802,-3.369819301017347,-3.366719940753435,-3.3636206470006598,-3.36052141982018,-3.357422259270392,-3.3543231654075516,-3.3512241382863484,-3.348125177960441,-3.3450262844829743,-3.3419274579070777,-3.3388286982863677,-3.335730005675444,-3.3326313801304144,-3.3295328217094315,-3.3264343304732797,-3.3233359064859984,-3.320237549815575,-3.317139260534707,-3.314041038721663,-3.31094288446125,-3.3078447978459224,-3.304746778977047,-3.301648827966367,-3.2985509449376935,-3.295453130028874,-3.2923553833941,-3.2892577052065985,-3.2861600953898673,-3.2830625538741938,-3.2799650805960265,-3.2768676754974124,-3.273770338525494,-3.270673069632058,-3.267575868773127,-3.264478735908599,-3.2613816710019137,-3.258284674019761,-3.2551877449318094,-3.252090883710467,-3.2489940903306564,-3.2458973647696214,-3.2428007070067424,-3.2397041170233765,-3.2366075948027055,-3.233511140329601,-3.2304147535905,-3.227318434573297,-3.2242221832672344,-3.2211259996628145,-3.218029883751714,-3.2149338355267076,-3.2118378549815954,-3.208741942111146,-3.205646096911037,-3.202550319377808,-3.199454609508816,-3.196358967302201,-3.1932633927568563,-3.19016788587241,-3.1870724466492075,-3.1839770750883143,-3.1808817711915194,-3.1777865349613585,-3.174691366401153,-3.1715962655150642,-3.168501232308181,-3.1654062667866287,-3.1623113689577282,-3.159216538830202,-3.1561217764144436,-3.153027081722878,-3.149932454770431,-3.1468378955751435,-3.1437434041589776,-3.140648980548869,-3.1375546247781143,-3.134460336888183,-3.13136611693111,-3.1282719649726447,-3.1251778810964135,-3.122083865409433,-3.118989918049426,-3.1158960391945567,-3.112802229076416,-3.1097084879973784,-3.1066148163538783,-3.1035212146676816,-3.1004276836280162,-3.097334224148479,-3.0942408374440844,-3.091147525135873,-3.088054289393264,-3.0849611331283104,-3.0818680602614115,-3.0787750760857264,-3.0756821877682285,-3.0725894050403637,-3.069496741152529,-3.0664042141964827,-3.063311848942182,-3.060219679395672,-3.057127752370095,-3.054036132483749,-3.0509449091731358,-3.0478542065581435,-3.044764197354073,-3.0416751225394476,-3.038587319229583,-3.035501260275873,-3.032417610658476,-3.029337307982357,-3.0262616776391376,-3.023192597918613,-3.0201327372081703,-3.0170858953602484,-3.0140574956950372,-3.011055294833585,-3.008090407195305,-3.005178782852134,-3.002343335369546,-2.999616993846342,-2.997047051488391,-2.994701294398431,-2.9926764917416633,-2.991109843822677,-2.9901937753483336
-3.592805641888413,-3.592015976588921,-3.590647604298685,-3.5888518318326663,-3.5867383628687546,-3.5843874387935792,-3.5818581790570505,-3.579194408894202,-3.5764287879040135,-3.573585767997658,-3.5706837323789027,-3.567736554297646,-3.564754740405286,-3.5617462741185943,-3.558717240745646,-3.555672292856253,-3.5526149980772814,-3.5495480999478715,-3.5464737142174076,-3.5433934770246975,-3.5403086570862,-3.5372202408773856,-3.534128997487015,-3.531035528127712,-3.527940304032302,-3.5248436955353273,-3.52174599444692,-3.518647431309466,-3.515548188740606,-3.5124484117756665,-3.5093482159039646,-3.5062476933284508,-3.503146917853303,-3.500045948709435,-3.4969448335559314,-3.493843610840549,-3.4907423116606116,-3.4876409612335113,-3.4845395800614796,-3.481438184856379,-3.478336789275674,-3.4752354045095193,-3.4721340397501805,-3.469032702568231,-3.465931399214755,-3.462830134864663,-3.459728913813049,-3.4566277396340137,-3.453526615309425,-3.4504255433335396,-3.447324525798211,-3.4442235644624346,-3.4411226608092393,-3.43802181609234,-3.434921031374468,-3.4318203075589393,-3.4287196454157094,-3.425619045602933,-3.42251850868483,-3.419418035146534,-3.416317625406454,-3.413217279826598,-3.410116998721203,-3.4070167823639674,-3.4039166309941358,-3.4008165448216183,-3.3977165240313125,-3.3946165687867667,-3.3915166792332823,-3.3884168555005614,-3.38531709770496,-3.3822174059514194,-3.3791177803351333,-3.376018220942979,-3.372918727854763,-3.369819301144303,-3.366719940880385,-3.363620647127605,-3.3605214199471205,-3.3574222593973277,-3.3543231655344825,-3.3512241384132744,-3.3481251780873613,-3.3450262846098884,-3.3419274580339864,-3.3388286984132702,-3.3357300058023407,-3.3326313802573044,-3.3295328218363167,-3.3264343306001587,-3.3233359066128725,-3.320237549942444,-3.317139260661572,-3.3140410388485235,-3.3109428845881066,-3.3078447979727756,-3.304746779103897,-3.3016488280932146,-3.2985509450645374,-3.2954531301557153,-3.2923553835209374,-3.2892577053334313,-3.286160095516695,-3.2830625540010168,-3.279965080722845,-3.2768676756242274,-3.2737703386523047,-3.2706730697588635,-3.2675758688999275,-3.2644787360353935,-3.261381671128704,-3.258284674146547,-3.255187745058592,-3.252090883837244,-3.2489940904574284,-3.2458973648963867,-3.242800707133502,-3.2397041171501297,-3.2366075949294526,-3.233511140456342,-3.2304147537172354,-3.2273184347000257,-3.224222183393956,-3.2211259997895296,-3.2180298838784225,-3.21493383565341,-3.2118378551082927,-3.2087419422378374,-3.205646097037724,-3.20255031950449,-3.199454609635493,-3.196358967428872,-3.1932633928835226,-3.1901678859990703,-3.1870724467758627,-3.183977075214964,-3.180881771318165,-3.1777865350880004,-3.17469136652779,-3.1715962656416963,-3.1685012324348065,-3.1654062669132492,-3.1623113690843443,-3.159216538956813,-3.15612177654105,-3.1530270818494794,-3.1499324548970273,-3.1468378957017342,-3.143743404285563,-3.1406489806754503,-3.137554624904691,-3.1344603370147546,-3.131366117057676,-3.1282719650992035,-3.125177881222966,-3.1220838655359797,-3.118989918175968,-3.1158960393210946,-3.112802229202949,-3.109708488123907,-3.106614816480402,-3.1035212147941995,-3.100427683754529,-3.097334224274986,-3.094240837570586,-3.091147525262368,-3.088054289519754,-3.0849611332547964,-3.081868060387892,-3.078775076212203,-3.0756821878947,-3.0725894051668297,-3.0694967412789906,-3.0664042143229393,-3.063311849068634,-3.0602196795221186,-3.0571277524965366,-3.0540361326101855,-3.050944909299567,-3.0478542066845695,-3.044764197480494,-3.0416751226658643,-3.0385873193559942,-3.0355012604022784,-3.0324176107848753,-3.0293373081087527,-3.026261677765529,-3.0231925980449996,-3.0201327373345515,-3.0170858954866233,-3.014057495821406,-3.011055294959948,-3.008090407321663,-3.005178782978487,-3.0023433354958944,-2.9996169939726864,-2.9970470516147314,-2.994701294524769,-2.9926764918679987,-2.99110984394901,-2.990193775474666
-3.5928056420104686,-3.5920159767109747,-3.590647604420736,-3.588851831954713,-3.5867383629907987,-3.5843874389156216,-3.58185817917909,-3.5791944090162366,-3.576428788026045,-3.5735857681196856,-3.5706837325009273,-3.567736554419667,-3.564754740527304,-3.5617462742406083,-3.558717240867656,-3.5556722929782585,-3.552614998199283,-3.5495481000698677,-3.5464737143393994,-3.5433934771466835,-3.5403086572081817,-3.5372202409993623,-3.534128997608989,-3.5310355282496837,-3.5279403041542703,-3.524843695657291,-3.5217459945688776,-3.518647431431418,-3.5155481888625526,-3.512448411897607,-3.5093482160259,-3.5062476934503812,-3.5031469179752275,-3.500045948831354,-3.4969448336778437,-3.4938436109624553,-3.4907423117825127,-3.487640961355407,-3.4845395801833714,-3.481438184978265,-3.4783367893975545,-3.4752354046313956,-3.4721340398720515,-3.4690327026900967,-3.465931399336615,-3.462830134986518,-3.4597289139349,-3.4566277397558602,-3.4535266154312674,-3.450425543455379,-3.4473245259200453,-3.4442235645842634,-3.4411226609310637,-3.4380218162141594,-3.4349210314962835,-3.4318203076807503,-3.4287196455375164,-3.4256190457247353,-3.422518508806627,-3.4194180352683246,-3.416317625528239,-3.4132172799483786,-3.4101169988429803,-3.4070167824857425,-3.4039166311159077,-3.400816544943386,-3.397716524153076,-3.3946165689085257,-3.3915166793550364,-3.3884168556223098,-3.3853170978267015,-3.3822174060731554,-3.3791177804568635,-3.3760182210647054,-3.3729187279764847,-3.3698193012660203,-3.3667199410020974,-3.3636206472493124,-3.360521420068823,-3.357422259519025,-3.354323165656175,-3.3512241385349615,-3.348125178209044,-3.3450262847315666,-3.34192745815566,-3.33882869853494,-3.3357300059240065,-3.332631380378966,-3.3295328219579736,-3.3264343307218116,-3.323335906734522,-3.320237550064089,-3.317139260783212,-3.3140410389701587,-3.310942884709737,-3.3078447980944015,-3.3047467792255176,-3.3016488282148284,-3.2985509451861454,-3.2954531302773167,-3.2923553836425326,-3.289257705455021,-3.28616009563828,-3.2830625541225973,-3.2799650808444207,-3.2768676757457977,-3.2737703387738697,-3.2706730698804227,-3.2675758690214822,-3.2644787361569434,-3.261381671250249,-3.2582846742680878,-3.255187745180127,-3.2520908839587737,-3.248994090578953,-3.245897365017907,-3.242800707255017,-3.2397041172716405,-3.236607595050959,-3.233511140577843,-3.230414753838732,-3.227318434821517,-3.2242221835154425,-3.2211259999110116,-3.2180298839999004,-3.214933835774883,-3.211837855229761,-3.2087419423593007,-3.2056460971591823,-3.202550319625943,-3.1994546097569416,-3.1963589675503163,-3.1932633930049623,-3.190167886120506,-3.1870724468972944,-3.183977075336392,-3.1808817714395876,-3.1777865352094175,-3.1746913666492014,-3.1715962657631027,-3.168501232556209,-3.165406267034647,-3.1623113692057365,-3.159216539078201,-3.156121776662434,-3.15302708197086,-3.149932455018403,-3.146837895823106,-3.14374340440693,-3.1406489807968114,-3.137554625026047,-3.134460337136106,-3.1313661171790232,-3.128271965220547,-3.1251778813443045,-3.1220838656573138,-3.1189899182972964,-3.115896039442417,-3.1128022293242656,-3.109708488245218,-3.1066148166017076,-3.1035212149155007,-3.100427683875825,-3.097334224396277,-3.094240837691872,-3.091147525383648,-3.0880542896410295,-3.0849611333760665,-3.0818680605091586,-3.0787750763334647,-3.0756821880159575,-3.072589405288084,-3.06949674140024,-3.066404214444183,-3.0633118491898728,-3.0602196796433523,-3.057127752617765,-3.0540361327314076,-3.0509449094207843,-3.0478542068057823,-3.044764197601702,-3.041675122787067,-3.038587319477193,-3.0355012605234726,-3.032417610906065,-3.0293373082299357,-3.026261677886706,-3.023192598166171,-3.020132737455717,-3.0170858956077837,-3.014057495942562,-3.011055295081099,-3.0080904074428094,-3.005178783099629,-3.0023433356170317,-2.9996169940938193,-2.9970470517358607,-2.994701294645893,-2.9926764919891182,-2.991109844070127,-2.9901937755957806
-3.5928056421269825,-3.5920159768274873,-3.590647604537247,-3.588851832071223,-3.586738363107305,-3.584387439032122,-3.581858179295587,-3.579194409132731,-3.5764287881425356,-3.5735857682361725,-3.5706837326174106,-3.5677365545361464,-3.564754740643779,-3.5617462743570787,-3.5587172409841217,-3.5556722930947187,-3.5526149983157387,-3.5495481001863194,-3.546473714455847,-3.5433934772631277,-3.5403086573246214,-3.537220241115797,-3.5341289977254187,-3.531035528366108,-3.5279403042706883,-3.5248436957737037,-3.5217459946852863,-3.518647431547822,-3.515548188978952,-3.512448412014003,-3.50934821614229,-3.5062476935667655,-3.503146918091605,-3.5000459489477254,-3.49694483379421,-3.4938436110788182,-3.490742311898873,-3.487640961471763,-3.4845395802997223,-3.4814381850946114,-3.4783367895138966,-3.4752354047477327,-3.4721340399883838,-3.4690327028064254,-3.4659313994529395,-3.4628301351028377,-3.459728914051214,-3.45662773987217,-3.4535266155475726,-3.450425543571678,-3.447324526036341,-3.4442235647005552,-3.4411226610473507,-3.438021816330442,-3.434921031612561,-3.4318203077970226,-3.4287196456537847,-3.425619045841,-3.4225185089228876,-3.419418035384581,-3.4163176256444916,-3.4132172800646265,-3.410116998959223,-3.4070167826019793,-3.4039166312321396,-3.4008165450596137,-3.3977165242693,-3.394616569024745,-3.3915166794712523,-3.388416855738522,-3.3853170979429112,-3.3822174061893615,-3.379117780573066,-3.3760182211809022,-3.372918728092677,-3.3698193013822086,-3.3667199411182818,-3.363620647365493,-3.3605214201849987,-3.3574222596351957,-3.35432316577234,-3.3512241386511206,-3.3481251783251977,-3.3450262848477146,-3.341927458271804,-3.338828698651079,-3.3357300060401416,-3.332631380495097,-3.3295328220741,-3.326434330837934,-3.323335906850639,-3.3202375501802024,-3.3171392608993213,-3.3140410390862645,-3.3109428848258387,-3.3078447982104975,-3.3047467793416088,-3.301648828330915,-3.2985509453022277,-3.2954531303933954,-3.292355383758608,-3.289257705571092,-3.2861600957543455,-3.283062554238658,-3.2799650809604763,-3.2768676758618485,-3.273770338889917,-3.2706730699964655,-3.2675758691375196,-3.2644787362729755,-3.261381671366276,-3.2582846743841087,-3.2551877452961446,-3.2520908840747875,-3.2489940906949624,-3.2458973651339122,-3.242800707371018,-3.2397041173876366,-3.2366075951669506,-3.23351114069383,-3.230414753954714,-3.2273184349374953,-3.2242221836314173,-3.221126000026982,-3.218029884115867,-3.2149338358908452,-3.211837855345718,-3.208741942475253,-3.20564609727513,-3.2025503197418863,-3.1994546098728796,-3.1963589676662494,-3.19326339312089,-3.1901678862364293,-3.1870724470132124,-3.183977075452304,-3.180881771555494,-3.177786535325319,-3.174691366765098,-3.1715962658789936,-3.1685012326720936,-3.165406267150526,-3.1623113693216114,-3.1592165391940705,-3.156121776778298,-3.1530270820867186,-3.1499324551342576,-3.146837895938956,-3.1437434045227763,-3.140648980912654,-3.137554625141885,-3.134460337251939,-3.131366117294851,-3.1282719653363706,-3.1251778814601248,-3.122083865773129,-3.1189899184131082,-3.1158960395582262,-3.1128022294400712,-3.109708488361019,-3.1066148167175047,-3.1035212150312934,-3.100427683991613,-3.097334224512061,-3.0942408378076522,-3.0911475254994247,-3.0880542897568013,-3.0849611334918334,-3.08186806062492,-3.078775076449221,-3.0756821881317085,-3.072589405403829,-3.0694967415159797,-3.066404214559918,-3.063311849305602,-3.060219679759076,-3.0571277527334835,-3.054036132847122,-3.050944909536494,-3.0478542069214867,-3.044764197717402,-3.041675122902762,-3.0385873195928834,-3.0355012606391583,-3.032417611021746,-3.0293373083456134,-3.0262616780023803,-3.0231925982818417,-3.020132737571384,-3.0170858957234468,-3.0140574960582214,-3.011055295196755,-3.008090407558461,-3.0051787832152765,-3.002343335732676,-2.99961699420946,-2.9970470518514976,-2.9947012947615264,-2.9926764921047484,-2.991109844185754,-2.9901937757114063
-3.592805642237362,-3.5920159769378666,-3.5906476046476246,-3.588851832181598,-3.5867383632176773,-3.584387439142493,-3.5818581794059545,-3.5791944092430947,-3.576428788252896,-3.5735857683465286,-3.5706837327277636,-3.567736554646497,-3.5647547407541262,-3.5617462744674233,-3.5587172410944627,-3.5556722932050575,-3.552614998426073,-3.5495481002966502,-3.5464737145661727,-3.543393477373448,-3.5403086574349363,-3.5372202412261085,-3.5341289978357255,-3.5310355284764112,-3.5279403043809885,-3.5248436958840013,-3.5217459947955794,-3.51864743165811,-3.5155481890892353,-3.5124484121242814,-3.5093482162525667,-3.506247693677039,-3.5031469182018764,-3.5000459490579945,-3.496944833904476,-3.4938436111890794,-3.4907423120091274,-3.4876409615820116,-3.4845395804099653,-3.4814381852048486,-3.478336789624127,-3.4752354048579583,-3.4721340400986054,-3.4690327029166412,-3.4659313995631513,-3.462830135213046,-3.459728914161419,-3.456627739982371,-3.45352661565777,-3.450425543681872,-3.447324526146531,-3.4442235648107404,-3.4411226611575314,-3.4380218164406187,-3.4349210317227326,-3.431820307907189,-3.428719645763945,-3.4256190459511546,-3.4225185090330377,-3.4194180354947266,-3.4163176257546324,-3.4132172801747633,-3.4101169990693543,-3.4070167827121063,-3.4039166313422617,-3.4008165451697305,-3.397716524379413,-3.394616569134854,-3.391516679581357,-3.3884168558486234,-3.3853170980530076,-3.3822174062994526,-3.3791177806831536,-3.3760182212909875,-3.372918728202759,-3.369819301492286,-3.366719941228355,-3.3636206474755608,-3.3605214202950617,-3.3574222597452548,-3.354323165882395,-3.3512241387611716,-3.348125178435245,-3.345026284957758,-3.341927458381843,-3.3388286987611133,-3.335730006150171,-3.332631380605122,-3.329532822184122,-3.326434330947952,-3.323335906960654,-3.320237550290212,-3.3171392610093258,-3.3140410391962636,-3.310942884935833,-3.3078447983204873,-3.3047467794515955,-3.3016488284408982,-3.2985509454122064,-3.2954531305033696,-3.2923553838685775,-3.2892577056810577,-3.2861600958643082,-3.283062554348617,-3.2799650810704315,-3.276867675971799,-3.2737703389998623,-3.2706730701064077,-3.267575869247458,-3.2644787363829106,-3.261381671476207,-3.2582846744940355,-3.2551877454060656,-3.2520908841847036,-3.2489940908048736,-3.245897365243818,-3.2428007074809195,-3.239704117497533,-3.2366075952768423,-3.2335111408037176,-3.230414754064597,-3.227318435047374,-3.2242221837412917,-3.2211260001368527,-3.218029884225733,-3.2149338360007076,-3.2118378554555775,-3.20874194258511,-3.2056460973849816,-3.202550319851734,-3.1994546099827224,-3.196358967776088,-3.193263393230725,-3.190167886346258,-3.187072447123037,-3.183977075562124,-3.1808817716653097,-3.17778653543513,-3.1746913668749044,-3.1715962659887964,-3.1685012327818933,-3.1654062672603223,-3.162311369431403,-3.1592165393038583,-3.156121776888081,-3.1530270821964965,-3.149932455244031,-3.1468378960487247,-3.1437434046325388,-3.1406489810224105,-3.137554625251636,-3.134460337361686,-3.131366117404594,-3.1282719654461095,-3.125177881569861,-3.122083865882863,-3.118989918522839,-3.1158960396679527,-3.1128022295497932,-3.1097084884707376,-3.1066148168272196,-3.1035212151410043,-3.1004276841013207,-3.0973342246217643,-3.0942408379173507,-3.0911475256091197,-3.088054289866492,-3.0849611336015204,-3.0818680607346027,-3.0787750765588995,-3.0756821882413825,-3.072589405513499,-3.069496741625645,-3.0664042146695785,-3.063311849415259,-3.06021967986873,-3.0571277528431335,-3.0540361329567673,-3.0509449096461347,-3.047854207031123,-3.044764197827033,-3.041675123012388,-3.0385873197025046,-3.0355012607487755,-3.0324176111313594,-3.0293373084552226,-3.0262616781119847,-3.0231925983914416,-3.0201327376809792,-3.017085895833038,-3.014057496167808,-3.0110552953063365,-3.0080904076680377,-3.005178783324849,-3.002343335842243,-2.999616994319022,-2.997047051961055,-2.9947012948710796,-2.992676492214298,-2.991109844295302,-2.9901937758209525
-3.5928056423405703,-3.5920159770410733,-3.59064760475083,-3.588851832284801,-3.5867383633208787,-3.584387439245692,-3.5818581795091498,-3.579194409346287,-3.5764287883560852,-3.5735857684497154,-3.5706837328309455,-3.5677365547496738,-3.5647547408572984,-3.5617462745705915,-3.558717241197628,-3.5556722933082177,-3.55261499852923,-3.5495481003998033,-3.546473714669322,-3.5433934774765943,-3.5403086575380796,-3.537220241329247,-3.5341289979388595,-3.5310355285795394,-3.5279403044841104,-3.5248436959871166,-3.5217459948986893,-3.518647431761215,-3.515548189192335,-3.5124484122273762,-3.5093482163556566,-3.506247693780125,-3.503146918304959,-3.5000459491610734,-3.4969448340075506,-3.49384361129215,-3.490742312112194,-3.4876409616850745,-3.484539580513026,-3.4814381853079075,-3.478336789727185,-3.4752354049610137,-3.472134040201657,-3.4690327030196895,-3.465931399666196,-3.462830135316086,-3.459728914264454,-3.456627740085401,-3.4535266157607953,-3.450425543784893,-3.447324526249548,-3.4442235649137527,-3.4411226612605397,-3.4380218165436225,-3.4349210318257324,-3.431820308010185,-3.428719645866938,-3.4256190460541434,-3.422518509136022,-3.419418035597707,-3.416317625857609,-3.413217280277737,-3.4101169991723252,-3.4070167828150733,-3.403916631445225,-3.4008165452726904,-3.3977165244823686,-3.3946165692378067,-3.391516679684307,-3.3884168559515704,-3.385317098155952,-3.3822174064023947,-3.3791177807860926,-3.376018221393922,-3.372918728305689,-3.3698193015952116,-3.3667199413312763,-3.363620647578478,-3.3605214203979754,-3.3574222598481644,-3.3543231659853014,-3.351224138864075,-3.3481251785381447,-3.345026285060654,-3.3419274584847347,-3.338828698864001,-3.3357300062530544,-3.332631380708001,-3.3295328222869953,-3.326434331050821,-3.3233359070635173,-3.320237550393071,-3.31713926111218,-3.314041039299113,-3.310942885038678,-3.3078447984233295,-3.304746779554433,-3.3016488285437324,-3.2985509455150366,-3.2954531306061954,-3.2923553839713993,-3.2892577057838754,-3.286160095967122,-3.283062554451426,-3.2799650811732355,-3.2768676760745987,-3.273770339102658,-3.270673070209199,-3.267575869350245,-3.2644787364856933,-3.2613816715789867,-3.258284674596812,-3.2551877455088385,-3.252090884287473,-3.248994090907638,-3.245897365346578,-3.242800707583675,-3.2397041176002856,-3.2366075953795908,-3.233511140906462,-3.230414754167339,-3.2273184351501127,-3.224222183844027,-3.221126000239584,-3.2180298843284607,-3.214933836103431,-3.2118378555582963,-3.2087419426878245,-3.2056460974876932,-3.202550319954442,-3.1994546100854273,-3.1963589678787883,-3.1932633933334205,-3.1901678864489504,-3.187072447225725,-3.1839770756648083,-3.1808817717679894,-3.177786535537806,-3.1746913669775774,-3.171596266091466,-3.1685012328845588,-3.165406267362983,-3.162311369534059,-3.1592165394065095,-3.156121776990728,-3.1530270822991397,-3.14993245534667,-3.1468378961513594,-3.1437434047351696,-3.140648981125038,-3.137554625354261,-3.134460337464307,-3.1313661175072105,-3.128271965548721,-3.125177881672465,-3.1220838659854606,-3.1189899186254313,-3.1158960397705395,-3.1128022296523756,-3.109708488573316,-3.1066148169297936,-3.1035212152435734,-3.100427684203885,-3.0973342247243245,-3.094240838019908,-3.091147525711673,-3.088054289969042,-3.084961133704067,-3.0818680608371456,-3.078775076661439,-3.0756821883439187,-3.0725894056160317,-3.0694967417281744,-3.0664042147721053,-3.0633118495177825,-3.06021967997125,-3.0571277529456498,-3.0540361330592805,-3.0509449097486447,-3.0478542071336303,-3.0447641979295375,-3.0416751231148895,-3.0385873198050026,-3.0355012608512704,-3.0324176112338503,-3.029337308557709,-3.026261678214467,-3.023192598493919,-3.020132737783452,-3.0170858959355056,-3.014057496270271,-3.0110552954087955,-3.008090407770494,-3.005178783427302,-3.0023433359446936,-2.99961699442147,-2.9970470520634995,-2.994701294973522,-2.992676492316737,-2.991109844397738,-2.9901937759233874
-3.5928056424347807,-3.592015977135284,-3.59064760484504,-3.5888518323790097,-3.586738363415084,-3.584387439339894,-3.581858179603349,-3.5791944094404835,-3.576428788450278,-3.573585768543905,-3.570683732925133,-3.5677365548438584,-3.56475474095148,-3.561746274664769,-3.5587172412918013,-3.5556722934023886,-3.5526149986233975,-3.5495481004939675,-3.546473714763484,-3.543393477570753,-3.5403086576322353,-3.5372202414233995,-3.534128998033008,-3.5310355286736845,-3.527940304578253,-3.524843696081256,-3.521745994992825,-3.518647431855348,-3.5155481892864646,-3.5124484123215005,-3.509348216449775,-3.506247693874238,-3.503146918399067,-3.500045949255177,-3.49694483410165,-3.4938436113862457,-3.490742312206286,-3.4876409617791637,-3.48453958060711,-3.4814381854019874,-3.47833678982126,-3.475235405055085,-3.4721340402957255,-3.4690327031137547,-3.4659313997602563,-3.462830135410143,-3.4597289143585077,-3.4566277401794507,-3.4535266158548414,-3.450425543878936,-3.447324526343588,-3.4442235650077904,-3.4411226613545747,-3.4380218166376544,-3.434921031919762,-3.4318203081042125,-3.428719645960962,-3.4256190461481655,-3.4225185092300414,-3.419418035691723,-3.416317625951622,-3.413217280371746,-3.4101169992663305,-3.407016782909075,-3.4039166315392237,-3.4008165453666854,-3.3977165245763596,-3.394616569331794,-3.391516679778289,-3.388416856045547,-3.3853170982499248,-3.3822174064963635,-3.3791177808800565,-3.3760182214878816,-3.372918728399644,-3.3698193016891635,-3.366719941425225,-3.3636206476724237,-3.360521420491918,-3.357422259942103,-3.354323166079236,-3.3512241389580066,-3.3481251786320727,-3.3450262851545784,-3.341927458578656,-3.338828698957919,-3.3357300063469695,-3.3326313808019137,-3.329532822380905,-3.326434331144727,-3.3233359071574196,-3.32023755048697,-3.3171392612060764,-3.314041039393007,-3.310942885132569,-3.307844798517216,-3.304746779648315,-3.3016488286376093,-3.29855094560891,-3.295453130700065,-3.2923553840652637,-3.2892577058777346,-3.286160096060976,-3.2830625545452756,-3.2799650812670826,-3.2768676761684428,-3.2737703391964987,-3.270673070303036,-3.267575869444079,-3.2644787365795245,-3.2613816716728143,-3.2582846746906364,-3.2551877456026603,-3.252090884381292,-3.248994091001455,-3.2458973654403938,-3.242800707677488,-3.2397041176940955,-3.236607595473397,-3.2335111410002653,-3.230414754261138,-3.2273184352439075,-3.2242221839378176,-3.22112600033337,-3.2180298844222426,-3.214933836197208,-3.2118378556520697,-3.2087419427815935,-3.2056460975814582,-3.2025503200482035,-3.199454610179185,-3.196358967972544,-3.1932633934271744,-3.1901678865427017,-3.1870724473194736,-3.183977075758554,-3.1808817718617335,-3.1777865356315464,-3.1746913670713135,-3.1715962661851975,-3.168501232978286,-3.165406267456707,-3.1623113696277807,-3.1592165395002283,-3.156121777084445,-3.1530270823928537,-3.149932455440381,-3.1468378962450676,-3.143743404828875,-3.14064898121874,-3.1375546254479585,-3.134460337558001,-3.1313661176009013,-3.1282719656424085,-3.1251778817661506,-3.122083866079143,-3.1189899187191097,-3.1158960398642144,-3.1128022297460465,-3.109708488666982,-3.1066148170234555,-3.1035212153372327,-3.1004276842975407,-3.0973342248179763,-3.0942408381135547,-3.091147525805315,-3.0880542900626797,-3.084961133797699,-3.081868060930773,-3.078775076755062,-3.075682188437539,-3.072589405709649,-3.069496741821788,-3.0664042148657153,-3.063311849611389,-3.060219680064853,-3.0571277530392504,-3.0540361331528785,-3.050944909842239,-3.047854207227221,-3.044764198023124,-3.0416751232084724,-3.0385873198985816,-3.0355012609448444,-3.0324176113274204,-3.0293373086512756,-3.026261678308029,-3.0231925985874777,-3.020132737877008,-3.0170858960290587,-3.0140574963638205,-3.0110552955023415,-3.008090407864037,-3.005178783520841,-3.00234333603823,-2.9996169945150024,-2.9970470521570283,-2.994701295067047,-2.9926764924102596,-2.991109844491259,-2.9901937760169077
-3.5928056425169443,-3.5920159772174483,-3.5906476049272027,-3.5888518324611707,-3.5867383634972434,-3.584387439422051,-3.5818581796855047,-3.579194409522636,-3.5764287885324273,-3.5735857686260504,-3.5706837330072747,-3.5677365549259967,-3.5647547410336142,-3.5617462747468998,-3.5587172413739276,-3.55567229348451,-3.5526149987055136,-3.549548100576079,-3.546473714845592,-3.5433934776528577,-3.540308657714336,-3.5372202415054983,-3.534128998115106,-3.53103552875578,-3.527940304660346,-3.524843696163347,-3.521745995074915,-3.5186474319374357,-3.515548189368552,-3.512448412403589,-3.509348216531863,-3.506247693956324,-3.5031469184811503,-3.5000459493372564,-3.4969448341837266,-3.4938436114683182,-3.4907423122883547,-3.4876409618612274,-3.4845395806891704,-3.4814381854840435,-3.478336789903312,-3.475235405137133,-3.4721340403777687,-3.469032703195794,-3.465931399842293,-3.462830135492176,-3.4597289144405385,-3.45662774026148,-3.4535266159368683,-3.4504255439609595,-3.4473245264256067,-3.444223565089805,-3.4411226614365855,-3.438021816719662,-3.4349210320017662,-3.431820308186213,-3.42871964604296,-3.425619046230161,-3.422518509312034,-3.4194180357737136,-3.4163176260336092,-3.41321728045373,-3.410116999348312,-3.4070167829910543,-3.4039166316212,-3.40081654544866,-3.3977165246583323,-3.3946165694137633,-3.3915166798602554,-3.3884168561275105,-3.3853170983318845,-3.38221740657832,-3.3791177809620097,-3.376018221569832,-3.372918728481591,-3.3698193017711064,-3.3667199415071645,-3.363620647754359,-3.3605214205738485,-3.3574222600240295,-3.3543231661611594,-3.3512241390399264,-3.348125178713989,-3.3450262852364925,-3.341927458660568,-3.3388286990398286,-3.335730006428876,-3.3326313808838157,-3.329532822462804,-3.326434331226623,-3.3233359072393127,-3.32023755056886,-3.3171392612879638,-3.3140410394748905,-3.3109428852144482,-3.307844798599092,-3.304746779730188,-3.3016488287194794,-3.298550945690777,-3.295453130781929,-3.292355384147126,-3.2892577059595953,-3.2861600961428357,-3.2830625546271337,-3.279965081348939,-3.2768676762502973,-3.2737703392783506,-3.270673070384886,-3.2675758695259267,-3.2644787366613692,-3.2613816717546555,-3.2582846747724745,-3.2551877456844958,-3.252090884463124,-3.2489940910832846,-3.245897365522219,-3.2428007077593097,-3.239704117775913,-3.236607595555212,-3.2335111410820767,-3.2304147543429464,-3.2273184353257127,-3.2242221840196197,-3.221126000415169,-3.218029884504039,-3.214933836279002,-3.21183785573386,-3.20874194286338,-3.205646097663241,-3.2025503201299816,-3.199454610260959,-3.196358968054313,-3.1932633935089383,-3.190167886624462,-3.1870724474012313,-3.1839770758403096,-3.180881771943486,-3.1777865357132966,-3.1746913671530623,-3.171596266266945,-3.1685012330600313,-3.1654062675384496,-3.162311369709519,-3.159216539581964,-3.156121777166176,-3.1530270824745816,-3.1499324555221047,-3.1468378963267885,-3.1437434049105932,-3.140648981300457,-3.137554625529673,-3.1344603376397124,-3.1313661176826093,-3.128271965724114,-3.125177881847853,-3.1220838661608425,-3.118989918800807,-3.1158960399459086,-3.112802229827739,-3.1097084887486717,-3.106614817105142,-3.103521215418916,-3.100427684379221,-3.0973342248996536,-3.0942408381952298,-3.091147525886987,-3.088054290144349,-3.084961133879367,-3.0818680610124396,-3.078775076836727,-3.0756821885192007,-3.0725894057913075,-3.069496741903445,-3.0664042149473696,-3.063311849693039,-3.0602196801464996,-3.057127753120893,-3.054036133234518,-3.050944909923876,-3.0478542073088546,-3.044764198104754,-3.0416751232901,-3.038587319980206,-3.0355012610264653,-3.0324176114090378,-3.0293373087328894,-3.0262616783896403,-3.0231925986690866,-3.0201327379586136,-3.017085896110662,-3.0140574964454214,-3.0110552955839394,-3.008090407945632,-3.005178783602434,-3.00234333611982,-2.9996169945965896,-2.9970470522386132,-2.99470129514863,-2.992676492491842,-2.99110984457284,-2.990193776098488
-3.59280564258199,-3.592015977282492,-3.590647604992245,-3.588851832526212,-3.5867383635622834,-3.58438743948709,-3.5818581797505415,-3.579194409587671,-3.5764287885974606,-3.573585768691082,-3.5706837330723045,-3.567736554991025,-3.564754741098641,-3.5617462748119246,-3.5587172414389507,-3.555672293549532,-3.5526149987705353,-3.549548100641099,-3.5464737149106096,-3.5433934777178733,-3.5403086577793483,-3.5372202415705085,-3.5341289981801127,-3.531035528820784,-3.527940304725348,-3.5248436962283467,-3.5217459951399124,-3.5186474320024304,-3.515548189433543,-3.5124484124685753,-3.5093482165968455,-3.5062476940213045,-3.5031469185461286,-3.500045949402233,-3.4969448342487004,-3.49384361153329,-3.490742312353325,-3.487640961926196,-3.484539580754136,-3.481438185549007,-3.4783367899682744,-3.4752354052020933,-3.4721340404427266,-3.4690327032607495,-3.465931399907247,-3.4628301355571285,-3.459728914505489,-3.4566277403264265,-3.4535266160018105,-3.4504255440258995,-3.447324526490544,-3.444223565154741,-3.441122661501519,-3.438021816784594,-3.434921032066695,-3.431820308251139,-3.4287196461078824,-3.42561904629508,-3.4225185093769506,-3.419418035838627,-3.4163176260985204,-3.4132172805186385,-3.4101169994132166,-3.407016783055955,-3.403916631686098,-3.4008165455135537,-3.3977165247232226,-3.394616569478651,-3.3915166799251417,-3.3884168561923946,-3.385317098396766,-3.3822174066431994,-3.3791177810268866,-3.3760182216347063,-3.372918728546464,-3.369819301835977,-3.366719941572032,-3.3636206478192254,-3.360521420638714,-3.3574222600888937,-3.354323166226022,-3.3512241391047866,-3.348125178778846,-3.3450262853013464,-3.341927458725418,-3.3388286991046767,-3.3357300064937223,-3.332631380948661,-3.3295328225276477,-3.326434331291465,-3.3233359073041524,-3.3202375506336983,-3.317139261352799,-3.314041039539724,-3.310942885279281,-3.307844798663922,-3.3047467797950154,-3.3016488287843044,-3.2985509457555993,-3.2954531308467487,-3.2923553842119424,-3.289257706024409,-3.286160096207646,-3.283062554691941,-3.2799650814137427,-3.276867676315098,-3.273770339343148,-3.27067307044968,-3.267575869590717,-3.264478736726157,-3.261381671819441,-3.2582846748372583,-3.2551877457492764,-3.252090884527903,-3.2489940911480604,-3.2458973655869925,-3.2428007078240815,-3.239704117840683,-3.2366075956199802,-3.233511141146844,-3.2304147544077124,-3.227318435390477,-3.224222184084383,-3.2211260004799316,-3.2180298845688005,-3.214933836343762,-3.2118378557986187,-3.208741942928137,-3.205646097727998,-3.2025503201947374,-3.1994546103257138,-3.1963589681190663,-3.1932633935736896,-3.190167886689211,-3.187072447465978,-3.183977075905054,-3.1808817720082274,-3.177786535778035,-3.174691367217798,-3.171596266331678,-3.1685012331247626,-3.1654062676031782,-3.162311369774247,-3.1592165396466907,-3.1561217772309025,-3.1530270825393063,-3.149932455586828,-3.1468378963915096,-3.1437434049753126,-3.140648981365173,-3.1375546255943862,-3.1344603377044242,-3.13136611774732,-3.128271965788823,-3.1251778819125606,-3.1220838662255495,-3.118989918865513,-3.1158960400106133,-3.1128022298924414,-3.1097084888133715,-3.1066148171698402,-3.103521215483612,-3.100427684443915,-3.097334224964346,-3.0942408382599202,-3.091147525951677,-3.0880542902090378,-3.0849611339440535,-3.0818680610771234,-3.078775076901409,-3.075682188583882,-3.0725894058559877,-3.069496741968123,-3.066404215012046,-3.0633118497577145,-3.0602196802111723,-3.057127753185563,-3.054036133299185,-3.0509449099885404,-3.0478542073735175,-3.044764198169416,-3.04167512335476,-3.0385873200448645,-3.035501261091123,-3.0324176114736936,-3.0293373087975426,-3.0262616784542913,-3.023192598733735,-3.02013273802326,-3.0170858961753058,-3.0140574965100635,-3.0110552956485797,-3.0080904080102697,-3.005178783667069,-3.0023433361844525,-2.999616994661221,-2.997047052303244,-2.994701295213259,-2.992676492556468,-2.9911098446374647,-2.9901937761631125
-3.592805642621563,-3.592015977322064,-3.5906476050318163,-3.588851832565783,-3.5867383636018535,-3.5843874395266577,-3.581858179790108,-3.5791944096272363,-3.5764287886370245,-3.573585768730645,-3.5706837331118653,-3.5677365550305833,-3.5647547411381986,-3.561746274851481,-3.5587172414785067,-3.555672293589087,-3.552614998810089,-3.5495481006806515,-3.54647371495016,-3.5433934777574216,-3.5403086578188963,-3.5372202416100538,-3.5341289982196566,-3.531035528860327,-3.527940304764888,-3.524843696267883,-3.5217459951794456,-3.518647432041962,-3.5155481894730727,-3.5124484125081046,-3.5093482166363748,-3.5062476940608325,-3.5031469185856547,-3.5000459494417577,-3.4969448342882243,-3.4938436115728124,-3.4907423123928463,-3.4876409619657167,-3.4845395807936566,-3.4814381855885266,-3.4783367900077926,-3.4752354052416092,-3.4721340404822403,-3.46903270330026,-3.4659313999467543,-3.4628301355966324,-3.4597289145449888,-3.456627740365924,-3.453526616041307,-3.450425544065394,-3.447324526530038,-3.444223565194233,-3.4411226615410087,-3.4380218168240813,-3.4349210321061814,-3.431820308290624,-3.4287196461473655,-3.42561904633456,-3.422518509416428,-3.4194180358781017,-3.4163176261379915,-3.4132172805581047,-3.410116999452678,-3.4070167830954112,-3.403916631725548,-3.400816545553,-3.397716524762666,-3.394616569518091,-3.391516679964579,-3.3884168562318298,-3.3853170984361998,-3.3822174066826323,-3.379117781066318,-3.3760182216741366,-3.3729187285858915,-3.3698193018754035,-3.366719941611457,-3.363620647858649,-3.3605214206781353,-3.3574222601283137,-3.354323166265441,-3.3512241391442044,-3.3481251788182638,-3.3450262853407633,-3.3419274587648347,-3.338828699144091,-3.3357300065331352,-3.3326313809880723,-3.3295328225670575,-3.326434331330873,-3.32333590734356,-3.3202375506731037,-3.317139261392204,-3.314041039579127,-3.3109428853186813,-3.307844798703321,-3.3047467798344146,-3.3016488288237027,-3.2985509457949957,-3.2954531308861443,-3.292355384251338,-3.2892577060638035,-3.28616009624704,-3.283062554731334,-3.2799650814531347,-3.2768676763544886,-3.273770339382538,-3.270673070489069,-3.267575869630106,-3.2644787367655455,-3.2613816718588287,-3.2582846748766445,-3.2551877457886618,-3.252090884567286,-3.2489940911874426,-3.2458973656263743,-3.2428007078634633,-3.239704117880065,-3.2366075956593616,-3.233511141186224,-3.2304147544470916,-3.227318435429856,-3.224222184123761,-3.2211260005193085,-3.2180298846081756,-3.2149338363831363,-3.2118378558379925,-3.2087419429675115,-3.2056460977673713,-3.202550320234111,-3.199454610365086,-3.1963589681584375,-3.1932633936130608,-3.1901678867285814,-3.187072447505348,-3.183977075944423,-3.180881772047597,-3.1777865358174058,-3.1746913672571693,-3.17159626637105,-3.168501233164136,-3.1654062676425534,-3.162311369813623,-3.1592165396860663,-3.156121777270278,-3.1530270825786815,-3.149932455626203,-3.146837896430884,-3.1437434050146855,-3.1406489814045466,-3.13755462563376,-3.134460337743797,-3.131366117786692,-3.1282719658281937,-3.1251778819519305,-3.122083866264918,-3.1189899189048793,-3.115896040049978,-3.112802229931805,-3.1097084888527355,-3.106614817209204,-3.103521215522975,-3.100427684483278,-3.0973342250037077,-3.094240838299282,-3.0911475259910386,-3.088054290248399,-3.0849611339834153,-3.0818680611164853,-3.0787750769407713,-3.0756821886232437,-3.0725894058953482,-3.069496742007483,-3.0664042150514046,-3.063311849797073,-3.060219680250531,-3.0571277532249233,-3.0540361333385455,-3.050944910027901,-3.047854207412877,-3.0447641982087754,-3.041675123394119,-3.038587320084223,-3.03550126113048,-3.0324176115130506,-3.0293373088369004,-3.026261678493649,-3.0231925987730923,-3.020132738062617,-3.0170858962146627,-3.014057496549419,-3.0110552956879353,-3.008090408049624,-3.0051787837064223,-3.002343336223804,-2.9996169947005717,-2.9970470523425936,-2.994701295252609,-2.9926764925958196,-2.9911098446768167,-2.9901937762024637
